0.36837648242
0.535403476483
0.488520068534
0.505515480089
0.484825585503
0.465009014249
0.667761035452
0.384690641048
0.545490276467
0.611026838044
0.412789599192
0.596762316916
0.682646179137
0.510903533178
0.506846572791
0.538862484744
0.49356993077
0.512053361102
0.372687526621
0.575582532584
0.424263510385
0.557614504588
0.268367425719
0.321309243181
0.405642161127
0.524714735665
0.502126014876
0.588220086168
0.55510333753
0.803124815455
0.438393223712
0.495536178724
0.519663199795
0.593566133803
0.683276049386
0.424836722691
0.487052460434
0.52873648374
0.747414964402
0.426630320259
0.468961489875
0.733178149572
0.614172989434
0.554014453684
0.625346677564
0.55504141238
0.63371916154
0.761654026074
0.591990000097
0.444933981869
0.53479839147
0.595766544507
0.593117315622
0.509822684609
0.508920007595
0.539423897252
0.513957876875
0.572174654776
0.413474621744
0.397724330736
0.557378671945
0.562025790568
0.408035385413
0.494608376545
0.407058625691
0.366519072908
0.614924796406
0.520276287151
0.624147534503
0.700523987146
0.587367615945
0.423585275682
0.441394370224
0.348989009031
0.411134441062
0.564545620603
0.424474790796
0.506439277928
0.52789181275
0.584071012327
0.421829017211
0.596443794591
0.433697086854
0.554919966776
0.710252068053
0.476479685654
0.502664306436
0.322043086726
0.41933286993
0.61215741341
0.715426673213
0.438285229774
0.554507107729
0.739820526121
0.682701973654
0.51139252879
0.567295549576
0.6913156623
0.488851260293
0.337439005658
0.404367820956
0.669029125536
0.493124397053
0.481151142594
0.422351882724
0.691915917626
0.46608849013
0.525879746779
0.512391780784
0.684008395816
0.533165357786
0.372894139088
0.443441078949
0.559386026105
0.46425381084
0.43165619151
0.574109967993
0.583466951427
0.461160406069
0.467704871886
0.476289990088
0.61790514067
0.529680966098
0.476742888272
0.569318193874
0.423833211841
0.353631645152
0.587345817925
0.396857609385
0.370492397883
0.59100415906
0.402653963161
0.619042665383
0.540950936969
0.580807156584
0.64129881884
0.592308499341
0.508381853511
0.459879329522
0.673615699437
0.542176111073
0.390876287007
0.497276681682
0.556611899136
0.39388860437
0.671230371518
0.706339869491
0.523193869032
0.583128670604
0.483743985228
0.308977418718
0.479887760071
0.522428731777
0.402940389552
0.549276993328
0.550130323526
0.55931605994
0.437790624349
0.519201493867
0.447515574183
0.40476408629
0.551328563069
0.52331827279
0.502476434582
0.614301301605
0.436363241447
0.611574249972
0.467423619051
0.625017560324
0.424601780317
0.426946474211
0.449807278864
0.555990469766
0.612105863185
0.412470191759
0.464863050029
0.653957463864
0.698823901297
0.365290376376
0.38003120841
0.435792737627
0.579225985997
0.363029343291
0.478912276732
0.58427796799
0.520815747283
0.619152699854
0.442171730789
0.432308295249
0.649640215103
0.541983913264
0.502220635065
0.747436918525
0.403515775887
0.55918063331
0.530892131274
0.432215283944
0.569164128758
0.443632892986
0.407117783505
0.516125191002
0.681047577353
0.622414651736
0.540575170746
0.407527571442
0.541303157771
0.436646732111
0.670557882033
0.579591838062
0.64075123398
0.4894846399
0.528797634455
0.595382393658
0.419341161239
0.513360841916
0.56834236561
0.648509459347
0.589173946052
0.521212187944
0.51685245485
0.490527788109
0.655831982864
0.491670347981
0.723078241979
0.537555105122
0.39654133697
0.531294426244
0.414562609195
0.524060552339
0.599347000171
0.42700265378
0.42165629571
0.675730695124
0.542860878462
0.494233889315
0.620100967421
0.655650694033
0.501504319515
0.452590191523
0.621573008906
0.503684223848
0.484528685136
0.554053372189
0.642861409073
0.487889496486
0.764930205288
0.679133615326
0.532798589353
0.501739311755
0.49318964321
0.525232441173
0.582992529471
0.471506449755
0.619427555774
0.42822749751
0.45106343135
0.480652467652
0.600646385996
0.651352929838
0.475155558798
0.59721693103
0.568704886616
0.654404919753
0.431843964038
0.712941181544
0.650512289679
0.64612104163
0.484649552987
0.55331464966
0.555239978545
0.394377705039
0.577449696285
0.503088604672
0.68515012455
0.529604837543
0.655015051399
0.40716024721
0.614096187129
0.451266293125
0.58266104989
0.527919126164
0.584708540821
0.528396862106
0.621423408289
0.500128961148
0.6104256669
0.540338087459
0.576623292838
0.737873265448
0.447553146853
0.678341539231
0.386980234709
0.461057410197
0.42626708642
0.627885928141
0.477021168711
0.618442681014
0.514400772022
0.667931323829
0.559124721241
0.521706801194
0.687070727902
0.468878656898
0.809355415077
0.508251355749
0.607305383134
0.541346241747
0.407763749295
0.457100467708
0.703046374096
0.568438595335
0.392096138338
0.660841204181
0.635921747952
0.548199625628
0.679163113525
0.424720641545
0.389737346157
0.49468325528
0.744879639985
0.594295695659
0.600484016242
0.657239292001
0.433433140563
0.50076356499
0.444352130104
0.474154719894
0.592543458338
0.579756141203
0.681874867325
0.475850514718
0.626372392334
0.356142922538
0.437423810257
0.523831669936
0.535614444655
0.512300343649
0.582794150435
0.614626619016
0.52089173759
0.577494968676
0.638358026819
0.427419109813
0.577876732836
0.446390096887
0.361341134769
0.403330858332
0.524214301772
0.517037178467
0.493572057969
0.413373733148
0.521608560694
0.603952378088
0.528009802775
0.496550698468
0.569228813083
0.356558115253
0.468379495369
0.683685353024
0.665636181455
0.448010450239
0.460489836492
0.637789031759
0.657807513387
0.407222457109
0.629822118713
0.572691340087
0.495638819981
0.537861170156
0.534129438777
0.439880328051
0.689450166761
0.50704025821
0.508594180881
0.464682447995
0.493519274363
0.622676846674
0.552800789631
0.468444205244
0.463263395893
0.438157332734
0.618163909194
0.526222549111
0.654861434618
0.478160756485
0.540307697122
0.63853684871
0.478494152431
0.447888852276
0.650677433623
0.477295316088
0.51960893823
0.671950581995
0.571492411514
0.521932245384
0.494273687263
0.387515202003
0.50277578444
0.426641012451
0.363744216406
0.491297519427
0.68927498216
0.584700048188
0.605142135437
0.504260777601
0.441961830172
0.602085004968
0.506228644346
0.370330861075
0.64633022751
0.512625696967
0.648864217659
0.521295749797
0.530083632794
0.607897015264
0.535243918996
0.539769170941
0.493616482027
0.57229633709
0.501250727197
0.604060905528
0.324444528181
0.558185296885
0.548879232431
0.524728950762
0.429122927447
0.458551017848
0.526610863843
0.530737454083
0.515821518513
0.480933066603
0.64562708369
0.383584582212
0.584098286954
0.697370494443
0.519127383114
0.521047196076
0.474629538488
0.570902934522
0.373458532852
0.526217348265
0.517738939549
0.795985643664
0.571460836778
0.713952864821
0.68828143083
0.419763138998
0.481914925424
0.570380801819
0.500208866138
0.434077441136
0.628404487651
0.421531227063
0.555194142818
0.533941718979
0.599350343582
0.735776521451
0.515901464257
0.574656879512
0.479104355339
0.535830420643
0.628626382618
0.595244405294
0.438215046423
0.586475348963
0.58812052597
0.60538223716
0.532078032545
0.470158341681
0.911802497753
0.654632853991
0.455830677946
0.32657158841
0.467508286618
0.648083232026
0.42223050548
0.551121739914
0.388306636046
0.592545419273
0.630725235364
0.467467381897
0.570360476638
0.6324420834
0.459515995259
0.399046857802
0.553419992317
0.654774641796
0.468461020481
0.459688605877
0.561007694975
0.427933800766
0.757123973249
0.612155733532
0.524234387363
0.713147417007
0.628136286263
0.290280222177
0.502035573384
0.526228906108
0.553534936025
0.554569648674
0.661848780864
0.609885214146
0.568869431753
0.550768307287
0.541635909332
0.481588445132
0.739613623964
0.493005445775
0.588386283484
0.50645778031
0.542840417802
0.467905306266
0.55925440888
0.577032660799
0.465423935848
0.584990474948
0.57264019268
0.626266702253
0.491557128649
0.74040180865
0.470046783207
0.540137834167
0.672395313768
0.555655793369
0.597335565279
0.625046046124
0.534008968256
0.559037622631
0.590919871594
0.428511995546
0.588374239782
0.679823264697
0.627047472689
0.521000084925
0.491361988921
0.546925922282
0.541838530796
0.547703801674
0.409719352931
0.565835483585
0.676892361466
0.426521658974
0.594064981432
0.635815320074
0.755041066374
0.421752359289
0.712315190541
0.506447985637
0.546747915995
0.566935687788
0.710449864462
0.553932982286
0.719801148361
0.326841700344
0.64151428202
0.607923870501
0.399860744425
0.545157265033
0.517506254097
0.381877311053
0.6697589391
0.530748896003
0.503550245594
0.644982930792
0.533897657706
0.553221730535
0.698122426615
0.486392271881
0.554823811128
0.512407235763
0.645633629836
0.457379284622
0.512984067081
0.623158646899
0.581018313403
0.344051741561
0.646299762617
0.695746029266
0.511214406671
0.657875014552
0.544527492566
0.654160522516
0.488225127769
0.402038682795
0.552229119319
0.605651816232
0.418135781539
0.646395731526
0.444236163701
0.474202617261
0.642532743832
0.581224582457
0.628711181875
0.418081149972
0.388611616737
0.508286721739
0.592806013616
0.514676818365
0.670884429454
0.709294113512
0.435862194639
0.772288889724
0.574367281511
0.490295523752
0.517014355163
0.525459958836
0.387991208189
0.421037179106
0.69533353573
0.523955467803
0.498584450865
0.4750106023
0.635899975291
0.671949776901
0.598109220931
0.532530690765
0.52538538473
0.456853791527
0.556304176429
0.62305476956
0.531876226954
0.57069179959
0.498129825519
0.534507392702
0.541116687165
0.604473502326
0.572221704597
0.421275910705
0.440078601779
0.574414729222
0.549772713452
0.452762120172
0.519167338477
0.591431121896
0.721865370578
0.689464158367
0.429832877506
0.52926340997
0.596808205601
0.487196786069
0.564359952404
0.614243128627
0.512024951765
0.470408271811
0.676335386034
0.72167097087
0.588045670232
0.600611631531
0.492284197947
0.602026774336
0.503210533
0.616687686818
0.637426851954
0.544082168485
0.597321288432
0.614743149657
0.636305609016
0.465058905824
0.680274564966
0.541575159606
0.487357513219
0.609883877088
0.582531075396
0.546243180051
0.449053561745
0.562350835679
0.581525653473
0.506343640895
0.485024312676
0.629536414769
0.600153882873
0.606540988589
0.616355667639
0.375886351474
0.591414560279
0.500642100222
0.720873304798
0.589286958306
0.559092483595
0.515934941415
0.57680912019
0.569073073571
0.509839954069
0.431703800017
0.581664051011
0.468602733841
0.438987111454
0.58471803886
0.50079278039
0.802208031286
0.576290569812
0.374389669033
0.457622029039
0.422907510146
0.637975400199
0.633457947329
0.547995522718
0.457451218296
0.529757416316
0.762866555968
0.473932496638
0.484323897153
0.496979869011
0.343820455885
0.46020562728
0.623436381675
0.510009921941
0.417487417755
0.495486406871
0.599594298963
0.602105754424
0.673846201447
0.592889056127
0.464669233574
0.500461601979
0.529516256301
0.670545885709
0.623775534468
0.633258755304
0.780827785939
0.388388164422
0.549250687962
0.620634679206
0.592399355532
0.409777599757
0.58759744787
0.612902595874
0.74499719185
0.582830259711
0.392096858895
0.693458722137
0.616369645364
0.571395151365
0.432861107502
0.540208336086
0.454887834542
0.594732946787
0.403786035801
0.694161243484
0.423046640067
0.433053424574
0.471574136661
0.62674859015
0.517585132875
0.654565983998
0.412746719965
0.548513296063
0.534249759435
0.421949819259
0.538947291496
0.67506200974
0.520379099984
0.517046187414
0.437205860297
0.524056745694
0.466539328975
0.496213478705
0.552692827729
0.418707359939
0.605979124933
0.564247177321
0.433684877635
0.437948052706
0.587514310979
0.521732518238
0.4587475002
0.357693108969
0.336450582772
0.467959489869
0.526833635268
0.591896497848
0.603844796256
0.543326380295
0.40116712978
0.462832307022
0.62968554701
0.463949159272
0.558444244337
0.473333473335
0.578605695396
0.56470710157
0.576948967655
0.686609313163
0.420191972091
0.647956359746
0.556510817683
0.669370620456
0.383645827277
0.619897167611
0.553509869747
0.565580568111
0.461340148093
0.36368171243
0.467533886463
0.49413094586
0.530029933769
0.547354079333
0.430607846331
0.584691758837
0.455637251881
0.582368542497
0.600490641104
0.646004316559
0.531377182869
0.584498481677
0.496926357138
0.472404247893
0.610742462333
0.42272095309
0.511226129164
0.647684027984
0.475127965704
0.509877778773
0.503266287668
0.584672379903
0.515989260064
0.605458975051
0.637393974926
0.50718462144
0.530446741007
0.630960643864
0.358198316326
0.514744515328
0.573502484778
0.629891431798
0.468329787056
0.535663915421
0.561593512304
0.699543148982
0.355364030885
0.543990933146
0.441941753497
0.582590272784
0.626047373174
0.641126729059
0.637625290994
0.588199544109
0.579250465566
0.719231967886
0.593309207412
0.76332638118
0.490677805425
0.792672050019
0.44247392787
0.413418958992
0.604701391136
0.459845434969
0.545876042109
0.560782356103
0.574269167603
0.668156374845
0.583223313807
0.692662364462
0.569301213494
0.53323974535
0.667502679037
0.550054485163
0.547459894077
0.626551601079
0.562103924017
0.499373679461
0.634838720039
0.520437328679
0.507757188097
0.815665611541
0.632032772219
0.502350851668
0.637941586589
0.462984995868
0.554304393425
0.552543925378
0.583543850105
0.591181037098
0.480275459188
0.438105184169
0.318661402133
0.553404235206
0.531058680796
0.621571716716
0.503536008406
0.640533846232
0.428634690565
0.381884987
0.431858767364
0.539870216325
0.618309207557
0.677609262598
0.634440401994
0.605010375982
0.573460632185
0.64459110919
0.790452137907
0.6039777808
0.535390513568
0.577716388739
0.552164771984
0.514297377296
0.781717498822
0.517154671711
0.469760480567
0.591192110485
0.648404265339
0.514315055872
0.463983713396
0.56199557656
0.554935195298
0.550395469714
0.378715014236
0.408855201209
0.489810988981
0.608400602768
0.384047170719
0.597845611718
0.524494549066
0.627071735464
0.518727300641
0.513891823906
0.463314659986
0.661167418334
0.588446935272
0.534604146494
0.552167434287
0.609488807199
0.462471744491
0.614214639476
0.613483113002
0.566926278953
0.612578090433
0.593841917065
0.579823016275
0.591212616124
0.392012719881
0.491388970538
0.58772061257
0.517149412918
0.565745379656
0.494337581274
0.49646535061
0.677003834095
0.38020960763
0.624371398366
0.556670051737
0.529970788438
0.833548941275
0.604891741061
0.51770785948
0.325047531013
0.424732288679
0.57726606009
0.727584518931
0.391085456745
0.518513642387
0.537468116491
0.639894317465
0.624828236871
0.554149908148
0.664889534581
0.757949718041
0.603108314376
0.49390947083
0.54192429136
0.393575941755
0.604734095305
0.475665797791
0.712612186959
0.594211347058
0.493774501857
0.6567254429
0.330687769666
0.529517808292
0.45836165977
0.75508016406
0.527946486836
0.555587784267
0.627316447296
0.364858031397
0.401798462165
0.388142521608
0.460509248222
0.489268692612
0.355335427376
0.478161487437
0.527116748481
0.476534609792
0.365330815597
0.605410917818
0.412162926664
0.520448988862
0.593042898429
0.477589557469
0.456876369639
0.431391653597
0.583413443607
0.478211304833
0.434527589539
0.556714810567
0.503802284699
0.487184054727
0.467327931621
0.64129678811
0.528360592766
0.574359472794
0.639644388254
0.662965542614
0.562992956452
0.660595874521
0.557150383054
0.401259755976
0.653410646174
0.444753311276
0.337931257309
0.630297414444
0.599961931741
0.604082826865
0.469973488406
0.729872769486
0.494855844072
0.648242487461
0.471979986441
0.471841944734
0.594793946407
0.536829749486
0.527461494695
0.597778897655
0.67209102769
0.327177844109
0.522684771714
0.497951970678
0.537821672119
0.554919627076
0.552596707131
0.463815898313
0.51437912953
0.500049940969
0.604004629226
0.418331704283
0.625820882023
0.459596881388
0.340846657399
0.570782240556
0.672811502899
0.482255931406
0.433478677197
0.56866335406
0.490580055096
0.522557430174
0.450528043229
0.427480029809
0.507652430001
0.594471798813
0.676144286014
0.429568813108
0.584763982602
0.538572019014
0.384400714885
0.561389548668
0.556077694298
0.770699451595
0.542365617782
0.406076950053
0.471944396972
0.368896355569
0.665786767567
0.473432794806
0.546656170491
0.546836126722
0.47445111428
0.562368098968
0.776448888095
0.44059796199
0.475416739403
0.429678094378
0.510455379837
0.501802824005
0.533503926235
0.613307942333
0.612461831103
0.642265327918
0.705226277838
0.277244990359
0.563796523195
0.530203759762
0.472396344619
0.502072326075
0.497817360783
0.437732757255
0.344165567172
0.447750941027
0.586705212144
0.496161633197
0.526832637646
0.413780363282
0.627014985083
0.5955682448
0.457150191345
0.665634147436
0.427963799558
0.439247113699
0.582924016144
0.540804161627
0.642388252596
0.699718683209
0.5654130231
0.57551335079
0.599695710247
0.603577083462
0.476064122262
0.708035521483
0.446597040873
0.510941289309
0.441742250653
0.608347525848
0.467136296377
0.565708236443
0.422904258226
0.424088098704
0.505320850672
0.557494964389
0.5321120661
0.48726111822
0.372128540225
0.640946371642
0.509518577434
0.579235887668
0.537188851184
0.577068114372
0.594616189272
0.551528786753
0.512396620525
0.570895066484
0.564464459505
0.395514665798
0.555754025427
0.607909482139
0.432237692904
0.267855554762
0.697497715463
0.447008953316
0.711479819684
0.363240978801
0.488219531498
0.493449318614
0.479460994793
0.550417039061
0.518159215153
0.604078857974
0.582819755744
0.596768195412
0.676423203117
0.571311656154
0.308484253468
0.550626591912
0.597959959636
0.542836386099
0.554875561975
0.589189691
0.486412429118
0.518867539103
0.290786959799
0.415530830928
0.538014294108
0.469530920734
0.484928602371
0.545369075521
0.558587561592
0.48164868824
0.493586728884
0.44574764643
0.444083018968
0.461873272117
0.512083386082
0.378410076493
0.702499487162
0.673631433333
0.612468892988
0.586856536451
0.540530139664
0.695506279038
0.572606441701
0.423669579054
0.426145272601
0.447009482631
0.482649332117
0.490177058298
0.61987375099
0.591279623987
0.48149279861
0.605567701237
0.576013130844
0.703601353187
0.550218231212
0.571709826402
0.480761667467
0.489146945489
0.570760988418
0.567533134431
0.530895742237
0.695996975005
0.519840213845
0.590315790976
0.373197604442
0.651957539736
0.491896244749
0.48785318016
0.560349555361
0.445390435736
0.63816323288
0.462779617614
0.482099557511
0.3667881327
0.38578033864
0.578235500678
0.458327566784
0.52288012421
0.442392943805
0.503927057479
0.569613854401
0.425632216488
0.607194196841
0.608890416098
0.568363187613
0.578243182641
0.354451929125
0.412743965646
0.571723099635
0.444268674495
0.532869797656
0.467761978674
0.536040412634
0.483848173977
0.566281225867
0.648229304301
0.618926584972
0.348002707763
0.449988018904
0.534241789116
0.547583130905
0.528544671819
0.575899195291
0.71001881787
0.469336817608
0.397986285233
0.580100699384
0.404267052943
0.37389767888
0.459885993761
0.568211232225
0.574528880635
0.542186652105
0.548828596306
0.516179966237
0.618189502276
0.616818624948
0.431750518773
0.484496432362
0.546443908752
0.403856364365
0.590256524634
0.547956134395
0.647948661669
0.711402047347
0.502476486241
0.624129543282
0.46430365958
0.469750392984
0.639192219175
0.56092207507
0.473284517101
0.730745990086
0.758464577365
0.491565898653
0.594361439533
0.378234668004
0.533558149749
0.477107875498
0.453463058541
0.53446806294
0.626959711032
0.556015331368
0.450073300192
0.449346165723
0.585275654163
0.600700638162
0.570479539909
0.571366408926
0.525816989456
0.666800347638
0.683812694491
0.561923032821
0.437153231781
0.628184507209
0.584738470863
0.588458213654
0.475396519365
0.591049885634
0.531169397867
0.504125786697
0.619613616645
0.508036255332
0.423455910154
0.534428325247
0.465898381233
0.64184514153
0.574023357229
0.557817558619
0.504364021572
0.434678660555
0.65830126988
0.396414460385
0.60264804755
0.492699580275
0.586979141382
0.569680553105
0.537222722051
0.615346810919
0.525750434938
0.51397187921
0.477667231
0.535929797233
0.628815335134
0.457226535401
0.521528334881
0.473869330878
0.551532221536
0.664836624556
0.478336270081
0.45985210128
0.391715715788
0.587380044721
0.446754602937
0.503509954352
0.548151794898
0.50012158435
0.486031899863
0.520413523518
0.570346711115
0.443603335504
0.501050390412
0.39627812197
0.447354304958
0.521623901788
0.547084639617
0.549515222275
0.434708978265
0.451968088894
0.367394246289
0.551577795068
0.475543964326
0.534856905424
0.479631382331
0.434374664288
0.660658202824
0.498584219206
0.485350358472
0.483321452073
0.604832614928
0.341065313814
0.634856358214
0.48325696115
0.436467911296
0.449538597137
0.453129910104
0.498552374733
0.491354831509
0.534845295757
0.618802944601
0.608176517779
0.336467046864
0.570590378433
0.492490235107
0.625092738828
0.442541419392
0.507006968077
0.544791926301
0.288615950129
0.375052823345
0.681108696726
0.470763047794
0.394145644229
0.578558105839
0.404779829166
0.679972413802
0.572588162838
0.5087010572
0.391279184827
0.722963563457
0.490266887147
0.467002525729
0.467038611315
0.634711031855
0.506632508185
0.445514700441
0.553062539551
0.51740990846
0.450393422218
0.424313166169
0.397991900372
0.684633240825
0.486096136049
0.447746613045
0.607039191491
0.52915628031
0.621430996366
0.619562911037
0.534159463169
0.595631288475
0.538654571891
0.398751162023
0.461088525413
0.497512222209
0.571241319594
0.601268207551
0.509378854716
0.676786404264
0.565707199318
0.468695083314
0.622672190382
0.676715828521
0.418445194683
0.53049537947
0.505176323785
0.509444294305
0.471382145481
0.467369229017
0.485821151963
0.573426194548
0.460530479647
0.424789722315
0.554872920155
0.642169213045
0.497864040617
0.465611157746
0.580013959949
0.648361688583
0.593457508306
0.473338066878
0.528444151985
0.589619269266
0.632449843043
0.393623365394
0.377794211057
0.542401490245
0.63929615437
0.559117588148
0.53165526087
0.490047150798
0.580316792066
0.671421268932
0.651528450656
0.510635455132
0.781901746375
0.506160719707
0.687193970417
0.571644069664
0.554777882041
0.637057228779
0.669867657937
0.420951125383
0.351723290749
0.598127221595
0.43592448537
0.464204510558
0.415785690059
0.50536578515
0.500365166772
0.453038101241
0.432771021583
0.63379595423
0.616728958172
0.562229324091
0.431504875306
0.507899087343
0.417664436946
0.652209959073
0.601579710147
0.384917926182
0.525760815026
0.551778995893
0.536001654469
0.584626519734
0.335695959181
0.665125875223
0.387327109065
0.58663631499
0.411457847872
0.673508179905
0.768965730078
0.664362926082
0.517384811282
0.590648682221
0.617079494917
0.574081638564
0.460358506375
0.552210310731
0.420470137262
0.484111486101
0.423767680808
0.636091121833
0.54122977804
0.387098224445
0.520538191116
0.503600882922
0.45791529804
0.599970140936
0.418479829092
0.559482971649
0.630076659931
0.51767706261
0.560494047206
0.410411269671
0.577299839864
0.660713248739
0.439670708639
0.50483136354
0.443237385094
0.466404571264
0.488772001151
0.429747651845
0.414517796284
0.56630584753
0.470941459577
0.411681175437
0.466376515829
0.726476514491
0.532878320972
0.524441356041
0.651951411657
0.566630070829
0.611672629578
0.543298616223
0.34777191683
0.355986435745
0.539214773667
0.634427723399
0.562704047075
0.567827330038
0.675429262386
0.443509345225
0.446050622592
0.462469835951
0.518376701194
0.492615268931
0.575092306978
0.358939444
0.568472521792
0.514025769475
0.623823133495
0.542763342905
0.436978056596
0.460222378144
0.427464694405
0.416192917097
0.424848747126
0.742783471021
0.564191943645
0.463770788626
0.697318521295
0.469962557708
0.431844470592
0.462826568441
0.470542012264
0.491990564182
0.575662613217
0.482572220613
0.562605986842
0.663468496083
0.569667234572
0.564348945168
0.486580874759
0.514498105883
0.435011975055
0.643427395482
0.586376288262
0.578140840424
0.521078262381
0.692228709394
0.444615813047
0.748777006227
0.583388988364
0.493099822882
0.415017805134
0.613010942573
0.441044978036
0.501946029865
0.463280210557
0.566221293337
0.546466652075
0.508086579284
0.497040210163
0.578924963589
0.406135434595
0.591216380616
0.499375759861
0.587072230469
0.479666500783
0.588621676145
0.52515544801
0.379493691936
0.410470771064
0.489487220593
0.628817131923
0.497144579915
0.563723243698
0.422391277689
0.526980198064
0.440086168266
0.603876858772
0.508494478457
0.449307031501
0.466961971916
0.69122574969
0.462286859335
0.490805539134
0.520143641922
0.442709843563
0.462237550245
0.604477689479
0.486783179888
0.642080969423
0.424840477807
0.584642638288
0.453535398209
0.507403284552
0.566138608294
0.523648572604
0.567546348641
0.509246760498
0.450764902665
0.457221996855
0.553499061769
0.556436191747
0.560911472876
0.62431510709
0.44388001938
0.610036750302
0.61953707185
0.677695397806
0.505469791308
0.595442632143
0.490564917224
0.652121658194
0.543280732844
0.610455656558
0.596447078838
0.452672905579
0.534190125423
0.528491654979
0.409929865227
0.54490704941
0.623464621195
0.519213861297
0.496614920285
0.570817925248
0.530714537665
0.467220689521
0.34776250141
0.476985863384
0.417834282891
0.616677959857
0.583281387178
0.434019613928
0.433036404051
0.63805941722
0.626627784617
0.592114433027
0.540989060758
0.555086602828
0.656231207473
0.665141602178
0.466969547151
0.498719767619
0.556644183157
0.389854780495
0.573116362821
0.506733993801
0.504002189142
0.48448799671
0.553527306567
0.652095646048
0.545499630322
0.706332002276
0.509507051821
0.599941845646
0.487815250092
0.529342613341
0.492934696596
0.484089949394
0.473467493782
0.448767014738
0.5393519749
0.54533449026
0.586612876929
0.469230106656
0.667652845684
0.414233600297
0.446870948533
0.443044089131
0.520123172106
0.519350249378
0.509756613321
0.467990054351
0.924268508287
0.552496479992
0.491346439077
0.458032678439
0.479273622002
0.599321461794
0.465301251827
0.5530722536
0.437524540817
0.503574997517
0.497184006926
0.624887776678
0.564509659032
0.560225949104
0.491771016027
0.40941117691
0.639375945288
0.500577957156
0.37329759609
0.593284715291
0.693421210697
0.813254730536
0.574731954693
0.531887319907
0.575921078442
0.800326618346
0.351174852174
0.617833466843
0.417183029466
0.290799110382
0.275731498882
0.579236320609
0.502318531804
0.64625544409
0.590776522777
0.521811279762
0.448183436929
0.585794144608
0.696901018967
0.668241074285
0.604690601297
0.528764539372
0.600129867755
0.526972290853
0.663392845927
0.66190134137
0.381710932708
0.748918725919
0.395471685791
0.614046849239
0.526275481538
0.442063200817
0.541695503399
0.536127726383
0.454192829066
0.327433843038
0.436471431942
0.494681493757
0.430698687981
0.546140436605
0.472546785498
0.545449365672
0.519131908568
0.459737472602
0.552136540919
0.577860360077
0.454824786508
0.473898271618
0.537535365363
0.621118904432
0.465263500141
0.572543607371
0.531692778363
0.574403385664
0.701932791465
0.420686018929
0.632987044134
0.589746938669
0.425423939387
0.502380763485
0.434056590864
0.467426282797
0.647262816735
0.496425032227
0.52121978188
0.531413709726
0.446266245541
0.747036035165
0.682839516009
0.573628846062
0.518389349183
0.707539607771
0.523944906523
0.550254887304
0.614848591733
0.525159413615
0.5298452845
0.52838464154
0.634731493874
0.492884829861
0.502148668143
0.584696654032
0.437662040738
0.61031181541
0.5791053276
0.699369831884
0.636014114083
0.574299602628
0.518575333546
0.473720288461
0.570474021402
0.377559400557
0.494829254733
0.553438091503
0.468224655509
0.476819644509
0.575439663639
0.656942034114
0.44397795484
0.380407989999
0.490850245219
0.482221503204
0.583487983147
0.586048364766
0.522235202219
0.572633614688
0.655832650548
0.55988059074
0.543958747204
0.609920558652
0.641161292725
0.616034343945
0.615958290257
0.553465903798
0.637719098991
0.559903614771
0.593179048035
0.646336110165
0.442330380165
0.358175944318
0.428421952936
0.487279886379
0.510537362477
0.533440323311
0.59124658155
0.603483347526
0.623851165471
0.467540332386
0.521010510864
0.521102898257
0.548200312975
0.644347166893
0.511073872211
0.460383440815
0.606409618344
0.715790881118
0.474480689917
0.698507733382
0.508551292254
0.551235657332
0.502550595706
0.510251349472
0.596171908161
0.518379000676
0.439016767684
0.541574263642
0.334550311762
0.538017282196
0.584915453416
0.532567385773
0.456160505241
0.564782520994
0.573913609618
0.534375465693
0.621237310551
0.687277622037
0.529865862983
0.43599140955
0.478723692114
0.410525701429
0.521860526616
0.424919514734
0.633212417021
0.582588398433
0.505518177451
0.465571838517
0.562065363862
0.736339684029
0.508121349566
0.601326251591
0.553397067471
0.438251244021
0.53734998339
0.510142763811
0.392722518445
0.589300873243
0.630736076396
0.529620823286
0.555978626846
0.646792212886
0.517562154952
0.482513180689
0.505809412617
0.576698802566
0.65783858584
0.672604941409
0.549170802167
0.481924282159
0.564875478147
0.440910751481
0.406703543676
0.504362812907
0.329820776799
0.571847736267
0.542508236162
0.516234757067
0.507117161771
0.489968115405
0.688296939451
0.510958761608
0.477895636986
0.49301863195
0.472978378159
0.427624484546
0.526074492956
0.6361770777
0.373256598999
0.535683046934
0.652243782185
0.456064897197
0.549391537104
0.575338352981
0.499124692968
0.701694454546
0.36693277128
0.542831151112
0.504162754651
0.504765154488
0.665604402466
0.595775731582
0.504143615712
0.541551312517
0.74544859818
0.568477153338
0.415023010423
0.498927891525
0.673873198909
0.429436915798
0.574920983849
0.600071737744
0.641611415891
0.635028651238
0.485093387853
0.625971457766
0.616839325593
0.459507509526
0.517385198292
0.671865402352
0.442996733258
0.521779710436
0.616284097363
0.687259641527
0.573425983273
0.678485139703
0.587123025929
0.601145531428
0.65283647727
0.706982982984
0.529846404332
0.512606379758
0.550699348677
0.478189788788
0.472602840193
0.735083413122
0.513990791822
0.644248485952
0.456657651735
0.488811992528
0.448841247346
0.626824536775
0.344177550997
0.666820999915
0.569191974663
0.486668475574
0.721317111751
0.582130864994
0.395121171296
0.605201042861
0.446059932102
0.476009975294
0.587736168651
0.569334090872
0.474760278558
0.472207605863
0.453346733294
0.314686629464
0.450015805971
0.396368012375
0.526161071496
0.497666160615
0.540892328798
0.485590391998
0.675157263762
0.63790754669
0.300944484836
0.572210489318
0.433045344202
0.548182192293
0.463348652083
0.59889004321
0.486431588551
0.628542852497
0.499884062745
0.542705101272
0.539789183445
0.67952952608
0.346989317058
0.528978093112
0.691791076687
0.524546947831
0.516808838953
0.507306064559
0.50689767463
0.618220788311
0.436168801764
0.506846830058
0.536196843226
0.592889424864
0.45223405812
0.523505283167
0.454467371021
0.647349898054
0.926090674143
0.40943079115
0.53795076937
0.420048290555
0.559152712843
0.550109338081
0.507998225331
0.475526943668
0.561429200421
0.500695049947
0.72081077683
0.546149046906
0.486017438378
0.614659802999
0.700304754878
0.61687980873
0.624175721434
0.400149627352
0.660085880915
0.664193427087
0.443132770371
0.619729622785
0.572927467508
0.416797133121
0.485257840059
0.530169810341
0.409239211328
0.353983265424
0.577863933156
0.543561756955
0.383395509801
0.460618694873
0.452957884198
0.477961542379
0.533954502992
0.412171775418
0.539966829964
0.59487560331
0.571332541303
0.378443113457
0.485452776398
0.539252769668
0.51562209066
0.536394818388
0.474331643415
0.687101291705
0.516777629503
0.609218666381
0.52356640547
0.473076593147
0.555014841537
0.502790234522
0.611580927492
0.396466113287
0.41634472592
0.416910919724
0.47598068396
0.60138284897
0.569943411599
0.547147810826
0.491652256623
0.729688808077
0.598545940092
0.493170238928
0.470414704648
0.550685484282
0.63427292424
0.472083407196
0.435547839917
0.472838110682
0.524047280597
0.369653126011
0.58042867137
0.716468558258
0.51275432598
0.302634609362
0.405560686415
0.534303572724
0.422201008363
0.516192311152
0.497302907511
0.506726441954
0.639055045652
0.51838293217
0.518685058636
0.475666622317
0.5775675852
0.731479393579
0.597223726911
0.484746499352
0.564324632813
0.541630879904
0.512105663241
0.381605396221
0.430530747623
0.533721911227
0.546471307249
0.556947766945
0.35301528022
0.649477651917
0.614868641348
0.719229809177
0.555050608943
0.641296136812
0.514142636098
0.506027535806
0.446780903424
0.680875070789
0.447180857042
0.420603222214
0.702451851663
0.583072358999
0.37330553278
0.705767164259
0.670280360583
0.532646582796
0.662325103748
0.665677006905
0.546937020723
0.372992614872
0.591746050657
0.577444678341
0.592046184723
0.612237506616
0.616057175805
0.472432204804
0.549616979759
0.55798484283
0.429559047588
0.531735624987
0.438400535993
0.336201486431
0.648660294133
0.489964527675
0.543511527838
0.698746721252
0.461866059623
0.619569847803
0.456289442802
0.603855944292
0.357820662022
0.576011157416
0.636910052054
0.611269163597
0.582764940251
0.517796073119
0.478280889814
0.445227444603
0.41812938853
0.679828036401
0.614239813518
0.511104950158
0.526686063366
0.585835983897
0.536596646799
0.477557970769
0.612366902489
0.765835126942
0.372955547993
0.576519072719
0.314412122172
0.489682172772
0.441379571904
0.601296429259
0.655558881867
0.51174243711
0.694724669285
0.56714576514
0.442022813556
0.534744577706
0.615482274541
0.466830961873
0.516463584214
0.677151792811
0.611257709237
0.705789854822
0.5292867347
0.693349613081
0.624007050195
0.544423095003
0.425404734252
0.51502523482
0.769272110626
0.467597324601
0.526765072343
0.462433080803
0.571204068505
0.666538235752
0.438445302744
0.646191506521
0.510644297263
0.650131917327
0.428096835794
0.546241771731
0.588961041053
0.539780287815
0.433173116707
0.381544187954
0.32023489934
0.573627260036
0.603679307423
0.687554935322
0.589617383236
0.539053720784
0.630225051484
0.522155280536
0.474925196555
0.594477880393
0.435176256743
0.550063766947
0.519059192391
0.44729324094
0.521995734201
0.524609017069
0.479674695237
0.561474291056
0.530190758495
0.529856808411
0.466421876913
0.699251474802
0.473000977724
0.619912033482
0.585650054881
0.417568931811
0.446813451426
0.575578272118
0.508281865962
0.684235972691
0.33643071327
0.476546782208
0.619099552161
0.507272420495
0.434935063179
0.567722244376
0.574463215489
0.510002930124
0.440921402963
0.526006115602
0.456718945217
0.470891004938
0.521820875446
0.384773632854
0.708656624004
0.564991683817
0.490565061794
0.46600967744
0.680719943271
0.524298941316
0.418467815542
0.627588116544
0.487600839528
0.521093290924
0.490651720584
0.629167325885
0.610575946908
0.571331162803
0.585884877984
0.456504870406
0.366348792144
0.521974324514
0.5437349278
0.517133579737
0.5986443192
0.517199935237
0.46180596595
0.561411039236
0.616447902631
0.468202556811
0.515695063547
0.471356665904
0.614039233685
0.514409305088
0.566460944405
0.527944490232
0.661137691383
0.641535620365
0.447514225722
0.50315840221
0.462276073399
0.520199682651
0.490780243036
0.748992768409
0.551993283355
0.782194477352
0.5958523924
0.658730733761
0.603345269103
0.733981085931
0.52251606439
0.43749057318
0.601156406503
0.582169725467
0.587184188273
0.590593418852
0.531726204744
0.477433277169
0.443857272506
0.493779070587
0.449382765872
0.489389477526
0.418169929135
0.481533483573
0.540226945257
0.500323194293
0.557289636698
0.601943940046
0.423248422853
0.558333404929
0.653703079421
0.394645193708
0.709055558578
0.46407202422
0.609616650509
0.487543798302
0.731067173353
0.597451676541
0.548208464266
0.472131613403
0.589328735497
0.607431827783
0.642931624729
0.62714419576
0.325504754689
0.522395877516
0.575427992364
0.514267492501
0.499302095649
0.436490285067
0.6362890567
0.416822594243
0.403144936714
0.666376695508
0.404245274752
0.525798062639
0.610548169645
0.545633335374
0.632725364012
0.630262646069
0.438537925574
0.711225678374
0.6106630583
0.524735014648
0.422714722156
0.554463574541
0.629283962785
0.428968757127
0.622982163259
0.540996978303
0.392447345914
0.303764685896
0.477176001684
0.515064511427
0.430110271406
0.739744428032
0.467537727624
0.650320470388
0.585376791426
0.432746897853
0.629578323812
0.671183866464
0.292439087513
0.366393062133
0.480407858052
0.587252017088
0.620269486585
0.4225425017
0.410430544429
0.58287832061
0.359817686128
0.42012733571
0.482019586265
0.456294148128
0.51320394784
0.649428762419
0.44284884279
0.650537681338
0.415103104706
0.48820501654
0.594441354958
0.702398731748
0.468900909679
0.675926685386
0.512017813486
0.431261286858
0.476501919805
0.660239110819
0.447293386947
0.547830287551
0.600952213177
0.43248138752
0.574604762253
0.411989053376
0.658481697027
0.505950251957
0.655790984046
0.415681470392
0.603273010197
0.52175042277
0.469760269697
0.43621215127
0.476638021708
0.617744040656
0.517769456088
0.527507562689
0.577839020026
0.460138747244
0.615404836344
0.835956297033
0.51532678441
0.444260218647
0.562281270431
0.514520262532
0.506236829194
0.736047520995
0.512427969493
0.855840472877
0.534828044235
0.683782235547
0.445684626738
0.456965325648
0.482998618148
0.500545223067
0.522736992045
0.490771871456
0.502322225882
0.589424530754
0.590441054994
0.818463167965
0.652960237167
0.580060502736
0.698842123672
0.578516521345
0.479658367823
0.712274240942
0.398646144521
0.587158231505
0.553252442484
0.480451231202
0.602456443316
0.550622662845
0.494710257469
0.549547695666
0.50652393722
0.49143717852
0.637106320168
0.537865492793
0.361315289541
0.501789693747
0.546828507652
0.551423364672
0.640598318722
0.512614893006
0.525239416965
0.651475650757
0.656336881526
0.743514494233
0.509959263936
0.502407416931
0.492516879833
0.57200670993
0.371703228874
0.551740211033
0.473370382001
0.615921446916
0.557099699446
0.466845948236
0.536203844842
0.623651803683
0.601952256249
0.493470531705
0.401306255754
0.384123499788
0.65471148629
0.657129077386
0.427651608219
0.614781164089
0.637318498834
0.716596608175
0.41995660525
0.495201047195
0.573485897907
0.481450668583
0.514126987089
0.605469128149
0.460101090924
0.62223283855
0.587683370534
0.491353385125
0.479799568462
0.569526574462
0.512869028415
0.523368840683
0.509422811635
0.481806997106
0.653191818085
0.507078197245
0.54616679143
0.501203723986
0.526539194248
0.585813704696
0.49976144921
0.543770792698
0.648287800407
0.424671078192
0.41717607354
0.37203366976
0.474998246035
0.457325336954
0.479204528628
0.488175924975
0.531397572906
0.495676511303
0.68211512971
0.660986469062
0.653000974091
0.672274765448
0.517884526905
0.58814649234
0.701900112295
0.43258849804
0.452915074257
0.373675107609
0.391244038367
0.403671834481
0.492824051427
0.417920469976
0.484220275214
0.427189065698
0.572538960999
0.563961271653
0.491753747863
0.505321272754
0.438857281748
0.462075267639
0.634602439702
0.429010551444
0.460087640771
0.528185119815
0.534231728328
0.38961379125
0.658738451
0.476727530506
0.463229245305
0.510984051944
0.464170089666
0.630114852695
0.428473076031
0.735870906696
0.649591625382
0.480273920195
0.47632943329
0.725535986278
0.584305203324
0.400379101991
0.489368250609
0.590464079065
0.501668965645
0.384865504526
0.512891868698
0.735584719206
0.509938817727
0.671008166855
0.532929739904
0.38823735027
0.551888863083
0.471385901725
0.708421732356
0.429913105889
0.48575904045
0.525228169016
0.331367160201
0.650507362575
0.769814973997
0.466803291425
0.472913214521
0.655604131658
0.673094365329
0.535578793914
0.628815477048
0.525197200322
0.649685313751
0.34096190789
0.493608525369
0.540530372144
0.510976035115
0.568288642976
0.61635475202
0.62807171456
0.520193221798
0.553410978381
0.39655152438
0.504157767207
0.43487869371
0.685953776168
0.419194892295
0.480010503661
0.51774427241
0.473684845988
0.499400427878
0.665769936208
0.581734993522
0.5826881211
0.556936319625
0.657238549981
0.401240041144
0.554363084636
0.586038689596
0.499973834373
0.58900536467
0.428320279061
0.411484959626
0.415816561388
0.541060183756
0.546841398855
0.632573285044
0.55319277522
0.488080516929
0.439235378544
0.692294950285
0.597953344944
0.7168606344
0.541768843288
0.395889934237
0.480227145793
0.596793252766
0.646900063127
0.829950187216
0.637092647705
0.283209238019
0.490828466072
0.46923755993
0.577894726846
0.558503820305
0.740365014924
0.495897658348
0.443532469384
0.673554544682
0.547668126754
0.548954001612
0.359755942332
0.54699004315
0.469459039339
0.383330170412
0.661000687578
0.672882851809
0.506486833745
0.522777676719
0.58356881327
0.663547083935
0.541597266728
0.367231527443
0.346070041234
0.601159982279
0.58730892528
0.628192462241
0.565508463561
0.717338568549
0.494384300154
0.581149379457
0.436722145756
0.564241901093
0.534652064283
0.533453718104
0.437489302932
0.465737669467
0.47988965945
0.603324773496
0.526163074632
0.501539452128
0.515310920193
0.581110736454
0.558565005134
0.447367080621
0.623999720394
0.555846920439
0.640586626228
0.653952436398
0.376377816572
0.335330386267
0.543908289506
0.618676595626
0.380430162339
0.79549526063
0.705959139695
0.277252601392
0.453100107379
0.598369251169
0.534040520582
0.583311108854
0.724921920547
0.519253025539
0.67509235817
0.6351009439
0.513245509394
0.56092357347
0.517221640039
0.499236581537
0.515197665512
0.693643483895
0.53010060869
0.532082847683
0.401838836346
0.488170569038
0.695896145032
0.534629884723
0.512591876508
0.517141352523
0.546170980082
0.620054697143
0.634022220393
0.622073130314
0.681826832781
0.633610057272
0.550690857226
0.460416240722
0.465703165606
0.540130501993
0.495026453346
0.548314805785
0.606031439134
0.611483263976
0.506774666493
0.666833866692
0.488313494815
0.572384911138
0.352325170588
0.532085243372
0.576077707462
0.495311488358
0.507546002535
0.49755261797
0.447786839192
0.521121060278
0.520498569637
0.392591774867
0.489803206211
0.533236672752
0.814818833318
0.509180443148
0.62849262312
0.552963922041
0.414547815082
0.544372147448
0.61511854296
0.324464957093
0.511519113975
0.384717618652
0.53439299599
0.600587627129
0.519733694957
0.558890297664
0.407424513295
0.55923508496
0.563415259774
0.697830410792
0.45297394266
0.47317349871
0.640259737399
0.482882228082
0.613963525736
0.574291045112
0.439882262651
0.49609552142
0.522850834753
0.64889995275
0.478943519592
0.655992499171
0.5663633106
0.592768346426
0.54043395968
0.460015964379
0.660555706331
0.521612071182
0.7355369007
0.504556210316
0.590868099999
0.476041271051
0.417393359427
0.458455571302
0.466088594589
0.531918172923
0.471899309098
0.516106040012
0.501024111862
0.51883928095
0.382019386212
0.500518998276
0.585949338562
0.580226407019
0.553251774769
0.58916389404
0.517012446131
0.453806205358
0.456549866173
0.445343363443
0.55531239251
0.511591084068
0.378832892856
0.606059822938
0.604701610917
0.433750565547
0.53576601012
0.518241328777
0.57304380431
0.563007920412
0.604408373916
0.537998632059
0.60246640619
0.590229629575
0.644132661029
0.522566209905
0.521487002672
0.532730070043
0.409794926803
0.670198596221
0.510447737131
0.396434421032
0.637931652696
0.535026472261
0.485943288663
0.459500368739
0.506891500521
0.653470396665
0.515372323153
0.62231458084
0.632490376923
0.685554476579
0.598918686327
0.554105093007
0.622014404361
0.498450980199
0.535494300839
0.634241788998
0.464839808381
0.58881425125
0.592590629574
0.764469474943
0.516449523545
0.65060741611
0.507734172867
0.460634064616
0.385031393722
0.57842677701
0.48599660645
0.566623044796
0.507919217696
0.715447379521
0.482427800787
0.525141780543
0.699738446343
0.481517555293
0.388092136309
0.583851605616
0.48077349557
0.528099842706
0.607170682744
0.388957056984
0.491326680508
0.804560385809
0.512842784895
0.502221582712
0.447687998157
0.316097386626
0.478445668428
0.676297740461
0.637272350915
0.600803237526
0.488408270569
0.394775642319
0.587358286063
0.63944239966
0.491120119884
0.41177499331
0.692635022708
0.563665558898
0.817391681516
0.457851088955
0.554050397821
0.575659166971
0.514514696787
0.501627446116
0.500871276137
0.60845176672
0.429451381895
0.75568741593
0.476590005081
0.46865991023
0.472160530678
0.423494180899
0.651493364179
0.519647147786
0.535742020153
0.465776704398
0.518296241294
0.649657922812
0.633762521919
0.628276173206
0.536661264347
0.685952970613
0.547932469431
0.610287141416
0.591529519867
0.598138616592
0.717370775862
0.722692661153
0.519232488379
0.612684251405
0.522120078426
0.491847284117
0.519715676231
0.515080659118
0.433152335496
0.827488320975
0.501950725356
0.460080589341
0.559845546478
0.591498990529
0.672848780313
0.35671158937
0.582527046863
0.613051188694
0.461035744432
0.626071125593
0.664431867863
0.455087314576
0.452592707205
0.501136709272
0.45013215671
0.571208789753
0.60201112275
0.648029815918
0.457972828898
0.408633997806
0.362075858011
0.654516187356
0.711945187544
0.611460177987
0.613517661988
0.528206103608
0.522856231678
0.605152109843
0.604892379927
0.487064867887
0.539678730729
0.553526292738
0.509767136189
0.475233463506
0.691313318919
0.510262330074
0.639108732766
0.45342218558
0.445694496091
0.749856512398
0.637125479118
0.631770487416
0.672470279679
0.471039922213
0.612464522937
0.357590776939
0.536532884087
0.566863261997
0.767045395958
0.467746672548
0.506951974297
0.705211704317
0.647779808508
0.421335638818
0.560535634511
0.485930719028
0.400970758122
0.619775885574
0.489859424432
0.638749245631
0.503537875893
0.66499698396
0.417149962894
0.465146628629
0.541978751677
0.54597395842
0.553740213583
0.568609419408
0.50909924971
0.531374808292
0.578493023106
0.488589161898
0.637441361957
0.646901131802
0.564156002017
0.686695357184
0.546804427823
0.582202444884
0.349136030559
0.393302151555
0.542014738042
0.434804476335
0.527080827298
0.465564407666
0.515409799105
0.740715422602
0.541039155079
0.524887679308
0.496054299667
0.592240909897
0.533983746378
0.648756243743
0.569571743301
0.505832528893
0.473478905412
0.396400733661
0.610824790875
0.556339534662
0.486945135017
0.400497738885
0.625582003935
0.451531926296
0.583960575669
0.495095387414
0.503517649739
0.486599424643
0.485394293656
0.485231597686
0.66374143024
0.46796024814
0.531919840724
0.629998352366
0.549278804285
0.444253267788
0.587483458255
0.533482823569
0.746489534199
0.606636899815
0.616873774598
0.365759110727
0.444046960859
0.453789992466
0.677570612631
0.528083572569
0.487556325418
0.668526898724
0.519821064099
0.469513014632
0.561821639157
0.492204300744
0.456842589685
0.560853129536
0.384598598421
0.593820063737
0.517044500803
0.670600340534
0.566582816899
0.563527040477
0.723079117474
0.815570549382
0.542150419481
0.542730848026
0.537875315351
0.448115488806
0.585827883706
0.356820893569
0.700052322921
0.601711606039
0.448090266264
0.571517440788
0.627336183383
0.65699503153
0.688607530076
0.615261887992
0.669561702601
0.510030452162
0.636277658229
0.5623874559
0.531630544754
0.428905011129
0.466636414926
0.393091355272
0.582505862984
0.48645123259
0.493514036026
0.723056227049
0.543154668868
0.578948846249
0.528372141101
0.659227128089
0.722596531034
0.508322338845
0.500000236546
0.698905664309
0.7081620189
0.324917853615
0.486061583779
0.654624513786
0.441537571037
0.61065859053
0.577515154607
0.499060216001
0.432560074636
0.596441129721
0.448771928224
0.369136029319
0.725095767515
0.520358063523
0.317849568305
0.528260955125
0.667261911984
0.558686825354
0.644759755027
0.648392122893
0.373076233697
0.631606614317
0.494285870423
0.48450058861
0.345258301198
0.589489357821
0.514061478417
0.534203753897
0.6663547801
0.636603881631
0.478762431597
0.732118580782
0.531354110172
0.540912892843
0.656983845118
0.4413579989
0.43008218011
0.520479344454
0.528428180065
0.606248848899
0.408879310657
0.581296180439
0.432217245429
0.432324021298
0.542610172763
0.459966366436
0.657765583636
0.449895634996
0.363056848226
0.535237640417
0.533549332297
0.591387373127
0.433471832072
0.634417590474
0.400913281462
0.495616775379
0.544160617075
0.577449039196
0.56735109429
0.40898815811
0.542461795715
0.534706614275
0.420724532616
0.661473060658
0.547061430547
0.526764573166
0.531963682197
0.524153817399
0.52770810648
0.618822965231
0.636629888055
0.702058875663
0.569948623282
0.447921452307
0.469307314648
0.544131751267
0.71651595575
0.565597718133
0.457915478584
0.591014666796
0.438750637179
0.495902739533
0.593829290959
0.487254927105
0.459795071903
0.566968336675
0.749646035744
0.659063446559
0.601940136859
0.742045426443
0.558005222811
0.601308160113
0.500371397754
0.624939485952
0.448518586998
0.714984784726
0.47144351215
0.488847549716
0.526184690943
0.423514102009
0.52952116067
0.465388538772
0.446012752684
0.428562026459
0.474351009881
0.67643490351
0.61827187419
0.555922686637
0.613320858857
0.694526091465
0.513373343091
0.461591156353
0.494407786864
0.511712574464
0.49240640773
0.498480722151
0.375254071889
0.517709704771
0.630119471043
0.596351639387
0.603317822997
0.406484822368
0.589941147551
0.385259921989
0.5573512279
0.54039360783
0.533587477274
0.46675230536
0.558543396188
0.647039199794
0.5561081691
0.555729461813
0.563567468233
0.587657279779
0.587535346547
0.552163298566
0.478301285162
0.597400468772
0.658007231056
0.528918584703
0.425797158129
0.442024235657
0.571040682362
0.437300163194
0.526777591161
0.622873098415
0.60440725769
0.704405171274
0.436905512217
0.633253905119
0.383779326637
0.505861167952
0.495035972133
0.488925398933
0.392068216592
0.407702740376
0.713876945472
0.582303601554
0.539444872356
0.504492777223
0.573969730376
0.394944590266
0.540002851008
0.667722864003
0.458436734054
0.63964968174
0.633327184852
0.450558546798
0.487884574101
0.537285121867
0.444832134395
0.584339019104
0.424562899077
0.352849186404
0.549410671263
0.499814915875
0.739980681709
0.765226744664
0.581918994256
0.532220971885
0.602491318404
0.564300369042
0.400960554438
0.605415521932
0.436674436335
0.549598333339
0.59178291766
0.702780765458
0.488665976943
0.651958583328
0.550907072837
0.756476704802
0.708356271153
0.512026508736
0.550186298242
0.395056195809
0.496368006671
0.494109156228
0.41744285802
0.531362068293
0.625492952908
0.708828786002
0.583131891619
0.450107861771
0.527974570624
0.626630961181
0.537150716237
0.588935395485
0.509589212312
0.633848613195
0.424690130107
0.628091029884
0.555004590161
0.617901985425
0.498344266902
0.567886095956
0.485937391117
0.658185160383
0.499487009402
0.566268434599
0.418821215165
0.488719692467
0.429365119479
0.57141585384
0.521529061634
0.600939922694
0.688766163168
0.534411031127
0.702755972636
0.691387023342
0.466255292017
0.566131275961
0.507786877218
0.612978897351
0.590293635102
0.394002113065
0.588600343914
0.456356481691
0.495679154947
0.66839241562
0.345027802921
0.492925071911
0.594688752919
0.492856645804
0.466426918972
0.587380838492
0.638798247748
0.588456522208
0.645339275394
0.747478974723
0.47461581169
0.312856648224
0.481180654995
0.602884634457
0.777675764964
0.609969794327
0.678116322048
0.666200814654
0.403341610362
0.731208137787
0.492104934655
0.451451607622
0.616875941836
0.404607042678
0.464814620689
0.655784362593
0.461320547752
0.52775122672
0.506415604441
0.667144461103
0.573152313805
0.660338349202
0.641636478087
0.635811818424
0.52943482145
0.477807252221
0.518599282897
0.541885219409
0.575291303334
0.493635654547
0.473727927718
0.61760409347
0.507199218963
0.596819453556
0.731447392905
0.533317542192
0.561799155547
0.715851776604
0.543864812999
0.408021479476
0.543354734926
0.432974963348
0.430746399198
0.418999611041
0.60586581134
0.528764737264
0.512899868156
0.571406870173
0.4241025745
0.593297283
0.599061467691
0.619481239361
0.603301432642
0.532685852596
0.511976029165
0.58637503605
0.673906341348
0.514759948607
0.566525948365
0.711929195136
0.529251079678
0.596265871133
0.552767791167
0.520288942993
0.50004027081
0.570849703657
0.442902168136
0.555660026275
0.538101233651
0.656439799931
0.506382793274
0.44658388334
0.495327544906
0.621240579937
0.58274267205
0.655119578905
0.494411179699
0.612262275329
0.483586890665
0.593460704643
0.758659527033
0.647848500784
0.590880960813
0.570015127073
0.434389789674
0.57860439686
0.497321722044
0.604226330251
0.556231298264
0.680168258424
0.51351925562
0.417548883956
0.567608195634
0.604447173395
0.408044763277
0.542611405796
0.598036663883
0.683965987868
0.454438758866
0.511788535439
0.560022115115
0.481188706195
0.641952014793
0.726403152409
0.572388705291
0.598278060198
0.479569840642
0.612948607483
0.574539315086
0.575853186474
0.47598233571
0.472386492303
0.7278655033
0.647668388917
0.616527474922
0.658153696622
0.428416289225
0.652695121803
0.379328674648
0.74772573491
0.470897303363
0.549865733819
0.485345808841
0.560766383299
0.430817422975
0.67901008601
0.39011824098
0.539395207169
0.456762726275
0.464988892741
0.611207441051
0.515167673274
0.468997217006
0.581837203411
0.336275740176
0.460287293575
0.612844064233
0.577913534633
0.51179090858
0.433641809825
0.732940370815
0.522761073029
0.282731762231
0.620900081487
0.463007871753
0.672731513752
0.537234742764
0.438418854025
0.383729900565
0.53742386518
0.490287344401
0.395067815498
0.468622010693
0.723169778317
0.438425437549
0.486163774311
0.595655833676
0.597973389446
0.577620141033
0.525376358432
0.702782500506
0.539091066007
0.638325980311
0.488812517997
0.446042887394
0.473243618458
0.494543405956
0.756603075509
0.40573404684
0.42471820167
0.434030900866
0.373925884821
0.568887586554
0.646952103122
0.514741570435
0.756083292165
0.622983698275
0.579648156651
0.513849248453
0.529383613301
0.552508082617
0.636101178663
0.467142589132
0.549748107938
0.583812520425
0.587575570605
0.472047421945
0.609316490102
0.663860864476
0.587309341822
0.586027634031
0.588670545295
0.67477501185
0.617710254635
0.596002210304
0.469571409014
0.588583138761
0.644626003587
0.535280145677
0.630417191822
0.529519139391
0.454651130543
0.634054191562
0.39233912596
0.60252609758
0.607774369131
0.628065270535
0.63983992686
0.646631015682
0.544181438502
0.548478193519
0.52800620691
0.601949830413
0.441411991886
0.363302528683
0.484417937269
0.367419995807
0.419266577844
0.636755539862
0.571308929171
0.547318439602
0.633062307905
0.448202889126
0.586750582001
0.416011841575
0.710173142688
0.354849811599
0.600913959772
0.502808793089
0.681324078233
0.628958720478
0.425127061465
0.442009626043
0.453031587093
0.488850645188
0.625850206932
0.525686308473
0.537432180404
0.720927933951
0.587027390996
0.525134176465
0.522254683672
0.547281487034
0.566464599918
0.374446139918
0.486738214079
0.567340383666
0.614239426322
0.371084506819
0.518383143651
0.688408571494
0.459918132491
0.514259767251
0.708380549029
0.649415489705
0.478306380324
0.583409234481
0.695160832541
0.5573122485
0.372128418886
0.470969700973
