0.370614446735
0.280396211875
0.324463954096
0.292916643879
0.392955202665
0.424306458607
0.387896161443
0.355114846255
0.369508710351
0.389733670463
0.275615936263
0.370872994006
0.396384047128
0.325049919009
0.329497845933
0.273341825599
0.397366979135
0.324210520058
0.273471886941
0.297369326681
0.232058493812
0.328187961227
0.316639586198
0.304448310473
0.35853848048
0.412153921517
0.311112648937
0.272152440277
0.4170737545
0.263822463046
0.347248998411
0.263203501347
0.242590988203
0.366416791672
0.270166504035
0.283973011794
0.40665674637
0.453190265712
0.357913291843
0.327889857484
0.278250098116
0.240901005224
0.398068661446
0.275929820577
0.363601908154
0.290602634508
0.318576988497
0.310766545602
0.316711406822
0.325985413931
0.316770367536
0.316825385716
0.309652468127
0.343880166637
0.360816703005
0.263323852815
0.359228199066
0.344586431441
0.392972368383
0.263658474805
0.353596962594
0.329390765408
0.429670775507
0.306869075118
0.232036659948
0.160496604717
0.268036954566
0.209202420958
0.279969748278
0.250661946572
0.303824328513
0.325271820666
0.296004906604
0.297326722429
0.442495554437
0.363136975723
0.179125383173
0.181349499574
0.297919269644
0.427992627355
0.249354204166
0.296348965383
0.404898122334
0.378206963394
0.305122558932
0.354059868122
0.325383708131
0.343209291697
0.256223677345
0.348350745295
0.349790919148
0.320924865538
0.237847888146
0.297952464951
0.315829428512
0.315149417916
0.261203558852
0.286780530868
0.298546583981
0.362374292896
0.392326750808
0.269603192875
0.317606669394
0.226467333007
0.273531084961
0.218517500471
0.366147252685
0.305263344381
0.266443215924
0.379729100543
0.300361628201
0.27234156835
0.319719754716
0.301730683932
0.328221286646
0.258660299465
0.285105797641
0.237230387215
0.299758325238
0.266202452974
0.231360768542
0.302658665091
0.334748369287
0.257836787926
0.279035267357
0.335935828901
0.26928665238
0.290255450919
0.243008959603
0.300541781671
0.376490526413
0.341463920165
0.353183586667
0.360843772685
0.316462508002
0.29538409326
0.341754250362
0.329415706795
0.270036385761
0.239980915583
0.339280915353
0.316772205025
0.333887575211
0.327402873692
0.234152993644
0.362820848868
0.237318104064
0.383109743006
0.283019617408
0.367511974242
0.421071274683
0.276705757693
0.254405900019
0.315541729243
0.398318894578
0.286543748772
0.354514780867
0.211106820797
0.347812030445
0.280964259619
0.352259325322
0.25778593163
0.431883257019
0.309780731851
0.289747953288
0.283768796766
0.257468610018
0.333611976348
0.265142354444
0.302213053378
0.260044175738
0.377876798534
0.293981101049
0.289973566524
0.319078060104
0.322993536315
0.339013194378
0.413764674804
0.373902783841
0.329347364642
0.381327060808
0.420715655178
0.252691218799
0.24272902261
0.289802978438
0.351640968796
0.237908069741
0.279901704501
0.384727778398
0.349366102652
0.294442481902
0.261350604024
0.330122799007
0.226546051594
0.267839387692
0.318073315342
0.243813169535
0.279495650166
0.420138090163
0.304122471863
0.380103852968
0.286084166685
0.312767425712
0.390656609041
0.27656173536
0.31028845359
0.223651132716
0.28659752315
0.29419948496
0.355521149893
0.33479115281
0.414430048374
0.36286724638
0.316851172571
0.29181167914
0.358392032048
0.256852247982
0.358540238565
0.258251843056
0.312823224085
0.240088440717
0.276611150591
0.352180704017
0.31345294559
0.280952854612
0.316898045993
0.265531572678
0.27901714845
0.304701822534
0.273251348351
0.297540963694
0.275442747157
0.393596799396
0.394287981747
0.241977028086
0.298113863299
0.236024561832
0.237901657855
0.310168452508
0.338788132015
0.383161141788
0.394873936596
0.301665326524
0.306044068459
0.325432167124
0.257796761233
0.334697224328
0.444615515691
0.317730397015
0.319187174817
0.316892525012
0.34142773779
0.323055833095
0.305749932017
0.366263511036
0.283240355978
0.327270514298
0.308283346389
0.214500658729
0.291712510306
0.248009568327
0.364009466634
0.310791633799
0.311196553618
0.394017118164
0.307985307586
0.259165422329
0.326597627288
0.293601704171
0.394357368927
0.254601715095
0.291769296206
0.286516740518
0.328139474383
0.335158085742
0.381953570614
0.448639405471
0.337948412541
0.250735323516
0.182416226784
0.379415159118
0.296449770343
0.299983868159
0.263015942106
0.28287639324
0.381455378694
0.179261994422
0.270937791461
0.320522303885
0.290137327136
0.313274037334
0.349735466152
0.369720329596
0.364118063393
0.326207861135
0.463928722966
0.333259936304
0.301937316095
0.310477105072
0.299414713022
0.328274057003
0.333914427936
0.334022693252
0.370390577566
0.285972994958
0.333459712462
0.344138034091
0.247156818323
0.34048207398
0.286197162444
0.289753988319
0.321991265903
0.240023953167
0.208034475048
0.315452868066
0.266200789645
0.292733231322
0.244045821772
0.389804115978
0.283631808153
0.350649174191
0.286597683326
0.427554395328
0.337493054502
0.268827213923
0.329865771374
0.241909668697
0.265841868716
0.219097221762
0.350340067482
0.260253712567
0.229196855598
0.270764098953
0.289607887605
0.256519511034
0.299956101932
0.27182643268
0.249787210502
0.329219482934
0.296610785899
0.387162265312
0.268521330754
0.317649057384
0.371731488893
0.237353976326
0.370529279169
0.436864504851
0.258832690211
0.269267417468
0.315301013702
0.375908904157
0.308009959619
0.350301027811
0.378428589134
0.261230281075
0.392222732439
0.286607131637
0.304991346038
0.288031533322
0.259591003091
0.409464489602
0.327190261396
0.381869082955
0.344182424353
0.311384789374
0.333009064964
0.27619535057
0.28051866441
0.294333772384
0.264602872608
0.218023647176
0.26714724203
0.245990122095
0.281739310547
0.265262592545
0.328765057482
0.373467498939
0.332888632809
0.37757207057
0.334448908766
0.316248043497
0.329380745919
0.408587356869
0.289346114655
0.320728322542
0.280210822768
0.274642399938
0.366558821232
0.332850583709
0.318614046187
0.341825886426
0.338787714767
0.273614177383
0.321843887296
0.306160343475
0.372503232758
0.332622230261
0.301815958987
0.412527325775
0.301683519174
0.43239514869
0.316646871296
0.395707952732
0.29075972758
0.389144538775
0.202076536909
0.270605671
0.441340292781
0.429364878361
0.306862201261
0.320233425847
0.398410290471
0.374734845242
0.300097967253
0.312964412896
0.335471156626
0.221689070831
0.379467338484
0.294541505079
0.30975211527
0.293246696049
0.256175841553
0.298572456286
0.378526499082
0.338713399391
0.232323265536
0.243449310835
0.306159185955
0.322451716141
0.313079740152
0.325057481582
0.260671649133
0.228404581011
0.266274455391
0.270679588235
0.319829568702
0.34090871276
0.258665675209
0.30663182568
0.323129462052
0.389808241776
0.399613315633
0.382420892644
0.355353545452
0.264154886805
0.361934151121
0.437021554177
0.331821262834
0.328694448874
0.319236974876
0.315115149356
0.309221867108
0.473556266326
0.342576499212
0.290171556847
0.294301279355
0.301158267408
0.248675268413
0.308791370609
0.424561658071
0.380555676134
0.270219318273
0.255119184774
0.402233912525
0.476982004453
0.351657821193
0.260747372334
0.27347209753
0.336134257046
0.393142338581
0.310091994338
0.27006451311
0.278521563001
0.4408465036
0.306883697653
0.401367327809
0.297944467878
0.213826678227
0.394128960739
0.34683226758
0.327678868038
0.269573761251
0.239755619068
0.294498791114
0.160614602582
0.309722116457
0.291485746648
0.353577773898
0.257343747213
0.260128180839
0.282155076313
0.282284330455
0.266817433794
0.27814536298
0.289067217585
0.257448980776
0.24831631192
0.504986700053
0.320348570054
0.379812231722
0.275456099845
0.387031523879
0.25079507192
0.262421687657
0.286279742605
0.239279546303
0.28374711167
0.240187930593
0.255556347072
0.261646416062
0.409452206851
0.264724241631
0.294638799019
0.278763134318
0.333719100764
0.172291177225
0.353744185735
0.314465665489
0.270583916799
0.262616807017
0.349614380198
0.284694609515
0.435819123258
0.324296426939
0.343696599176
0.352467625069
0.229999536166
0.304502977975
0.393476964786
0.452989731228
0.265347101457
0.34494128099
0.367967762582
0.378742418336
0.312435008884
0.32563713339
0.26536106157
0.314818442898
0.434482022919
0.324977534626
0.292036523378
0.343284122542
0.378785361041
0.399235325169
0.404243490668
0.277932278179
0.273110415014
0.423764449409
0.301568859407
0.353352492589
0.239305325194
0.371541366261
0.370300313956
0.32307280587
0.332436971332
0.419408952892
0.323317967836
0.285380694509
0.362442202458
0.36555800425
0.384227582217
0.373233568667
0.465008900736
0.324989994538
0.304847153279
0.246990824049
0.216703976504
0.247882381733
0.256058486808
0.310789676532
0.233246901514
0.259948726251
0.305945742896
0.328989622088
0.233076856286
0.391159634195
0.287815438224
0.312192035561
0.296818487614
0.319353829464
0.351134450738
0.350226006034
0.370922529788
0.200422177049
0.378704688743
0.265852007252
0.325210266211
0.270967884012
0.267386533138
0.193543965155
0.268066872451
0.314964916783
0.353619899768
0.381750830927
0.272788989322
0.320735124239
0.310779246177
0.357695335281
0.263254668079
0.220924740985
0.246773763398
0.236566794244
0.289037702258
0.400124594249
0.269743434519
0.373962726367
0.191122155849
0.479923344952
0.334054785023
0.26836072989
0.308724140446
0.38024391515
0.282495319654
0.239431084651
0.342716560822
0.277846750612
0.373992111037
0.225424899663
0.260043575395
0.271009141804
0.240793125318
0.288788218003
0.403182167707
0.335556605246
0.241343166709
0.31040007887
0.302803294178
0.276587161138
0.308051847231
0.35356547718
0.250229995847
0.306636955154
0.431099792855
0.256248504682
0.262898947716
0.314575507766
0.227397119832
0.326072354612
0.269220338727
0.363178143706
0.320515407871
0.340036276188
0.289320680036
0.335521717527
0.304815893505
0.332751500058
0.421745985947
0.253460652518
0.2715792818
0.305291971773
0.371964102479
0.38144108626
0.443283561028
0.375012844039
0.306129718945
0.258765684739
0.340998630576
0.278500760849
0.320249691749
0.365787536911
0.358339129917
0.395595858721
0.406877220637
0.307539774689
0.444071766781
0.353563437432
0.290450388336
0.279656273192
0.330475338499
0.354519528195
0.20505418769
0.324572003366
0.387411689346
0.365054533003
0.334105569127
0.259326636534
0.295438114028
0.332840475196
0.35722056405
0.308056025872
0.407659045207
0.269662259802
0.249843703814
0.353202542748
0.332220465142
0.317680654318
0.360143063214
0.384708348276
0.312691907326
0.367992981115
0.3203128465
0.318587679899
0.392113348946
0.317752735826
0.23776431207
0.294388800301
0.342693940524
0.385288108495
0.287605993486
0.281143639829
0.341985330381
0.325792505957
0.2482589966
0.252180251165
0.311040603398
0.23225580407
0.429073671513
0.276467606688
0.313928733109
0.356998899131
0.332743453122
0.292509198336
0.358406400079
0.324201708775
0.372421591852
0.32938009752
0.285452274245
0.322261412562
0.332906001197
0.26075899373
0.295739776154
0.282412496971
0.326576283295
0.287010684089
0.281096020644
0.277666797184
0.379148303179
0.305885473039
0.332506445833
0.345373644004
0.258490713713
0.263878907913
0.363985028057
0.294387601251
0.272445453105
0.304453070016
0.235500437956
0.338124881915
0.318731349059
0.303315570574
0.344883400219
0.377175907426
0.219632316842
0.32495611583
0.25765469525
0.380272600099
0.273086396142
0.2791925474
0.284458800538
0.265304314654
0.226970632507
0.435816740004
0.204381864055
0.3563383097
0.33029462329
0.255441859155
0.300447841988
0.280667854872
0.365678979169
0.252973450196
0.306239034772
0.127996484689
0.276873795663
0.260341933849
0.374198762039
0.304756969928
0.246989732605
0.345357702478
0.264086753329
0.363663250729
0.393418005376
0.263211437441
0.200600758227
0.222778578791
0.242495854384
0.398190395576
0.275514771758
0.427748094983
0.285391843899
0.328274782169
0.232984579624
0.316390940863
0.267751367313
0.265415113981
0.293141765221
0.365646656201
0.290116441397
0.225304392308
0.272560737194
0.458343871837
0.435809201925
0.430731872909
0.255003665709
0.276908537707
0.273066913064
0.424844731995
0.309206727643
0.383259339477
0.294294936526
0.188984376965
0.375104833385
0.306577855855
0.273144697405
0.300750108083
0.237801040527
0.345252608496
0.277424810496
0.38474893146
0.580240719704
0.27352972928
0.281389527778
0.237484555078
0.301577591097
0.393290887364
0.307261973351
0.241359062786
0.315285911184
0.25045580231
0.281521165197
0.3372286653
0.329283258809
0.326004109183
0.332659329676
0.433355430977
0.297110736179
0.220626721947
0.307547931835
0.307489589275
0.258398593014
0.195908863285
0.181258096873
0.2764529131
0.315159800399
0.321183191641
0.440687968123
0.269325397067
0.219310695857
0.39228623914
0.288899005483
0.247992477908
0.235412738612
0.335087339739
0.306155787743
0.373705376819
0.298338226767
0.280325745546
0.301866252453
0.319332340481
0.363257644635
0.320120210201
0.250323390195
0.443341627336
0.357479688378
0.262713083025
0.299012441642
0.304711123938
0.199917962403
0.2551787861
0.298043461861
0.269029929877
0.215359040037
0.329009993743
0.282849754897
0.307264436117
0.243979787219
0.314885615118
0.277358824482
0.294008341535
0.289109935857
0.32273979627
0.265488973024
0.326223213583
0.469512352273
0.318531856312
0.326885651743
0.336232055199
0.301856801462
0.316022586427
0.29769179723
0.304912218023
0.280256635927
0.346976189535
0.322679196102
0.351005503122
0.393124166549
0.248869681528
0.342425948379
0.42509782583
0.372622085194
0.289374833594
0.300367478063
0.295460288291
0.294640426651
0.302258478634
0.280888030027
0.334363123518
0.317399313972
0.307029293426
0.263229288834
0.353108160554
0.377719364837
0.2786417623
0.319333279853
0.342654037026
0.292654208052
0.316462686412
0.214087749165
0.274257952812
0.302733831368
0.334626858987
0.323240169205
0.27473247758
0.285669730208
0.295434513996
0.291126274864
0.226650585716
0.318283239079
0.339436906561
0.293520369809
0.232259301499
0.204624317794
0.310344135479
0.263452298658
0.301167030646
0.362990047167
0.244745124869
0.38459145289
0.381982629648
0.33895762487
0.344884365329
0.340474421361
0.353633189352
0.348993093493
0.325379006372
0.229838356294
0.27347404207
0.302207001986
0.321177072614
0.215350003337
0.264605816056
0.26771629323
0.36240093547
0.3225394912
0.258201009177
0.334095313352
0.208511014996
0.381793488705
0.288479055662
0.342007015364
0.324642257325
0.333953826988
0.349539100557
0.201209780663
0.311138979102
0.403100225327
0.427833059905
0.24813117315
0.361861696528
0.207749045017
0.430115003186
0.378844522081
0.350911504021
0.333308080516
0.274802410099
0.386896401004
0.425227539335
0.378555942285
0.368724885053
0.462504928343
0.385055203347
0.285843001156
0.312077012889
0.354020603066
0.417673295591
0.552892357843
0.331211607849
0.313254840542
0.186670317829
0.294393441114
0.34426880935
0.341663592894
0.262124756142
0.434990154589
0.388295432044
0.463860705286
0.226156993167
0.535985282638
0.42017230447
0.28603479718
0.259342216424
0.318206771122
0.259408471802
0.349888628398
0.29866347465
0.30132288454
0.304514402485
0.395701235794
0.310477793776
0.456304038295
0.321724014696
0.439111627876
0.369809642954
0.350380141379
0.413818389573
0.244658760194
0.36090022182
0.32775907435
0.260064310857
0.338318885722
0.371766557205
0.362281479136
0.284391003254
0.407879667419
0.298789529801
0.274858194875
0.470230936997
0.331550080608
0.386385224071
0.301968140944
0.448459549951
0.474676922981
0.256216071169
0.359535872021
0.355293410059
0.335866416444
0.323692976965
0.370244964591
0.378346057665
0.39293843254
0.410951653691
0.268483347054
0.293471038609
0.334868593715
0.260817443799
0.459141071055
0.457327396301
0.228594325266
0.460053246328
0.374646192993
0.407126638467
0.332039673432
0.280397252616
0.287165747416
0.267590247618
0.316083815411
0.325779870024
0.33156771418
0.264951239104
0.276993625757
0.296357261274
0.307597639366
0.443234344269
0.354857738984
0.510796060699
0.513934553572
0.486016691177
0.355268814726
0.447119969058
0.359080653221
0.291835128443
0.260949699861
0.337851389607
0.358675851737
0.330244424095
0.363738149983
0.335412590525
0.263337636918
0.394408727871
0.361244768495
0.263836205408
0.246766383599
0.555318116119
0.278029322514
0.31628136848
0.359419014623
0.261971217558
0.389830303643
0.304118050793
0.299738431753
0.245078541024
0.596341525821
0.359413781365
0.271188270387
0.284001478063
0.358938202283
0.321248994597
0.301934644236
0.428011046827
0.309295603686
0.361740129657
0.366774289674
0.393815561917
0.234187005034
0.485817073119
0.392557212055
0.208468436145
0.337538715418
0.400165703062
0.411620087415
0.408062773588
0.282318363495
0.243268788621
0.152419686302
0.409514476435
0.377210593962
0.258612829072
0.378977000595
0.336237994553
0.308102891629
0.372273464694
0.351180307412
0.525750267113
0.28821626062
0.337198095021
0.364185988056
0.566774905815
0.311614229453
0.337846469502
0.41566940717
0.434333290368
0.351450176293
0.286666705104
0.336260096154
0.17757708716
0.378950928081
0.56509009541
0.36998780944
0.277623061777
0.341637491298
0.22852314111
0.406566159831
0.41006173812
0.418589926278
0.545400014741
0.4089859939
0.372564788431
0.31801363395
0.477045316972
0.22912593212
0.322529574513
0.364404205374
0.390495091459
0.304045986949
0.328874599869
0.301871422845
0.320355238105
0.417535614065
0.297794893463
0.334859216184
0.212420515751
0.338541923682
0.31964929516
0.398554114679
0.249314990015
0.375032991585
0.272830273279
0.345414989415
0.30939621235
0.272235780809
0.298222401442
0.390999145719
0.387136480605
0.415399245709
0.51577059577
0.218545693297
0.369456802732
0.411458628921
0.270707694351
0.342607018682
0.212391834725
0.28203374959
0.385795691971
0.435068448073
0.255575381767
0.212045122631
0.341515194707
0.185000553932
0.409126013644
0.257045018093
0.326809746444
0.215413961347
0.34421275139
0.175163482911
0.342398506924
0.292257352902
0.336268191974
0.282587798404
0.313417327391
0.297175161085
0.245453861841
0.271484173271
0.368800570514
0.323454858904
0.337899104064
0.342277567711
0.27380263713
0.350086689265
0.325240556698
0.270311453503
0.246437057588
0.267452960368
0.345938737143
0.385017390629
0.299559287143
0.290211943603
0.256451225638
0.301209092706
0.359183754359
0.231259763025
0.310857607286
0.259765705969
0.330482544404
0.403611339232
0.28440038239
0.26045109453
0.341226875474
0.33973660352
0.255208951686
0.214820180565
0.241178224554
0.326943218112
0.274230881706
0.392633130712
0.274520844952
0.318314467681
0.296902651017
0.368258223794
0.300522571956
0.329619977137
0.223645274371
0.302410625448
0.234898948752
0.262155709103
0.247308686723
0.207781992279
0.266014223587
0.291723372547
0.266557665856
0.286316897175
0.393237991328
0.229653015872
0.21449630922
0.257134010749
0.244040389314
0.386508049664
0.334684989185
0.205301736766
0.336622763494
0.404254465105
0.281767356608
0.383484996865
0.437192541785
0.437452036999
0.279831613822
0.22188536237
0.249325304719
0.316197433325
0.311862466543
0.267845879441
0.258509060184
0.240438312054
0.332541924667
0.270037223459
0.222309275179
0.243686101297
0.339713409833
0.376896921702
0.342838593436
0.401929277301
0.279975427113
0.275851621542
0.256476835564
0.221527794119
0.455246067703
0.343898942019
0.39664851016
0.271100598181
0.26863502421
0.248413644385
0.238421251924
0.488036502024
0.285173785486
0.363900753164
0.309515346978
0.32425273896
0.220116536545
0.218638168091
0.343363690937
0.282040530327
0.401541381651
0.293598922055
0.310258100834
0.274986244557
0.258935094461
0.392798407851
0.303735799649
0.368711397065
0.340227401081
0.399821547816
0.200633125666
0.421287808337
0.387702375206
0.309722148212
0.299145437015
0.38209768512
0.301330494311
0.281438787087
0.355215990138
0.393236763462
0.333767593051
0.315078732146
0.321420656986
0.320584451529
0.450778030289
0.2921772748
0.422792359142
0.303917070696
0.238940864761
0.366631442973
0.251044006369
0.250722477511
0.302349198211
0.326247002756
0.255492084407
0.353839055481
0.270453334305
0.316697191149
0.325391796028
0.387116329043
0.392658351385
0.306531485463
0.387632102381
0.332622896522
0.290168611774
0.293398214072
0.207822572256
0.23514292887
0.225581827055
0.344583649172
0.300163969668
0.271364286676
0.249755662004
0.331631802379
0.206137977229
0.307702856236
0.302459860141
0.337507153038
0.272894588925
0.240401406723
0.353943372965
0.400007847299
0.296358369441
0.255100201376
0.351325846484
0.443854585023
0.307877879346
0.327402717416
0.256821435173
0.327874829034
0.375981678536
0.322557880895
0.284878579735
0.360096132417
0.270560470355
0.340446772882
0.312414808782
0.357078397929
0.300219887728
0.308225018556
0.378857951485
0.401949858015
0.263681750645
0.310626442425
0.344482550151
0.237093083497
0.326324382715
0.263218045563
0.333016279872
0.228412102232
0.33502756308
0.267606035228
0.30860699235
0.328045117263
0.328155571875
0.29997222941
0.317303788095
0.247779545831
0.292523031525
0.307558652025
0.342221074623
0.322167445742
0.238865117442
0.34580508033
0.30855630186
0.366922704654
0.360714900977
0.287407225465
0.301075905435
0.310010359424
0.281556070779
0.309310261197
0.230640742858
0.319372203274
0.380292631316
0.29665721575
0.392299625873
0.447394183052
0.291616414413
0.34745044699
0.271883346561
0.294872440739
0.311392746531
0.352794362738
0.435425048602
0.289022776223
0.23675846461
0.344906214124
0.281810405753
0.310677282724
0.379948529127
0.317240718152
0.329707790878
0.332681985396
0.325591022556
0.235061067371
0.448579149506
0.240842900061
0.267308968689
0.325489848177
0.335819469745
0.356184931736
0.249538522615
0.245133255714
0.311380097804
0.256287216476
0.324610446795
0.311620949652
0.344944943064
0.32026195656
0.306284137771
0.199727021481
0.475037126837
0.254423270728
0.287116499508
0.316596071128
0.218404413942
0.215250472591
0.218094492327
0.276110918803
0.221902134253
0.338697217306
0.292096422698
0.325222183664
0.361487087877
0.192519359326
0.2608705497
0.316160460535
0.209216302275
0.235587877874
0.288807638473
0.245339274338
0.319733833927
0.213913252334
0.295043614339
0.293305943344
0.389089126892
0.250752106678
0.267435313564
0.267635933609
0.382898824234
0.276959007271
0.271202064113
0.287195542685
0.393527313912
0.310303573034
0.245508698485
0.333003747452
0.279374537199
0.302012822228
0.390560995516
0.286225199101
0.278031040656
0.327460494962
0.200542680538
0.329162712376
0.381840410383
0.354554248997
0.359334356209
0.38274227332
0.300916486182
0.262546564271
0.304563151806
0.264665595655
0.334441769981
0.231316699637
0.246393703527
0.206584211717
0.250126275343
0.346886599352
0.288823208875
0.320706629241
0.250630115632
0.390346204815
0.326588669077
0.252359066591
0.34797528411
0.258066359881
0.290741807328
0.352259065568
0.369027829109
0.26846956685
0.238498048755
0.304879968175
0.312645133731
0.272754283066
0.23576607122
0.349126652395
0.403635838018
0.250660031316
0.31332273021
0.32075587815
0.291538839576
0.22610971878
0.30659624273
0.417656292818
0.231342200444
0.281101921168
0.323095513903
0.319483300688
0.275326171224
0.365481903263
0.300335182317
0.218860671655
0.208256115179
0.382733617524
0.358819148694
0.249873015044
0.367620219475
0.289616999825
0.276359851362
0.327893294073
0.425320405416
0.421142711751
0.294098079823
0.300002448987
0.207872950921
0.236631212619
0.337485349504
0.291531107017
0.338548524386
0.297904223817
0.259786160205
0.22123628407
0.309497407159
0.388823819619
0.306868118996
0.336542748495
0.267647455182
0.340439181292
0.342409411863
0.314322763282
0.355141132464
0.282382869413
0.391198614603
0.312593660512
0.214935478539
0.271509881412
0.353614074775
0.219907651365
0.38267113096
0.328804232353
0.306219905316
0.237281234545
0.287484603347
0.297972873489
0.261009303417
0.303865118215
0.287956158665
0.288246599448
0.251171944163
0.354210015709
0.288399025803
0.23173405817
0.317763838548
0.34311512077
0.408838034963
0.273787814124
0.330447101524
0.304761707963
0.431505109989
0.293093740768
0.369883460358
0.237558619185
0.281090789544
0.283201812608
0.305311108776
0.262427296614
0.234701651456
0.27336873753
0.326835730808
0.31697627125
0.328546439043
0.266293147577
0.257384159964
0.234576962996
0.269293443149
0.280868957171
0.222317797026
0.32853969521
0.315549434469
0.297875287661
0.349852781326
0.290716370422
0.247212067357
0.336325831469
0.259329884755
0.32606284928
0.23752269853
0.315020141223
0.348936091645
0.293381078608
0.235951457815
0.324560972105
0.261530679546
0.312173677342
0.275291201244
0.313226223622
0.252125779129
0.320746295481
0.386098648548
0.429448263831
0.293130671978
0.285845595353
0.350433485316
0.30310490543
0.285965921723
0.317660304598
0.502689218511
0.359653557109
0.491254715772
0.438631336483
0.415678653897
0.361205934681
0.285134013298
0.377686131117
0.25970730537
0.276153642903
0.269571122345
0.296915474259
0.292768572547
0.335932472943
0.342799056289
0.336479514627
0.368881153786
0.267639455188
0.400109220351
0.321365011551
0.289533153867
0.214733529169
0.213323178349
0.315419909686
0.388119102172
0.473404117695
0.395657990722
0.282046850965
0.29969395306
0.279809389957
0.298639064861
0.281504890449
0.406907367035
0.41007387808
0.342335450613
0.514312260515
0.305029875848
0.303370185664
0.265270205249
0.317586778974
0.290810568354
0.282194172283
0.339352148849
0.418040192734
0.387314380067
0.415850604748
0.353417499611
0.262549525277
0.343510627178
0.252668410835
0.268759794868
0.32992268647
0.393539965966
0.3820470812
0.376936926314
0.388959891158
0.345751397551
0.42810554731
0.321370009844
0.251219623169
0.344788050842
0.352966941312
0.341628375761
0.260674832709
0.257286758627
0.337964645414
0.192619306473
0.351635340999
0.283733959266
0.223049266284
0.365785652309
0.280118114529
0.430356958224
0.318139467275
0.352305572066
0.298124165638
0.308341841763
0.258281551087
0.421971330618
0.274137286107
0.327027832635
0.357976314826
0.327102266417
0.268915242007
0.31043126481
0.331773877849
0.330913942665
0.268703217606
0.320527576268
0.226669289972
0.355271313516
0.44074347857
0.188818930436
0.377884790887
0.278464990914
0.224982136483
0.402600252679
0.393439999437
0.478609433569
0.307514252368
0.259609817639
0.242327796271
0.338357507048
0.37126293848
0.341308271721
0.464051578172
0.381117278361
0.383416584434
0.193681471171
0.235577523835
0.294273858976
0.362414353715
0.321901685243
0.306348213394
0.308871649488
0.288455899
0.280325094056
0.399759182757
0.349878660719
0.362251532454
0.348609241946
0.347630801573
0.30994458637
0.369980501024
0.290356500183
0.29359201966
0.410005140769
0.313122477391
0.35020553926
0.236247466264
0.288748670191
0.422363472759
0.168587114845
0.241054908419
0.369468822306
0.362391711698
0.363372645504
0.207550740419
0.366265456793
0.355526263803
0.34315034148
0.338332243176
0.267016426053
0.328092851269
0.304708744306
0.34741834081
0.256230105674
0.338683320297
0.169381699734
0.4766429883
0.441508871487
0.349740655712
0.34522293937
0.256465170655
0.260229686706
0.205704490156
0.191153492268
0.401006995248
0.303324341917
0.294252226198
0.366812331076
0.296609903197
0.363358251457
0.355111629433
0.297379367529
0.349209511525
0.293224961523
0.346064740023
0.386964913431
0.338675400626
0.344343737473
0.35549398677
0.340814643919
0.433412217501
0.401635166669
0.371256698032
0.348489991362
0.360193810981
0.311440216157
0.231482527562
0.381004946269
0.328889567491
0.278898841037
0.323514293698
0.381801977085
0.366019241742
0.283130652971
0.383087006146
0.269690775606
0.255460490891
0.45404113992
0.228547825073
0.319855942866
0.237771002716
0.24179212353
0.381497661015
0.443525127913
0.377612627652
0.390936923755
0.32886313983
0.29450878012
0.329156119143
0.460059675915
0.419764609053
0.348837391486
0.169590928426
0.392090450543
0.221765422531
0.194751009885
0.314009253647
0.333221310488
0.279381840733
0.345841530758
0.376726263425
0.347774986474
0.341946249013
0.328012086552
0.334216261883
0.316243445833
0.461998532545
0.307425762657
0.35499265886
0.302704478543
0.383293279859
0.306563646736
0.276995965267
0.238578274982
0.334420965348
0.341045206181
0.289860315107
0.365680067888
0.369814433664
0.46257705103
0.462998415778
0.352722638517
0.385031415904
0.400258259953
0.38052187914
0.314219014448
0.440547560417
0.297765402984
0.32731092348
0.37154441285
0.258030105245
0.318816252631
0.367823256208
0.373866808645
0.320114716076
0.225540482461
0.24517845321
0.24609896501
0.273733329607
0.444997135509
0.437112997531
0.368454543294
0.4541203203
0.288455517338
0.339020151698
0.407369798005
0.290141524185
0.27140680287
0.344295803367
0.378091297226
0.364004130672
0.328583481028
0.190328383736
0.376963089003
0.167932301551
0.28849224397
0.263159436671
0.341567695718
0.283462390207
0.377406639644
0.200891526514
0.276223012013
0.263481539563
0.389889440979
0.321795288949
0.339258798478
0.30641201936
0.315133602943
0.377444458656
0.262152904757
0.305295045219
0.473500219394
0.349371034141
0.321251096743
0.363005813139
0.334976556755
0.270324678895
0.371495850573
0.304643306469
0.321808073078
0.372361670318
0.307530827739
0.37620382305
0.333922594313
0.299783589084
0.210806296792
0.312304537945
0.325863628414
0.355667364571
0.313204568385
0.259182481538
0.270291507109
0.346163633135
0.276249068051
0.319073120688
0.368926046142
0.313689192658
0.368508134845
0.300624245697
0.376583680727
0.215641111749
0.235337380402
0.288866050608
0.275073454537
0.371671848858
0.336019033708
0.273441764269
0.342499113694
0.416072779701
0.316951430118
0.229842294878
0.351727455719
0.342423998432
0.206916617747
0.304935090618
0.242562204761
0.339482016373
0.344494155037
0.319522357142
0.302256877673
0.309416087349
0.265348251829
0.345113174606
0.293736106186
0.343721301627
0.288953329129
0.299524546085
0.28893458628
0.346332638999
0.258181704792
0.341013116466
0.374165064583
0.298378802062
0.367068606811
0.255847044829
0.283082169652
0.194321715025
0.414590441414
0.304290084187
0.212108710291
0.202401954411
0.357155058888
0.256594542727
0.334528656674
0.341831703698
0.441614495573
0.284492182138
0.345957084777
0.30615140515
0.317288571093
0.319836181513
0.346519599257
0.403522592369
0.310684240811
0.263876855544
0.406295689619
0.36972266914
0.263540006847
0.381343170318
0.345642424923
0.309886384468
0.311951134867
0.271410864526
0.292683222072
0.317942415457
0.302408932971
0.235744005007
0.321377847748
0.41952509905
0.409024866148
0.371728819665
0.34912375393
0.356356068254
0.297028285952
0.244308883411
0.333682908436
0.32534219928
0.32013098356
0.248985064301
0.338784981181
0.275684261974
0.343354854356
0.344643151769
0.297913560362
0.291300862501
0.33790013788
0.332948433735
0.289948213014
0.348232273379
0.296499668172
0.279927659627
0.269631667432
0.286839931106
0.295782933279
0.298075337428
0.311678719548
0.287988229016
0.311665106961
0.290152351868
0.335069088193
0.350870602352
0.264247150556
0.319328512086
0.308703836783
0.268861661734
0.362500705446
0.30250875964
0.351908520711
0.23300869357
0.302164390723
0.330987159329
0.412467715842
0.445357213722
0.253207713893
0.284193950877
0.33493024478
0.297437415046
0.305760365743
0.291990558791
0.336482661888
0.384113064587
0.321677243085
0.259593044288
0.239810502436
0.352732529942
0.318239726782
0.42588805129
0.236221263274
0.3636644468
0.248134169322
0.348678565714
0.24253127729
0.226854805899
0.234532904938
0.325447977753
0.310574583535
0.219850025008
0.38618038369
0.332127485407
0.277478068129
0.231564322813
0.362750226017
0.332913145186
0.282655229075
0.268002006174
0.264946736057
0.298720173985
0.333802200211
0.164088966927
0.352151305981
0.343948730365
0.421931801413
0.271677927595
0.233991767858
0.285631030828
0.444618934193
0.350572969918
0.265339389158
0.36880297277
0.340196228769
0.339541566197
0.29399534789
0.298432486766
0.274517196097
0.362301698538
0.385293243676
0.264151927524
0.331734086835
0.263072916233
0.328432904805
0.244611731555
0.254719381973
0.241528290932
0.294394742746
0.366449072736
0.244970653603
0.357582337185
0.304347443622
0.38795229965
0.311167920806
0.281769084529
0.338400712123
0.254414455016
0.204054315153
0.28891456822
0.297020227392
0.328772531883
0.315833815012
0.308631188911
0.254225263112
0.33209625826
0.346369500301
0.294721625067
0.274097700131
0.167532411128
0.348051075304
0.298333202991
0.321091883457
0.187953015231
0.365021949851
0.190147495488
0.305325454273
0.366120070821
0.325745641705
0.307966352549
0.371047368765
0.31193802518
0.333601985619
0.346597356793
0.299896247417
0.294868316021
0.277735525951
0.461708265345
0.446108341123
0.349253370478
0.299589564891
0.34194315377
0.268605406723
0.347308033422
0.372154454113
0.352817701255
0.458797228761
0.323590686121
0.254557909368
0.276398596745
0.303220389705
0.393479387742
0.289684854473
0.305116494205
0.288900478552
0.302487082267
0.184122391155
0.29686387231
0.352886831774
0.29471990545
0.272280910315
0.312105961847
0.396310755313
0.319717807021
0.288301661086
0.374962015946
0.297341162063
0.355017840782
0.308895865811
0.234718208689
0.349312760415
0.338816111228
0.253602804833
0.284284100712
0.282698614548
0.280678257026
0.31126660414
0.336484403723
0.398600235094
0.258626905791
0.332054373209
0.324290835744
0.298848134735
0.362070009934
0.256224923438
0.363167345392
0.294872539913
0.261524294048
0.372569892925
0.293555656906
0.33554809219
0.31390255005
0.292826825425
0.357843746179
0.292870938401
0.359313127779
0.343003905324
0.334939936926
0.344333651489
0.338953248074
0.311247431397
0.265972358389
0.446103135769
0.271821782096
0.344716174194
0.328497616489
0.367707257637
0.292737788851
0.361869445602
0.376262937388
0.335895860302
0.31935743496
0.224923252613
0.262353735327
0.32829317414
0.339943309635
0.278589303625
0.284156416162
0.313457579057
0.345298293238
0.360291836189
0.314182101077
0.246166030434
0.38553340756
0.3606059611
0.280611711983
0.29861121448
0.374637188909
0.336399885668
0.32953958012
0.263167071352
0.254860412173
0.330309504086
0.332968926166
0.327869736924
0.329356057973
0.292176079221
0.216732752134
0.303323022704
0.275229742915
0.364053233809
0.290627859159
0.330370520763
0.31567109827
0.149091524726
0.338392945833
0.279917812143
0.332211035016
0.267525208939
0.30902501444
0.252848720517
0.338683206731
0.318045064533
0.235198849652
0.307340273173
0.254884337856
0.437713750272
0.308233204441
0.39333333591
0.241712663485
0.291365886525
0.328345158779
0.389354859967
0.327880560929
0.316321620728
0.356606027746
0.36206398078
0.385895616588
0.316987015154
0.391006654623
0.32480340767
0.428335016734
0.292144068639
0.321802892922
0.235441988219
0.353892653473
0.279251730277
0.381907734826
0.332482414755
0.371244175322
0.193033311651
0.36159652532
0.331238000414
0.296817295546
0.291851902271
0.27709521014
0.307377578898
0.288092679486
0.378204542339
0.302423853805
0.354338759845
0.382398943556
0.297842959863
0.327632087409
0.3208263114
0.360504458039
0.416452679306
0.322024622391
0.348444084443
0.272531317761
0.336710543867
0.373594498688
0.390639594732
0.337780371722
0.288394274523
0.207620524915
0.19334907583
0.339078703333
0.272906499798
0.27670425328
0.304681907198
0.293594843239
0.218589328768
0.229111395414
0.352006851976
0.345529280826
0.363674463443
0.315597944797
0.356304722931
0.271776073322
0.270023797124
0.416720943707
0.371291252711
0.247864567889
0.253502896895
0.38272259914
0.251474342509
0.221689895612
0.346277948394
0.333369624754
0.232873261825
0.237544661158
0.38439359119
0.330496657917
0.363751138252
0.274686127976
0.372633920719
0.296843860367
0.330447856088
0.344071397724
0.356098612169
0.239531232319
0.333837200208
0.262804797139
0.365866556774
0.321871859695
0.439534207126
0.439656300077
0.351038189974
0.294866023329
0.282671121353
0.350591263479
0.244018359392
0.315544506193
0.320567867015
0.334513042551
0.226379024995
0.242908553513
0.246673159318
0.348343900326
0.406450288604
0.348075334691
0.212245904645
0.404656185156
0.235149893623
0.273960699867
0.335438190621
0.270265583843
0.28974762566
0.400318956869
0.274487508679
0.257547518719
0.284307198407
0.304060757436
0.436890598125
0.290904506507
0.402723174715
0.29355287066
0.203001120712
0.306145506822
0.338213645183
0.260325491947
0.331239666813
0.311380598519
0.450367675972
0.279611051701
0.230997820159
0.203776845733
0.232879806598
0.2379193357
0.302611969785
0.277785995353
0.314170224892
0.427376604239
0.272358695068
0.228978973583
0.350821121133
0.280543303708
0.268802426823
0.406519520541
0.364553604683
0.377330671954
0.316426584868
0.425247537423
0.436282851527
0.323157194922
0.28736849673
0.260722116963
0.290455915225
0.3678637512
0.24948689203
0.331729667447
0.277106095749
0.346762771016
0.298407268097
0.370188668063
0.308214603758
0.28921230279
0.385506375996
0.35268090049
0.307207478332
0.286737515356
0.312730373506
0.258995669872
0.336113232289
0.370702595788
0.420485586424
0.383536790405
0.337398196273
0.248799215361
0.35641750684
0.34453583806
0.252417839936
0.369135899429
0.343043183217
0.359819190406
0.380433149405
0.301213639796
0.221295344996
0.307897304174
0.320145891235
0.406169074457
0.315800947432
0.419080736851
0.281277534256
0.249326840684
0.302794154915
0.279027891596
0.284248202625
0.347833806602
0.3370182536
0.399932429038
0.342559057342
0.29605779072
0.323808350528
0.193920656477
0.363213724752
0.378799896044
0.340140951359
0.345095840051
0.343237849999
0.337025720249
0.265963330828
0.338897646234
0.320343668682
0.346971139959
0.390687200841
0.273627517126
0.361419572304
0.339138428079
0.316878731491
0.315234213806
0.319569702346
0.316994207891
0.187252894143
0.255451755583
0.379332965302
0.265208945524
0.390393013087
0.334161391803
0.321631966195
0.378165509892
0.36444002146
0.318152235983
0.379246290386
0.379844052841
0.334929090534
0.292938546751
0.390916159663
0.384403233891
0.408445830223
0.297975244195
0.297224648555
0.318015604384
0.30746822789
0.285108687434
0.264204675047
0.29157648842
0.327486873977
0.33847130148
0.335668175691
0.305925778946
0.273097305423
0.236127884383
0.334314409361
0.302724128434
0.253657207164
0.26210353092
0.296400529311
0.393465988366
0.355363907344
0.289283853485
0.277990267489
0.345802344109
0.304122768626
0.419801273399
0.239665069803
0.343405155768
0.364485999259
0.307219478124
0.321618166182
0.260325550862
0.329779788355
0.377547490424
0.346332546956
0.334159734829
0.355216654623
0.390168223334
0.229492820344
0.393456819918
0.271400131948
0.322436085151
0.311616590757
0.344801784109
0.285205734561
0.35120733008
0.278861982002
0.347458748042
0.21386723512
0.303515606361
0.308356717386
0.309909804786
0.3747125173
0.21529501068
0.330107475592
0.246585201294
0.251904893417
0.327425028321
0.392463636841
0.23305752217
0.274817416986
0.236697136981
0.32123851343
0.370734945726
0.25670274012
0.391854322684
0.303483601984
0.331108376791
0.349619340646
0.435537660449
0.325263986542
0.311172492438
0.340958525221
0.158871819352
0.233418629924
0.264400577554
0.357184519803
0.327886932823
0.322282933191
0.420087690226
0.319556064588
0.414678771877
0.336711473819
0.306295355992
0.239925476753
0.257002654974
0.369008678695
0.238936232655
0.287311932124
0.37987031238
0.268293135471
0.259328844047
0.402689084181
0.338805083985
0.309694393574
0.290126427425
0.261043362972
0.30750623652
0.354593430666
0.406134246362
0.323865310251
0.321251169674
0.282256220467
0.267281643985
0.337539786563
0.304280584927
0.35471017317
0.275334264652
0.300759773483
0.368351979378
0.313534994289
0.415905251148
0.460530109066
0.383896776261
0.314284896986
0.298991243435
0.314524693539
0.295816829091
0.387877764257
0.382149435237
0.266234710711
0.270044336987
0.362592884972
0.354531201669
0.389845830895
0.322686845943
0.294027431175
0.304307740081
0.35320219074
0.376482111527
0.288791646494
0.368905133368
0.220153395945
0.26844982806
0.341220601927
0.303187838932
0.274767040439
0.270774993282
0.284896056238
0.273012234855
0.238014440249
0.309816911768
0.26935915092
0.268019268737
0.318232059866
0.322185469653
0.206243458013
0.341120800817
0.275366732476
0.294573592947
0.330389266392
0.386721602038
0.309855664215
0.25424579492
0.299875624233
0.288168638899
0.217087204249
0.246417665555
0.315771779168
0.378829298323
0.319270603961
0.3356734725
0.290877993615
0.282850617212
0.343105673171
0.280100950124
0.42752658738
0.402450101128
0.295662984754
0.30134451428
0.317088210486
0.322550989098
0.299621578235
0.209333403692
0.238930081742
0.300519073778
0.27471110605
0.332601239216
0.375230733695
0.289043842561
0.339135950997
0.297062303286
0.472429724103
0.358468454152
0.351572672918
0.305705802425
0.265574214216
0.296708300916
0.295338394226
0.287685113876
0.381078807415
0.276614358523
0.258791332892
0.297402917583
0.338744251591
0.291288723502
0.29907376746
0.362727068666
0.217620497784
0.255348496275
0.295571295618
0.227879577526
0.273520722082
0.354243325682
0.367818703067
0.275386131693
0.268711836217
0.312203295291
0.278570103974
0.353804249598
0.317970539064
0.336886053255
0.366339921207
0.304636431355
0.368911405469
0.355400856311
0.207980869792
0.314421690277
0.324496075487
0.259340797098
0.30997135149
0.278476690515
0.277760353664
0.248033709232
0.24228591352
0.191923952458
0.268337408584
0.332353062191
0.262535427589
0.249593770842
0.294169258118
0.347018546216
0.281289699739
0.235129664779
0.498278966461
0.337342721526
0.348610766251
0.185528528131
0.29496517324
0.271539313488
0.285128197785
0.27893505985
0.317589724192
0.377202957988
0.2793108885
0.328648396222
0.309037748245
0.437312304997
0.342778940137
0.383570434306
0.333536956526
0.39253648556
0.241657380125
0.387049014458
0.192086295007
0.23625636883
0.319150333897
0.336541631562
0.340177750728
0.28368254303
0.307272277924
0.271415032423
0.26317566331
0.336210511978
0.392378670573
0.358472053696
0.36774379868
0.283756035577
0.359179480468
0.31174400247
0.200931074845
0.351085046786
0.315487199262
0.430056584163
0.192705370228
0.245159116081
0.303916812875
0.367965263889
0.371610105861
0.325284614871
0.327817198799
0.28415445637
0.24283903784
0.21702442696
0.369275040136
0.301579480358
0.281964937242
0.400917963814
0.291476021635
0.24024942016
0.355624270501
0.281247129903
0.267638055895
0.393557616919
0.230038688735
0.278684931857
0.293393493687
0.333158378436
0.307657395334
0.324255847765
0.285183581697
0.350477404659
0.28845656767
0.319994479003
0.299036038952
0.384595737274
0.30999053516
0.370063389535
0.292711667455
0.311201372053
0.288863041291
0.276126852058
0.412389385975
0.38719746717
0.317701979009
0.284970909628
0.316136401407
0.397683567176
0.428333292379
0.3141190768
0.236628093943
0.295026640636
0.353327499254
0.353076608014
0.250993105092
0.403594517436
0.281215147911
0.38844003137
0.321079747466
0.357880193907
0.317730946451
0.332103446239
0.454798924894
0.370770368959
0.414248632229
0.193128915019
0.300681367536
0.34162282457
0.271249054566
0.359730146259
0.213873856192
0.312206493476
0.377183649619
0.376422016371
0.243235861124
0.400395412596
0.351809161616
0.271604406494
0.333857839868
0.303427085574
0.324627412974
0.328886795044
0.293719753013
0.297728492828
0.31879799747
0.264009878779
0.328302884511
0.241731510327
0.310538999609
0.31494211725
0.38729471561
0.2012013374
0.354390404966
0.327138755902
0.32710495918
0.288231341056
0.309799576884
0.358048868623
0.344637231438
0.248788044992
0.314532688737
0.262397206567
0.208226944738
0.414840732793
0.22987407528
0.352041290846
0.294987540015
0.285824412921
0.336321073566
0.200495301157
0.333468013265
0.241949062638
0.301269534596
0.302876870627
0.294007801334
0.286051918951
0.347856781123
0.266410952914
0.234842356934
0.325635210637
0.378321763757
0.325505791156
0.261790176279
0.418213668298
0.327258791767
0.332302427475
0.229517465659
0.387757645389
0.415440098283
0.376159632018
0.247310193133
0.285299733485
0.330935041925
0.383094743713
0.344719767983
0.286093958614
0.372125125756
0.233257643119
0.291767744354
0.27618240272
0.347580052988
0.411274508638
0.337218270324
0.2635312571
0.36748147848
0.377087356251
0.343021721037
0.39029645281
0.229858910179
0.193016219678
0.198752484855
0.301749554393
0.284651226418
0.277568606587
0.254558884009
0.288678085077
0.231621482563
0.337207133449
0.242710134324
0.304513166033
0.33588100731
0.324174622526
0.242832522222
0.36309198732
0.337535688857
0.284676442185
0.316861918034
0.272524758026
0.236095963526
0.383775228293
0.308271343761
0.42433951616
0.322629859246
0.327499734877
0.191003327541
0.428660556692
0.210914196985
0.373455690495
0.303660016233
0.398472975957
0.403577696585
0.26412341146
0.281137524108
0.317797920852
0.253609328585
0.261366220444
0.392027997147
0.353865220462
0.213982055927
0.409483158345
0.301942155457
0.309286869704
0.441613369519
0.287750688248
0.286414902838
0.305578128725
0.27439441504
0.391209430608
0.316826081026
0.27475145111
0.257862377829
0.352818125647
0.351326817436
0.323556445647
0.328263422072
0.33096328786
0.241648658904
0.224624496467
0.282328308218
0.312796384421
0.2199880153
0.349253371625
0.518970982372
0.249105561886
0.249242822218
0.394938264085
0.235485886356
0.439843704302
0.237822162518
0.255525509707
0.223996017735
0.397201513649
0.369457315368
0.311363155656
0.351603657853
0.299247956209
0.258831962651
0.210216350112
0.444281790095
0.375940206856
0.198191622035
0.327983826141
0.380142010066
0.217315764576
0.31690003718
0.525771454344
0.348403087459
0.213826599533
0.296871884707
0.266416331611
0.375025063972
0.315535673129
0.284804182297
0.324697491449
0.332799063845
0.315986717474
0.380226673773
0.297467636657
0.279250961244
0.273848332608
0.32968758047
0.473120104412
0.211125536883
0.319408880735
0.258498991064
0.305114547822
0.281062548101
0.309235669872
0.377224646614
0.334896066262
0.318303277233
0.352731756252
0.268903052476
0.212676631293
0.237576676862
0.298662005329
0.376617821878
0.311271600283
0.351967370475
0.32128214776
0.262354410887
0.267843196763
0.370456225214
0.352591624245
0.321206829452
0.328401103286
0.287046892943
0.286518588983
0.348875273786
0.297865245256
0.239223584855
0.36460911274
0.293827675184
0.250626441108
0.343433315888
0.433717294075
0.357098360662
0.26720411918
0.249763233679
0.274621066051
0.377476387496
0.320739801351
0.263522410498
0.365260308836
0.341470228839
0.321057231802
0.438513023163
0.324624394182
0.267642433854
0.387340620384
0.360647976299
0.409997104244
0.338669201771
0.251568322599
0.353015503645
0.305697794406
0.226495013744
0.292821922113
0.320556465503
0.289028482844
0.28726006782
0.347070590748
0.384363866856
0.311268596488
0.353230604772
0.319125313802
0.367913806523
0.238740170123
0.279204994016
0.318677826111
0.262746006279
0.25530506264
0.346282440469
0.285821518705
0.301140960773
0.425071461116
0.389445765469
0.277940894405
0.315260456957
0.352310115836
0.292519509296
0.289802622158
0.362777156993
0.427436448443
0.391696415319
0.310207033026
0.393109572537
0.332800556082
0.409326966517
0.27694100609
0.364880493648
0.382381238827
0.196096064793
0.464454746157
0.304130638824
0.235135159743
0.301330812264
0.335826890228
0.350944650128
0.342093513174
0.342446464263
0.340020394507
0.314895067445
0.322281060812
0.212802885958
0.35103207939
0.279578611233
0.305927049736
0.322234903159
0.326329591909
0.397292986593
0.265669438392
0.273512525078
0.320682164201
0.425949297926
0.352111672122
0.207960673605
0.30092319898
0.310800652557
0.354418548115
0.29456856467
0.358039287921
0.298358303253
0.190049668478
0.382168927872
0.247085344728
0.238201752419
0.310899844354
0.221558733838
0.292731954622
0.30855636711
0.36884303141
0.258192176068
0.324096699399
0.365984791663
0.343876071133
0.261441815989
0.327680809851
0.276903540895
0.447031007795
0.388664077628
0.351115621833
0.35518299699
0.331107839965
0.213993831284
0.435276815253
0.348466966783
0.234377082499
0.271781682127
0.320399885486
0.46802442288
0.464283392778
0.389792723513
0.309582309768
0.470502481023
0.298812969513
0.238294762659
0.335485658178
0.344755175772
0.310095768721
0.318826052628
0.241681873887
0.385965412508
0.272591355527
0.379849253804
0.265045811105
0.318517383893
0.370672482841
0.364367372581
0.226514747498
0.322415832759
0.371430954402
0.380392564803
0.311837937274
0.268621677656
0.321438192464
0.278404841836
0.313163249711
0.325093017726
0.324907233311
0.386656604794
0.382641305628
0.349012101595
0.326080678242
0.279493878772
0.217556769474
0.341345317643
0.277537797147
0.292184472601
0.383812101638
0.323512537189
0.190433389068
0.279685766932
0.312312442519
0.397600094868
0.317573470223
0.282398720589
0.353432665606
0.245749563409
0.395176011163
0.405444824304
0.26701647229
0.273695887528
0.360703375473
0.354022609212
0.288941082768
0.259297341833
0.31965534
0.311546472772
0.233407795322
0.238089490094
0.292342002726
0.319372772433
0.339909381323
0.408050717591
0.329451616375
0.245320240441
0.419633181256
0.261102894734
0.320137483154
0.344715362015
0.253207328559
0.297173061429
0.313665415112
0.230900207233
0.268529486095
0.370344462842
0.336899299709
0.29078605537
0.28236751386
0.334367888837
0.381060126332
0.27022918267
0.292635271349
0.186715544334
0.275150139576
0.276782850844
0.338706684659
0.348596859887
0.27448121896
0.251149015713
0.28746668308
0.450583318177
0.211266209272
0.34367788849
0.273187618741
0.284283960737
0.343857094346
0.255381213938
0.343002438896
0.276738737839
0.368838484308
0.397414068383
0.255048221575
0.388653559804
0.219557472224
0.290290103941
0.383111606372
0.350172690447
0.436262744075
0.378434259503
0.270376189479
0.356291246412
0.229772328181
0.278819189576
0.396105009052
0.345758586684
0.301423948942
0.404227396429
0.270055500276
0.304386923335
0.315221646636
0.30071623691
0.285662952583
0.252286909018
0.325770023725
0.395462441842
0.298621619386
0.328381799313
0.326656966753
0.310013752708
0.284206982937
0.223338176966
0.31069307695
0.30488670863
0.311548975102
0.330681180691
0.299899002709
0.327865125696
0.228166091932
0.293709320626
0.219355046745
0.334896414903
0.388965273914
0.2615921981
0.267810967863
0.271883475417
0.426937217921
0.287450152855
0.322094342913
0.195952628424
0.40259454237
0.282602320562
0.215367269141
0.294798312653
0.315188883852
0.329172923836
0.438332785748
0.326652025325
0.277627552506
0.36582110828
0.285562364331
0.299678410662
0.2698498585
0.362496912156
0.358287779799
0.334334420723
0.442049136866
0.329280033879
0.36332418877
0.386566951461
0.242480618715
0.440994354041
0.455247139592
0.356145300432
0.357323529568
0.267750521917
0.365023029388
0.248477161471
0.341296260253
0.410024598099
0.348621608479
0.272356239695
0.378137465174
0.285981708059
0.355997304925
0.270439706387
0.359814739557
0.325586062955
0.218587101805
0.262588770258
0.225696322711
0.357092071811
0.301028543364
0.29129673328
0.242731250737
0.273150726537
0.353501722235
0.2369279259
0.219039179688
0.409244968949
0.213439955913
0.298838993461
0.212079644199
0.305161300247
0.334951741012
0.29876757667
0.252122245262
0.34343818697
0.319035844311
0.321575316637
0.385398617109
0.285190997153
0.260690676156
0.29512645157
0.323562105235
0.297388640591
0.320104783661
0.35129284155
0.435832050839
0.355164448258
0.366908197084
0.313687525664
0.293427276682
0.232812282498
0.312845336967
0.2165055646
0.356440898716
0.253272419219
0.30188470965
0.440593236029
0.351391042288
0.41952565166
0.252664397311
0.306187017539
0.328239977296
0.217855519392
0.394692848066
0.468245380453
0.37302044289
0.285414427551
0.336918793767
0.280172596559
0.260671412442
0.310794419981
0.30478836957
0.250266528335
0.314349667278
0.277190301518
0.33996617155
0.274067760184
0.296256884321
0.375818344496
0.229915380734
0.275785429426
0.255788825839
0.3156331643
0.211739430967
0.284349339857
0.297121276878
0.285140968432
0.181107765331
0.375338823722
0.368820682749
0.413949320849
0.296426161583
0.309530996577
0.255170033947
0.311332953784
0.34960971262
0.2444691808
0.384254567544
0.316381761178
0.211700914921
0.308064140905
0.369911390344
0.389004823535
0.310125478486
0.224067370172
0.382666974949
0.269928948938
0.264946484808
0.365600064849
0.371153120095
0.331919586616
0.299404440015
0.220439369111
0.234682526443
0.356430116884
0.40801642049
0.338627071835
0.312407540276
0.28722514988
0.309210120803
0.299714744081
0.347380840867
0.264239697379
0.316772432835
0.353753735137
0.303640428529
0.343661314388
0.289563161557
0.305371738958
0.368350241475
0.305441907466
0.354107807609
0.293994758547
0.238375460323
0.306178125535
0.331011093111
0.27053207821
0.334728350765
0.37104002589
0.392234058673
0.276700908618
0.396091136876
0.307543401618
0.277458948874
0.333150992434
0.419149411468
0.299360636171
0.2859614613
0.376467507373
0.331973997664
0.27843343257
0.311716114501
0.38494673559
0.300501858657
0.284304716662
0.354624637453
0.287697111728
0.321296031849
0.339047113108
0.382898348813
0.357445813229
0.260147548264
0.271681773808
0.355823903542
0.259105580574
0.299866938305
0.306722420471
0.232297483496
0.28179488788
0.301579228367
0.294066468639
0.311204493169
0.381248921367
0.273459124243
0.33628391217
0.326879278185
0.288131528592
0.387735069277
0.262357208021
0.293524945761
0.379772725561
0.303978712894
0.308282884407
0.340757058829
0.351667825401
0.249088802996
0.304352526399
0.361508200747
0.348471060598
0.170298948529
0.386802859109
0.355547776198
0.38196176657
0.353885059796
0.281125131679
0.214296702838
0.253319592515
0.415893867618
0.352633701284
0.413130529177
0.237842227813
0.286565661749
0.216838360091
0.337792720568
0.227488166818
0.335003197636
0.368660837087
0.3391352607
0.404202382516
0.354011564093
0.347413724981
0.326471290186
0.245158228152
0.274887278917
0.344518790142
0.265371501887
0.346262461755
0.279347592793
0.240640317456
0.292363672386
0.436607859758
0.338202988411
0.249819747287
0.369959812105
0.330543170363
0.256289413857
0.344207027688
0.280560193852
0.383801584563
0.317871234033
0.309687247021
0.305420041229
0.345242260499
0.240470528126
0.30867906828
0.239548322816
0.300385630363
0.304095110261
0.264776969416
0.305501793309
0.274937793094
0.355147464883
0.28992826437
0.407865902033
0.387926204443
0.346112975565
0.307041929352
0.349568717483
0.276767886353
0.265435926693
0.25371460343
0.400675290139
0.379107179623
0.274478090673
0.3520163969
0.290351988524
0.291489796874
0.376604222396
0.384883197957
0.354142037545
0.362410641888
0.309847679431
0.372504885787
0.448387201774
0.380363488927
0.376408175978
0.318923131566
0.279763322768
0.414587633047
0.281204815307
0.300851167003
0.279791209246
0.266468729006
0.32056376967
0.357172018715
0.302885896641
0.307145063121
0.348905242398
0.372563673188
0.35908870046
0.383382899742
0.326167173851
0.281865727232
0.290209147347
0.42281374792
0.290310424803
0.274128416876
0.42273966442
0.332454424642
0.262479981718
0.385604487385
0.292080976908
0.288442277129
0.333182737053
0.343195851135
0.350621331651
0.330826110777
0.429427536139
0.295919119699
0.256224783484
0.308936063631
0.324953414953
0.318226860772
0.319854248232
0.314799639465
0.454101130796
0.309933377741
0.226804361147
0.348196911664
0.304791469775
0.213073070512
0.293389321845
0.398313583582
0.274914688275
0.399860911714
0.272723877522
0.347897103226
0.267453865239
0.381455504537
0.340438908385
0.435353478202
0.468214845941
0.339706048799
0.306733696922
0.401058910668
0.195947519285
0.382982476201
0.304036077007
0.287081235038
0.258689460317
0.323458769796
0.253930788121
0.318059784972
0.262101379448
0.283339602526
0.341133837211
0.3835599176
0.294011826482
0.245966570426
0.410182384311
