0.484080607036
0.608057286465
0.707144963349
0.482197909233
0.503529042903
0.544303849138
0.560475001049
0.48419075628
0.409584382758
0.533140492882
0.619796562382
0.659395547625
0.597891667693
0.547755058014
0.533008812603
0.425835974317
0.562129372381
0.657609319561
0.388055819474
0.507781456371
0.537622657297
0.584137781318
0.615312840748
0.544350588104
0.756390509423
0.649532007538
0.625826708124
0.456286672843
0.777271589279
0.619457902018
0.689054999698
0.596654449038
0.547398234922
0.720397517031
0.630398996365
0.388110070546
0.459972090153
0.878958461037
0.654952978776
0.482321194059
0.646581913025
0.6250373337
0.657426850326
0.449677778026
0.593708614456
0.50276918109
0.517582635248
0.583881309042
0.583854525911
0.525290446576
0.766789832361
0.721576366248
0.753709688926
0.686238849824
0.666851831643
0.454798002624
0.453783448517
0.657780594359
0.585655675448
0.438624311941
0.857995194873
0.83376844865
0.468067322954
0.51067959144
0.658147829474
0.384345183645
0.350451528498
0.508892113096
0.518851007147
0.332968676594
0.369668095443
0.635854231765
0.641280511284
0.546312647866
0.813486263227
0.570507150224
0.429282170884
0.652378635964
0.383930692588
0.541252367207
0.651260887145
0.494758760788
0.667766800118
0.652489307513
0.523045374092
0.517590858911
0.406587979481
0.654910862284
0.456590943577
0.572685450858
0.551222878737
0.551734464549
0.564843178157
0.545333449361
0.659078253315
0.517526629768
0.537715562441
0.563419432246
0.657020279549
0.607562163159
0.589787845648
0.457919200869
0.586889437077
0.624392086334
0.594243774761
0.53816134903
0.682655948326
0.480830225064
0.6502611713
0.547935277551
0.449142795576
0.579908578924
0.500186286096
0.457760543308
0.486860608263
0.767729895933
0.422373562384
0.560897376547
0.51632448348
0.316199840222
0.423483407871
0.649966943104
0.442667646248
0.559835823461
0.681205366306
0.579593227587
0.648791681115
0.59447647362
0.712014513203
0.473923092826
0.529686141737
0.389344741369
0.464020638298
0.527015858055
0.45788456449
0.580377239749
0.602449564076
0.588812830979
0.376333626372
0.551339604833
0.521970355881
0.624460349644
0.704356911943
0.668360720713
0.445813911917
0.394470519108
0.5514319208
0.466514595427
0.471896719853
0.72937867991
0.594220188095
0.677110724141
0.497405774983
0.517347443024
0.499237474372
0.549812783429
0.521584856583
0.637544732599
0.675943913028
0.538935760536
0.537595925623
0.590316596548
0.572840699669
0.724616274892
0.711897820644
0.760820717095
0.767333427859
0.5466491972
0.448194765477
0.536558493137
0.600352624229
0.59213939655
0.535119235518
0.571992553115
0.56435993753
0.536551526446
0.526349728107
0.677236337282
0.696108707945
0.71712197418
0.56905734231
0.449739327635
0.593832242305
0.552562636731
0.601757195123
0.578881711844
0.664428485474
0.482037405452
0.447243001159
0.700430672351
0.420641302695
0.508342893308
0.440422061946
0.661950104989
0.350592628333
0.484753766982
0.555333773422
0.422107188209
0.698941464572
0.627481315374
0.466669265343
0.536194681599
0.663803715985
0.613181915299
0.579591701642
0.433925321572
0.534537066019
0.55950932441
0.516737633958
0.706719989637
0.468826638246
0.638922702573
0.556070342029
0.687389420229
0.5625802355
0.529489602495
0.631204961409
0.616366519186
0.565000441722
0.546118593163
0.425391378864
0.540401042564
0.527018071763
0.544791069999
0.472645078016
0.419496846427
0.530246634758
0.746563589331
0.763819926788
0.670140221955
0.610324691522
0.466240601197
0.533938278238
0.472069895131
0.689814727647
0.45204402871
0.611561512857
0.63978301757
0.576306808873
0.430384749872
0.504929631142
0.48387633455
0.640956173384
0.757153573493
0.582125696936
0.598702423876
0.627725235029
0.629588959291
0.617847061432
0.616267631855
0.671943771699
0.339328979327
0.367901460829
0.537121994008
0.593752078186
0.506336667156
0.712179525377
0.539309485934
0.777578222966
0.682807938518
0.493827038188
0.541166464198
0.548152280729
0.403425560908
0.529096533463
0.466995291961
0.577807331105
0.740479078568
0.639828644735
0.543527641211
0.699332662243
0.494244198449
0.550796757885
0.691003061455
0.580556514105
0.720450519238
0.566079392232
0.535490750135
0.518226895528
0.588104122711
0.495710170304
0.553397431573
0.638505844579
0.587748073864
0.517771323552
0.653349735736
0.572531931843
0.587796643988
0.595355674464
0.505446260872
0.506356844787
0.662258403494
0.507663875202
0.607844458094
0.76355927711
0.681175927
0.533210947736
0.658403443058
0.651996361423
0.479801459794
0.488665453001
0.542824159243
0.609556919639
0.489037350324
0.585208847816
0.380618200007
0.574363396275
0.693212104663
0.646656716045
0.553671975707
0.503324783345
0.640865938235
0.547751653742
0.487384656714
0.445399388619
0.451242963018
0.748112056081
0.528784218378
0.482624297458
0.7384427862
0.499133573343
0.606770262917
0.614894253299
0.534706417684
0.451614950908
0.683759032637
0.56744771881
0.689472492535
0.471908561801
0.371443409128
0.498148236309
0.422045010489
0.593609169092
0.48829422664
0.631305386468
0.60024860755
0.418238759681
0.43887408449
0.508383210254
0.486662317615
0.607182572914
0.754933320987
0.414916921975
0.477746605897
0.75699013064
0.554073792464
0.614815457681
0.661193649623
0.565417199862
0.633569340928
0.81483280571
0.514376722453
0.583523047314
0.556161406391
0.569486904846
0.442916371694
0.645509177852
0.516962188321
0.479343713259
0.508115371853
0.721466473847
0.556976797445
0.821716782385
0.620376339252
0.633058775164
0.547826297886
0.611507614875
0.46305410067
0.532695464023
0.658181082575
0.338942072245
0.456708251119
0.650218692098
0.565576420461
0.602158769831
0.438891261036
0.681511099559
0.56983306396
0.72299099916
0.516648375079
0.662017330401
0.560536388629
0.624138809198
0.58187151373
0.58814910797
0.712393256239
0.604961102266
0.653233404118
0.557839007513
0.51070369402
0.546312755918
0.496752823071
0.702382361573
0.613519179186
0.665770223665
0.481757809606
0.629778820243
0.542643119312
0.540021492535
0.605706854908
0.685243452128
0.674013488071
0.745030070689
0.662822665559
0.550663801764
0.627282710091
0.607994136956
0.565278092889
0.667007378458
0.474283499025
0.518801671573
0.53592005636
0.811386479523
0.696690930494
0.586636269154
0.55976339103
0.465542113084
0.520761323436
0.520509316937
0.623038300072
0.579917781969
0.702406739349
0.529063743733
0.521691786813
0.589206045749
0.538986498114
0.482515082557
0.591691609547
0.677835346339
0.705493398105
0.624266622773
0.341973889958
0.621218505585
0.666007060964
0.559368100031
0.786808221827
0.576101343467
0.557432544027
0.413376618175
0.464929743753
0.592701117796
0.491322112764
0.533950418228
0.620301523837
0.533142911765
0.777769517939
0.682731773561
0.683467919115
0.675219308382
0.689842470153
0.51169356144
0.778617939153
0.582214580368
0.70750853971
0.475163757147
0.723976492572
0.67842677166
0.400081130411
0.598823980879
0.703212882646
0.53187333014
0.529021962121
0.501107985213
0.647106224875
0.545792857921
0.509823477309
0.573153417832
0.52910704424
0.483027876756
0.875011627645
0.714780055186
0.604609151396
0.573437314332
0.67579544358
0.631627139822
0.751421682744
0.494153262204
0.490518400725
0.679944276068
0.499361341754
0.602732292984
0.606233395794
0.501873202791
0.646185404988
0.512612608329
0.588918847214
0.591407323937
0.463161045593
0.550022630711
0.462973889083
0.493998979714
0.670634677496
0.57397705879
0.69698076878
0.461002982155
0.603295062751
0.526987724486
0.501880718707
0.595613838585
0.56584082366
0.596234610433
0.572011706489
0.880837046029
0.66990356572
0.566605961463
0.510031061342
0.610208099491
0.70055057915
0.374397381769
0.415463381183
0.591054823729
0.467479598086
0.511037530829
0.546160340607
0.517375700324
0.602396907524
0.575211083564
0.549027332026
0.420584756165
0.667128340925
0.490546848276
0.438744687955
0.81492627853
0.303599455393
0.464394733541
0.651468739691
0.351286999498
0.693718244113
0.657034512325
0.559401016673
0.772832832046
0.522000657017
0.62018718411
0.65209653838
0.879385634953
0.788713081194
0.654216090164
0.72384084699
0.514584127109
0.642669668315
0.588902353786
0.632129371239
0.413840476044
0.763466451228
0.485509435705
0.613391129041
0.674901062542
0.606168621009
0.578711492001
0.75551590205
0.56168313247
0.564671116469
0.529844037214
0.574286137835
0.844831399009
0.502224047349
0.456042253393
0.753095624278
0.608365811894
0.652979944362
0.648626781323
0.533429550898
0.528671653238
0.669089009263
0.386555331718
0.665183442025
0.585974413384
0.539940410791
0.569757411196
0.655522142807
0.547261542196
0.656251971465
0.550301155408
0.697491644443
0.554621467311
0.511212080967
0.575323770056
0.512813589211
0.513625470925
0.679028950029
0.616878803893
0.519261432609
0.535296692759
0.526122256958
0.59217511726
0.722817100195
0.65365397856
0.643573789007
0.70259245655
0.655351737494
0.539131575485
0.648651193721
0.598588537081
0.564172093744
0.566405681544
0.621001606035
0.745355574028
0.540353011498
0.548085949412
0.595811524436
0.585945499347
0.725310586004
0.400079047866
0.59598890333
0.553677771809
0.698820373478
0.620977216031
0.588516932843
0.681857033274
0.765469159355
0.703005644612
0.60805820206
0.620393464507
0.523235188656
0.65462835177
0.615085614794
0.60094176718
0.588068897093
0.536025329705
0.629026226365
0.64613368987
0.651075848689
0.572415848682
0.681516031787
0.43929358073
0.708649194193
0.634904295849
0.524504963074
0.467071511829
0.61765666412
0.456196802609
0.425715804949
0.57373170307
0.437481797419
0.434285020188
0.567581207789
0.534000402511
0.613563411787
0.630156517532
0.556568156824
0.530409743538
0.60338886716
0.702971890565
0.417957215508
0.423243237471
0.666380473026
0.603063351742
0.572184020018
0.723405584775
0.555417770479
0.439163260421
0.629300338753
0.630024239093
0.415746354089
0.628062992147
0.482535918165
0.606403917876
0.54339863339
0.833231968597
0.592895181125
0.470585403307
0.536652764203
0.734557251162
0.598327735361
0.75655662576
0.60487564983
0.570437369273
0.611203409575
0.499348408255
0.436871111249
0.685638346401
0.430718768359
0.617109948235
0.463175055618
0.763521049395
0.529192039043
0.668280063469
0.52684624215
0.551382076197
0.519301480468
0.67108719006
0.489237099773
0.620361415339
0.614850671855
0.635935898075
0.689954848289
0.586671146894
0.611170247273
0.532517499532
0.445609042275
0.617910735632
0.835266839285
0.494973542331
0.50311672185
0.559970781749
0.541755277114
0.598148264035
0.480180847498
0.788002716641
0.560194418593
0.500014650697
0.813124056867
0.387079314883
0.697755731612
0.456124190091
0.51178937302
0.567220899327
0.471573196727
0.425732034513
0.522117611466
0.638771006287
0.453135837296
0.578996599603
0.578418830192
0.824505832932
0.626270340973
0.552473795601
0.571845172967
0.575679717782
0.648271998386
0.618224500054
0.720638093338
0.409449030421
0.455868261479
0.616377149501
0.724568041116
0.44008642011
0.48487893381
0.662378318558
0.430116556618
0.602916099623
0.444091462401
0.564797234894
0.527438532131
0.556581159619
0.568358598716
0.647674826434
0.454263099214
0.375448858886
0.634897128674
0.427799607091
0.491167900371
0.723451515331
0.415193351758
0.58425629884
0.5544689045
0.580936291933
0.743454929774
0.496040162888
0.673941293286
0.52770987965
0.468527988865
0.52844619777
0.499864362307
0.584590238949
0.506813485602
0.51779327555
0.616948985164
0.663586311433
0.625343651762
0.588768516216
0.6523864155
0.538068605743
0.536799199033
0.421490593665
0.554714854929
0.620284781263
0.462073231994
0.432645176292
0.840699449534
0.499433239875
0.47846912785
0.430168694298
0.584508635357
0.438686320376
0.852841175271
0.466636343363
0.456760639794
0.653954954553
0.49184158762
0.462650103692
0.545970219676
0.636551991597
0.5367067358
0.387865130963
0.532317040573
0.601407755652
0.616483148622
0.685121053876
0.701046293422
0.468250391024
0.455842818819
0.533889380137
0.39628317864
0.5289858108
0.559838002624
0.706441337379
0.482341440685
0.60650999407
0.429497938377
0.637118054079
0.534990717696
0.49735736556
0.505757236269
0.588783225685
0.483981950399
0.581582362807
0.542902188458
0.438207307474
0.62062217103
0.623240082587
0.451424251905
0.74750970813
0.493527686128
0.757607736582
0.591124191724
0.365038534581
0.628848474016
0.616704150006
0.694816382341
0.739760574812
0.549772706556
0.778909921257
0.549624945737
0.595837498043
0.472742429442
0.603455769424
0.633912769124
0.49861305323
0.736113679301
0.566740427312
0.577741787765
0.531261188464
0.512336328346
0.551459897436
0.476773071539
0.716953232408
0.694617235053
0.530453038939
0.525581571068
0.675340326048
0.539894839719
0.479773084768
0.686681929604
0.611506140074
0.620974521848
0.493785923504
0.653319353877
0.517058069008
0.609280366912
0.546268856165
0.435869431588
0.538773963709
0.582916671157
0.534589403272
0.455263635604
0.452312014599
0.677908299927
0.597198577892
0.591774070866
0.572455832161
0.6676520786
0.458410304179
0.510820881853
0.50605506762
0.534336029581
0.610997227075
0.769586909103
0.596625867804
0.441281588165
0.728953193186
0.45103934573
0.750305564308
0.554034441361
0.68891215667
0.599574234599
0.6965616188
0.577812290158
0.688955328219
0.489317809068
0.536322257937
0.645382273769
0.601041021112
0.520129548545
0.489077884383
0.513585855423
0.438287612504
0.431182674499
0.645462947581
0.738982478715
0.583118152075
0.6295191992
0.498127236188
0.556582293438
0.58950708703
0.633893620038
0.414034257639
0.526443148705
0.620641701188
0.681306143233
0.603602460387
0.524702669459
0.600244051338
0.469977039588
0.643689488253
0.758241171753
0.719561349569
0.435279379595
0.555451199191
0.785757867674
0.525452477787
0.648921132878
0.563368092098
0.70572705799
0.487952728309
0.415733706129
0.53992898344
0.637029971267
0.637203619032
0.621216594106
0.505844222942
0.475411376851
0.489923804385
0.515229217127
0.427423522293
0.628730973676
0.414125684572
0.407106234145
0.477268968057
0.535567598428
0.500690891
0.443167279509
0.678143399741
0.578751057578
0.624212752445
0.473989315932
0.447279608323
0.567681725201
0.641075542102
0.483927028716
0.763964021289
0.740179115268
0.278965141659
0.496086361882
0.672961970095
0.510666010266
0.63746016958
0.579605598349
0.544979109673
0.587244397731
0.569939828636
0.527458834308
0.628486478177
0.588581304657
0.453071180789
0.385047536161
0.638916902127
0.541911290652
0.614362794329
0.659867673616
0.548142172573
0.55890089548
0.473180687627
0.691338168892
0.488676553436
0.428738037546
0.492028018156
0.636628360337
0.513077315337
0.666116613973
0.494742619284
0.410258962272
0.594053018005
0.413388580675
0.609822045323
0.64774891719
0.777954758695
0.565771129982
0.516231658146
0.65983050452
0.587227734019
0.636784032989
0.581188151622
0.53954712253
0.544096185777
0.568362287676
0.685639606196
0.510561693459
0.494164016552
0.720896133174
0.380343897561
0.690692711734
0.536849312121
0.848565887362
0.480507412497
0.462664604703
0.560470193683
0.372564985774
0.477475412897
0.580498244669
0.597358606217
0.504202883966
0.457870764194
0.370983113486
0.696473481681
0.508393042999
0.40534842172
0.6351889776
0.586523128081
0.543184190681
0.445775965109
0.626061484998
0.66993165799
0.5708248115
0.395253855034
0.528356457911
0.524066401948
0.558915400721
0.706733521123
0.531822031356
0.643757237221
0.539778559015
0.617341786838
0.420744803562
0.775657124972
0.579387302773
0.647495141653
0.770976606083
0.594143176806
0.483336001089
0.701365087346
0.630937210193
0.457568038228
0.502533736289
0.540977543987
0.599182360535
0.341982378281
0.690440355623
0.623487486225
0.624321626088
0.736645474327
0.502599168709
0.674928122137
0.673744898612
0.362969829651
0.579765949354
0.552879930591
0.395842528877
0.350216037081
0.427922736529
0.51130196806
0.685024505733
0.529789391496
0.576185263496
0.533285177423
0.493056491349
0.635644583857
0.467145131369
0.574094053462
0.427087191507
0.776102647832
0.512997806105
0.339724925426
0.721617933755
0.58047775974
0.596367367977
0.462080071461
0.794438625231
0.578359274678
0.74571120094
0.767917758401
0.570455644117
0.510139301294
0.576332512113
0.428054478246
0.59897241093
0.449422785879
0.67375351469
0.62183167633
0.622123350289
0.418235932827
0.544872410413
0.492137688278
0.364136411086
0.479249927281
0.698347114535
0.584336220169
0.472660790953
0.491533838182
0.615939737832
0.412398915992
0.655389284919
0.53814554616
0.58382885836
0.496954243427
0.66413075916
0.462672605496
0.568581428956
0.567892355794
0.659410537383
0.457884119922
0.666258951293
0.518293432085
0.501991139123
0.563198037677
0.429234066646
0.690707942694
0.441262279771
0.393085343312
0.396798631589
0.483422135998
0.771411987984
0.56863582367
0.678825040361
0.59353829611
0.46649896493
0.639841180364
0.511265702194
0.499768649299
0.382563236404
0.569288072019
0.524465072321
0.399420644349
0.707704014885
0.415359940967
0.487301804596
0.638886146982
0.640727444483
0.556096231543
0.536084584145
0.670330654288
0.387234729926
0.486972699611
0.558552972273
0.561317431568
0.596943604756
0.684672878739
0.532651771945
0.555243778879
0.480201292175
0.83983506793
0.511566626766
0.724024113898
0.660379745434
0.648651422778
0.50326921084
0.810398924288
0.519492288316
0.548122891467
0.648498211431
0.731985537771
0.46379222632
0.545933987836
0.683084526081
0.421030386271
0.464355761798
0.554217175199
0.648233166825
0.475638251554
0.678971936062
0.459632776301
0.454375462366
0.728677246373
0.484221311896
0.487468977672
0.536629701508
0.539473344455
0.760285314848
0.588341756701
0.565425198222
0.509822157576
0.476302252594
0.446237469563
0.431852322877
0.506742406528
0.69476140973
0.462939998217
0.529351541992
0.761322537207
0.510746105784
0.872052323592
0.472292745841
0.511818114662
0.501715350757
0.524435738402
0.44412694868
0.47393080649
0.658732790332
0.592353817732
0.574154019417
0.719280411834
0.549065000467
0.617666188948
0.564078631413
0.554732739951
0.602612756725
0.547222935204
0.490907347988
0.436585892817
0.614470057509
0.685773979226
0.622818278183
0.41512708848
0.582684157172
0.532126858601
0.379112054141
0.577036997459
0.411821501966
0.695364836569
0.399629739263
0.545107341575
0.463852405872
0.542494301524
0.463078145992
0.530213013406
0.594287060565
0.756352576674
0.725143545118
0.656890343063
0.436871039052
0.412555378431
0.539981114779
0.574469059407
0.70841216827
0.510456918702
0.60645230282
0.490355419425
0.547356050254
0.535904801385
0.76250696623
0.418296957527
0.448782946979
0.461321354975
0.567296354864
0.593805263905
0.638962482051
0.467500541396
0.475097445132
0.484670287992
0.541064055786
0.570130479377
0.457888739684
0.585736187734
0.501808681744
0.534508517366
0.716009073785
0.646442169425
0.517562533445
0.582833796637
0.607133971399
0.581803191163
0.607180920547
0.585817408119
0.53945747775
0.416546791141
0.44062690311
0.346306276105
0.55173542936
0.585247510295
0.744078327129
0.639445858278
0.673853248085
0.670684200827
0.327726742491
0.725045158455
0.450938305264
0.681289333321
0.401538949562
0.435696661667
0.54595866084
0.55907784388
0.502946830046
0.515146376715
0.642464285412
0.543829135882
0.509997731845
0.580748721354
0.556937988315
0.538502713051
0.6102805458
0.5920630548
0.733853264928
0.633672720317
0.664593575982
0.534309477227
0.584840145294
0.812235655944
0.806796382474
0.738275873074
0.644061071518
0.504518104329
0.53725292275
0.548770672393
0.775499477254
0.629012151622
0.452571775358
0.550421660925
0.553051749444
0.521405350181
0.429617568477
0.422326633535
0.65349547356
0.656424730546
0.464432770148
0.532255761402
0.657369428064
0.501767204103
0.629733848863
0.495685456059
0.623891797501
0.531629377119
0.696394687342
0.658686617949
0.545539223421
0.609788515438
0.545849885764
0.667766545696
0.525693827528
0.469037971054
0.534466121624
0.559735699424
0.667229758873
0.566979181825
0.499377592355
0.638561776367
0.715061133993
0.42925798283
0.628384755369
0.56278127097
0.694760249454
0.731361481686
0.644775364581
0.823089400815
0.569788794544
0.638676455821
0.485907758326
0.45353947436
0.811378918962
0.736261737544
0.644351545841
0.431203438507
0.616046386868
0.420932267258
0.512193091768
0.369190369102
0.504392553202
0.585309439642
0.510410601988
0.506599550399
0.479991202692
0.592996904178
0.564934056844
0.543553842198
0.495168702382
0.644825679058
0.660375167904
0.436509340715
0.569638323887
0.832572638503
0.657954268917
0.617279038404
0.445208036066
0.508901488618
0.409372556632
0.678551979662
0.518826806231
0.725339126792
0.438948310897
0.592946606614
0.430052832261
0.619128604651
0.767537661032
0.715320187012
0.69706305402
0.530917146361
0.59989351755
0.477287332001
0.525593813173
0.530007210677
0.570611799999
0.439950831178
0.727072215089
0.650788820148
0.511638911822
0.61638750425
0.714992974111
0.507220747722
0.688421043156
0.469471651572
0.666844450723
0.509312325874
0.571270218177
0.575012434096
0.460994987521
0.644628775996
0.488915851067
0.602226708344
0.690480826228
0.48455755201
0.404234319275
0.511573795693
0.472491426425
0.676945986083
0.65327830011
0.627895395452
0.621508085242
0.585619501269
0.486267293673
0.547635114704
0.751581371745
0.519738823985
0.609478949682
0.693466066912
0.629566666093
0.609839188681
0.534581542638
0.471077721862
0.546075894149
0.583776085845
0.375870323783
0.53182009112
0.577993858405
0.556546587836
0.638669370012
0.839772269004
0.564882138839
0.443781695651
0.478175004333
0.500788547751
0.554080699501
0.574336999033
0.746365991366
0.785706816695
0.582798602595
0.465496521688
0.697985273444
0.675755002287
0.619450662958
0.731189406349
0.42590668287
0.632699541296
0.629945579378
0.707988524609
0.628268686448
0.548803474617
0.530402803233
0.414846552955
0.549859789426
0.525758241299
0.573868453577
0.543299192751
0.60229013724
0.499757007639
0.486751049634
0.604994812275
0.620462230036
0.464665954255
0.588197434726
0.525450747726
0.7690492168
0.378436742389
0.613838005096
0.534108980491
0.662010592873
0.457940254627
0.509303557307
0.629769603767
0.620318079201
0.6226765551
0.609501581004
0.600922735566
0.623961877355
0.635686290469
0.387637502036
0.639049682215
0.331750277465
0.600433566145
0.510499405985
0.65587806105
0.507057351869
0.67308917302
0.58456573821
0.673086361479
0.511512231787
0.688808050621
0.305599420911
0.550626524029
0.539138549135
0.579577829433
0.697353763874
0.452984609455
0.439748393761
0.474983639946
0.515191722684
0.65251480772
0.614202160271
0.524807337851
0.465189364682
0.675961071557
0.48536236414
0.375058304259
0.623743953056
0.438215195125
0.519220668161
0.666133680237
0.663071846637
0.722125609783
0.437434929661
0.484208505194
0.622242937161
0.597319011552
0.547691961986
0.60447303776
0.471635291513
0.543134625544
0.420112821335
0.771197335449
0.43209735703
0.527512137377
0.677712115662
0.558536458415
0.583746662827
0.57232452529
0.720192100886
0.63688380622
0.449900650695
0.698881109706
0.474106356553
0.740274872012
0.507992708633
0.39319692382
0.580197587709
0.626368115856
0.726031511553
0.503306190309
0.418024089808
0.505315427973
0.749493635619
0.521358886793
0.497649611025
0.677164948138
0.486930182753
0.531915353811
0.633699745804
0.535281800349
0.613189374823
0.484895514941
0.563751059948
0.612180091666
0.503076945643
0.745657103612
0.42738144991
0.475724051308
0.443625145656
0.632881168883
0.434632059063
0.583280140555
0.47645096047
0.517563199532
0.638007109742
0.528663821488
0.54604749053
0.552524018455
0.659458096182
0.45768650497
0.588428863081
0.481135227034
0.63320144455
0.563714177437
0.627431143581
0.551387105978
0.686988630322
0.502394540477
0.376172614829
0.716444968632
0.663488485685
0.566861555173
0.453334562805
0.563275932001
0.424300892192
0.621449543574
0.548570595668
0.682871592346
0.645182456322
0.62055057063
0.586210849858
0.570707518963
0.388616281076
0.497653948127
0.512782371793
0.559027512888
0.508084737462
0.512956648174
0.609288277242
0.497080582667
0.730677388622
0.420944823952
0.557346379218
0.752055487994
0.627628681683
0.578537786598
0.560795294348
0.642036556374
0.584167720531
0.522725729981
0.49725847831
0.604599977495
0.599971708195
0.566911408243
0.558673222581
0.593470705815
0.723303415308
0.469952560034
0.682322087426
0.390748803924
0.64335165762
0.612378650545
0.617413508265
0.452578466324
0.598032690545
0.534774819987
0.513678973037
0.528836611399
0.634263079567
0.71016312801
0.689188973775
0.551405306746
0.562728593254
0.458874248273
0.727871789547
0.617409338062
0.628546523299
0.512773894514
0.491705868672
0.643735491444
0.414910177977
0.533973637213
0.64974515909
0.768200877975
0.412192039874
0.600410138153
0.584173889398
0.600990471384
0.627752136966
0.510594365651
0.651501008447
0.613591811339
0.453691685303
0.625393059141
0.553672354854
0.483167176337
0.55400250713
0.572407029223
0.525838127092
0.609891709658
0.624308715633
0.668176920824
0.482238632749
0.59553586595
0.669436500657
0.47210600591
0.4784547161
0.579448564979
0.412332035904
0.737412913019
0.321674945014
0.694217165006
0.349819967707
0.450022924114
0.567599975487
0.438061727567
0.533568849832
0.403309767206
0.525133412934
0.406286469149
0.642249941582
0.567291290993
0.506155222442
0.624862343627
0.546839807094
0.609764195887
0.583250558543
0.557603923127
0.527171990609
0.7273748212
0.479429019536
0.573771768623
0.407837640068
0.524935879358
0.46298715973
0.558790723305
0.646420880385
0.496975986769
0.584073196047
0.680763419899
0.44598504611
0.576049431439
0.669035077886
0.509843808891
0.527285253983
0.627558509464
0.520395080679
0.658010083471
0.610596687112
0.567971824377
0.631663827434
0.597935350908
0.651342176862
0.630301853134
0.695776884564
0.569842710333
0.664932983021
0.680141375823
0.648708967531
0.557747110777
0.617287559284
0.54456388017
0.516671406987
0.587770734293
0.623257151664
0.494605860634
0.538361991567
0.576112965879
0.464746817771
0.472591188966
0.635827130076
0.522435432246
0.464140140909
0.615123942037
0.460045163255
0.617857138339
0.641848189473
0.563728141884
0.677426335402
0.619620286885
0.388449967038
0.523643749801
0.583265469909
0.494720062172
0.419235313826
0.393571981053
0.652058003952
0.540952115283
0.765980061372
0.547544970606
0.348695903455
0.63504242819
0.643482572993
0.405335785256
0.651459118651
0.516523339031
0.579047160238
0.561808432325
0.525965313939
0.706638790381
0.66065673031
0.614645072161
0.594973955273
0.473280819498
0.518895272867
0.579052856085
0.508336256143
0.632634604579
0.720427753975
0.367188889694
0.578350900461
0.440005134497
0.651126266267
0.624854753809
0.380122747501
0.356019233564
0.595776750626
0.739067431808
0.624676966514
0.645534166999
0.73373143502
0.509176879157
0.598281440457
0.526121688374
0.703469571929
0.569539875574
0.753127019803
0.583688259579
0.584464301265
0.637634713129
0.601568407988
0.581907840762
0.576939828827
0.713155437056
0.618774066442
0.445249672597
0.523900820994
0.46851919715
0.680524678646
0.676542101267
0.689841271162
0.529903168248
0.538673773163
0.570104993522
0.605237865079
0.409505092437
0.631606535342
0.574673877466
0.652288164517
0.549379696929
0.672132748352
0.753456443811
0.620888629743
0.62604432349
0.646548124223
0.570761773229
0.411177844361
0.742844112957
0.468516817393
0.748721989438
0.73810117586
0.54132308018
0.3965722613
0.455563833667
0.350950492688
0.625709957828
0.622196594298
0.646853396807
0.510756371529
0.569548716293
0.538498900917
0.573675062609
0.571110133332
0.660420626547
0.669417257417
0.799250711181
0.80250670881
0.65738332261
0.550562951157
0.603170684356
0.629279234726
0.532730895157
0.585352370567
0.706088520271
0.664694732813
0.540867003911
0.318336982063
0.44498120754
0.454066185968
0.665479354361
0.621893977996
0.503086540767
0.500446545117
0.433740327342
0.44045088918
0.57493158784
0.665335374057
0.656120728417
0.564452814512
0.522067700124
0.63936954972
0.822236748285
0.429703356971
0.581442200961
0.621385153165
0.677811997699
0.672392049442
0.604230908482
0.560006458978
0.383436950765
0.425487935759
0.651662670483
0.432950214343
0.518620173473
0.584309844946
0.631149802608
0.766366513842
0.391209145946
0.583685312599
0.571845872697
0.460513621288
0.432153670236
0.493356575812
0.570758083354
0.45630197992
0.588445431643
0.621871833136
0.418264450842
0.625621937753
0.579461564027
0.617247018156
0.619867256499
0.571879864947
0.640677169573
0.704341759282
0.559574743435
0.434840217278
0.71828723156
0.418466009199
0.606429294851
0.618316418183
0.55787952946
0.618871212726
0.680635341177
0.742933020257
0.496508652462
0.4823128404
0.564920005698
0.534016082969
0.683572017164
0.655610538764
0.396142885025
0.542942741123
0.508492819611
0.587992567553
0.442980343713
0.706709048916
0.683550888219
0.695285159771
0.466897407759
0.690836914595
0.630531403706
0.579587927171
0.615353435303
0.566465146452
0.519671148736
0.614557484817
0.565872116023
0.606833460844
0.5152278862
0.702050276343
0.578175766358
0.431233035468
0.506397240355
0.483711597604
0.669670039059
0.499476736106
0.450130930351
0.452305723077
0.596467095332
0.630321328993
0.480378564537
0.714546710411
0.548378487661
0.677063256298
0.512607782789
0.622403294326
0.399818570796
0.711030719574
0.803457553502
0.591385577461
0.606756055533
0.60521059313
0.568886979302
0.665024485115
0.484682746014
0.702625534645
0.678562236078
0.726821431805
0.632242027937
0.625211670551
0.770274843366
0.471641775067
0.51212862324
0.704490390472
0.579009095763
0.655825466526
0.594999806606
0.640358827637
0.450679130187
0.404022484662
0.486660408633
0.414578000664
0.460104336789
0.622349249019
0.532915641176
0.515929462952
0.518910053736
0.704981169275
0.398141646867
0.431084392315
0.568847290287
0.49818532154
0.500545034284
0.661345368462
0.419446237762
0.524212941529
0.406960711702
0.577271942434
0.630199295478
0.605514782653
0.546629106819
0.715266005818
0.478416021679
0.673219911591
0.689742080272
0.503032286108
0.626207811208
0.605249155653
0.537301781806
0.64452837095
0.596552917157
0.490480588371
0.617361380791
0.627384299596
0.551089679403
0.433996448726
0.608104002739
0.463435564798
0.50151040266
0.692700603573
0.594506827207
0.553653037416
0.448131659823
0.488021264931
0.645314799058
0.482566837391
0.551748323862
0.464508014594
0.393517019937
0.480545681613
0.418816278541
0.500734072029
0.696372164074
0.547134273354
0.663648673851
0.669286971835
0.539609700788
0.603406451124
0.515805497162
0.662741075778
0.701261577867
0.534779615866
0.510991187232
0.417855767425
0.613127512942
0.466427600707
0.705363664697
0.590735971699
0.650352308849
0.571392740853
0.581576948082
0.269601806882
0.572970506614
0.640617169439
0.445501665905
0.658137382968
0.576834997517
0.644754055249
0.573579079927
0.408920455778
0.823912711427
0.639057818651
0.627969202672
0.582270208265
0.577762503732
0.60692726758
0.6684883661
0.639002684101
0.571082191745
0.472501185047
0.55351757127
0.369017615231
0.673797993666
0.619112236358
0.410031204036
0.761488498721
0.61172076203
0.414951238036
0.439104532468
0.570874484182
0.737255201384
0.660545770783
0.52002231004
0.483978738013
0.445146917393
0.418107187301
0.612994396855
0.497399618963
0.444753539236
0.421526206226
0.546089323774
0.512334708162
0.501963229941
0.549551108919
0.667766704159
0.487363950206
0.489294335521
0.47829723713
0.490157966323
0.503502549382
0.64611971791
0.457871967243
0.656011350304
0.464684401689
0.63541835182
0.614001650644
0.537787227503
0.542036088893
0.440463189082
0.253750810334
0.611935371465
0.65950465017
0.46389129613
0.639013010337
0.648425454694
0.540724467821
0.427044923947
0.419567774417
0.624841359357
0.649952128099
0.656729250978
0.326095730341
0.688238807862
0.664407840742
0.801849652388
0.401211325717
0.610832459317
0.654115980797
0.577208092781
0.442334340469
0.526973939581
0.465157898633
0.576852996932
0.474993408556
0.60985632594
0.596093667557
0.573179049407
0.669550239556
0.456159695932
0.372380342231
0.667643338303
0.518493620828
0.497012288455
0.557497459052
0.356102775921
0.688647769603
0.545859164434
0.535855807674
0.564898139739
0.469655234721
0.574724605768
0.535617181294
0.660059941634
0.711001612303
0.680919813739
0.5662974417
0.597433997971
0.387216716761
0.463850539015
0.659464358051
0.594423004035
0.650765040271
0.679514738492
0.529141547972
0.52495641705
0.59577637559
0.609381939044
0.425350818351
0.504136093735
0.613760982792
0.490643663865
0.354265576167
0.575242133056
0.625785710058
0.4341075723
0.443694013894
0.403556346437
0.520895893744
0.6922041311
0.486747123564
0.681680040131
0.53871719951
0.588111257119
0.611628741399
0.699170335064
0.567306697824
0.462394079438
0.508118637552
0.667155220518
0.793602551373
0.511381407112
0.550163932103
0.459269707241
0.653627476758
0.622989130945
0.722294388844
0.764869292066
0.512308502882
0.630322171759
0.555741876911
0.573375474784
0.479187337877
0.699731704841
0.760625210996
0.577763459787
0.40998487166
0.533016270941
0.395679633703
0.407057244544
0.512202216856
0.700844686905
0.764475583611
0.567933658395
0.601840500463
0.467010818369
0.619087804581
0.618635004936
0.596876918018
0.511339848821
0.568441079283
0.541075901544
0.491687541215
0.654182251029
0.557536055146
0.849719261194
0.642005579907
0.442369095594
0.540671219252
0.682036273573
0.641023270248
0.580793754821
0.494992447359
0.609998956185
0.552179785092
0.515639313128
0.710507708117
0.575621082557
0.587014527929
0.49436884072
0.62609084797
0.519105453481
0.493398841199
0.54905222003
0.440677492235
0.429422823896
0.81436417994
0.449381472523
0.654456896361
0.541486736524
0.4508282745
0.505670774083
0.609244464717
0.557403833949
0.505784052848
0.606905945909
0.453898779055
0.475816055497
0.640940175004
0.54036942533
0.576403114396
0.378756716019
0.49126360732
0.413684522142
0.452238112496
0.498738249441
0.540146075368
0.375694664853
0.58935921029
0.504064339602
0.641920913445
0.749968911566
0.63561857844
0.621286290485
0.583322064973
0.516579677499
0.579523425618
0.674230748843
0.631002836834
0.611897436776
0.397259426947
0.620805382745
0.407503301101
0.672386016667
0.446788506867
0.483813178797
0.571685032929
0.613786658014
0.444557127968
0.502556001129
0.57406539469
0.461961593702
0.431145098686
0.573710155437
0.535096396973
0.569677001406
0.513960042722
0.496888763767
0.510866894358
0.700943994078
0.459790470579
0.657046430774
0.530710792411
0.559583713063
0.504280292935
0.530620348867
0.517710455393
0.57826429654
0.695143626003
0.588485420708
0.551818547949
0.594769384767
0.529498935432
0.447306651896
0.732060950933
0.63583934424
0.557112604481
0.520060907169
0.574757696903
0.641604899612
0.416628627412
0.661605817765
0.724503771695
0.482186415632
0.716652693198
0.528175653482
0.532591494119
0.50046373337
0.578131733993
0.555598429787
0.465004942053
0.341489728758
0.612925288266
0.422035143278
0.468837915796
0.603648524444
0.772114117432
0.615982568756
0.432838169649
0.384386153063
0.342804251475
0.615823075395
0.56917492471
0.549283272743
0.634313593395
0.563708703127
0.450891485896
0.664290951386
0.590359166864
0.458285754209
0.489865341948
0.676237681653
0.778256005801
0.555978852322
0.602466555737
0.476260910928
0.640566732541
0.572755483286
0.475094232576
0.542431312326
0.500567528098
0.551709199213
0.499361412158
0.507399153292
0.764768986149
0.606405858031
0.677066916585
0.520239322534
0.672769466684
0.562333138314
0.523264821857
0.554456829053
0.495291327215
0.495867287896
0.342164039155
0.633011258147
0.729624585734
0.722571440927
0.570027365037
0.42938630207
0.674964299885
0.59090537228
0.578958613526
0.613021960127
0.535004626193
0.429476980725
0.503306349773
0.510882124779
0.472408153698
0.931215409081
0.692124465252
0.633109904799
0.461514314847
0.477128479534
0.612092620695
0.622412004535
0.452008211922
0.632469132942
0.464118568631
0.750011808529
0.766172335344
0.423529736054
0.388269009313
0.654230310848
0.597152915253
0.777631259259
0.527031713259
0.583228995296
0.669464696676
0.561357788518
0.837970118826
0.536745867708
0.477663464052
0.650657480182
0.388107020726
0.748429284758
0.420444650265
0.552727659923
0.693591555555
0.736214534392
0.431435573098
0.734301417398
0.717643666588
0.647492733489
0.817144890538
0.590021177157
0.594172027562
0.464104208339
0.607092700749
0.619961650593
0.615584389729
0.471641847212
0.501041035401
0.311911212817
0.661152747792
0.454130333112
0.581719111988
0.653454342799
0.589343317232
0.621458200752
0.529672857991
0.33572638254
0.817378799146
0.521735468619
0.521712405516
0.528796124845
0.476973385068
0.675734828923
0.423462538968
0.758167423888
0.629014222465
0.51726887417
0.394010649324
0.496547239809
0.520355221894
0.61063273259
0.448982497847
0.496828740063
0.641140492515
0.463386308947
0.555585829381
0.614190230514
0.934409115402
0.437762565802
0.487902857383
0.624540545021
0.418993119632
0.628929850321
0.782719038321
0.479237374278
0.506142565501
0.346621051198
0.60404032615
0.611148574343
0.594882105746
0.656396229625
0.48026404159
0.533707816931
0.564633488905
0.576627059841
0.524931595884
0.558077680069
0.810015558755
0.555576261557
0.667215347064
0.519888597091
0.406264419132
0.714200697445
0.567474186843
0.550060573223
0.624116591544
0.829785117289
0.766183644061
0.688010964343
0.490982486104
0.497269099473
0.656360835505
0.572971830662
0.509819073671
0.60210924311
0.496544785871
0.770118151834
0.497002516248
0.513579610278
0.467095269486
0.534555213892
0.562971719562
0.407925526312
0.705154301174
0.514747630772
0.381112182597
0.713017528582
0.637394874682
0.599755507031
0.579140651038
0.451900175961
0.664475127144
0.565567506764
0.530586032759
0.727412002403
0.640370638929
0.73799842147
0.700736841479
0.607789478543
0.590557276045
0.58923892205
0.684268042569
0.677260511593
0.697227963175
0.568460806263
0.587647837014
0.696564246878
0.667749296619
0.599951530465
0.58841036002
0.663002342846
0.421538687214
0.815070135355
0.639520139817
0.449359780259
0.60225109631
0.447084172002
0.599875845067
0.529197888749
0.621787631706
0.669740842001
0.677494288902
0.692395580769
0.596583751542
0.551857371261
0.500247657787
0.514814986464
0.666964571341
0.553275465393
0.475703925986
0.618417965621
0.663640041453
0.640193394558
0.594572829557
0.666635286869
0.504178936388
0.56157887699
0.607394483765
0.603820392743
0.474758829328
0.561919122854
0.773004803016
0.425339400496
0.5176953464
0.783464852951
0.590548774731
0.444273392939
0.675388913773
0.709201565744
0.609676986417
0.56500227559
0.43193683411
0.498261272511
0.559965874403
0.570574542185
0.564997159477
0.460154034006
0.456235200608
0.674981786658
0.440569795999
0.666477186067
0.724520437479
0.813196187528
0.596715528771
0.49265725382
0.51508216819
0.542923990248
0.572296570119
0.604320936338
0.432469219571
0.515965988188
0.485659616415
0.588790404598
0.661420226308
0.506587295844
0.573240032303
0.682396591114
0.512330431601
0.547241464153
0.455827657636
0.69955470194
0.493616178974
0.483298754676
0.526178927513
0.494648214733
0.497817587478
0.361276895174
0.609597614843
0.721697294886
0.586612604027
0.589684953846
0.679867243672
0.579368957367
0.590296706704
0.478955803216
0.494909488401
0.699304904838
0.58142596195
0.695136200265
0.608941977919
0.722924331799
0.4582289013
0.654580757238
0.740122061622
0.426712239776
0.560048659399
0.601300876695
0.630565568889
0.588865590425
0.421430003452
0.444587888937
0.460032184492
0.703892118772
0.50466241872
0.61435641649
0.541100422064
0.548661096714
0.570904471077
0.55626748827
0.482805553692
0.517209600373
0.73223123567
0.810782065421
0.558219291259
0.476901038937
0.41411307583
0.590786955194
0.645884653856
0.473062060233
0.488917415527
0.696751978845
0.42063966994
0.427569303873
0.568364070094
0.665480288682
0.518432656945
0.706688808879
0.635063921459
0.6265911803
0.450018919242
0.38216095482
0.473749340851
0.668206223356
0.894948931914
0.584054442175
0.713521904992
0.668190975988
0.41911795353
0.518991095831
0.608568969109
0.614476797024
0.547778416384
0.696243861881
0.636211763367
0.602812893908
0.582216883679
0.437904255456
0.451594008097
0.517912576757
0.77550795039
0.512320734256
0.780343806661
0.640569878055
0.745636965196
0.510036442962
0.505246677465
0.659374315316
0.630902773095
0.467637624738
0.782410322971
0.562233269171
0.494144687191
0.418423689771
0.54529253979
0.470227597885
0.717472295936
0.746813836584
0.490418628778
0.518801908879
0.602912614741
0.566025222877
0.526153212143
0.568099073919
0.586506214823
0.62767262949
0.573833292014
0.589686392939
0.578994614146
0.535130373424
0.456793765697
0.637933259639
0.608572155551
0.484860269795
0.626624616511
0.594030007471
0.593306810426
0.432241746206
0.413628678474
0.674753405323
0.521394086138
0.465196582152
0.545938653076
0.42635368017
0.47014923074
0.59301006206
0.736964133127
0.464651872043
0.652318560897
0.565833923304
0.441266799578
0.640226436352
0.493257995312
0.581467711405
0.580669386279
0.54648635976
0.59264683533
0.442104933003
0.491948762248
0.607881926205
0.411858468713
0.451671187707
0.707244573977
0.570442954243
0.632958777427
0.595194357024
0.538003160589
0.522074111982
0.473169115828
0.495144497145
0.577236957327
0.550870062845
0.483040764958
0.534334883415
0.646832187084
0.440871486884
0.604963380379
0.453736635058
0.611441777321
0.746581129904
0.704244455159
0.593866798991
0.512435527588
0.528815854377
0.612462163591
0.625289538199
0.66968694373
0.476227188458
0.550765127033
0.522209605469
0.756320742113
0.450994387586
0.538580837995
0.394528006343
0.389550186086
0.820688952889
0.566398718584
0.494080234556
0.568481136429
0.552654549174
0.528307512018
0.598190463362
0.512331910806
0.562289669472
0.490107261707
0.647483051369
0.61901036299
0.648995543898
0.49466253605
0.453578999519
0.551904030397
0.644080954513
0.624123129385
0.637334708313
0.485724352674
0.725878048819
0.528731065466
0.726030462876
0.404459820965
0.772163486387
0.719190788007
0.618886715903
0.496634592675
0.445094147464
0.646901718439
0.480093918045
0.441192097094
0.498791989231
0.355954003656
0.685476878332
0.580066449328
0.552510077791
0.396960550115
0.778383452237
0.639661756746
0.677745179075
0.67483535805
0.483883903827
0.66210683218
0.574868795711
0.548654602737
0.517275203463
0.648670419695
0.648614801769
0.546030985554
0.449729701586
0.588320167495
0.691592183979
0.447746255852
0.583554842999
0.539428755836
0.537879014906
0.603550317961
0.595162166303
0.415654038572
0.62487084683
0.553614743279
0.540410285767
0.575068423135
0.685793481104
0.516596621749
0.809890515335
0.769491012955
0.637453893959
0.614758415391
0.546050404143
0.339993368309
0.471571304446
0.437813935328
0.514792059334
0.619856320906
0.838741431467
0.468972934095
0.626704094201
0.622361791943
0.514311861219
0.627751508654
0.62260293159
0.417095702898
0.493608933167
0.672616266514
0.675771676557
0.671251448557
0.412890964561
0.775398090567
0.480154638407
0.449356175304
0.470511454599
0.433164493331
0.521871439335
0.658672796531
0.564429855234
0.602531838915
0.531813288594
0.582810124809
0.546677519631
0.46887220737
0.431233074451
0.598971950889
0.517441615769
0.72887031117
0.755903196221
0.472447479676
0.67736483901
0.590980045151
0.600444979272
0.628218710908
0.404999163435
0.646088444113
0.580463797639
0.450776765859
0.829328694733
0.513197234173
0.655698551045
0.673203679122
0.672137503145
0.490321701038
0.547157976822
0.513847269357
0.671469484447
0.560492996513
0.410494121648
0.387634548315
0.602448013516
0.471291266696
0.601295708292
0.425966527437
0.548197945633
0.558093858371
0.515794442768
0.711472102504
0.535247889632
0.64681841932
0.552261769717
0.530261081322
0.732575671513
0.604734174617
0.451512900798
0.478025342882
0.479094829221
0.347076043987
0.537578285858
0.389117115569
0.572232902505
0.384823272159
0.442190418604
0.38963722195
0.564733436978
0.677676845704
0.532713127605
0.69886239761
0.428223186908
0.514702326459
0.514944906706
0.47771611534
0.404194201576
0.581098848083
0.538747836164
0.626650617368
0.470623538649
0.45795589873
0.619666886367
0.497580750514
0.55894840152
0.621590361924
0.64576143806
0.568200795969
0.602536093275
0.756237926128
0.395143078339
0.52372511009
0.60128914419
0.696857614139
0.62515196293
0.4581497568
0.423341042662
0.477081749885
0.389672515103
0.722762895028
0.668986160318
0.498168828147
0.614377538552
0.642600050215
0.614282536929
0.469727641117
0.558094964341
0.708349473041
0.657073502812
0.511853330578
0.717936338458
0.561404478819
0.676225102733
0.715103267641
0.659292190268
0.681700362282
0.737759365393
0.636570674784
0.490106641092
0.718843885966
0.606398094812
0.604503466419
0.763972292378
0.475694084176
0.499198592116
0.809067295496
0.510478040745
0.506339745106
0.659348660583
0.471355841663
0.555491220056
0.646758738692
0.583088866135
0.600363458982
0.512530389005
0.607992845908
0.741184621678
0.582831325441
0.732384947798
0.575693358936
0.684335786821
0.621969567443
0.684406253004
0.591127246392
0.641384392715
0.660633583185
0.610808609882
0.622800268562
0.503630210605
0.594930139499
0.632662903232
0.490765548435
0.627380706412
0.528980027481
0.746216940321
0.428506866152
0.551208087958
0.7211510524
0.713108754897
0.671669580227
0.50212159884
0.574546777519
0.465305018041
0.503094822963
0.524035032027
0.67331777889
0.387988348647
0.602133379716
0.711657624478
0.662833683118
0.467443777897
0.58835914797
0.693294733131
0.556471351305
0.432187261957
0.733766256727
0.742405658983
0.526654677913
0.657766832878
0.635111152169
0.43053807951
0.775380252485
0.407590251108
0.410926221131
0.605945937991
0.509222984114
0.802488594133
0.537509862608
0.546454619223
0.482911053628
0.706354841629
0.460205679796
0.61374316554
0.520781197997
0.483242509926
0.520810769692
0.430017519348
0.468086793116
0.572595181692
0.478113069566
0.374779817549
0.474276523414
0.559006795557
0.37063357666
0.792275388492
0.701025482493
0.501078060827
0.651338036812
0.578259773261
0.604746902598
0.522965471665
0.641103997511
0.52688067996
0.393790052703
0.56735030486
0.54843371231
0.601992738
0.544929117792
0.542367259461
0.549159788112
0.505314447869
0.570765513044
0.52803870664
0.747322015377
0.544194785307
0.638908816652
0.621533646418
0.586165848437
0.481231607478
0.591160059496
0.472233582787
0.57541147611
0.529310780502
0.636011693263
0.574674171585
0.618440476896
0.751431975213
0.622016449566
0.456386459339
0.557624080938
0.671209461475
0.519973526461
0.552989262285
0.739376317329
0.508068923667
0.501000447339
0.531337777015
0.56223989664
0.795909138698
0.487313678709
0.346093097286
0.700342616268
0.574898582253
0.73022728075
0.480494053438
0.429512484774
0.597850655767
0.642774299463
0.441017301718
0.716605087924
0.750184676051
0.675615843076
0.643069565786
0.589734231784
0.520236225099
0.563793541425
0.722061435746
0.750503326836
0.598909999217
0.528917452407
0.54225880751
0.564486222172
0.755039496292
0.454544239868
0.527737634416
0.514050266325
0.531440793865
0.732768082478
0.738778626838
0.654111958665
0.614366846802
0.682092221199
0.58771734567
0.389194303652
0.541025029887
0.779444622478
0.518515348436
0.548849094324
0.568909394967
0.637683950417
0.550447963264
0.317992835701
0.669053109693
0.4421952368
0.609405013558
0.616784259027
0.634297316611
0.633410572637
0.513412764063
0.573396111394
0.794662385222
0.685948525931
0.607211757276
0.510230057053
0.410342295061
0.818399481226
0.544700497381
0.449254165704
0.509634475264
0.554306692956
0.778738114585
0.717263187867
0.617946540968
0.491760923848
0.625011261527
0.594766745259
0.69339786744
0.629499209172
0.503654342266
0.664888014308
0.680900172921
0.613202011485
0.665011304535
0.602003563457
0.535472440416
0.393111708909
0.626168732201
