0.298371574452
0.285027462802
0.323793770827
0.267102042895
0.250024549379
0.24689881216
0.285706239989
0.234291287013
0.331622275465
0.258676711039
0.31077562349
0.3738624881
0.318878710845
0.334785940351
0.322669091502
0.255471247174
0.261061500531
0.233028367836
0.267698105117
0.332400904259
0.258520829165
0.199836822849
0.204521209497
0.187182083341
0.343422445202
0.347632205065
0.446563035136
0.243655465189
0.280511887148
0.220276458281
0.226129393124
0.278835407785
0.313495185629
0.223155154943
0.214500538043
0.23000633227
0.203617130069
0.261878220186
0.226075008891
0.206414682008
0.338542543327
0.250464086494
0.327246706531
0.291732602322
0.375537815813
0.326882557098
0.334415041907
0.276677473467
0.21797647956
0.280912879219
0.44134269318
0.208796777992
0.345716236963
0.224955268804
0.288474546342
0.294031918608
0.24775096529
0.240987864685
0.278253522876
0.321785394325
0.195601038765
0.336347477212
0.32094228432
0.276928598077
0.261400889603
0.253409886145
0.328658698073
0.275926429667
0.336672602832
0.350492454582
0.290185134267
0.321288443834
0.260187626681
0.225356181099
0.257061788817
0.337579193407
0.256620486331
0.208858011006
0.255552590916
0.272315409126
0.227240490952
0.252638327145
0.398638954245
0.31921041077
0.409848041501
0.279927770849
0.242962179832
0.399229667166
0.287136236944
0.276583142071
0.312459947055
0.304695868364
0.232607137682
0.21723057314
0.259194787728
0.306466188062
0.333276408596
0.217396469484
0.404232785173
0.235460471116
0.300546276361
0.323633475651
0.341871118028
0.285482990559
0.2252081961
0.170021776049
0.234627361308
0.253898925673
0.315581965576
0.219701544089
0.277902319699
0.218270683801
0.220442248475
0.235853405287
0.168179166811
0.306173164394
0.260883517653
0.391269559878
0.403558323665
0.245265023032
0.232360612049
0.27385083011
0.322970483511
0.257269903491
0.242192182907
0.343577674887
0.295131998321
0.335884036387
0.252894767353
0.263744450665
0.341073800067
0.302330521274
0.272860417893
0.391146246418
0.288750979469
0.260757658927
0.340884081291
0.222585610176
0.254771249088
0.276204136667
0.309296516173
0.253860688985
0.289914912637
0.28608595627
0.208745639094
0.30471297713
0.286904910443
0.293999419972
0.341458985332
0.325734599169
0.282933612328
0.270857113575
0.322726153384
0.258225956555
0.242999089827
0.287407411046
0.198422735745
0.261915794134
0.266476636455
0.311820492684
0.332857439434
0.305534524527
0.300526002957
0.283329720468
0.223261856447
0.341137537171
0.368732803513
0.328644995621
0.297335052116
0.24387120157
0.382248583035
0.289929801994
0.331486725717
0.267314654005
0.347114301019
0.254621297189
0.370155920908
0.294544630505
0.254827962524
0.294504123874
0.275922407242
0.267273728069
0.280519953416
0.279836512357
0.321434959751
0.201945737406
0.354932777769
0.249446473674
0.313847767684
0.253892158186
0.297813264101
0.260936154318
0.397666536564
0.348269341273
0.239790508695
0.27656160293
0.236541580802
0.173131366941
0.287272117731
0.323955503537
0.22074544851
0.241040724064
0.238086698646
0.35292007652
0.306461942765
0.325596817665
0.283101476155
0.207401923034
0.354031801918
0.275764557363
0.330908038771
0.3324296988
0.319565281889
0.245404731087
0.259912295134
0.295693613825
0.304605400967
0.36581353319
0.305130990668
0.181883663151
0.377196174033
0.372356915808
0.331276735103
0.285846178116
0.295708627508
0.21051186697
0.239738091063
0.251602034567
0.36952297577
0.296709265148
0.267369112422
0.281331100266
0.259844650394
0.236877976292
0.336204933164
0.348536500791
0.328806531
0.212600863405
0.328355696133
0.203010627117
0.272177894227
0.431601551133
0.167459256763
0.279794727412
0.218220594507
0.344198028783
0.283887266853
0.337805602589
0.354641908248
0.292084461323
0.33698539011
0.243564798785
0.299665798017
0.365876725875
0.256102971093
0.275690981054
0.292121243456
0.300299329967
0.306075109166
0.285104384478
0.257585003388
0.318768016842
0.246644838274
0.387542369113
0.250533529962
0.240550676288
0.276962970224
0.22581986666
0.272015745887
0.29504556153
0.265458692423
0.288961525144
0.324896279693
0.236327860689
0.243663182597
0.307744105729
0.318759465937
0.356755321578
0.274436631419
0.295560320983
0.390382090443
0.268256757259
0.341743964
0.328024471866
0.306098742325
0.367867424455
0.505854965645
0.258039090406
0.335979875162
0.217912126775
0.289574795232
0.297051105168
0.29644593398
0.238714351368
0.281867373347
0.237866499359
0.329655441386
0.321425241707
0.187315982168
0.177062457058
0.338088939164
0.228465784378
0.320860930412
0.22737996492
0.33589774642
0.354597257669
0.31513769786
0.3056580094
0.221249684516
0.310315640359
0.320610896362
0.295222682942
0.232550649186
0.297442210724
0.288336141005
0.344334952656
0.248437178226
0.257772112535
0.321544143871
0.329219862091
0.287200870744
0.345246634001
0.277438233528
0.338942814479
0.297064657314
0.250707482574
0.225786285745
0.381568775364
0.28045154988
0.327433713725
0.310077698243
0.130996255699
0.269933766216
0.227689315964
0.283131127028
0.245955026762
0.24880889855
0.243435673406
0.359613423458
0.254551414913
0.243162321685
0.272375473002
0.264416502335
0.252702484171
0.31689750756
0.339183303125
0.183320914661
0.309953323973
0.250637341057
0.343102771943
0.322384807003
0.261425743517
0.282201307198
0.313788063659
0.184461697543
0.279962233189
0.242790362939
0.265723867867
0.259732708676
0.364169730747
0.235800861465
0.293431204918
0.224753625654
0.238194807093
0.225913759221
0.283522060904
0.361216767235
0.264784124241
0.194107237593
0.213950374768
0.298060398782
0.341998005504
0.241081400164
0.34323762508
0.324227787082
0.338281138757
0.231641870597
0.317442062583
0.280768517847
0.326591748972
0.381022074986
0.289603300783
0.303594878043
0.347359860225
0.268731989113
0.282399441072
0.295785452807
0.291908920427
0.296156291836
0.313999288102
0.336331615307
0.276580459913
0.374585871757
0.340147156628
0.327854902852
0.264683981083
0.231652766527
0.351822947215
0.301501072058
0.430116560641
0.367088811603
0.415195880854
0.266395002859
0.253982648369
0.230589999682
0.29981763858
0.284989851959
0.306757444845
0.273123524472
0.396710466211
0.362312594543
0.212577888386
0.325031203027
0.298980223927
0.284280324281
0.312967767419
0.257424861241
0.283836660459
0.341083189804
0.348775261945
0.258764218873
0.298123014771
0.319186077283
0.23139556018
0.353309676735
0.315471172968
0.388745564769
0.322311152872
0.381344096154
0.290679540602
0.303579869318
0.361883799755
0.304995637057
0.256495328783
0.252044666008
0.314974844479
0.245398969771
0.317615871817
0.312640128464
0.187376511653
0.343521842529
0.363681675689
0.327401627703
0.19505936985
0.299148700407
0.37142376999
0.316576355621
0.363268682478
0.306818266738
0.301122592656
0.284179910938
0.24008082041
0.23283929423
0.372309840823
0.332642628057
0.332591680278
0.426131445636
0.227118214184
0.31373988448
0.302446014612
0.265284376749
0.329329125811
0.26648838651
0.279782839121
0.32409169243
0.295324976472
0.340309492378
0.327372248813
0.380880086167
0.286635385578
0.22970839167
0.339510708861
0.242148565177
0.271822890663
0.341345222911
0.350404522536
0.234473637327
0.357965195145
0.309350442162
0.349894587258
0.339714788912
0.386178613885
0.321762979656
0.315908829533
0.227233914986
0.269597843971
0.381667033211
0.378140095876
0.345521801784
0.312438819852
0.299046905504
0.358922512318
0.376004555722
0.359996404239
0.397168498549
0.274134195878
0.367792218058
0.428048275018
0.266792788997
0.238532332365
0.337613705216
0.245099843836
0.294793316732
0.343250154602
0.296318177166
0.342165377862
0.301708235543
0.319535965923
0.289632145144
0.375058232352
0.319388239834
0.209378366816
0.332349723659
0.38102870573
0.288172911713
0.339145998194
0.367802813866
0.272911800946
0.185947979177
0.271399646795
0.262433003069
0.241082762045
0.328446384136
0.341999608663
0.256084250504
0.222834417393
0.376679292736
0.294980150231
0.35010379813
0.413076391724
0.269918809655
0.303914588718
0.304690656983
0.229876126662
0.371276059138
0.369810210263
0.196856043324
0.385118193215
0.219691417442
0.241839262955
0.347768811817
0.278694033649
0.325950570819
0.282324765314
0.305197762056
0.258548436814
0.184717055224
0.2642783566
0.351831867579
0.424031393334
0.364820898294
0.305137793376
0.293358077515
0.356016331957
0.238966742084
0.279590850442
0.236772899689
0.241014345759
0.308280486251
0.320334849501
0.185942475348
0.311329335256
0.201541947249
0.280250229077
0.302118102371
0.380682403829
0.219590913675
0.320509227567
0.277032151753
0.256571706162
0.22799091966
0.322954873983
0.298462945187
0.289508349573
0.33903510623
0.333972216549
0.295335608436
0.333337374397
0.338836486684
0.388063989654
0.252255855869
0.428685824145
0.245825290506
0.359790588174
0.239007892036
0.289550523539
0.223984089626
0.278642564853
0.281893426422
0.290134356457
0.333877599499
0.199173771731
0.264504831881
0.263183130558
0.411658989449
0.297298796477
0.308741348587
0.209245537448
0.255230047685
0.277197225016
0.313250705585
0.290194454925
0.260342538355
0.259272374614
0.266898513158
0.313675414618
0.382229456774
0.322591899262
0.263786134649
0.233455901923
0.331994584095
0.304619947698
0.287108582044
0.255530010635
0.300807565845
0.321175494456
0.240778865658
0.309631802906
0.316844971787
0.296765555085
0.235372649514
0.305105618333
0.394201898416
0.417463851312
0.286572290851
0.29316327113
0.402682169327
0.320228419285
0.215396614857
0.219017654693
0.285788481866
0.322716867741
0.261369537294
0.382497911719
0.275089720482
0.248223023155
0.25635665615
0.213796129673
0.385895136834
0.371558500091
0.338395677501
0.319456209592
0.374313969308
0.309567924607
0.291365928921
0.20624709189
0.45676306379
0.393515193081
0.340562503163
0.318087314397
0.252291373519
0.336249153865
0.287231338367
0.304505902168
0.285854175017
0.386185766104
0.333142469851
0.272231090364
0.394198652107
0.238647684285
0.216828950916
0.369067232442
0.276199099413
0.295909028129
0.318212895878
0.268197322904
0.386420104993
0.197666458361
0.357991182834
0.304824953189
0.417345095165
0.349467960239
0.28885650962
0.297899244354
0.329205589501
0.28851636698
0.336345044729
0.335589029267
0.311200956581
0.216929720586
0.183545877684
0.224256542192
0.228375068573
0.289476362335
0.267266388903
0.233461820348
0.279870775337
0.340350972904
0.200084790182
0.254459233229
0.39656055843
0.30847265235
0.24511470769
0.272521725555
0.378600720547
0.366516155096
0.249162185849
0.343009463548
0.312344681132
0.321310960268
0.255662766792
0.324856126901
0.267366665263
0.313465535132
0.296281065982
0.355455556306
0.303148172135
0.220870646996
0.309132643655
0.374372124958
0.325199799015
0.270378629251
0.256973367934
0.228847989306
0.324097426558
0.356266291015
0.354965177466
0.298067909337
0.290397707956
0.195488434769
0.28013470924
0.295322401694
0.372841612287
0.341294448767
0.264858560893
0.214708678052
0.303840982956
0.318960517678
0.230009179336
0.289480034714
0.274654099334
0.280920529877
0.298254219657
0.321022460939
0.218970850589
0.292483493348
0.409834693019
0.225876649848
0.312412351162
0.302815451009
0.324596891714
0.329360710768
0.320334717677
0.262430889366
0.297215027302
0.345184103139
0.267370670411
0.275589463482
0.234006559322
0.252494467619
0.321940239619
0.273880345557
0.255496653381
0.273508856846
0.353926001738
0.403760918213
0.26319619547
0.298854862113
0.346915991818
0.249699933536
0.361023030655
0.308150528412
0.25680146122
0.260971907654
0.305738716428
0.335313038214
0.339102494677
0.385941325719
0.22133766756
0.462913210517
0.320024165452
0.31138095646
0.25943517242
0.3611551785
0.346815151295
0.379066444695
0.22941188207
0.339308781374
0.322547786737
0.329048954813
0.410996943118
0.384184249396
0.282551682269
0.254678907163
0.264632476075
0.319125064243
0.354727377043
0.410429729867
0.362184954851
0.313513373651
0.269800784265
0.318159597411
0.333790053104
0.253715214137
0.281249382003
0.293137467214
0.261021101121
0.159251559594
0.304003056431
0.31358110146
0.31153970462
0.317086011149
0.327773561799
0.249927220812
0.379842233205
0.204481267804
0.362357199867
0.410477537692
0.352993745963
0.314492974126
0.407706294678
0.318716423107
0.424086207673
0.315330831276
0.322598492674
0.297254355354
0.297520654062
0.362527929556
0.310119754963
0.300846534771
0.236517691578
0.377683322505
0.392265498479
0.328480684909
0.336027527014
0.274619213259
0.198347567233
0.259604305429
0.313323047355
0.270876698851
0.310160403018
0.283942806065
0.295397491458
0.323522303873
0.27079921307
0.412531644287
0.310318273863
0.348868428089
0.33090798926
0.375882877769
0.300284229033
0.356670341656
0.268559687503
0.197786693145
0.33151674065
0.293350360158
0.305328653296
0.289198608604
0.245220193762
0.383655875993
0.297570412413
0.291484280681
0.345350267326
0.228135828278
0.291352413232
0.304499457167
0.234703152787
0.352107302231
0.131427490915
0.249877806575
0.371188879146
0.307386274312
0.305313250613
0.321564292088
0.412480620735
0.219104321114
0.22694870095
0.272921344782
0.314362257972
0.333766010901
0.256274389624
0.345778228065
0.22309710344
0.31600737314
0.309923452434
0.252354280609
0.343925457145
0.222068549307
0.254512686306
0.375842689336
0.34110894506
0.264814146394
0.330294444791
0.272373757301
0.280714273291
0.283872783249
0.36910728209
0.308479800211
0.336544967421
0.290711277904
0.35936139281
0.321337967258
0.357897803892
0.329430697333
0.25127022547
0.265771816802
0.344172765624
0.332498401025
0.281611346301
0.271627858918
0.332406519248
0.349349345111
0.371124028473
0.259338508776
0.416427794654
0.302171867817
0.395260569162
0.22775598477
0.310509272825
0.283043313471
0.310698279778
0.233411363956
0.228164418403
0.286415166286
0.264604705022
0.329940811247
0.25344900668
0.372514989768
0.278556562346
0.298003955717
0.284362452881
0.349045988975
0.323804537014
0.385939776034
0.387004192266
0.249352141857
0.332334734215
0.164579990901
0.31236556076
0.275727113287
0.339591113278
0.29191423528
0.217198939456
0.296881293677
0.295803601066
0.167889422871
0.247203330471
0.276293575591
0.321125550759
0.327351461156
0.280179177696
0.327618494546
0.323661774293
0.292556073178
0.331886398331
0.253996522546
0.205418387431
0.34399195444
0.337143589159
0.344419482923
0.293787494211
0.314099623234
0.301550129867
0.225383708365
0.298770984699
0.364356446277
0.306291134145
0.31614435998
0.340334093116
0.262981846765
0.264973431903
0.299735828061
0.233009901312
0.205821956991
0.335497196992
0.299728002678
0.408624275701
0.311948634244
0.33378522611
0.27124335791
0.30438339286
0.196917413113
0.326864038581
0.387152733235
0.300956499764
0.299232749086
0.228220463181
0.239994028976
0.299615637386
0.370826933924
0.262941607076
0.212067353198
0.240194548244
0.311656385849
0.242287312861
0.223603787504
0.408758101218
0.310585750744
0.233246567136
0.266975794408
0.260939454902
0.239430304138
0.365423720281
0.278493253009
0.270904922617
0.37193793389
0.353817858075
0.277331106385
0.28038757116
0.249937290651
0.303788282025
0.271002928631
0.316946134126
0.283405857391
0.397640733033
0.238871031093
0.379346552157
0.307431315996
0.288661685427
0.263286931238
0.313273266448
0.37333195243
0.288195732604
0.256360760328
0.235157192301
0.290084308556
0.272563297967
0.250383434511
0.325828105351
0.306831816821
0.286743937498
0.268404648096
0.297459833637
0.290582548051
0.362932372548
0.210983974452
0.335931237899
0.252935986645
0.252167053544
0.271960602853
0.187557626125
0.273385168649
0.390530183636
0.311645262959
0.238548105728
0.278419865459
0.329098238725
0.365697573015
0.315433336073
0.245039353058
0.313976365804
0.187220502272
0.2788991268
0.366739075905
0.328953011587
0.395995612693
0.21123991221
0.258813036706
0.268901914304
0.35043380462
0.320696595092
0.441975182577
0.255520892327
0.207950208112
0.282771155087
0.329572773359
0.301141687844
0.308778476204
0.328390884963
0.262079888666
0.201569350716
0.261298450738
0.350593377614
0.234150631381
0.302838759468
0.277936442801
0.268893751134
0.288118279686
0.289164468852
0.257012808439
0.229002329306
0.238646354521
0.271897319542
0.299831143593
0.336495618786
0.215647566565
0.341111915878
0.331357503277
0.195665847659
0.395442903606
0.319099008184
0.28774834732
0.286099608471
0.248512977451
0.286375769774
0.316789317404
0.27712895511
0.324435261847
0.383427908836
0.317218668536
0.344268371461
0.323429846213
0.316235246564
0.341862566736
0.287145398772
0.268606145455
0.224516781349
0.288127099179
0.299714605755
0.34350738073
0.370173661008
0.34722539336
0.310012273417
0.275391524544
0.28917310702
0.277884399026
0.230009968761
0.35717851246
0.256040136831
0.272014913027
0.288132608197
0.310198150248
0.328243413575
0.25841091047
0.329839465015
0.313664720673
0.322410659939
0.269677886896
0.312499101782
0.363581060145
0.33687165501
0.316577704292
0.251609378521
0.327458830496
0.241069983828
0.272650955468
0.298822304435
0.292873373147
0.285257761545
0.24678769399
0.348436729144
0.225028239022
0.253927367139
0.278643589215
0.320790393412
0.258319682704
0.300045659732
0.238411497147
0.242699111918
0.331494672316
0.309464122846
0.341286913432
0.345995892827
0.255596838255
0.309404592071
0.338527023939
0.293729706425
0.248627579919
0.386932099958
0.376462660721
0.325010416635
0.299427321885
0.368280023543
0.336263956393
0.314091028115
0.344679892473
0.168717905094
0.269984774301
0.247221237757
0.349934144371
0.266226550776
0.277377169934
0.337866637605
0.313387263991
0.273522681124
0.258000951566
0.203589895455
0.320313950419
0.185687124019
0.377592992722
0.437225749044
0.340860330948
0.235948858218
0.228556694543
0.271142612523
0.242619777553
0.392751854772
0.259903858591
0.261225653569
0.280856553392
0.225223007863
0.455361796652
0.374692038192
0.327893930066
0.263215601205
0.244337277984
0.309844127165
0.293630822517
0.320567468017
0.319981828263
0.241093681307
0.301094300488
0.320440890511
0.340110676093
0.33599904179
0.369772370435
0.205173204819
0.297258206791
0.279474285311
0.299826553584
0.218567814408
0.285927410201
0.2952406259
0.348924332888
0.27679611152
0.29214181314
0.358928427709
0.262740120661
0.341392003156
0.281738888706
0.278237943307
0.277522293838
0.246800197411
0.211531085343
0.37270383623
0.302309633543
0.235250593942
0.277063574927
0.231542744867
0.304625066898
0.281600910818
0.373470177042
0.226064981144
0.28075642021
0.221641971492
0.312999765904
0.402338787038
0.263352847062
0.255048403023
0.30165170428
0.274806195056
0.281216359993
0.303211734335
0.388112295808
0.343827122234
0.266198023973
0.339483581123
0.3592395035
0.364775532424
0.161428727728
0.191485488783
0.299072736677
0.335408735753
0.385040099958
0.253232063708
0.229161286205
0.297253802218
0.41856669451
0.24676177263
0.308350362903
0.399310786485
0.296193517694
0.265984070413
0.251185110642
0.28860864203
0.255342284281
0.193181885707
0.345130179168
0.413832483161
0.303710827602
0.276213728413
0.30039350409
0.211943144092
0.330949285
0.343171897801
0.28012454559
0.382603563414
0.293899925958
0.31707822458
0.382894926432
0.340921145639
0.270055749131
0.25475287176
0.322185472143
0.352571604463
0.281933651403
0.328097210458
0.299231539433
0.31179050497
0.324123049547
0.281196243367
0.331475664955
0.237657630295
0.305306092155
0.269980609636
0.262890774141
0.404535640943
0.316304066257
0.322746679376
0.264255131388
0.334964709294
0.429629314238
0.190480550554
0.391343055208
0.326361482401
0.268105204204
0.308043142138
0.221538816931
0.422830206136
0.343643510038
0.229172930592
0.296683956348
0.299509087365
0.330753051861
0.294591706998
0.270127472737
0.322893412309
0.390602577717
0.338534969936
0.337553803976
0.268988514908
0.328999962345
0.330835199528
0.261007700995
0.318966577225
0.278883357621
0.31176588323
0.244552816999
0.300656619184
0.343592130911
0.298698540275
0.272386703555
0.313631572923
0.323060707412
0.411145032616
0.401103706491
0.281030641656
0.305638722501
0.331315935884
0.279393576876
0.230335595609
0.389000280318
0.257129450555
0.275305776778
0.242219118528
0.243292166984
0.288760198863
0.31724635538
0.255644697883
0.300886080041
0.267835064733
0.31230149481
0.25611124472
0.257614682457
0.489756143148
0.313165435037
0.351185774197
0.280401582383
0.398248950633
0.307209864309
0.323325190492
0.316056336811
0.338859165681
0.224289113637
0.341789596907
0.345870255633
0.319002288112
0.32864316564
0.30901903771
0.318639584082
0.340639341734
0.339541113225
0.308210458192
0.274623552919
0.371536787877
0.36353980608
0.27167880571
0.31058374248
0.286217937804
0.269085921821
0.297745982835
0.229842555432
0.251618791137
0.193401781676
0.296224810083
0.354201922386
0.334625320218
0.312039816445
0.295914338016
0.363554365484
0.244448366035
0.260796066287
0.292362127175
0.259429249502
0.249547682058
0.370962950734
0.19628895357
0.297057297667
0.32573968957
0.363566416287
0.240611207327
0.313848489804
0.314817909537
0.197221129934
0.224603748659
0.308112088603
0.375836934611
0.279471585507
0.300446435143
0.357081215577
0.272521379781
0.216631343412
0.38516749167
0.252465743854
0.227252182698
0.250958545183
0.426244247192
0.240940418629
0.329561400199
0.331542385045
0.264705655135
0.304195574854
0.332404483967
0.240495623185
0.245059384549
0.409868473751
0.281670239403
0.413820880975
0.264020471224
0.266620167587
0.468708779814
0.366898552522
0.302225038455
0.35275499422
0.232870453851
0.220952051078
0.201110908676
0.307336193679
0.366075053986
0.270793897029
0.269138484441
0.24205903902
0.282893078914
0.236584334954
0.381732060984
0.278248988796
0.293256952003
0.306736586163
0.331217618254
0.217155709997
0.277392934648
0.267304318994
0.295593087123
0.243564864932
0.236859478959
0.245883963649
0.296110437769
0.263478354251
0.224811452792
0.277104134311
0.350949020593
0.237032825915
0.303112818989
0.34253895059
0.218924248793
0.282611262837
0.228023464719
0.235530829153
0.287097554323
0.357860977303
0.271464742184
0.203858686276
0.292575426887
0.304436270872
0.24928199514
0.360243279669
0.214163174664
0.270379132341
0.339773519468
0.197577427548
0.197912063539
0.271050773544
0.257813964991
0.415845446446
0.283813579606
0.281963649111
0.268101381166
0.277225621002
0.265374939302
0.280192347625
0.351335681446
0.318296453971
0.39007228021
0.269044331708
0.2573282673
0.31207687179
0.191733910552
0.220927482843
0.338754331236
0.386568196626
0.256130487968
0.240336533526
0.215565420138
0.241652263619
0.342839110713
0.296367927464
0.279709113404
0.208295371676
0.200170577803
0.225313972351
0.31919948511
0.32204776036
0.335507094136
0.393026956387
0.338510345915
0.301688104927
0.212471293563
0.396414606254
0.282440526929
0.338519078163
0.460011531059
0.298805778758
0.43553207916
0.240489016361
0.197297504901
0.320852520434
0.274875660537
0.3936140638
0.25727298793
0.242983794198
0.344995313649
0.233479591909
0.346805984376
0.285944647955
0.259833097717
0.305199682022
0.293035854817
0.345267057923
0.258788651553
0.16260990568
0.352745745912
0.301941597893
0.327288539009
0.236624390167
0.291810210089
0.37335452362
0.351860273736
0.242955331141
0.330850363089
0.274522662342
0.271606692106
0.312899760498
0.259348805226
0.212276321921
0.266494874193
0.375195127894
0.246888218726
0.272538601548
0.276849797283
0.248139785515
0.283059506628
0.29863810405
0.291942633455
0.367483854004
0.346000151249
0.382784328715
0.256625901731
0.315748365828
0.345147241941
0.244664847434
0.291135145033
0.227123695797
0.133309169502
0.323250685388
0.21096379026
0.339904119185
0.29573388182
0.280984715743
0.319668330039
0.328323880782
0.397491029277
0.304987559484
0.282929289537
0.362602650685
0.328490982649
0.235812778344
0.346319622093
0.260890944101
0.343012608998
0.320704720643
0.359066838602
0.274164935695
0.238823467574
0.271693417426
0.279502310953
0.244907189083
0.246180754958
0.248477108413
0.242686371741
0.295666320352
0.276321087415
0.301877374357
0.395685311664
0.282379064118
0.330154725686
0.364267458933
0.345430982726
0.314674770226
0.34784395122
0.308793566129
0.397919999936
0.347011710158
0.301711674328
0.421765139678
0.313558107748
0.239306484021
0.304162244838
0.205374652197
0.292980116928
0.234433534625
0.254198990226
0.309599527263
0.2578883235
0.362578358039
0.346127059972
0.375981257422
0.408263169848
0.361835448491
0.200883613958
0.214252488615
0.34415451369
0.275655476425
0.364026967253
0.335433178596
0.255842714342
0.262969431017
0.283109926522
0.289135786856
0.204416559108
0.362979516145
0.33402324092
0.338307694614
0.329380799203
0.312129644161
0.284665476079
0.293065825233
0.333799800942
0.298199308352
0.284410291078
0.319852013371
0.330979087992
0.34760579312
0.245177152008
0.208864048767
0.314170744873
0.220140328771
0.259899902652
0.333547743198
0.264820790404
0.25233967151
0.360121478044
0.401557467237
0.27324874049
0.307438595934
0.233161639536
0.336000026088
0.300281406509
0.298754239423
0.365793464532
0.166909984961
0.30714792142
0.272343366831
0.273722435239
0.289002875998
0.243843564797
0.341253244239
0.360542509428
0.406844292672
0.223319626407
0.329621359856
0.336388738849
0.207151449281
0.390756226374
0.340210780088
0.313090543446
0.269962115275
0.323381972816
0.393772642314
0.329259287238
0.239118782156
0.229915273253
0.255601433779
0.338786286142
0.276069438927
0.306048095494
0.338846737422
0.36071030095
0.268935363981
0.37131624622
0.31392987021
0.372023802234
0.231917098549
0.301162267669
0.305375897959
0.304306387388
0.267911800817
0.205455748067
0.218852149488
0.320503731847
0.317593891353
0.340888642547
0.280852831925
0.226282820407
0.272031285798
0.35991648769
0.38848952944
0.258694010337
0.230258580967
0.375342368595
0.27019084352
0.310195751801
0.326886486611
0.24292344648
0.376769349435
0.297437186557
0.476388481323
0.290112675885
0.307271122681
0.30214901886
0.34876608004
0.331971147573
0.323930554736
0.287054462538
0.247996968282
0.25571659247
0.330775192731
0.288848712482
0.202898146992
0.254581658884
0.309101294917
0.27160389639
0.331731733424
0.430254951978
0.264346108596
0.181894753271
0.322330916713
0.34469320158
0.264914121129
0.250744416698
0.317550712399
0.254281841023
0.349280351716
0.408589549106
0.306628454563
0.266180804554
0.335566545576
0.344974003775
0.249448174114
0.238605383575
0.353247494078
0.324199768528
0.282217747479
0.328705226905
0.261471309909
0.261299674655
0.377693619576
0.274845932835
0.348575247156
0.298975170787
0.329253534897
0.335640083254
0.330436904543
0.265724321231
0.290470887168
0.313305325442
0.447781822558
0.327845252683
0.316004041151
0.250654421136
0.385768666839
0.252985380411
0.27135870521
0.302795405902
0.37613640594
0.349658622263
0.416091769791
0.400145169346
0.337645967828
0.27566194619
0.282198144266
0.335756867526
0.247722402008
0.277930773262
0.304305427169
0.337409560336
0.263106219208
0.313671330992
0.202503180478
0.260330879903
0.281868508889
0.273236764976
0.308852884299
0.365970658058
0.321170394198
0.241139254745
0.30216347484
0.25847674697
0.288150639164
0.284588618944
0.347775507366
0.331682325216
0.305416645693
0.324664048807
0.298563948582
0.239245389494
0.200566942412
0.293981478272
0.299681294023
0.309414867544
0.332460444116
0.255618742956
0.327545746979
0.334020880469
0.247224420482
0.365068920952
0.300808383818
0.341589622999
0.273026874177
0.222229568854
0.268435324998
0.301197668848
0.259402446425
0.28487976168
0.301633161553
0.254686265937
0.26639109177
0.30603778379
0.312881853256
0.307411193892
0.334734256072
0.257342733908
0.274090350381
0.357434077475
0.260112558501
0.321546309304
0.327840569972
0.302131308623
0.299741107386
0.350092627065
0.352753943215
0.370876710266
0.277480189974
0.247675632015
0.290310537868
0.320774320972
0.395565708977
0.244210493731
0.354893563165
0.283764374852
0.357829565265
0.252980179069
0.347055674168
0.295530511962
0.241183304748
0.289839797827
0.268639456417
0.315624076082
0.22439827782
0.27639182176
0.253825596418
0.313932670909
0.362762104892
0.318644908015
0.30031944321
0.351600406295
0.372507538769
0.356095659288
0.425791099725
0.296168303943
0.305046729319
0.228371545011
0.393792352059
0.218949163459
0.288236983864
0.296232488326
0.376650195837
0.291609076169
0.329571410886
0.203524605561
0.215083348952
0.367038657827
0.232453405087
0.306539129566
0.299834042128
0.319008273557
0.299223728525
0.460627641629
0.304617113842
0.357273592345
0.303093157714
0.282303274426
0.358352568924
0.368613776823
0.294212522759
0.209226946959
0.358734052102
0.308949952154
0.23081058912
0.328970071191
0.338059842575
0.279442901377
0.271653024071
0.280397386994
0.301940452637
0.21711173776
0.234303317801
0.317907403355
0.271890705139
0.346157759966
0.333131114886
0.277179551118
0.269367180081
0.227964662207
0.312577392119
0.312740559258
0.232809969283
0.258922513008
0.30182625293
0.286971034827
0.280894690152
0.232076163169
0.391609252727
0.300479859552
0.306053103656
0.283988790361
0.30547000903
0.22722119494
0.351501981267
0.364384617053
0.344029134962
0.362438026461
0.229669959438
0.292365716565
0.341920051943
0.325104268278
0.280476324348
0.250254121322
0.301746784571
0.26916923971
0.412737470559
0.34700194686
0.288648203902
0.219627598827
0.308727346512
0.328876696396
0.387534864753
0.304846216916
0.248454682657
0.391442427903
0.2439670905
0.319111249879
0.255749193626
0.353004723539
0.26129237264
0.189794347697
0.251549867113
0.278108265758
0.228095255315
0.30890617907
0.301972159427
0.236170904503
0.291185631604
0.300422549531
0.372015206149
0.210330174816
0.342015683726
0.342003800381
0.299958004199
0.246377820594
0.283530915218
0.326907246531
0.333278529654
0.27368193745
0.32885856963
0.317615579222
0.389543313296
0.44094562955
0.362216074545
0.358593370825
0.299082884458
0.265711041811
0.187496839246
0.265494486896
0.387109245622
0.27032660847
0.337186734624
0.28128644606
0.3752368663
0.34105245768
0.281407955137
0.297951117638
0.294326738059
0.397786946059
0.274207034156
0.345533942305
0.195903633428
0.33459164329
0.28514424311
0.223589765169
0.29325312657
0.327382828674
0.244317724029
0.334438353967
0.396090678895
0.277719888584
0.31711902474
0.338926503777
0.317161579624
0.235371593214
0.224930381423
0.307352646162
0.287917628545
0.252869794182
0.364885107996
0.275850414053
0.376711794386
0.336774638156
0.30849358607
0.241587607435
0.400354626988
0.367551250911
0.245718812518
0.258613581871
0.346695482253
0.284118637331
0.317968064771
0.330507966208
0.358896240692
0.345022785166
0.259667894816
0.330363247383
0.422439826586
0.375111885353
0.380123045271
0.329959128797
0.284431230661
0.168916272205
0.366757671912
0.300295817471
0.239055210236
0.377221717329
0.283907080617
0.335851669503
0.326502192289
0.194816027205
0.259571564645
0.289256539706
0.276340805238
0.203410222867
0.215369404672
0.320053884386
0.286415426655
0.316672451448
0.297516874655
0.316134713013
0.217291530568
0.207255682736
0.346746972521
0.333319505111
0.323131733176
0.304295893359
0.226565130475
0.287104161922
0.362988539232
0.446794598017
0.407062038231
0.248672069109
0.216562768481
0.277270098874
0.31221537884
0.306611139368
0.261725455335
0.326406030209
0.377679668454
0.247526158693
0.290124925932
0.289530083898
0.254563958542
0.329626280058
0.257233289268
0.298622128197
0.33024461241
0.227889018443
0.353261622975
0.326032745811
0.333738388967
0.284708524926
0.310523304142
0.254021561112
0.270254814978
0.319400362571
0.304705101281
0.402830396575
0.324350739361
0.393909810279
0.335277209334
0.336632021065
0.451422929892
0.322463644068
0.230765529303
0.338192530325
0.210385523391
0.287851082114
0.401861058621
0.206294501156
0.208283067948
0.36130188468
0.300593447184
0.232467946071
0.330273112976
0.28402559187
0.307055500835
0.297487654908
0.252247163775
0.264551837692
0.315138918104
0.305839717182
0.286333041696
0.35206221982
0.269134275735
0.314896410629
0.295273034163
0.318541609224
0.215592055885
0.22856024295
0.427851054545
0.292622067737
0.349819873329
0.196640157442
0.164964785123
0.240575996419
0.334504613785
0.387641616176
0.246716920022
0.296158792348
0.346304732883
0.337520552011
0.304030710535
0.206100806215
0.33791412793
0.253753018934
0.340318750257
0.311750371932
0.291561331595
0.33420002758
0.298603127602
0.281219958418
0.357788404997
0.276529343574
0.237409858941
0.214654406558
0.247937123962
0.327747597568
0.353325732049
0.379422532271
0.327354958549
0.37331852015
0.336238114947
0.287083619411
0.268626800557
0.359523234641
0.228688883808
0.364729928785
0.301177250757
0.249550070854
0.422225244853
0.254345804907
0.238576068052
0.258355656415
0.290090497588
0.267912732625
0.259627910687
0.237329668959
0.231248680516
0.279573159003
0.269220668275
0.197181230032
0.39195079919
0.307857885134
0.244358706705
0.218337673665
0.400654674739
0.332932258579
0.276793314953
0.339511970435
0.293760813488
0.19797896306
0.265253021905
0.274786987481
0.314438146201
0.332401641032
0.329649982296
0.368453606493
0.300300001704
0.41034179111
0.252418206379
0.312816008621
0.397998248626
0.274579976135
0.285649863531
0.279767448428
0.235366378816
0.327486675853
0.327235879703
0.29275461691
0.273848495737
0.328857165738
0.304940220489
0.293476299248
0.271995590605
0.313475157883
0.397330441794
0.304556471001
0.301494458207
0.325298510836
0.278413112129
0.287099073122
0.283989461956
0.339429292264
0.265871075275
0.365306647699
0.262873752387
0.282978751076
0.256097304652
0.36639431868
0.281810504253
0.267095207849
0.286160075418
0.213894627122
0.286648266774
0.291595461969
0.148134980664
0.285106186163
0.241527355571
0.334102212893
0.309795097369
0.254273618922
0.298849765783
0.290557842292
0.332386028183
0.332843608764
0.330198962252
0.345523444907
0.325528598669
0.304454201924
0.320111095036
0.249743551645
0.342455274753
0.301453355635
0.24703675475
0.262950466035
0.344740285321
0.272572114447
0.381397042371
0.30002779585
0.287719225774
0.308230368402
0.233589076228
0.351715544209
0.228882671829
0.379370872599
0.409055901728
0.307560773088
0.293651761476
0.308769540317
0.235622145352
0.319117974397
0.256258632137
0.271130997129
0.325832997017
0.252913278418
0.304218188338
0.267907425287
0.319504935344
0.327211077896
0.277552144412
0.276128927085
0.36737158586
0.250317047266
0.320425539359
0.326050125918
0.345909940999
0.255121208014
0.224348992113
0.268523432962
0.212182685688
0.352462502559
0.340626077577
0.347596831295
0.300736396175
0.240438101159
0.249133592096
0.34398269959
0.399917797735
0.30480515801
0.215583160093
0.273908590966
0.333809173895
0.369905614187
0.215541716961
0.357354762699
0.197104718361
0.339052213718
0.280039690497
0.28486454532
0.206250630054
0.24274316385
0.410066710682
0.293859429403
0.286459704377
0.286805047273
0.328822092879
0.337647084541
0.209662077513
0.292442459491
0.229657369485
0.308235012179
0.28018268129
0.330413089381
0.349924446456
0.240844573061
0.294095852834
0.25371888679
0.210090134858
0.250637242495
0.311627793867
0.287951694991
0.384346186913
0.344979009132
0.419253994153
0.202929577113
0.374952060938
0.209835284815
0.286733938882
0.291917134796
0.286586536992
0.199575861765
0.211295342085
0.190234135295
0.363436771013
0.259119921366
0.219809150391
0.273017162478
0.320697833165
0.28966173321
0.239061236376
0.28916685562
0.240746966724
0.337007045481
0.29587945803
0.220021361919
0.322557704232
0.3671466331
0.374453414864
0.368931019669
0.376528967798
0.249326211204
0.383981560939
0.249909064729
0.270804650095
0.254501243694
0.208381164938
0.231280810345
0.257719980978
0.459383243944
0.250103608839
0.273060768592
0.271500140387
0.366827913806
0.248899485273
0.405046495036
0.326459470768
0.269895771917
0.278781605769
0.281643518472
0.377348708028
0.261577513611
0.196820839486
0.319615762287
0.257339433694
0.302267086603
0.296620347424
0.261620114164
0.295626101418
0.252638721578
0.250133668415
0.293854554257
0.221087889178
0.310850594968
0.253800168252
0.276344017815
0.25157186239
0.235218884868
0.28111980995
0.33069153055
0.413297752503
0.333970303389
0.270536032955
0.329740789225
0.318828906676
0.40697938909
0.348406935763
0.229541698751
0.300911925826
0.221710135589
0.265971523739
0.2460048423
0.403245763543
0.209085104317
0.310346653685
0.242750924395
0.258820473917
0.325809742512
0.259930461946
0.242551895737
0.264026583808
0.289013780714
0.326397609911
0.346006411488
0.267970959748
0.268349933506
0.323376464078
0.288698823905
0.246652085315
0.260913323453
0.339843762351
0.36316504697
0.348805767332
0.274178066539
0.306807194328
0.293250969181
0.326929080379
0.26733123919
0.310594255892
0.299124873278
0.321832514272
0.40109215887
0.23847343561
0.277390688963
0.379675282995
0.220939637795
0.213398273077
0.412870101893
0.322381990186
0.283698331623
0.236539030983
0.281045526823
0.213232974048
0.281095550671
0.331239859236
0.273470854006
0.27474759465
0.242435609359
0.348245824754
0.229327685767
0.225027641516
0.245614561047
0.278282896324
0.289905097597
0.333020364712
0.266159176988
0.324088999273
0.341131093847
0.257927483431
0.252183606987
0.258326951002
0.34423400374
0.274500170702
0.314874034276
0.274757954961
0.297774262182
0.316197098557
0.247154524351
0.245790109319
0.35376792262
0.272490793159
0.287920880013
0.259733727476
0.272811978105
0.326144350455
0.278363499668
0.227338463623
0.219012004902
0.395032952448
0.171014516753
0.259005413963
0.399733159526
0.245398792253
0.368921431919
0.230332159541
0.313619008806
0.307373667026
0.31067858753
0.292994871011
0.279914320736
0.258208811887
0.27560386325
0.215441220117
0.318662654468
0.326295474145
0.308812054975
0.244799881134
0.25303642002
0.287709820159
0.255329281372
0.229554156908
0.302614323264
0.235623820509
0.358165318933
0.258234586952
0.225533894759
0.26814887332
0.371241587253
0.319459290856
0.224337754121
0.253977152874
0.223120292694
0.328966762407
0.293006631877
0.335553239195
0.255222216522
0.33780024981
0.209765856962
0.262002444857
0.285622786174
0.303182813395
0.267648048827
0.226285365702
0.307600590838
0.353441012427
0.350826374565
0.342661813248
0.254412463491
0.267302025574
0.276438728617
0.229120735508
0.321953000933
0.29080388023
0.184593608659
0.245434867445
0.209307736284
0.248049667622
0.285821029133
0.234639173172
0.215706663408
0.363851764229
0.294897078649
0.266894998324
0.34274226237
0.299525679696
0.273962631834
0.320470563395
0.20983786749
0.341737351145
0.222224311053
0.18052727375
0.316080629748
0.275690898734
0.305602516968
0.251798396877
0.323240221984
0.240127885335
0.330160109314
0.299624826817
0.29921431831
0.452375224577
0.24036768677
0.319666210088
0.333067495295
0.24962089426
0.227027389084
0.294647221697
0.220232486877
0.428026692601
0.283006608644
0.363536535099
0.3028333294
0.206705350245
0.377213918888
0.291694683742
0.279231172084
0.29812227948
0.29157847976
0.303443438798
0.312718148143
0.341802178751
0.340019373285
0.277137749088
0.319224455328
0.325893066886
0.323500303477
0.398812237971
0.342027685163
0.336179755513
0.311731351089
0.262416217613
0.406389282939
0.260570229541
0.252272799689
0.262151253435
0.269881781006
0.227454464755
0.296276377205
0.429365012062
0.213799827082
0.346206655119
0.334611090447
0.332561285076
0.342527654179
0.332773629774
0.355087253125
0.320111418435
0.310269412224
0.354504441565
0.281001308166
0.268620659464
0.314936569644
0.261648671515
0.363551951113
0.260217271493
0.189021811772
0.342195085429
0.398288299442
0.276151521917
0.255341148653
0.307623733233
0.396219231626
0.32438725996
0.371818420508
0.329991855708
0.280849562851
0.376887435366
0.283559545608
0.320431425715
0.255690920036
0.268834597003
0.394073468368
0.30573968954
0.257400908147
0.245858841282
0.274101905354
0.349784968519
0.399321403175
0.314421925657
0.293593149564
0.302035542338
0.348083276742
0.319446241264
0.295940783182
0.29768875147
0.328847328676
0.262024681367
0.327249902264
0.352458959725
0.272765167921
0.304357510495
0.206062504567
0.26903411997
0.254190702256
0.340369823018
0.274852969954
0.267643551204
0.238605696843
0.383961931135
0.312966845905
0.180371787632
0.214900123489
0.311109637864
0.234659071479
0.319047655317
0.278669436819
0.248735027545
0.278959489077
0.267656308938
0.328988613733
0.300372991559
0.228404122327
0.250994847266
0.338760475855
0.340035573489
0.340311455838
0.300873199275
0.224478556914
0.294181053434
0.253912041291
0.394276716902
0.317723423248
0.312606351598
0.296778923335
0.250537583698
0.287783948002
0.312467682473
0.330940642401
0.276520769235
0.253439942362
0.262468238801
0.211750747666
0.377497261959
0.256316998653
0.299506462896
0.350167075357
0.240548926563
0.249642045989
0.277086381477
0.403619618131
0.289832504095
0.359870676087
0.285240434586
0.322157098736
0.344372979058
0.342130676036
0.28184020585
0.360848124218
0.352759716175
0.254962668951
0.337705793287
0.26903921296
0.264455256064
0.229463689673
0.266120554519
0.328937788002
0.264323310118
0.246209489498
0.314147383943
0.335939987513
0.331358369033
0.355202141446
0.294854648395
0.287098520299
0.313599724279
0.240450069932
0.344413086861
0.260032101234
0.277683575218
0.313923750125
0.377358629175
0.235295455894
0.285536818678
0.272049796939
0.240598600845
0.379121140127
0.279640687379
0.324022600844
0.222027525587
0.281603194793
0.211122291014
0.265251992505
0.344638265464
0.303720569018
0.368332103934
0.328759278583
0.339692569942
0.320283098904
0.274867756205
0.372004118262
0.343773943219
0.356086815754
0.230072007202
0.336299021689
0.235287962041
0.248502445347
0.380223740986
0.351962431157
0.248383732448
0.271855706435
0.34676603437
0.308223221917
0.321648293749
0.315053766048
0.28206891671
0.284024425929
0.314745112093
0.300941464427
0.30831201009
0.30358975059
0.260862513975
0.272719070492
0.25813411302
0.275207566384
0.395812915753
0.249386163099
0.216984139686
0.253899458183
0.311111233633
0.203498344131
0.34662352053
0.368571175886
0.344283162876
0.322711805178
0.202130794242
0.244359829777
0.325731489522
0.281912565409
0.360382910988
0.171438876536
0.311157581943
0.357622686802
0.317514757851
0.307788430852
0.402862964874
0.284459962419
0.241282845409
0.26951256477
0.305861377402
0.318590071868
0.206492106423
0.16286100944
0.313191980979
0.292519381871
0.273688142876
0.254657480604
0.291184265384
0.228202566386
0.302775451933
0.380802766577
0.29768228992
0.285919775601
0.280527822905
0.179186274984
0.379388235146
0.221994148724
0.243985432425
0.258176239669
0.38016465313
0.300070852779
0.323721283168
0.289083572256
0.249454309571
0.292481104016
0.316075096841
0.271245010552
0.29228004162
0.311346519631
0.206979198676
0.294492541131
0.326935469992
0.35609992206
0.366175250896
0.248861118527
0.300031502048
0.355024358965
0.228604390175
0.343653636425
0.303199896667
0.320323886831
0.431237504358
0.24696440067
0.316333976323
0.358866059599
0.272412566533
0.342256614759
0.27953060372
0.193591711728
0.314031702697
0.343579321341
0.224216485953
0.263441848073
0.414928560352
0.184732133893
0.294161419849
0.28996456011
0.262031792576
0.271179065585
0.278498454189
0.334392246553
0.379974980397
0.248209057944
0.254120740284
0.301546881162
0.228437146161
0.220056896174
0.317843661855
0.272553255564
0.246281069723
0.266932626368
0.341205553348
0.431222478134
0.335551402191
0.292135925386
0.264299909815
0.374174877309
0.338992422892
0.253694956946
0.202527614553
0.282678267286
0.335446834868
0.409467770699
0.428735059673
0.385533374816
0.363349167263
0.382514868058
0.406148112313
0.310468920583
0.214061364279
0.243893445937
0.257391182542
0.305389480559
0.244303215893
0.302570647519
0.264508385323
0.257038435856
0.375577887293
0.307884718524
0.358153636923
0.334109885427
0.397277081669
0.294125717965
0.34960835759
0.258043913234
0.320233211785
0.351395000963
0.243715283642
0.349503360359
0.217686422372
0.278560041764
0.244141624679
0.300435163778
0.312854636409
0.286386842416
0.25565496051
0.318446044535
0.219321068793
0.275704718239
0.278472860158
0.343616979834
0.353897695801
0.315664665002
0.392768215173
0.336835129841
0.314543840639
0.281303279784
0.326679399724
0.37013552495
0.368277641686
0.296595083425
0.399358853422
0.316898147869
0.292760480142
0.291158588806
0.269674574608
0.234935818839
0.321608323704
0.339721170705
0.374156325433
0.197985103089
0.269184982216
0.290924904759
0.301666310081
0.4122056507
0.312688306781
0.34337823916
0.27105306079
0.465383785205
0.387466865163
0.317861944969
0.311196184949
0.342179966876
0.297676397888
0.298996272649
0.208228846854
0.276551140774
0.304253409393
0.370792146558
0.26917753317
0.227644200851
0.356903835163
0.268270169412
0.373533203269
0.265043444599
0.362736799606
0.27185512591
0.359781681311
0.285291974651
0.237033305107
0.334649178457
0.336316732897
0.300208446763
0.413105778986
0.218465046767
0.260511233565
0.305194171422
0.290407964745
0.402985213183
0.291246305241
0.281450067468
0.205985231604
0.377986130603
0.256791329121
0.289759826893
0.283921779593
0.266129479018
0.296928502318
0.305064511827
0.343118479252
0.338119409981
0.258945632853
0.272380457951
0.229067897343
0.237475255686
0.228743839401
0.30127750137
0.304342057784
0.408536968072
0.267063344226
0.269270743065
0.354043865396
0.285128224874
0.293923355709
0.336725085969
0.25810295538
0.255699928406
0.273876988041
0.256741829118
0.248771313881
0.380391958465
0.292639755827
0.335005403376
0.43625991851
0.309538977137
0.339011003713
0.161570047754
0.304161090336
0.364029403856
0.25089023531
0.294361496945
0.297488462508
0.329154031264
0.267139373551
0.292682565618
0.272330443173
0.260330834505
0.256155705597
0.286901473943
0.320869131954
0.283711847825
0.298695568388
0.395259497503
0.347242755683
0.24744992313
0.273145435875
0.211730305552
0.287042123627
0.221548491323
0.327616525553
0.357187327764
0.224421017229
0.369226616287
0.261957536748
0.348502799879
0.278855394837
0.328128101743
0.226887360845
0.291718433884
0.289813100477
0.355328711342
0.306947581151
0.373260341105
0.340954363094
0.277672435435
0.347860514547
0.217601234662
0.376834398048
0.359367545105
0.309916507807
0.323780470939
0.276615978975
0.276680020532
0.369773304919
0.304109097956
0.27496814095
0.291681526984
0.322394857853
0.283992196635
0.198891582718
0.30990055985
0.370065628951
0.309970525293
0.249276491257
0.34510035409
0.291615772908
0.220323802052
0.284157166537
0.187965177499
0.32035601733
0.239943947209
0.272786060775
0.341959553348
0.20754973963
0.275976639679
0.28964969571
0.369519250722
0.265860883193
0.313051754926
0.362993329168
0.353544640528
0.275505343064
0.349287572039
0.370712794724
0.247087504248
0.210780515568
0.319380159766
0.260557723455
0.303559441455
0.339898774969
0.285372598708
0.26035396495
0.35972852995
0.222631439792
0.266387657006
0.369992668089
0.372950646483
0.350212298585
0.360316778334
0.34391930013
0.341610354019
0.27899676008
0.308387206518
0.31248206431
0.313405658037
0.293454706758
0.30495417242
0.286268118543
0.268414212431
0.356931773742
0.38084838627
0.329962766997
0.251525194704
0.283286648577
0.357351260303
0.376993856147
0.338620480565
0.298553906581
0.3467023282
0.260878225376
0.180402686005
0.282996774584
0.325727121495
0.236845264974
0.219499921977
0.214483638305
0.339786189455
0.249632612568
0.287073597578
0.320196146664
0.296068929482
0.323053544332
0.299668970794
0.229182550477
0.316562682619
0.273811600196
0.196552548458
0.171823023809
0.419345578838
0.261393491192
0.249987083954
0.420799062229
0.301520557008
0.264892264272
0.28696336261
0.311075541628
0.225712588375
0.286674539923
0.218768538997
0.253778560077
0.315123971479
0.271763942323
0.221337903527
0.283960809142
0.304130755093
0.25629353745
0.346403859254
0.382778537328
0.347114804031
0.287549134572
0.307434410622
0.291478106324
0.270309486376
0.394873178556
0.305395087877
0.339084127381
0.232660289584
0.273479562512
0.422165896539
0.309383281936
0.185828089073
0.313068197098
0.293318780218
0.28246126279
0.288883731693
0.285754979348
0.387174184989
0.308751815503
0.306044682142
0.24484081061
0.31833372317
0.329865803796
0.316131626435
0.334886344363
0.24796880825
0.298894007856
0.317520530612
0.281317916373
0.273522167223
0.344511271659
0.334730010521
0.320292410132
0.273057862677
0.237055105913
0.356370667607
0.278916951008
0.265538864952
0.189158727714
0.226099887175
0.179168812046
0.221119475346
0.30370859611
0.314227081603
0.271321426664
0.385834993986
0.343488657478
0.202437455605
0.326850231129
0.296346225932
0.281497887451
0.258629690798
0.338825926844
0.259248342601
0.301832191536
0.304350511354
0.342826169454
0.391279010001
0.297548503985
0.256265105187
0.445001286603
0.356937357267
0.318311533562
0.331702468021
0.318735765063
0.326386217858
0.242194215404
0.229145677603
0.279036717683
0.254208851682
0.230276845118
0.268535093185
0.29176565593
0.343443945414
0.328123385069
0.395488084035
0.415483985365
0.259627594766
0.267968591155
0.39889567998
0.310183972605
0.257472723494
0.237613571388
0.294820757748
0.349442628812
0.242841944698
0.247161317899
0.286377556895
0.286841979265
0.339338777488
0.310264264815
0.237895227565
0.336407126477
0.302692732886
0.228186128167
0.388711184561
0.423353647831
0.36935040944
0.478126375143
0.240132335884
0.296925711248
0.346923725441
0.419359307681
0.363745890229
0.346498600447
0.270803785932
0.285644639707
0.242661390007
