0.401655320132
0.651558023449
0.506054444401
0.683237295925
0.430419634239
0.675938316813
0.487444302774
0.473721465541
0.579937453548
0.461449337341
0.491463589608
0.47372648364
0.566157135702
0.400169803253
0.578179864688
0.419050778653
0.518071631563
0.594257264713
0.552114859594
0.491702233347
0.596330510964
0.436840943283
0.5965793292
0.468538516681
0.516257043868
0.415169515382
0.484180781555
0.554448507182
0.711809490972
0.624870427241
0.499929190953
0.526109453986
0.56191487101
0.433146543967
0.689773936856
0.473350082616
0.520151786664
0.441902822727
0.438562225343
0.424737777449
0.62829919936
0.546869123665
0.777368248381
0.561288095063
0.588814539671
0.569806321887
0.50232575289
0.467363221345
0.733525982455
0.554936027523
0.566910231722
0.828264685387
0.468413851672
0.588359120494
0.414202621853
0.541457964832
0.487697229427
0.308497834148
0.47229811521
0.526672097969
0.604323545666
0.496778395476
0.719630099126
0.685557283512
0.564375599617
0.658764084527
0.65428467741
0.549654165989
0.574761541904
0.55938144714
0.468213855249
0.726104800535
0.510615074237
0.606590437691
0.591899766104
0.578054623758
0.655025727123
0.566079969754
0.636923145788
0.468792352257
0.468536823759
0.522970305893
0.500614469558
0.609582790249
0.527005228089
0.437019388372
0.532289590216
0.531981504416
0.40814068395
0.512904477059
0.427718928148
0.409300302908
0.721673196664
0.711755326654
0.501689723056
0.651295236593
0.422167378974
0.416541409237
0.366618308786
0.413554121021
0.48107858572
0.589477124056
0.51847821388
0.437195417629
0.650176487637
0.57565706325
0.57370391369
0.441426313749
0.573538739774
0.500816987318
0.457337197908
0.273920197338
0.566309250869
0.405230554781
0.536626729262
0.690024480772
0.384110465201
0.507622793187
0.551197606421
0.598335735645
0.508529107928
0.650689695596
0.576941146083
0.41407670324
0.531579292675
0.372562121393
0.603875465344
0.659258139408
0.419452508144
0.660267025956
0.673729962017
0.431784244535
0.634191144239
0.36160320658
0.54563901732
0.427094987867
0.631358581457
0.367394555289
0.648067869483
0.735415449326
0.556689711664
0.505122041738
0.561945720776
0.504832899435
0.63777441606
0.437413631405
0.553930230245
0.56410726593
0.503520965492
0.482129427074
0.471274797413
0.436397493643
0.789786866485
0.704584361455
0.518324592199
0.462617122493
0.603360173875
0.551302522562
0.584685336541
0.478193843083
0.470251477161
0.665393692627
0.322094395985
0.511579921631
0.643022641645
0.521698874256
0.449180751714
0.541506907198
0.566971199432
0.669208559384
0.462077870417
0.604528255139
0.460994378726
0.503347402749
0.638598402992
0.465673419461
0.470504545761
0.506108231348
0.512736479545
0.645975613033
0.457855706152
0.255971018622
0.632911087119
0.596040608606
0.519585962471
0.497662174464
0.548722090414
0.680226179675
0.256402496662
0.403858956394
0.713455922801
0.643461665381
0.512437250285
0.467885854012
0.597470301508
0.768858610587
0.450347094168
0.609742743487
0.451043056659
0.481311643581
0.390275358204
0.723145892058
0.526120874915
0.550528963184
0.497295207683
0.55278507072
0.552193243893
0.555669849842
0.533795213444
0.567518929623
0.786369400888
0.423504018812
0.794928761947
0.52859025751
0.553810478011
0.416905044968
0.545228252842
0.628763354668
0.478607152744
0.638193981846
0.648122594666
0.547451445988
0.460787012105
0.475663435673
0.614294353641
0.537913584049
0.498702575249
0.484836654505
0.307876945753
0.483117182981
0.521027200802
0.568979256235
0.487317073607
0.432192211267
0.542055191784
0.533824259393
0.559240173989
0.613245038839
0.51660708598
0.62193757611
0.479512709689
0.530136036632
0.448955951658
0.578025111868
0.481716345009
0.406869554277
0.400444363129
0.465279496624
0.592273020567
0.451633112272
0.483488599632
0.523060075569
0.532580893397
0.519629652835
0.585807709172
0.401370728498
0.513346245111
0.457457158645
0.609495092853
0.626300766797
0.522914295469
0.554404988424
0.720697725607
0.486660096615
0.440305581363
0.666566922864
0.591124629707
0.748992072087
0.627382277865
0.534033207104
0.622863712555
0.525105039896
0.590502660036
0.477834741054
0.568402428539
0.542740025971
0.495958133716
0.552579211788
0.625889993511
0.538475680562
0.529668702083
0.532704540083
0.541077636388
0.58996053545
0.698533726665
0.349338820516
0.464595010055
0.48173054989
0.676778044311
0.615492577153
0.605022956339
0.455046095082
0.457000288051
0.471800238462
0.590090297431
0.506891208199
0.539409326034
0.622073871908
0.495065808721
0.62896903591
0.701231210318
0.561860953219
0.484846827668
0.534400602509
0.483245145055
0.84804435209
0.735743671482
0.512287902391
0.463596317379
0.492972061568
0.602192797829
0.494073619354
0.536216311746
0.628561599825
0.722648042233
0.741143518664
0.443371862195
0.65998791249
0.602817707632
0.5274777722
0.557836495923
0.571848348579
0.573211556237
0.332778003073
0.629994409912
0.312401842574
0.53493186273
0.483257791034
0.415355049279
0.547664068496
0.557925393089
0.554831855251
0.57703261677
0.511025439818
0.477503063623
0.485209421868
0.499498741453
0.516805224361
0.585110096639
0.598837582859
0.497673875363
0.51870739531
0.525005986694
0.51549591636
0.629707252586
0.553943373898
0.521588864768
0.541680439013
0.517647649827
0.39428404497
0.53284250627
0.56623204226
0.469771631287
0.546771132538
0.584865991375
0.592660279028
0.489760764365
0.671631418263
0.575496979049
0.517167214892
0.313164095669
0.742479049577
0.600586084879
0.574009401323
0.526177044381
0.5506212732
0.54072517244
0.440316508162
0.542967339063
0.515463414605
0.367508708931
0.42751348067
0.739001329959
0.543190204466
0.693606701331
0.550081030584
0.428306816011
0.650071150478
0.574926532894
0.532034905871
0.396483236344
0.420165226006
0.433956428102
0.460922989302
0.62397119664
0.75485640401
0.419935552867
0.417373995538
0.431461667789
0.53851317706
0.460408245911
0.689474788441
0.465589022271
0.581628404992
0.538190294327
0.631261022869
0.490362928926
0.572130577833
0.491233556103
0.417928522089
0.62198396078
0.632229267575
0.503727663815
0.709561495342
0.477464718891
0.53478737958
0.507417966641
0.547456445547
0.52237360229
0.5184442126
0.633770172762
0.634604878788
0.660077854775
0.408269391859
0.512486065995
0.530202743341
0.669955629582
0.59332988602
0.559087882574
0.584580117886
0.618877577168
0.497930392845
0.649988214096
0.641312888058
0.540357324232
0.559914355276
0.422220880621
0.501598079744
0.594298202657
0.606718796775
0.553513607956
0.587131300034
0.640738032836
0.646181725836
0.549578446151
0.552622967381
0.522555000426
0.563643679576
0.638931014799
0.480223524659
0.69391861162
0.69499386292
0.619106436192
0.495265668996
0.417882619646
0.515227606238
0.432065274695
0.580377157901
0.516933317189
0.599204004311
0.655191534824
0.59088670486
0.482537110776
0.7251355377
0.577008143492
0.496036527998
0.579470789027
0.792336660445
0.661888662184
0.657272587647
0.597829650686
0.540842915096
0.65474975194
0.621928960032
0.759558876681
0.630465705982
0.647916508721
0.515942117999
0.602910469612
0.564247509134
0.598528090837
0.587025190005
0.558488763857
0.460308329642
0.627481838425
0.500801686765
0.54252994194
0.693729025602
0.585417506412
0.493423068013
0.578441154479
0.59920875439
0.629448502457
0.597874568554
0.545018990041
0.574203173685
0.837672118492
0.598698704675
0.518050317017
0.522964059609
0.596908212326
0.567872879516
0.477669914257
0.568210766707
0.508931935998
0.686804265199
0.553104486389
0.431819548155
0.448497672797
0.594677650416
0.645155750345
0.648086417769
0.72821864501
0.650373904537
0.52651385994
0.521227661788
0.514023623751
0.578258092174
0.669820177707
0.360054258108
0.646253610725
0.778368878798
0.637707254901
0.427263239848
0.567352333885
0.53276031081
0.478769505361
0.627920178808
0.611175433993
0.691828114685
0.514735757839
0.429489231018
0.583157445893
0.642293993351
0.413625856356
0.555750979771
0.4768201453
0.410076296057
0.653893963088
0.624727195573
0.581412844972
0.415307826592
0.482787746716
0.518921339968
0.472113756413
0.703806679707
0.559856356171
0.624342709342
0.518341589481
0.655327963285
0.670330443682
0.691093036012
0.6120630091
0.390220252601
0.655205124789
0.687725394091
0.464896911608
0.677147803228
0.4933382538
0.614141885875
0.570072396699
0.718077274076
0.593348979796
0.558474333888
0.520058073916
0.663386732668
0.439592315667
0.651495844821
0.503557580419
0.50758957465
0.794131917608
0.656867398014
0.585188635754
0.737330077755
0.605262903473
0.581818822879
0.488389836937
0.455996176994
0.615939390471
0.538274838987
0.485677785921
0.611113740955
0.538015010308
0.513246085261
0.670979716587
0.503022670909
0.43221825015
0.69515900831
0.607293557065
0.406527385544
0.369561484984
0.43017218188
0.736295254425
0.472521016956
0.539557457913
0.417705789431
0.589581934753
0.707703097568
0.528945696982
0.540095019416
0.553461083752
0.417646702484
0.753844275171
0.388481831424
0.583159219698
0.512090847994
0.39301126474
0.395614883824
0.455205728185
0.499793552375
0.638035103742
0.54328928194
0.67708396247
0.475604037377
0.405898559099
0.731102656764
0.483483174801
0.672533744103
0.578698844553
0.308555412291
0.506332732368
0.529955280916
0.491631283762
0.55708864001
0.625310545572
0.599824882656
0.523729221351
0.677947037257
0.638997734237
0.482445570449
0.492563190431
0.592404478283
0.598518131669
0.631728484573
0.593021573566
0.485941646726
0.507841392753
0.514051163385
0.496724220294
0.583019123136
0.434754261176
0.548857695157
0.698268788894
0.611799344314
0.600405548107
0.438200588176
0.543099976136
0.535268600581
0.674392603297
0.555620243577
0.524375769837
0.462797748649
0.508201718362
0.48983828047
0.578761440478
0.471788391715
0.593697640623
0.483307595171
0.527656556775
0.601151819418
0.401367164418
0.73555083272
0.525417295432
0.546107915408
0.617631585977
0.491833306027
0.62543731136
0.527979703816
0.500039059278
0.58292590829
0.590406337179
0.476448848664
0.641626766871
0.65068208504
0.594760090854
0.64670340884
0.592512136873
0.609487908987
0.639478890407
0.519509139442
0.578481561761
0.578521967309
0.374351435895
0.422659121618
0.384721226231
0.619782142406
0.626370663922
0.583134006807
0.425644925319
0.436609667318
0.590026896138
0.611144821342
0.600092786697
0.434742138838
0.618062042467
0.472841452202
0.533341335191
0.552222202977
0.530174911092
0.505270129295
0.422906403379
0.532220250761
0.517727907977
0.547840816981
0.551535561165
0.470790320567
0.313002789882
0.539513712295
0.529946080288
0.547964386068
0.549607742178
0.634554552415
0.39679720113
0.625917003207
0.645665132401
0.722520922016
0.492080028655
0.606725738618
0.581477201806
0.489458327859
0.445395870675
0.547010188208
0.650822343609
0.440248170206
0.690261025359
0.564577210716
0.405622725353
0.316189176013
0.399771677434
0.581346576703
0.601784616498
0.614273563846
0.565719473095
0.665925958842
0.584984149552
0.557797949089
0.584088598807
0.617581947875
0.374563943362
0.368036774467
0.482084528214
0.415875720311
0.700195762729
0.455735922508
0.396851570999
0.720136631282
0.68027513118
0.514403963668
0.554052855482
0.554072743105
0.641535110424
0.634928996164
0.655540129662
0.540735866166
0.746041276129
0.377996198659
0.418610105886
0.446526916831
0.519277968697
0.449003992816
0.535493433088
0.461272063178
0.435475420976
0.598156374692
0.442679562372
0.657690277346
0.399012916097
0.624871311777
0.568076301939
0.635810027905
0.45498816469
0.646961995435
0.424998176034
0.567067863621
0.403702931029
0.605754649968
0.415009249715
0.60520068696
0.655794103315
0.500962832515
0.536102552974
0.56719870706
0.785790841849
0.486606243622
0.565516868596
0.423694139681
0.574274468857
0.521658138809
0.713419458326
0.492198299996
0.464232615891
0.575885724054
0.506992299919
0.59303511195
0.687917123965
0.513822089492
0.469982456265
0.572034249733
0.501018117533
0.606783200875
0.597769158709
0.549489824476
0.582184899759
0.752457642295
0.647076070608
0.453154145689
0.650513005366
0.570631094643
0.542043168772
0.55509155649
0.394072027298
0.585043062865
0.53222836025
0.432701131146
0.518869506003
0.601254471059
0.366034331241
0.571251465277
0.477757728441
0.565593496815
0.635224744669
0.652167313184
0.63336890401
0.486711180758
0.797348901647
0.470008544711
0.589806065502
0.674014180449
0.664065330484
0.612630023695
0.466318215399
0.57529255367
0.579173109587
0.434929882561
0.606326103337
0.697100566503
0.54729890753
0.513922477378
0.48467172923
0.529393472153
0.593897926519
0.617850116261
0.679976181789
0.538610251224
0.464697460828
0.632190350902
0.453401748024
0.687525052122
0.38876330096
0.680325900164
0.65053462731
0.40709668175
0.584460124591
0.466011822659
0.723769991318
0.596371804997
0.609532731199
0.539632618887
0.724712754156
0.661514217231
0.557668231604
0.48266582365
0.524078436611
0.541247756972
0.621229188036
0.476723261965
0.711213720017
0.534543127573
0.53849230079
0.646242304516
0.490184631383
0.69683665234
0.523704417841
0.644736431434
0.558230219765
0.507125771879
0.579378582781
0.322346609495
0.685925451906
0.419020796146
0.365840924806
0.547101923214
0.697647023672
0.577630448941
0.663038038729
0.506675195722
0.576772321364
0.605724381547
0.608006291313
0.471247040856
0.62625280225
0.65668401694
0.559029570451
0.638393015875
0.675954018372
0.757261660595
0.675768349637
0.484390543745
0.646489561719
0.538159702911
0.563089116876
0.491033701702
0.560942698375
0.481152517425
0.62214417481
0.585651161951
0.659537008126
0.465557927053
0.592046924353
0.488110872805
0.513724706925
0.511388406477
0.713523695747
0.570021323009
0.512048569489
0.509878761656
0.497484456501
0.436366849658
0.742071942191
0.669559179394
0.599897690705
0.485224532913
0.589285963803
0.44331139379
0.833659628878
0.501502050739
0.600593559333
0.560879964981
0.683077561398
0.518245813189
0.576299523037
0.623505010791
0.776181054083
0.515748575415
0.53766655022
0.32657522373
0.538996654315
0.798879552446
0.685186489505
0.595408211857
0.59117251233
0.492405599718
0.553683840309
0.568158240147
0.607173430032
0.648249111322
0.508390902944
0.472190859841
0.625708267594
0.436020946649
0.480919319167
0.718416695857
0.560406505476
0.506231004133
0.52720615072
0.37072223333
0.507627095955
0.501504770185
0.390353301405
0.493372897746
0.597957531801
0.58312719227
0.716311436794
0.56341025879
0.543713144616
0.489096202453
0.470760977423
0.519348939552
0.623880255142
0.546711084552
0.466559799697
0.522000199187
0.490790602044
0.354508504386
0.534581170686
0.551707832713
0.693357934824
0.344643541801
0.439595358257
0.396353083102
0.473801021472
0.570903338428
0.573939906501
0.473106955657
0.697728300962
0.541547482784
0.675540491608
0.600479196201
0.745785312985
0.506342281829
0.371913877961
0.442447100869
0.463748923122
0.491144451061
0.509024195076
0.539119377984
0.388524224014
0.634502054337
0.503180277291
0.551945368538
0.495681861958
0.597971772496
0.625890273537
0.525853679118
0.893507899963
0.535117025691
0.641349577422
0.587227226827
0.682409238034
0.592264478449
0.539831543835
0.42316148599
0.464933190493
0.5834381228
0.809455610459
0.502884163019
0.305912523462
0.541848980614
0.523138362081
0.429444643105
0.605265658943
0.560720034931
0.479181845103
0.497484624874
0.579500183635
0.490448804361
0.576744970396
0.543553397284
0.618967850622
0.544480204284
0.397259008564
0.603632558235
0.505046387609
0.593772227145
0.68487868231
0.578052539968
0.440272407343
0.65393475746
0.562962683767
0.500710174043
0.553468812635
0.541179560311
0.513801641902
0.59871225181
0.73253551887
0.512361982904
0.533048570133
0.486042813198
0.402206583763
0.54503159551
0.616186185785
0.410973617149
0.472879255711
0.655121418466
0.63541984299
0.616426047355
0.491555503487
0.689896567886
0.645928786485
0.436272745906
0.600580553597
0.742457569201
0.533917905508
0.56489473861
0.547963266463
0.502796049403
0.491421820285
0.540186762103
0.481660466376
0.412172268384
0.689566849134
0.737981487489
0.391750864097
0.613907011473
0.597786347011
0.505820442152
0.428453673373
0.674015930764
0.423850056323
0.603735558805
0.563318564256
0.542861307216
0.621949607856
0.517789272758
0.635829671017
0.632881140767
0.595991375106
0.545396116067
0.770049113218
0.642676376706
0.399898956537
0.594098743677
0.684016586152
0.60842901572
0.3844030676
0.551138270434
0.545262185793
0.596500778319
0.698034805586
0.49305364158
0.445715280052
0.375173269415
0.452914507424
0.619965428459
0.685194551194
0.485024464466
0.350773364671
0.566556283711
0.575045922118
0.357626838503
0.521004401055
0.591980308214
0.699179342977
0.383717842793
0.609289896707
0.4135555515
0.488422803547
0.509672549516
0.469845660185
0.50647453872
0.577059977817
0.614765567856
0.608219077442
0.467048071418
0.607056944344
0.488084512157
0.636056890765
0.487498664548
0.490274953356
0.623114669811
0.601225200719
0.563559587398
0.556656901807
0.458254936322
0.449954943469
0.674761946776
0.600632739639
0.283358136027
0.538177198652
0.55285645111
0.579354767045
0.553164611572
0.449907778082
0.6519650885
0.606679018416
0.475424017118
0.400332175638
0.515085307386
0.55704094438
0.48064548108
0.432238362899
0.390932520659
0.539249881773
0.528969760653
0.48775793664
0.470707576495
0.54437940577
0.50966424562
0.500049502167
0.612115298063
0.821879808971
0.669404852497
0.53347920017
0.658760136306
0.488069495223
0.406332209206
0.624552195206
0.670332656215
0.419782746245
0.54281994172
0.425166361623
0.393431725452
0.560547254568
0.57732474782
0.539436264731
0.435497237793
0.619125695868
0.681024697807
0.516037475092
0.651883231738
0.645407960528
0.544643218971
0.49652288622
0.62943334842
0.477164450283
0.450495786393
0.531948022652
0.641634076347
0.616493624133
0.525056301064
0.536268362857
0.55024267509
0.475528965148
0.645863495352
0.638001371044
0.466302696302
0.599063871235
0.597064472682
0.547831850498
0.428831741898
0.492352768775
0.47401147427
0.650416609032
0.536149071495
0.561944898244
0.527087279815
0.514191720033
0.619112916662
0.453823193593
0.600463463996
0.495446174841
0.536543098491
0.509640447572
0.530831247792
0.389112194937
0.366713832415
0.608031997204
0.718062578525
0.536011853743
0.591835054858
0.512346142623
0.362366182587
0.656168193962
0.372937402674
0.455649301854
0.623173830585
0.433859086758
0.355891941722
0.402518588176
0.544533393541
0.430126469942
0.509637618132
0.648865419587
0.529387601178
0.543627383705
0.633503869384
0.530931216009
0.645817338882
0.464318283978
0.390499853268
0.608664402348
0.468102862449
0.570488227974
0.529954078197
0.540863459492
0.609540456414
0.437323221604
0.52228675433
0.691843471141
0.399304513208
0.500217440798
0.522536748335
0.374575331461
0.506421470256
0.582872082084
0.660143511562
0.560364355467
0.433906640086
0.642190218677
0.447533082735
0.565941009913
0.508961700299
0.477883186968
0.583586205697
0.601287340841
0.536940960323
0.614419418595
0.464245685447
0.720112996257
0.564943405339
0.585443829794
0.511129164399
0.63241134
0.600834456177
0.423679827174
0.685743895039
0.619897763951
0.464897593968
0.811018967449
0.751748849833
0.643109452025
0.47583057489
0.505847399177
0.592992298767
0.565358997406
0.557011073103
0.515838939668
0.498423635459
0.58498196988
0.576578454609
0.457411020351
0.473949436443
0.551043809024
0.479961638733
0.507639498157
0.482717530943
0.569684993731
0.574104186768
0.46234888466
0.356665759289
0.554427711309
0.497292640119
0.510447310704
0.520823488492
0.570555715397
0.591165333973
0.484398306662
0.494623861175
0.485302485743
0.559540502864
0.539262222665
0.375045717136
0.517830869682
0.532712153346
0.673201206882
0.565645177833
0.461482409903
0.79051484043
0.431348229025
0.571224058892
0.747088157153
0.489759360403
0.624796666083
0.496064808161
0.409393214312
0.682689035096
0.562728159016
0.465114336913
0.501271148977
0.514760844867
0.497814995673
0.470006121032
0.403321912268
0.673023865367
0.654414727506
0.502253764529
0.402138448097
0.334237256853
0.403342697122
0.661464847136
0.650020157174
0.471048597097
0.566686997727
0.335822048911
0.49202346186
0.623868547748
0.396476905571
0.58620771936
0.544028601433
0.582440294944
0.734208171876
0.522510035454
0.593818776011
0.59018270261
0.565594697636
0.66266253307
0.47816138525
0.515417884451
0.463261931904
0.58313483461
0.443961893618
0.628171609499
0.473206798701
0.504761995295
0.553939442672
0.571903601014
0.464463266448
0.563747681611
0.475467775269
0.596999858206
0.514556168437
0.465131485633
0.706047104136
0.377992300791
0.572311327054
0.561134070148
0.60054785699
0.508410752255
0.564467271345
0.466683937468
0.453749504494
0.73818853464
0.461711769187
0.46389189128
0.528926697589
0.515599736313
0.433253910049
0.624172022503
0.516809055693
0.656465629717
0.405799432935
0.488589776289
0.594100756488
0.494436478617
0.606219013814
0.494614418208
0.584172867806
0.484806447022
0.474266420968
0.475374767709
0.372919886614
0.45378759376
0.39359965714
0.351578013901
0.529274037117
0.580894271252
0.563536755819
0.670326826214
0.428454954994
0.50380704371
0.457516418429
0.721625556381
0.46309259371
0.584464561189
0.509121790038
0.415952396561
0.573369812034
0.407781939525
0.409027754178
0.725962709512
0.649604833618
0.454720070612
0.577155333027
0.346374855842
0.52708269795
0.510574267854
0.519189103332
0.792110044777
0.580741200282
0.735038889229
0.633918326353
0.38443540716
0.466122632405
0.721669075934
0.480532105571
0.607238741682
0.53216508437
0.577204836083
0.625746250058
0.509653944665
0.47265684089
0.611720726417
0.573927998449
0.539356401567
0.381055312932
0.640924186809
0.349157194661
0.620813966121
0.452035942529
0.592225539018
0.669629685709
0.370785610861
0.464208560243
0.632990430578
0.624999038668
0.47294686961
0.462896624703
0.873585940155
0.590708460302
0.49734056887
0.744926800625
0.443428387633
0.647764523015
0.683579234938
0.503701581078
0.715596203943
0.56097860277
0.532010917986
0.623255571668
0.499258444232
0.57539411035
0.645598103275
0.336751292167
0.596372549379
0.920848597885
0.669783339141
0.644101746456
0.523212730409
0.768371519217
0.737150086829
0.488182054384
0.633190752779
0.603271541096
0.432098610664
0.495331484435
0.589863288182
0.429314488036
0.708305815495
0.704265113079
0.433613489813
0.325214318379
0.566456876515
0.504106265984
0.484247649393
0.593881429664
0.625776496094
0.485307352612
0.474987911576
0.521552131874
0.491519618764
0.503807412092
0.709442571151
0.548619593225
0.439901301086
0.503319701841
0.730885762335
0.672015008312
0.548924431533
0.597046960699
0.52578798401
0.385623793026
0.451445024915
0.565426485522
0.599728313716
0.677885807857
0.559117377525
0.45030915685
0.402518707969
0.550007867488
0.569843370558
0.523066005786
0.530244854217
0.619917599541
0.654632254307
0.589688170447
0.469993617466
0.476800598595
0.75653372917
0.663306317887
0.553561390915
0.502510764643
0.690489344173
0.551456066811
0.591615581332
0.592441414844
0.557570747717
0.688938673514
0.46981804692
0.427132717818
0.408110544138
0.735457422782
0.698567547015
0.559502330318
0.560753557736
0.511282036494
0.663141439647
0.484876756657
0.5369042784
0.519132963443
0.445249144773
0.494357602048
0.73925142797
0.594469620063
0.447308167071
0.706221268829
0.679252182366
0.51340274976
0.620151572158
0.428810335431
0.669531686412
0.400927668387
0.483631206355
0.586805046718
0.498701755993
0.640278566962
0.567337168497
0.704534050209
0.692772284593
0.47442851474
0.656723383376
0.496751546155
0.64434830716
0.563178029942
0.500991002531
0.515168831466
0.491456437458
0.694683736583
0.628694732476
0.551482655717
0.571007903383
0.5033584165
0.616605799825
0.577547901584
0.811140850836
0.432828365931
0.650805419106
0.685848228906
0.51172448424
0.735022147431
0.419112603661
0.398669505232
0.483533733396
0.552966910901
0.535615497818
0.557487097278
0.559993902575
0.423869888017
0.514758349131
0.509131840844
0.632743893145
0.646893012815
0.480790386001
0.352182153536
0.564197226136
0.47612532824
0.418925718042
0.670609678607
0.434627525702
0.396759868393
0.800930514285
0.52788705227
0.591611375576
0.491756518836
0.474204299693
0.533722908888
0.762621081638
0.555459844029
0.444908759677
0.541936061592
0.557370268847
0.549195085739
0.617192508155
0.494033185348
0.512596972935
0.577310980104
0.634430877357
0.702269759544
0.507723873915
0.499721512279
0.573334736624
0.474282851506
0.480288272931
0.608995085142
0.479215737495
0.594799158552
0.471414993073
0.565185261647
0.446137553635
0.578894608616
0.589390644512
0.656961459485
0.502583087863
0.765040212293
0.693485907108
0.436682659681
0.561637455806
0.591486266369
0.486511263861
0.636011946947
0.39845041173
0.579101563929
0.671177454647
0.681279675369
0.617641478607
0.509623010128
0.471016008957
0.465618719889
0.473183173087
0.635145553959
0.718831368481
0.447612594723
0.552368250838
0.421023089334
0.627370081514
0.462313245442
0.486941148983
0.429483866503
0.521138708888
0.598858574163
0.4630419798
0.616406615268
0.652486585835
0.409674508086
0.488170239145
0.540320140046
0.642815739356
0.591983821481
0.546129575052
0.443894322581
0.623767146683
0.670045745554
0.548511776209
0.525982174229
0.511763597056
0.639861480026
0.530597750905
0.551923788496
0.506348793922
0.557680115679
0.628023806678
0.40187210493
0.469613755539
0.508524002733
0.626928412458
0.746624277057
0.635871839078
0.551597844421
0.575362540437
0.510069660599
0.695309731654
0.399394885742
0.522270603903
0.473939846509
0.29003124819
0.403780066854
0.592824495241
0.536387111788
0.47683922996
0.631344341066
0.392429301791
0.652741355316
0.667393274034
0.40083579287
0.44416381052
0.577600293287
0.443120201606
0.594880998582
0.427583158071
0.564988136169
0.643628300282
0.4848852171
0.559631069228
0.454016688667
0.629663428662
0.595981866605
0.524902404492
0.556519305002
0.549168631828
0.459391738238
0.511347169284
0.475546008903
0.501631248693
0.40884695025
0.620202181029
0.583765838401
0.405031836017
0.489646133177
0.634287011761
0.474812149746
0.586136580791
0.400135690953
0.708007855408
0.514429610699
0.527440099584
0.643544766699
0.46031011863
0.586194798189
0.541997506867
0.707367499781
0.53021274167
0.533976239611
0.306903668549
0.490766045295
0.616191565679
0.548391922958
0.540268440089
0.291857964926
0.558645937326
0.630186953623
0.540679222777
0.74137156097
0.551697552989
0.579702838446
0.513374599961
0.358102606564
0.439692658524
0.601186471075
0.559408018096
0.514651584455
0.5444299096
0.469573857866
0.591170654723
0.601317380388
0.418550337978
0.500432911409
0.63985759508
0.439816461215
0.608795820959
0.521703642917
0.467766190087
0.465335707168
0.410753037154
0.34015439291
0.707273334938
0.710292283759
0.557869187199
0.511104481476
0.48092496921
0.462847275239
0.406307276023
0.570663345974
0.520931642502
0.395900456244
0.635751143042
0.460261586002
0.700145954254
0.506305569055
0.359409722201
0.584469064734
0.505025286382
0.484832730586
0.642039244755
0.580412935282
0.544485619738
0.533584808507
0.337632962738
0.49030526216
0.521937629962
0.491735259799
0.489910071727
0.649363861599
0.544385780247
0.292393713148
0.621947376255
0.618002463919
0.591601592914
0.55952321942
0.633578864008
0.747477410825
0.459650166485
0.627449373328
0.506116898723
0.490479641985
0.603134082506
0.590779570381
0.541080760478
0.491924910499
0.561252528654
0.712524220113
0.742438951996
0.474710712687
0.444940705165
0.66219545013
0.427273288635
0.516796116732
0.580069487656
0.555341648781
0.85078857243
0.501596958722
0.598937996649
0.464953742189
0.553552360879
0.56883880314
0.394828835725
0.503568382401
0.502644909664
0.671038788927
0.482866229887
0.450117816479
0.383088591454
0.595791790845
0.502031202684
0.456005143923
0.505526613595
0.464340437677
0.566269873555
0.296207738768
0.620225194229
0.542326655066
0.677726835872
0.46388440015
0.584457511864
0.553340383123
0.56304272377
0.428397889802
0.544209872182
0.488647223602
0.579095627078
0.504373469448
0.400978088147
0.461195386838
0.561247550991
0.509261704192
0.497457474434
0.706084366274
0.405385023363
0.728558759043
0.646925493622
0.449483789001
0.571089741623
0.585797150908
0.607758829089
0.602050982692
0.47875727578
0.385142914238
0.561206025075
0.600466916287
0.54002536988
0.450390998872
0.402778273222
0.742941027994
0.518722962956
0.489667173146
0.406486317151
0.488559054459
0.731876670356
0.552779016105
0.601682496805
0.600717863116
0.534272867848
0.541309385069
0.464986705666
0.522146312861
0.686854369341
0.538226701856
0.51490905798
0.705180973958
0.521422374079
0.55465281199
0.633071140869
0.564304030279
0.354845081843
0.503907648607
0.517590261371
0.535606065186
0.428460609922
0.518405932647
0.674817294354
0.63575631337
0.676467209004
0.481723097869
0.484332633887
0.510500164841
0.573550358494
0.55811496081
0.458057349759
0.42841686536
0.431508388651
0.399937578157
0.541389131513
0.616434717202
0.651213004278
0.384170113799
0.412901252863
0.766735247465
0.627634333987
0.66082976477
0.60273018956
0.568994874473
0.644949056645
0.397774775463
0.489757895182
0.405777783961
0.47686206369
0.415188173382
0.495736616822
0.52571690201
0.633112646504
0.566115471166
0.484925542497
0.569017240375
0.331708294717
0.624354363683
0.618553735538
0.584870757355
0.536834024386
0.653089062208
0.465263292527
0.436236771537
0.531904654253
0.506351411466
0.560172652571
0.346696518082
0.839099069674
0.32554064058
0.599560329499
0.494849847209
0.512657058294
0.428970733171
0.48748140738
0.529293212799
0.455979484249
0.669952899383
0.480563298022
0.775861472805
0.671724141513
0.370669869991
0.658031767608
0.475230575804
0.535081135254
0.490621875637
0.52114807269
0.37405529026
0.648941369417
0.507510147873
0.673949492835
0.572228791075
0.523034053938
0.578778714639
0.628026276025
0.545693057133
0.577239513707
0.36817755351
0.585268596354
0.548609263025
0.484651460773
0.593395148778
0.526845233635
0.519764354637
0.51828883097
0.550842404354
0.610853892826
0.447398947513
0.405418209513
0.615742069514
0.502873007036
0.482630822793
0.365561645063
0.327388708585
0.419195705593
0.488479730874
0.587557026299
0.671767523281
0.528030204756
0.534896613653
0.420050131395
0.622900480554
0.327759211867
0.543340303417
0.402639206261
0.501174301739
0.487501779671
0.546237951612
0.51548831269
0.460940276116
0.651713474471
0.495059958955
0.65765708498
0.522848538711
0.624993065947
0.486544186331
0.576926300952
0.526812046949
0.45125143008
0.538593904605
0.338068186854
0.531411484658
0.458929413984
0.440138673258
0.654821912318
0.651499354206
0.522379612668
0.545353826891
0.391959707719
0.469183746334
0.52917477895
0.630552418196
0.464108092316
0.611674215408
0.78204631467
0.423705404066
0.472047223722
0.455547228537
0.457663785241
0.5082583993
0.533381808179
0.723972175738
0.689032220236
0.522413536398
0.537049625757
0.532620369598
0.646509329952
0.545660886608
0.658597036094
0.635236852074
0.331310975057
0.641099419516
0.486582931441
0.493286637531
0.646506292901
0.508522304106
0.482463940988
0.430994569447
0.55889653373
0.480722840378
0.616915365359
0.63958299894
0.54482213839
0.502276847228
0.599095443728
0.512470167528
0.814327343593
0.643134899908
0.4939167531
0.43029042774
0.517378703425
0.491861773495
0.523260524001
0.49066416161
0.6273296724
0.565819817834
0.461513564667
0.426132930656
0.590230669065
0.529323339389
0.466036473063
0.384004367485
0.51655019894
0.508672659302
0.452888510514
0.512298390659
0.461026869869
0.644905798406
0.577683483819
0.42865910142
0.566848073629
0.772017566047
0.432785551771
0.508141819193
0.509955061465
0.529291355488
0.677038939656
0.679596100066
0.467278764246
0.461366729411
0.587296133623
0.762495457273
0.662020239088
0.409327179879
0.60105227949
0.68542031965
0.630902699152
0.627183567962
0.548298788646
0.57060938334
0.465095755488
0.53592749771
0.583083418504
0.492589285078
0.359913536916
0.59812673785
0.587900187747
0.564274033535
0.444635421205
0.507633479123
0.488552449891
0.449330294158
0.615753889651
0.480548288795
0.516922212291
0.677839589585
0.55417256971
0.595364382521
0.565415568283
0.383797170212
0.546565918402
0.602683273468
0.574912493425
0.741222570963
0.485778060987
0.62427701492
0.498934683195
0.476141714231
0.608140370983
0.462048748173
0.48940975188
0.569729930873
0.546273529039
0.488250670806
0.343315221598
0.610974532083
0.663293011023
0.584189814494
0.648184522408
0.418849766757
0.596360571964
0.379025495113
0.453920572334
0.728757637531
0.662105231143
0.559090990517
0.541731547709
0.468347459633
0.409767266521
0.547420560292
0.61250714565
0.692572570102
0.640950657673
0.617293582278
0.627618473032
0.557760617052
0.468886134694
0.494674723709
0.797919646256
0.493278958518
0.7325947454
0.474309474253
0.715146326739
0.61984778488
0.526673188017
0.647496116926
0.485842360577
0.559368735574
0.809945863508
0.630052143658
0.585765126491
0.740886910742
0.455901414835
0.559898889426
0.493000840549
0.428314413532
0.657648381284
0.442909226452
0.489618959881
0.407311567984
0.658313801714
0.41733889722
0.290844091607
0.819933983737
0.576798697571
0.452130064896
0.591809224485
0.605763432731
0.551628279813
0.476658417573
0.577626558358
0.563465785245
0.583300782705
0.537008882145
0.705397044435
0.391953582532
0.508570436581
0.474145702591
0.585838259235
0.453487808035
0.714073491213
0.517870203554
0.476512821195
0.671636553428
0.508551005115
0.50410609215
0.557206124743
0.49022106098
0.431346695098
0.41097691991
0.544110686205
0.664569305324
0.603712485415
0.463396746867
0.414464786614
0.513466575302
0.635321501775
0.70927307827
0.481220612713
0.404330569406
0.531453927672
0.69854743757
0.437018262319
0.49136834922
0.718323007468
0.447553547326
0.437643112165
0.457355787033
0.560458453179
0.419174843639
0.499132479039
0.688022093753
0.557375239345
0.406319018377
0.394612078206
0.638305781285
0.451824399594
0.390602919549
0.447080767414
0.391412322698
0.602256703084
0.487113194769
0.580491982254
0.491307744218
0.641729355599
0.575773189573
0.823872974931
0.73137866602
0.557435145847
0.590359079782
0.439434333177
0.355756385423
0.555870070435
0.578896198802
0.552038608801
0.3096203701
0.401922566198
0.590517557997
0.479956670954
0.500255039233
0.563821057585
0.621706864147
0.391751607306
0.515174328467
0.61210296826
0.463753633424
0.575541341989
0.642209853237
0.763365139131
0.454101106424
0.609841725637
0.489738267324
0.605777732618
0.517331296982
0.694283934846
0.654163461097
0.503548813887
0.530017835601
0.676859639773
0.593502021112
0.548007885889
0.561440971104
0.566758276254
0.675066597499
0.447662225928
0.462153603858
0.438565884876
0.591445550818
0.542483438743
0.769145953319
0.570488327157
0.377561415289
0.592224038754
0.407885977485
0.497641988291
0.492289502262
0.445533115115
0.503395750763
0.564583882744
0.610144388376
0.39557934837
0.432697499393
0.757246381867
0.668872662443
0.340859111853
0.528926327662
0.563780686299
0.685511869655
0.557365245375
0.684442963513
0.598236723453
0.441439977896
0.471481564951
0.515141008687
0.431870164741
0.490521361885
0.62915822199
0.462088445438
0.561456715171
0.319787919367
0.67688971759
0.443821178246
0.4340008139
0.50698782816
0.487072921297
0.491138354139
0.650970995047
0.436848880409
0.654859794294
0.521726019353
0.642449601915
0.544594367267
0.484397358598
0.573627856538
0.476113204574
0.494019148431
0.579829282122
0.457967529063
0.5757587182
0.607110141009
0.597423966797
0.785922207288
0.423232071452
0.486009169086
0.490992396334
0.49649065505
0.593464093304
0.544516289393
0.413616029092
0.519396947786
0.591921520188
0.515901069335
0.38271013522
0.359466076846
0.536533564274
0.618088488075
0.511303880521
0.679860525577
0.517720773537
0.338636158715
0.445949467954
0.434138595928
0.478494197934
0.333715362464
0.668920486333
0.506117699365
0.688404670617
0.504475960725
0.434216124459
0.509861195657
0.467585282642
0.556639170368
0.471634978911
0.571070684814
0.612255193087
0.53569129572
0.587034820165
0.416057270368
0.509946399651
0.527822726709
0.540112353329
0.659486305912
0.59495522426
0.601862795001
0.598535275844
0.616972704776
0.716588133321
0.70139795775
0.439755276274
0.610390831084
0.401335123132
0.498340640234
0.697989740724
0.71704454997
0.519915791852
0.679272137716
0.582220938452
0.442871220164
0.612259260004
0.333960723965
0.619216425127
0.768261927738
0.510801811313
0.630203028522
0.603901673692
0.455839847158
0.67606915445
0.703676762674
0.415179804413
0.487422600929
0.693320164584
0.634832796408
0.790116064682
0.457266838559
0.518815297668
0.551444045525
0.572447740024
0.590038039587
0.563535805804
0.438121066548
0.474240319998
0.626510871512
0.500834527703
0.603676962597
0.45434002333
0.509722642715
0.46244661673
0.505928745638
0.621526150053
0.447293230881
0.609289226453
0.506694205066
0.632990490358
0.564278679426
0.457914039292
0.507616610171
0.520278680715
0.480548809416
0.465827097991
0.672062087694
0.768382538084
0.616952403699
0.437205634539
0.411232591
0.507141289374
0.579961904248
0.359935875347
0.631583325111
0.71493095688
0.426457409652
0.600168377165
0.51664153414
0.516538004259
0.681540049467
0.692240871357
0.443626420475
0.5242345078
0.794592800235
0.615012462824
0.460665424043
0.538609464582
0.357303649463
0.742509365914
0.495587012017
0.574650911565
0.590327280032
0.601602853476
0.396643866198
0.368745370471
0.455083847429
0.722260073562
0.611440596101
0.632580756144
0.634998558304
0.61141098805
0.539339830671
0.592174409253
0.461790871545
0.5532673829
0.597499778517
0.403072249608
0.586797284634
0.439165997735
0.746445387263
0.481458329093
0.644745430992
0.413778336401
0.580231521186
0.499747287
0.478614392957
0.672439822015
0.699150280805
0.566566089804
0.403938412472
0.495923050449
0.585098242489
0.435599995107
0.628842740593
0.586727404978
0.542748986439
0.363164473806
0.626616805255
0.530825571169
0.454344490635
0.600558563592
0.453897573044
0.52291541933
0.482673689582
0.484623252894
0.384272574746
0.47882479678
0.697796286616
0.689617172815
0.468590333702
0.505302438108
0.523629960838
0.383057062618
0.636278775992
0.459358945957
0.432239774225
0.515548541112
0.46248805206
0.397446630134
0.586185865194
0.469609359912
0.466131719142
0.600535485528
0.529971160006
0.67349840708
0.757698930467
0.526706567158
0.52883263381
0.548451886078
0.576343506651
0.697257233434
0.482105879887
0.806872855993
0.497037200146
0.461681688578
0.585312634498
0.554846828465
0.62556102614
0.73860767431
0.724498402265
0.469813305508
0.486562546353
0.499374030314
0.53319840492
0.553604171554
0.538771500063
0.582450967965
0.462416379256
0.54364936686
0.567941132451
0.575431256708
0.499309355405
0.52681246365
0.447743931839
0.476887744744
0.495608333995
0.564316257545
0.753337162546
0.719233353462
0.544596861392
0.442438235987
0.535834123831
0.453591847681
0.511718732789
0.434309517922
0.513789975369
0.44993444223
0.585203967892
0.649657937125
0.634333525171
0.592068889836
0.579777599859
0.570590110719
0.550456173359
0.448342824335
0.643429226031
0.501862492596
0.467176573731
0.505901375442
0.705725117884
0.579158531308
0.617283296568
0.599452348609
0.511203703477
0.60291975473
0.645234376344
0.425459287568
0.609837665547
0.37199401914
0.516411418096
0.44395042278
0.579109314262
0.539740486979
0.75310833093
0.622945198864
0.519844471474
0.50890042602
0.688390591754
0.43056922886
0.522885953889
0.465152380068
0.348038845238
0.489344268867
0.464108689767
0.747207850817
0.6859027359
0.638076968864
0.578554099
0.639393357842
0.471254406691
0.458677628825
0.470950896626
0.465790336742
0.51561581226
0.495224301756
0.468256756901
0.35559901006
0.6871289926
0.59340978638
0.593490821233
0.548630808942
0.513362733936
0.41372555096
0.669369924286
0.545502061659
0.426270215658
0.456752074724
0.546617444575
0.5694063791
0.483059059126
0.522433880703
0.498555191069
0.615228648631
0.62469380305
0.573483295247
0.573273314829
0.638734749049
0.540558266513
0.668507557499
0.641469974993
0.551295845759
0.53725048645
0.581208466806
0.493707667646
0.484491002653
0.444695628281
0.441389534879
0.3579299488
0.451266374899
0.673814857072
0.441738685423
0.589552949561
0.660431502693
0.378729982051
0.453367024929
0.534487957819
0.544581810528
0.443439934945
0.575174144971
0.631399052818
0.521254340769
0.483843038721
0.605126201315
0.547829122934
0.475099349528
0.510062491244
0.566288755642
0.713156205558
0.544456193962
0.46512469208
0.610659726751
0.515421730488
0.592165600774
0.543451887208
0.405244907035
0.606674089032
0.627867587596
0.5509729333
0.379374553056
0.686164594454
0.343413712704
0.697018568611
0.496285768575
0.569126972591
0.38247857657
0.447719712708
0.451377532933
0.57804797636
0.467688950726
0.582163927339
0.596087616158
0.485476927818
0.392596190583
0.490530322493
0.60199740569
0.543720141517
0.477079942234
0.514404089359
0.535735869708
0.411436882009
0.491316428795
0.497475492754
0.600986815899
0.81661856183
0.605483001136
0.556959364846
0.608658058774
0.712892581809
0.475017287085
0.649869080636
0.450631472988
0.60118131411
0.575191146275
0.491395625091
0.522615538931
0.497116210538
0.417003566776
0.56268241641
0.474448942413
0.584296062231
0.627236507857
0.511220460689
0.391719455066
0.444300187219
0.425320257494
0.691227181622
0.59964712128
0.526820188866
0.678364125066
0.638339061284
0.593747161723
0.494972864693
0.617201550822
0.389060350846
0.534889560032
0.457032977826
0.456246026021
0.598356657398
0.541408411083
0.544750670406
0.507321538149
0.622458868789
0.649395210567
0.694502112728
0.402048737585
0.586869783764
0.524561819598
0.560189414921
0.46132713168
0.567285828907
0.682260929025
0.470949069576
0.757691616436
0.665361265605
0.556074122888
0.379424836559
0.546255369131
0.633000368016
0.425541258756
0.543964226205
0.509249539978
0.488587826933
0.529233870364
0.451739925822
0.560477641892
0.530618247284
0.451163629463
0.67138177573
0.595905151206
0.573528951193
0.424565553392
0.564141449823
0.581864344282
0.634896842354
0.73568689256
0.682795950402
0.482932084532
0.535671645063
0.594030999708
0.717322466919
0.410702328022
0.549806679383
0.626303032948
0.448368952014
0.611965983555
0.525722912946
0.4253765332
0.466805834514
0.55070896648
0.552025998012
0.564449428698
0.486481258025
0.601326540034
0.376902379815
0.447892819822
0.586429454325
0.396427862391
0.613971452899
0.506386845622
0.719659154512
0.667753116127
0.623540333607
0.470574323973
0.398534414433
0.61837902283
0.794948004307
0.422115634156
0.378212349959
0.593099566686
0.610085643065
0.497354249723
0.508383663822
0.473006528934
0.613709547964
0.486882895056
0.75666235473
0.606392166449
0.627911996937
0.547041598589
0.434320354055
0.40846101033
0.523830729355
0.625706313377
0.565329057957
0.61662228552
0.372034648832
0.556731826009
0.477919606352
0.512836863978
0.640243586078
0.370152102435
0.43395020877
0.401299197578
0.534442145508
0.720485766802
0.430073926685
0.547740323881
0.439133707672
0.516595357499
0.539544651645
0.574237970384
0.412099442427
0.262390982289
0.396740020854
0.506929118874
0.404016912549
0.608158954383
0.491188692602
0.606069940409
0.646809408484
0.444333297076
0.580400747643
0.525358000773
0.560143288911
0.364223119991
0.523095945759
0.532731112513
0.628798241232
0.677164828617
0.528172659322
0.444473340768
0.542666702243
0.591493195784
0.422502361128
0.545512796937
0.628056809812
0.564894583171
0.411814962597
0.377497782023
0.431653924902
0.603586379883
0.394689596204
0.578913577437
0.655152958791
0.535940887472
0.517073602847
0.487602376627
0.508472907047
0.501616023887
0.45616116272
0.600014635734
0.626562904504
0.479302457712
0.443355423524
0.583401944742
0.617207845296
0.526561578032
0.312241500013
0.522791152913
0.516733723767
0.560839752637
0.534348870341
0.365513921551
0.456990744117
0.514818584708
0.385054097788
0.573776186044
0.51069503521
0.644260141597
0.567915310358
0.48637117918
0.44699758575
0.638528331037
0.759924775197
0.602767715614
0.620330655223
0.501673085364
0.600950239197
0.442917771594
0.554956595409
0.639127225894
0.634206961832
0.539716709582
0.647072847123
0.522399236287
0.513696488773
0.675725180339
0.506981333351
0.461962867695
0.496585366
0.449802426524
0.534525951281
0.650930802977
0.559953547278
0.608276114413
0.524704197609
0.546934311225
0.658966102613
0.528672262876
0.415010031099
0.579412339257
0.564547972797
0.457671077023
0.531671676888
0.612909321435
0.612986361976
0.390690651996
0.454490799485
0.485200859552
0.412084502999
0.373648554052
0.683588521097
0.583664482231
0.678973656534
0.557563222151
0.611523732904
0.587114020925
0.62221247842
0.665240532462
0.50234686273
0.517738099421
0.604805238267
0.559729639629
0.411713541612
0.617944348639
0.498503700291
0.452338559232
0.563235145291
0.532336296492
0.576409992923
0.45171987954
0.474057258471
0.554911251359
0.524466912436
0.514587558314
0.562321379262
0.667218043301
0.572182598371
0.627950791337
0.500568413279
0.373412212832
0.570365652031
0.50428039857
0.488461290382
0.560900590698
0.412511857191
0.58897565534
0.709458350582
0.51549666605
0.669003273487
0.38045987465
0.487439654585
0.643469312553
0.747026327953
0.53215885939
0.523194881826
0.599229442384
0.501695595999
0.613988314532
0.551086554706
0.505775883537
0.667020257161
0.679494386118
0.432878756767
0.569478615193
0.459582206299
0.556014289504
0.550573562324
0.677540456297
0.473509054894
0.51934210415
0.446847008447
0.784067898416
0.54191744963
0.641784027377
0.566090790325
0.548952894633
0.543620032765
0.596350590675
0.491508666681
0.740463681721
0.600200809684
0.603366270108
0.432234868304
0.51051202553
0.526090324225
0.521824519853
0.742181260852
0.621812507573
0.696186436855
0.743537516872
0.376821565495
0.504687277121
0.427276222977
0.553620444036
0.477288738295
0.530115534044
0.460034597148
0.569321283864
0.429867280319
0.602216807476
0.692968289994
0.565555518818
0.584133018189
0.5491670254
0.509340307047
0.616142590294
0.445987464194
0.515429825039
0.62781074958
0.623527357995
0.428804059823
0.393150779287
0.272880071891
0.630183222012
0.552466986569
0.658658786547
0.634064913358
0.610002355405
0.440257726706
0.504094120938
0.614484253445
0.412183956422
0.429441827142
0.510026132706
0.489635829473
0.52779071664
0.323539172537
0.577950787231
0.464385945068
0.451118942159
0.622462065727
0.464780217921
0.524080867636
0.543011831245
0.518735110341
0.723955765895
0.637269345817
0.497273176051
0.677729792369
0.524490516996
0.62185140326
0.47822713512
0.54011031233
0.570782256497
0.519053070505
0.556623702463
0.654772042885
0.477523393682
0.546734607676
0.505960152562
0.634266488858
0.545498050159
0.758911959792
0.584878801685
0.505824373498
0.657668219171
0.573564212321
0.738687762727
0.513181697987
0.492621798428
0.653751886711
0.43145951738
0.512874658581
0.548646043049
0.70675912631
0.538159692619
0.357940303921
0.604255672374
0.552120308731
0.439398206536
0.539303668401
0.517635823935
0.636672494259
0.618617198741
0.46335938094
0.531543140584
0.508818227172
0.488936470265
0.549323607896
0.628226336436
0.667619255053
0.513757367505
0.490197055963
0.524180641413
0.577331470026
0.687992320956
0.661878067213
0.561202102822
0.521326340249
0.696993718767
0.443577185672
0.491099101768
0.508818745919
0.531146769553
0.605089991328
0.737277825293
0.470768051924
0.54187793163
0.526481772915
0.59388198653
0.693930260304
0.583871933506
0.726179557224
0.560963979051
0.585550818111
0.498801569809
0.516561045886
0.688079358342
0.453341269416
0.563284190179
0.539485162612
0.568496341898
0.70800463238
0.528231965774
0.301498984313
0.40166026306
0.529529290813
0.48577646492
0.601331269783
0.479929449945
0.393299814278
0.384414621087
0.698011107034
0.618312554018
0.537819928338
0.574054880124
0.55725418657
0.527655894823
0.658048209591
0.515344876172
0.526492416356
0.564979147142
0.636834980501
0.458713204913
0.589901932943
0.549763118528
0.45041271318
0.589934050046
0.517411011952
0.376364666751
0.562963093144
0.582412027059
0.524473907403
0.579088966252
0.549343430456
0.691198052382
0.724720014766
0.604056914208
0.471289384194
0.568361028473
0.521022000318
0.493044627733
0.506545005032
0.43499982126
0.581604660275
0.516832518143
0.59831044141
0.573473704943
0.423941049886
0.475963099659
0.572285448759
0.674773962431
0.42315919395
0.40488515613
0.594362723236
0.54275263216
0.549083542802
0.655364006388
0.725037495215
0.68259910516
0.544676758518
0.604041525657
0.660337161862
0.614467451973
0.649504904904
0.588573354775
0.655712067475
0.691009931628
0.512251330779
0.469111997159
0.656255343913
0.83347233306
0.518078661282
0.542066445168
0.593048286239
0.481636891559
0.696958234876
0.472250845131
0.82330889056
0.381704740262
0.627287352926
0.537121570333
0.690432874983
0.361944746048
0.690420991687
0.525790209993
0.405315007633
0.525781787283
0.480475441032
0.536382888995
0.525952824978
0.663605186151
0.433847968056
0.522531025936
0.472784892956
0.499564599202
0.412521479871
0.494212278385
0.528276285931
0.47332456984
0.648135511306
0.510518301385
0.633419086014
0.536102752075
0.535184662631
0.579190056992
0.448229013438
0.56446130666
0.719349171682
0.457021258962
0.614037038707
0.554506596856
0.589421458686
0.600662271853
0.499650012255
0.6224302137
0.598799575624
0.586054407876
0.560602868522
0.635622988845
0.499372618608
0.543985118828
0.529000398735
0.445761232632
0.555097109524
0.452326677417
0.506765760288
0.541042348902
0.596316297667
0.550364627829
0.544668066318
0.426980473335
0.631078666675
0.638305242855
0.620087046627
0.520158982727
0.394788221514
0.572026879655
0.535270165307
0.571486738647
0.427199345658
0.554514546238
0.667057923044
0.6287442086
0.510755123818
0.579765706908
0.519237459643
0.423113691088
0.520490301321
0.470708276121
0.600638425128
0.541425823576
0.497586659639
0.557869783733
0.636154895747
0.56623265686
0.509857238241
0.618947540409
0.338602863566
0.633068525539
0.465970890166
0.649847983881
0.440934797682
0.452791936475
0.648559412902
0.577220092149
0.62476575482
0.70719042544
0.458911710548
0.742866573524
0.548644071269
0.578533023819
0.485382661115
0.535904573984
0.669831019632
0.553119368563
0.671796210532
0.353589144676
0.467074060125
0.669320896578
0.491841865929
0.568283921938
0.573758388055
0.520419990293
0.647864734373
0.582133295355
0.620858656615
0.61629086188
0.410727080537
0.49966125665
0.588624761943
0.622865254853
0.663896243922
0.476300840215
0.467177650207
0.55673119276
0.599578263895
0.707103671765
0.477240581423
0.535179000965
0.536841677694
0.5595405661
0.640866436755
0.599290350479
0.414981395628
0.508173566712
0.414512113123
0.744587220431
0.422422325075
0.612602700463
0.525358023335
0.554001802824
0.562389856551
0.51734313056
0.505446979087
0.636532340798
0.375475637901
0.421316382657
0.570230984308
0.563254276084
0.606521556536
0.515206742982
0.607666988256
0.548638807719
0.484419316226
0.555791187264
0.514275896012
0.500501584862
0.522536989303
0.462413676248
0.534908120202
0.552741235472
0.518712766051
0.556755697048
0.415007882192
0.467141391524
0.531024917256
0.44970912678
0.58841678855
0.546217639401
0.543717939933
0.639227441548
0.599193589753
0.402089442225
0.618023779882
0.408504256982
0.364070700038
0.507748817214
0.640384982998
0.540812833727
0.45279626792
0.469072579744
0.536230251395
0.619608485839
0.46456540681
0.62957665209
0.660497323544
0.675504853285
0.415091460314
0.482939094746
0.473084287154
0.693515979284
0.358491818704
0.540050940693
0.51963460005
0.635699777112
0.752873822189
0.663553432424
0.728016681643
0.508430282706
0.431771330135
0.567322519268
0.52479575882
0.453201242586
0.558117205185
0.403059577002
0.51650922329
0.64014581982
0.591847251473
0.447903810817
0.541082766698
0.403235664313
0.546395573763
0.413059017516
0.512273834403
0.735946125123
0.373214517087
0.489624807243
0.451029886105
0.516167228916
0.561219616654
0.446074399012
0.495188576104
0.512059598889
0.515703677592
0.683133635668
0.654889431909
0.560098623324
0.47927160686
0.458917824667
0.766059794678
0.511741880346
0.595358477801
0.682933640194
0.365559890291
0.546498757474
0.37864242872
0.481698314541
0.517492009719
0.468183887756
0.636480891994
0.523004397454
0.710497060319
0.533290331455
0.554379092203
0.535442928104
0.623090498278
0.580352759659
0.444920799402
0.644145829007
0.644271027652
0.593538667882
0.653459429927
0.68237123434
0.437742874158
0.593193075136
0.399768700919
0.337233123803
0.438669701133
0.587272742307
0.564376895991
0.51363626749
0.466645167762
0.44941279106
0.60383524997
0.491783319819
0.480501284365
0.618245768497
0.616149695567
0.62825546104
0.62059723753
0.692794734039
0.581159889267
0.6483438115
0.45498040763
0.526642822153
0.358280804231
0.63145053842
0.717682504349
0.677074357754
0.474091194291
0.49705070307
0.637079126713
0.475048559153
0.625173511262
0.493680872849
0.518531945024
0.694287621944
0.576309838132
0.476102293571
0.762243256429
0.556032142389
0.657289424137
0.421477113698
0.724882522684
0.489709836299
0.476205385106
0.702849078348
0.599584141079
0.765153930741
0.560857149015
0.660228783409
0.545489632471
0.464105837049
0.565215467854
0.56393318168
0.559498266945
0.700591675536
0.602304760894
0.683040023348
0.559411407967
0.862982309707
0.728927059688
0.567102266353
0.369108469054
0.53444550167
0.461281011832
0.429223937322
0.384583951554
0.666062830384
0.435613540701
0.444553810272
0.682977074524
0.635644986222
0.541566694634
0.463571823567
0.636403479841
0.553385976391
0.569863077608
0.473285013278
0.768455605696
0.532223557738
0.445243961234
0.542285760078
0.415043157247
0.510628353283
0.418385695779
0.501089269923
0.474471432139
0.590189578034
0.447143193776
0.441580622623
0.350516208179
0.60806830367
0.590982487819
0.353677267954
0.641419622872
0.610188743577
0.586762154585
0.507097462587
0.599708000139
0.659915577533
0.81869481006
0.715504656486
0.526386825133
0.651462698789
0.658444540257
0.581896426684
0.48791432377
0.594340339089
0.729647619172
0.501504886539
0.530933691005
0.640782401474
