0.24571616033
0.320178130375
0.269616387083
0.414872206718
0.300636117195
0.272546509137
0.311158875307
0.312007581718
0.365766147101
0.208454817233
0.246271416169
0.37852260725
0.304493721954
0.243801418524
0.321893657132
0.310102538417
0.276379305592
0.261626016703
0.303650314149
0.238265426046
0.304558342157
0.270317979917
0.229744948262
0.200152367168
0.265811667507
0.275854735088
0.339913602052
0.35780506518
0.310580460002
0.327510600941
0.319988910695
0.338217013839
0.349906780808
0.222777002059
0.392843263342
0.237065488603
0.321534032685
0.27346243054
0.428150032594
0.334417165419
0.363390273929
0.41576805605
0.336994022178
0.303439927202
0.347235735161
0.314374281689
0.297743144251
0.281894122876
0.324328912823
0.347702428863
0.299687644672
0.287938941596
0.200531761369
0.332384949387
0.354531187085
0.342010451637
0.285504404092
0.356729855165
0.263051439576
0.344549837209
0.233029477167
0.287462501367
0.380171486009
0.327213391789
0.360486594024
0.261448009507
0.283990611809
0.27380479272
0.28471732068
0.331315454156
0.335920174914
0.36568341608
0.387401593193
0.30616948275
0.365151129804
0.291708139838
0.212791648516
0.349233652315
0.231555968946
0.247610311641
0.254910836803
0.324466000072
0.28537121271
0.322589281687
0.307600456518
0.350594579405
0.304002190926
0.265948177057
0.368657872286
0.240006911363
0.376731986741
0.278969483978
0.274396519036
0.215129196366
0.249587956747
0.326015591218
0.315757646303
0.266535891933
0.288941487417
0.397728736727
0.373027683259
0.361266705676
0.283137134911
0.312133365575
0.344759673124
0.222347336878
0.256651590236
0.2487552244
0.2069785971
0.283363452297
0.251182156998
0.3249228492
0.280816291876
0.395779864259
0.28894786506
0.333532697844
0.273935242874
0.282164970073
0.333971912329
0.201488167634
0.259541375818
0.22867398704
0.347847613725
0.385711999219
0.313786794041
0.334642998622
0.296356016301
0.27224552229
0.364949434216
0.301191803709
0.380930547599
0.227811332213
0.381643182191
0.295554368571
0.314231995463
0.406737067695
0.224147456485
0.314215626057
0.356126138889
0.458056837051
0.294550691488
0.285419487102
0.42953339308
0.333378927294
0.228520691458
0.43283965252
0.401680015488
0.33613983602
0.256438503389
0.3647426731
0.357437347316
0.390627654476
0.312080807507
0.504755410203
0.239655081526
0.44689069189
0.438302294634
0.304134123614
0.367346059938
0.164376608309
0.299494075741
0.329014816678
0.303370232034
0.260604188638
0.355853779925
0.304068893703
0.222395785689
0.322844530024
0.326359656437
0.28862409519
0.333344074894
0.246644419093
0.264483928531
0.329780645415
0.310830074985
0.214664431744
0.250357001169
0.251300310446
0.427743082586
0.428935503073
0.380034558262
0.358450231851
0.414321915785
0.282451597274
0.324450257084
0.373247792095
0.2885084981
0.355500011772
0.231729901998
0.340332049809
0.214930546655
0.435499421544
0.398674446919
0.248397234955
0.273053754757
0.291965847788
0.339067830431
0.451690025475
0.27254023772
0.29317253194
0.344418852426
0.241308772697
0.390048843444
0.294053327235
0.299506608301
0.318248978661
0.386796543214
0.267179528409
0.364447353864
0.273470894606
0.313721256357
0.424402037227
0.323276193727
0.366433126924
0.237564476767
0.30170179963
0.357709914642
0.240263161066
0.369614189655
0.343936719552
0.369988420974
0.234229606122
0.256370302671
0.373492543308
0.334248082667
0.447598243896
0.383369938105
0.384476012753
0.210533835955
0.304909995347
0.380781624053
0.253038480222
0.350739172662
0.264293826393
0.345361294335
0.351082434
0.425932852452
0.456275101669
0.358338325055
0.445152672407
0.36011418545
0.275438361424
0.318755770204
0.331776924486
0.340356510913
0.433328191505
0.330694228442
0.544437148256
0.265812849697
0.441111974139
0.399783708515
0.355519442499
0.290994051113
0.370917048899
0.220271581133
0.306791105449
0.273533315244
0.216856884913
0.411231455136
0.380285616516
0.428567643473
0.287372534668
0.313830126148
0.393602088193
0.306834936307
0.269249879075
0.386859513877
0.176779139167
0.292056818226
0.411173937237
0.229671250963
0.302335973813
0.530635020949
0.456444014741
0.296920680775
0.295905830894
0.326168668165
0.33566196497
0.419729595934
0.242292544001
0.333143969661
0.370741440024
0.314992285819
0.331903185209
0.258193494056
0.168908389678
0.42188787887
0.256349584697
0.332969882302
0.312365567784
0.332492736539
0.190691613207
0.377126195579
0.285720779227
0.208471058301
0.342702787242
0.300374246139
0.258552917069
0.389770951682
0.195318333946
0.246874119644
0.44438714126
0.515828716054
0.190034254302
0.41451855148
0.312866664086
0.305206025577
0.293246470467
0.369225640196
0.43553730449
0.321065782744
0.419246843962
0.208933616372
0.340647293337
0.265889370452
0.401406770522
0.44902394256
0.289009582252
0.410920279637
0.303057607758
0.525298154591
0.23534649958
0.254899189884
0.253405437868
0.171188328674
0.351312288961
0.297674667342
0.388683374169
0.288151749783
0.409747982601
0.238983038519
0.377131585012
0.262097859182
0.297489985376
0.275964448233
0.267249784396
0.463499509591
0.214647315687
0.315624787998
0.352359952882
0.220175847354
0.408808713111
0.213830766253
0.35657786138
0.41138148954
0.364161735742
0.284052251314
0.470342669042
0.453393492097
0.232545742059
0.363695816872
0.264850825019
0.250164416088
0.364838219565
0.343372082616
0.360412312065
0.210792916564
0.453043560482
0.305819874097
0.35774486642
0.333436963482
0.346166139843
0.379219122693
0.23927640776
0.349266502278
0.435656882268
0.324675440729
0.302705367371
0.276158795929
0.399720888359
0.30379938575
0.299114049639
0.277547347716
0.224986758287
0.489037648062
0.314834194706
0.314426171267
0.447980903634
0.247335421996
0.247103187373
0.417954156569
0.253905480385
0.319396877795
0.278895222172
0.150455955522
0.437506118163
0.400657720995
0.374014517485
0.269165804971
0.22846148603
0.371315129154
0.30957378978
0.323981191948
0.395812211784
0.310792774424
0.316291041099
0.268741057893
0.522162862017
0.308027607224
0.243276891026
0.352192242276
0.397139275844
0.276611909349
0.310953355754
0.420714873822
0.198830786228
0.497393309921
0.385752904393
0.29523155846
0.517927204139
0.244942488636
0.230216682276
0.167743745087
0.278726422706
0.380292421685
0.281654003475
0.33524803048
0.32354241655
0.304094239452
0.288618321632
0.325204946869
0.288703206243
0.467336655675
0.280522208496
0.385437456865
0.412851932017
0.257078342938
0.320881831287
0.356272475419
0.300853558131
0.227052357831
0.223235563878
0.196319301905
0.391721712701
0.232740317049
0.291368190818
0.362762206095
0.251106259279
0.209383079558
0.357684752449
0.367115363376
0.231303708901
0.481817351596
0.313454812632
0.353120272348
0.423778384795
0.186446684737
0.354255067681
0.40366828757
0.261252772048
0.265984575327
0.415708944463
0.430534275777
0.37659593473
0.395214404438
0.358937244011
0.438034010106
0.247832547876
0.301411692857
0.456707614401
0.328762476063
0.343005838388
0.456609517189
0.380882092058
0.320138160062
0.214749585826
0.237242885425
0.460214614591
0.267348383285
0.453302797171
0.16532397531
0.519412917763
0.353490920631
0.360707131388
0.489916022911
0.422936228498
0.291347160237
0.317180967385
0.29827433719
0.296790088385
0.341250452367
0.35422050656
0.354441427104
0.312574575023
0.323977097468
0.347912724859
0.329287422701
0.420976366196
0.264406291997
0.324501948177
0.398700452344
0.418314072092
0.322501303155
0.290258359973
0.292413980754
0.218522584416
0.359922505417
0.376176645151
0.34996730578
0.375981702121
0.517382355756
0.156296075193
0.172318769231
0.284564725306
0.214509808045
0.250975034233
0.285125625911
0.327318527349
0.439659977741
0.283641803919
0.275807278669
0.45705085129
0.335082981769
0.357732332236
0.508117527993
0.252723435536
0.315280209111
0.296986169948
0.303663620892
0.287623591522
0.42725757121
0.304967157004
0.395654010383
0.449955590518
0.211841560446
0.360651788493
0.493285487257
0.182897576261
0.365853114978
0.386363157299
0.257819574107
0.373607491993
0.310249360953
0.29238674011
0.427851115813
0.227987030877
0.307948448939
0.317918362718
0.251456650876
0.319062597722
0.312354331688
0.286676331005
0.418605346938
0.25586232723
0.401624678855
0.216126267056
0.233537267326
0.320704011965
0.379182063503
0.394011237786
0.438417612055
0.266686641002
0.31257802909
0.273938549579
0.330483642031
0.294467030818
0.261347201446
0.263272398125
0.258874306204
0.349302778039
0.274537182375
0.343276739553
0.271996357526
0.358594087076
0.366173845433
0.27004686527
0.302087323136
0.35309550773
0.297000232874
0.307381400276
0.287911278416
0.252570008945
0.256609513301
0.318485633178
0.310832741586
0.342371517409
0.286408949325
0.228339719165
0.250763637163
0.338798206536
0.342177070237
0.265753459364
0.228258010168
0.265474746308
0.288295050599
0.357798131357
0.315878568137
0.317023718246
0.444289769353
0.233083545369
0.287406576231
0.324190560837
0.272434954688
0.339015720083
0.259619830585
0.360185927399
0.259014168155
0.237481987239
0.253742109495
0.234788898954
0.28954835913
0.283785642638
0.367674234441
0.264935540965
0.379558308493
0.215947950393
0.371630176183
0.256589218887
0.338373580986
0.36206802747
0.277463914643
0.343214183053
0.232184719477
0.335192667615
0.238326731497
0.270630198055
0.279264449346
0.359263210824
0.312277272204
0.329861089531
0.359218207349
0.288574870994
0.386589426092
0.351865965662
0.392556944163
0.284404781346
0.378218685503
0.305416405114
0.257815935054
0.346821935211
0.352436465068
0.372545325041
0.301353621454
0.37927828198
0.24685053521
0.267722494186
0.189028490097
0.315547729134
0.373289316012
0.35783293333
0.35193198568
0.488148274818
0.267998553438
0.336569393321
0.318419117689
0.349613486493
0.292422039745
0.331425275112
0.275823272368
0.431795535861
0.263994007828
0.293066549377
0.397690364716
0.236458294795
0.341812406171
0.281489842115
0.244481484722
0.361037561467
0.23035742495
0.316949347479
0.242363191852
0.423875824107
0.310121761186
0.318821451755
0.309756098207
0.313219922216
0.262074040024
0.267755473144
0.387604870238
0.30551945883
0.370124298439
0.289267042029
0.290313736561
0.31973936991
0.230505252677
0.216487550614
0.255537705794
0.278342585626
0.379705631372
0.29040274457
0.352234936714
0.391469622476
0.409576010577
0.322390364371
0.291026337892
0.390576903535
0.205837339343
0.279880717157
0.366005751392
0.339785046457
0.372727602293
0.283359756412
0.363225638687
0.337651958333
0.337939434635
0.252388830506
0.361067003754
0.261847978627
0.227321326506
0.23622251072
0.425859638247
0.26090135192
0.396167017112
0.323383945549
0.31644303637
0.408883180212
0.35134517163
0.407750330341
0.273517836786
0.257431670346
0.315960516331
0.306270215654
0.41424274839
0.348154257021
0.304556173487
0.324952369466
0.2382951123
0.362491461751
0.287380993147
0.257776357059
0.375438555781
0.37689615657
0.317089008557
0.349755455037
0.274324830739
0.192450885562
0.2701973011
0.239960477859
0.326643745321
0.277701291476
0.33343222687
0.351895171635
0.282409057366
0.316143543171
0.274244085063
0.331751307178
0.262774875667
0.525162513135
0.345361106674
0.227505258466
0.272317614059
0.448779164641
0.224250850434
0.229353015176
0.356096951772
0.243596996833
0.416167744091
0.2760792236
0.271395906132
0.221295492241
0.362964099533
0.242899248941
0.222933956306
0.525935324608
0.488277938163
0.425210559248
0.255269353063
0.437340811723
0.229000085809
0.22826157555
0.236393505099
0.281765238646
0.257678299179
0.171972047752
0.2986597876
0.316497131964
0.441695420856
0.391808589047
0.250306677581
0.306648676906
0.235946256567
0.434299297689
0.33726068251
0.372849702248
0.371547023386
0.291479028083
0.495645875702
0.204426752245
0.262194684909
0.299812628465
0.281371467488
0.306581800091
0.336762804452
0.288066004446
0.330936273327
0.502624808597
0.518063482845
0.272859995352
0.386021060861
0.326728500242
0.349313886502
0.194461165083
0.231202334982
0.50249242425
0.292475783914
0.40850827535
0.339470432901
0.433626629644
0.527092863741
0.26302681162
0.317547418851
0.320298323108
0.53719409909
0.26442124147
0.245510219026
0.263263199629
0.420982690149
0.529452222758
0.272773460819
0.466494664214
0.383595336338
0.552169027604
0.302264662659
0.176696514535
0.222145516833
0.512803472039
0.442159224504
0.19687147632
0.367336941661
0.509128825901
0.462692739286
0.403431313376
0.222731459388
0.203556927603
0.233055571585
0.31692027436
0.261302987143
0.407339500563
0.461685176525
0.305984553053
0.234618402863
0.238884518767
0.387299661172
0.171536790671
0.373493656796
0.319450464148
0.334662637939
0.173013535296
0.40231445767
0.373758506301
0.373340116697
0.185541267966
0.202949979337
0.449541234922
0.41337129278
0.261000829085
0.20124686611
0.202679240736
0.481628696369
0.453806504582
0.456602531688
0.261236699282
0.334353661148
0.285041162361
0.2565229299
0.477510996886
0.480829550298
0.361599237248
0.267603034813
0.441612157755
0.387715823793
0.242210852756
0.295088806004
0.247345286102
0.331539417663
0.493404631461
0.239559240501
0.307648874196
0.379469304514
0.356547770059
0.379880956409
0.21162805419
0.334971415367
0.285525252588
0.219135126762
0.312418769355
0.254234893122
0.3396065336
0.332117420035
0.403494057005
0.233780328509
0.304131302776
0.27018653726
0.258215925561
0.29510596185
0.396220062197
0.256200523202
0.246773490422
0.332853847807
0.274869294388
0.288603455754
0.342264390292
0.325797150801
0.27406518279
0.279313044053
0.361187752663
0.322425633644
0.384104433839
0.22925495628
0.241880304336
0.338953531395
0.29786136893
0.331254879733
0.360091120196
0.239916856804
0.238183839831
0.311242894658
0.376906060619
0.35281828817
0.338092258874
0.281864822995
0.330439509111
0.444007113366
0.26357857588
0.279526481116
0.343498028987
0.368595172964
0.247759304477
0.326267194164
0.401913594997
0.266942783682
0.281318901289
0.316530343321
0.255723616525
0.334023970325
0.275383612177
0.305751514981
0.416969503335
0.309946672348
0.305285873034
0.216866990882
0.427726160673
0.372387152345
0.339317715304
0.325517222583
0.341046688089
0.226192667644
0.413476890889
0.26951528813
0.235738570074
0.371265315093
0.36968891033
0.280156929841
0.24888450432
0.225891240958
0.292512463328
0.341586275444
0.203809738644
0.216892435399
0.279116391189
0.303540119452
0.329114676796
0.240032857162
0.367771192915
0.30474728397
0.296229598426
0.219004993845
0.326817797901
0.219302315627
0.327569257629
0.299772229514
0.214466811544
0.226265443639
0.263234381207
0.284903805112
0.26630372078
0.263117343564
0.350552016677
0.327174331259
0.360554556397
0.402052731196
0.311986187185
0.322403837273
0.259056794715
0.315995975258
0.186015440929
0.265304943997
0.33275241869
0.381039559865
0.34359908758
0.238531972916
0.325886296006
0.273533198224
0.23050728548
0.255478588262
0.217762773867
0.254770846471
0.360330656298
0.309515127484
0.321500677637
0.26257345086
0.54195483509
0.275059452359
0.151043153746
0.214485807736
0.431302292416
0.356512145727
0.339600629964
0.270654966963
0.288667851885
0.389217475003
0.514940281284
0.195689350545
0.371796034126
0.348377890793
0.234194909522
0.360100561552
0.38883220543
0.248144664529
0.516786422127
0.29949673549
0.301800030514
0.370628709467
0.284899769783
0.375107925964
0.303870423652
0.250765041301
0.470684632539
0.490570268421
0.289178264603
0.327743766806
0.471290000092
0.271335977112
0.466561815661
0.233582806285
0.230007801149
0.400041943086
0.300399481871
0.309503233364
0.183661749807
0.326435655863
0.133993403223
0.225623305488
0.202387039803
0.306391745532
0.36191273499
0.429159596678
0.191469331549
0.288279230463
0.342639395143
0.522495556477
0.401001976018
0.295993591031
0.319148242362
0.315337031969
0.530986485333
0.261631440874
0.306043943144
0.351386456046
0.536647766871
0.173876761216
0.22808692583
0.2955190794
0.524590926694
0.300991287769
0.333088435873
0.405924683195
0.438754793115
0.351194624458
0.237678337752
0.284293260919
0.54624689979
0.19828521276
0.334750588086
0.365658378612
0.460660377446
0.253311382774
0.296762958667
0.265892733457
0.338300687463
0.454470456551
0.24055286512
0.271835362756
0.206793297077
0.438446353006
0.237948121921
0.21224154795
0.364200043801
0.345493093863
0.399212296047
0.389079692266
0.317795734385
0.348277456961
0.221221033131
0.455523507912
0.224151132937
0.301893056984
0.462783642787
0.247631668298
0.186796079555
0.375733491238
0.377572070882
0.254297688844
0.536165087827
0.37380546559
0.370512487822
0.395615695708
0.505017458475
0.375262671982
0.36273247197
0.257928448178
0.525718468349
0.410094563254
0.297017747411
0.394350708091
0.491732133189
0.29233293492
0.265246307821
0.348629671776
0.309586260562
0.299680307007
0.263697711003
0.237445752001
0.325109103162
0.525052987377
0.182694965367
0.295828462612
0.349087786435
0.364020606141
0.247738693269
0.389688978673
0.294737292468
0.331648470687
0.303692188481
0.291191805199
0.341369268023
0.558455313088
0.186879143753
0.273687115716
0.424318727823
0.338088613181
0.373193327676
0.483227223539
0.241240348497
0.342903261637
0.468186881313
0.151097937367
0.268766527475
0.355380075949
0.379355304451
0.313233470329
0.29737915338
0.348216002369
0.328742040079
0.436119972067
0.348866393971
0.234847348584
0.322693974506
0.468283133048
0.386140064987
0.350581562546
0.30022151514
0.225748957203
0.276442024489
0.273188575294
0.254035413606
0.291076951809
0.369742816661
0.283784659483
0.389796566045
0.413789404994
0.33458380105
0.340089317702
0.308681299489
0.365514303437
0.226684220758
0.290266181492
0.26624263464
0.27942883142
0.297495359591
0.386211277207
0.29238956996
0.260606239254
0.2756499742
0.460632037387
0.283424074594
0.306767514572
0.309466358574
0.35417646944
0.298833046385
0.281393919959
0.302569007876
0.299708757162
0.289610944657
0.276576074343
0.312009286538
0.31640030277
0.487189884814
0.317073036501
0.3681731137
0.174391390025
0.323358517153
0.333818641758
0.356564523028
0.388985461668
0.33913733273
0.35553111059
0.274386227781
0.322143800132
0.264741754924
0.231173822193
0.306898253953
0.340772918847
0.233227431741
0.391382126502
0.257079508154
0.279606926787
0.377926549157
0.295263798973
0.19425895673
0.337257754465
0.277060504095
0.248169671243
0.284012815008
0.329067181399
0.3310735246
0.368021069137
0.404799887903
0.410165313732
0.362430198368
0.493883656187
0.318458011797
0.450699628156
0.28223026253
0.305971158369
0.234703675288
0.353269108865
0.23127009622
0.299853826799
0.228485372338
0.324788337634
0.28227926152
0.345441947873
0.330957742468
0.314452271498
0.314930419757
0.268254801581
0.348767449904
0.281087895316
0.334557121008
0.302702639303
0.351831985212
0.427662484414
0.342510930839
0.287693408705
0.350315710217
0.321123855072
0.268159213839
0.324258123913
0.302442656139
0.311409209834
0.279392789255
0.300388893189
0.260080319762
0.31148523023
0.308335356768
0.304232445356
0.255303568599
0.364361066087
0.253977284458
0.301478043705
0.327307805572
0.380845861879
0.347855830303
0.320139861284
0.326502546376
0.23367643348
0.432968861108
0.351845927104
0.274683206525
0.24230889436
0.2656317998
0.264331579522
0.318430388654
0.248108580286
0.352689144216
0.348607896838
0.399722259258
0.374928679198
0.293322382341
0.356158981512
0.264227929703
0.320638143956
0.356411027015
0.341883134162
0.303297818607
0.332968602446
0.206451085048
0.289897387169
0.322777900073
0.268538654696
0.145902301807
0.264044315768
0.260883327695
0.215413308127
0.334683601394
0.32633908792
0.252227985305
0.306285801516
0.310273257009
0.315001730076
0.273956931276
0.341653465137
0.275017021797
0.232248843651
0.246355128535
0.225902374538
0.300186002935
0.267147799538
0.29624712447
0.29106647532
0.258057077797
0.403711238241
0.235705750122
0.308594837163
0.397444964502
0.253137937987
0.204523002749
0.193544786364
0.37272331252
0.350667685099
0.327175332817
0.333727496285
0.248605014343
0.308974140631
0.300568486858
0.24511710455
0.293329888423
0.325107632965
0.349578124551
0.351978237506
0.371702466195
0.381020744311
0.269467221611
0.321946778044
0.296931482019
0.292699223449
0.422145322192
0.371366524787
0.236136632687
0.326993117652
0.275881574521
0.398586476765
0.252153512166
0.272215183941
0.197890931186
0.360898657408
0.397966374052
0.329379593458
0.301944665587
0.34303071459
0.264607818132
0.34805123121
0.26725251678
0.305515252762
0.294589462781
0.30159926078
0.287486590588
0.397072557123
0.260624724247
0.390066738727
0.264544262393
0.321013213327
0.305006864523
0.387199664634
0.287125982725
0.31647916096
0.276439929975
0.23500127118
0.223985862257
0.183699160676
0.289048365188
0.28538681162
0.223860595498
0.216627277267
0.273514373181
0.339994962609
0.26724923359
0.260266067306
0.360137966737
0.302712365402
0.275922104622
0.325517223619
0.289268261485
0.261378017686
0.263845844448
0.25177885255
0.343874065416
0.331383965818
0.263614863619
0.358189735095
0.174852040018
0.312176586286
0.333846859862
0.223803231129
0.347372317559
0.287952174283
0.285239151815
0.367580640726
0.298804303802
0.27444027188
0.331365688179
0.261931462453
0.374573910322
0.349853427377
0.287886978795
0.290216020277
0.323167464911
0.271985508768
0.327119492995
0.235702513438
0.26043888283
0.294566454482
0.315380847343
0.318752729694
0.259924516164
0.332628158639
0.424866853971
0.302053948134
0.336608180156
0.383788918213
0.262014282557
0.273111013874
0.337224535949
0.297752588951
0.341819120001
0.349423665066
0.323457963306
0.30654734348
0.399665056872
0.365403095959
0.312957366055
0.24177771957
0.201965112815
0.297133128409
0.345788083206
0.299233845162
0.355372768834
0.282322843501
0.325849336854
0.373269332672
0.214766608076
0.35169397767
0.244840609816
0.343050485458
0.218122274742
0.371372364296
0.21432284128
0.353442817599
0.271616595902
0.23696585842
0.287883870623
0.243827501037
0.3250013033
0.30735005227
0.354258882407
0.305948145065
0.247404168765
0.385405662218
0.231863870283
0.342112700114
0.321477528237
0.24697934865
0.291140402839
0.287746565909
0.389972727118
0.281605179713
0.273339410734
0.252509919746
0.315814765887
0.368379058179
0.197411984849
0.292713018101
0.302655448118
0.282515257616
0.226288938434
0.379506628271
0.22166016659
0.305998504427
0.295475192804
0.358248265544
0.263101392927
0.255088687842
0.357013982596
0.407483363293
0.384328026058
0.304092427596
0.306997350165
0.353773932965
0.320889033387
0.390157967233
0.252896912595
0.220115542098
0.280855896624
0.30021442487
0.2914184162
0.267696218769
0.276167952391
0.30974433306
0.259822005019
0.299370367183
0.334451996741
0.326968665654
0.270507737022
0.281118688648
0.31566259663
0.333405664046
0.258681340924
0.316552621693
0.259814849076
0.36990234293
0.226938186822
0.217178523575
0.277098910288
0.224422951132
0.321646936298
0.277561551694
0.332336270586
0.360682004429
0.345853239622
0.325854367668
0.300499118112
0.37895393539
0.381774716354
0.312331292232
0.293455068928
0.22937697723
0.450585868911
0.374618430831
0.296418051279
0.309007210728
0.312626967299
0.361305571957
0.37454382734
0.310906192131
0.244019111604
0.374794254283
0.29016517981
0.323010195305
0.341100949631
0.305735933473
0.332793367204
0.272455113036
0.211589095158
0.307304638186
0.327432168013
0.342755349699
0.268267927837
0.363160995344
0.376304692
0.384442134731
0.259772942338
0.345250373419
0.313474046921
0.322782120684
0.276699112854
0.302506657751
0.312455496139
0.22775504798
0.246367648259
0.248332891813
0.289471895603
0.366991780926
0.185931545709
0.298663836347
0.327805346561
0.26718639195
0.312017993161
0.270768090618
0.27613369711
0.254684605318
0.262106911495
0.32795919398
0.253136617716
0.321562776311
0.355446421354
0.264349556685
0.323941968338
0.230690360139
0.348152092399
0.201558553384
0.388887648618
0.232086887488
0.298253495339
0.30206845773
0.348843866977
0.326661535411
0.238024741782
0.258839961215
0.360373914567
0.350533977329
0.31558721967
0.311567225514
0.444328923565
0.30657664075
0.271983108984
0.272387298438
0.237457736052
0.360053599035
0.300572326195
0.329280636725
0.349847195087
0.365556404467
0.376087341376
0.287087220208
0.361097731675
0.397969652728
0.290887150651
0.287396658596
0.308778216976
0.354345993413
0.260044635262
0.368811574655
0.284888515543
0.248154017326
0.31889819873
0.242864261527
0.399533826356
0.350165624542
0.366621200686
0.393375774769
0.307841577135
0.27630010953
0.350088075468
0.254436495523
0.311233395077
0.430817769907
0.310806248356
0.299239261565
0.254578941595
0.389093132395
0.378395873513
0.289925498412
0.330673099082
0.306753239376
0.345197838671
0.263760972238
0.318811462093
0.312515423427
0.221193752401
0.365717229113
0.400367408067
0.255684756623
0.320516817751
0.244534600536
0.301295054013
0.318017795454
0.408297780193
0.378532753548
0.287863745358
0.332334498763
0.297244515361
0.263711307534
0.319032250592
0.267908604199
0.478502464294
0.310991850565
0.332337978991
0.349468932221
0.413417575676
0.280657465536
0.227127378691
0.318515003977
0.287100185269
0.258531759055
0.356998446787
0.322929271357
0.368337739025
0.402898252937
0.272729685625
0.306358829218
0.298675710498
0.298732604795
0.3673342969
0.334513063395
0.357057099676
0.303004517122
0.335811385851
0.443912614552
0.271564960282
0.334889902615
0.282121019789
0.247254641208
0.304596327892
0.336260067597
0.251013281069
0.291624887134
0.294876002541
0.370539657942
0.349085414546
0.333518380516
0.239622754668
0.394454782803
0.298077869227
0.283654072756
0.324911586713
0.343631224418
0.349511492738
0.240728822627
0.2904440589
0.249491539889
0.311985291064
0.380253496889
0.416641081948
0.250214222492
0.282728331274
0.302524537949
0.255743452999
0.331539128334
0.226334553712
0.275111118494
0.279856283726
0.300017601524
0.299745666658
0.321015387731
0.319262025708
0.296254189829
0.259440850737
0.36764800168
0.277585871951
0.355628089081
0.37931504352
0.329347230872
0.219955845627
0.307898355905
0.256361946764
0.278797450373
0.328690614384
0.330165669359
0.353019763629
0.253727363456
0.281117630616
0.348465248472
0.315356190889
0.36773923761
0.376664997699
0.340672442431
0.400185429722
0.447199091515
0.309296024207
0.458974850582
0.23619629039
0.380661388967
0.32183538326
0.35112478989
0.265914581117
0.311740504454
0.219267192446
0.287938358527
0.453668684038
0.241420481196
0.304885267128
0.371619597787
0.32777759084
0.392612218881
0.352203606933
0.281893468651
0.330409034068
0.272878665546
0.310036439428
0.293211041916
0.334407942446
0.340237279447
0.222118766744
0.40409303444
0.258686251913
0.311501163258
0.329023987047
0.231273245667
0.297444575148
0.288074826029
0.339440715207
0.413359428068
0.344801560557
0.437197697357
0.244609416917
0.289968858278
0.414492953044
0.403111520762
0.404639189794
0.288999774005
0.216848916692
0.250970360123
0.30067688697
0.323302170342
0.305281728858
0.338879052895
0.296051392681
0.277364727675
0.287103048879
0.329307035528
0.296337615758
0.405900012207
0.238509397981
0.394871818427
0.404201128116
0.417262953309
0.286746120167
0.368576977838
0.347167431665
0.36131814549
0.439052549778
0.513832197786
0.288853192557
0.36753543508
0.370923505496
0.222386751741
0.241344311605
0.319453183641
0.352037072212
0.373321633485
0.216712825665
0.312471843308
0.275664953981
0.341493929537
0.291683187358
0.365522672233
0.38905157893
0.26637022872
0.324373192451
0.374693997263
0.276588705166
0.284665805969
0.308324273481
0.256941414388
0.322997477846
0.283602904038
0.357054698473
0.339937627588
0.310268774092
0.264777116956
0.423801574502
0.298245138435
0.239452489927
0.287111152393
0.429391608792
0.228352317751
0.202071706839
0.328056124247
0.426974190784
0.363884612704
0.40045522464
0.354849946091
0.543341481644
0.269522322513
0.261659080212
0.227699855956
0.280095226894
0.37008361727
0.511849185731
0.392355624476
0.442546942862
0.316608872063
0.331785623985
0.333369709192
0.406864690329
0.28344141251
0.210132835222
0.370797990706
0.373381860363
0.345952725408
0.346193401411
0.355096645196
0.254500603082
0.274861193969
0.261524193847
0.223729137855
0.380415564969
0.300870642501
0.260581840204
0.402111697838
0.268153696738
0.34595161893
0.439470617523
0.312029176947
0.278235384793
0.407745151931
0.328167508394
0.284645312358
0.385840443226
0.347887857427
0.320918003281
0.356474350384
0.255940444859
0.33538874505
0.242490583657
0.336613624645
0.300798019547
0.337318841371
0.295580892812
0.203764028613
0.370762933631
0.38793426896
0.384999367539
0.287586233004
0.388077764195
0.273161737196
0.247335240461
0.345664597323
0.39480670872
0.271461155179
0.27845035473
0.386515438501
0.320731392109
0.257726853784
0.361441441563
0.329196900882
0.235204604852
0.271065440408
0.299153628278
0.330935812518
0.338426839833
0.259924640513
0.291242114667
0.200902107174
0.315110444478
0.308625328974
0.375995323114
0.313783912113
0.309793830076
0.323285446208
0.231555914169
0.324819474969
0.358048851991
0.343499295215
0.315384216215
0.371625341616
0.361861360179
0.316328334301
0.226002751838
0.24471741066
0.271169441478
0.251488646234
0.345659679117
0.264244001488
0.30280172867
0.276258961786
0.271120413608
0.292529583363
0.322957777701
0.284353213879
0.399323058522
0.306574145675
0.26766673436
0.346496469238
0.301417125048
0.28594319025
0.356019108501
0.348286589537
0.270810075984
0.275411577208
0.308197150886
0.320523677355
0.261786651029
0.280742240281
0.278677865864
0.257122127483
0.291538313722
0.461354435772
0.26776592875
0.294944624051
0.357764104963
0.231897823774
0.257529478325
0.353183471634
0.373528162323
0.339061530954
0.321227138813
0.253957165449
0.215860834439
0.284365743992
0.315610715343
0.322930551075
0.378682713148
0.306809986577
0.275596088829
0.264823734018
0.299637135045
0.230894620053
0.448552021371
0.284803817789
0.284549879955
0.335652494181
0.2840907141
0.368824325942
0.350823184881
0.254990649921
0.224792073041
0.303899140313
0.304999751658
0.292549397438
0.345363915508
0.277523102015
0.276628676874
0.25153112667
0.297610981799
0.268542641485
0.31388760567
0.376862341049
0.340020357328
0.324286973635
0.326360781117
0.313895549913
0.33641536809
0.329778170481
0.342643573516
0.289536495599
0.450054227011
0.289235857396
0.23730104136
0.280675294736
0.316275885458
0.316383371426
0.372818724375
0.288369507165
0.239364342661
0.364913656107
0.270583844493
0.327064419523
0.328030196677
0.307545478519
0.318927461648
0.207113620063
0.272276253106
0.268104155137
0.322362115199
0.412505172804
0.336090481466
0.324233891023
0.309286847356
0.297795610504
0.257244321331
0.301400504655
0.316834222944
0.402175708937
0.333907934366
0.3037078592
0.326959909053
0.312081380821
0.285060684472
0.354353546535
0.264828059937
0.353086510775
0.307952498291
0.304345784478
0.339554756586
0.324613521114
0.226425093054
0.33686809406
0.290175234765
0.358445756419
0.348735690721
0.280208452854
0.341662457505
0.34348089815
0.355445735953
0.388870791569
0.362330322543
0.215856365993
0.424661613427
0.316046117022
0.32047850912
0.201726530908
0.246185925411
0.228291620071
0.355315481612
0.301155411614
0.361281527325
0.326957160213
0.330532515316
0.321423267344
0.32554693387
0.225424805287
0.325359205923
0.313703926219
0.346849113583
0.229845225109
0.292067971568
0.392502581911
0.253297106995
0.249314813156
0.305645029944
0.290723573628
0.300076724359
0.346974263834
0.351244009251
0.366939176286
0.356869382577
0.270144114012
0.362962684395
0.299170615784
0.286886379713
0.41718611756
0.273917950135
0.248091479506
0.207887858767
0.318462485878
0.31191869607
0.379557622681
0.304281733695
0.299248883561
0.375492241542
0.341644597207
0.410622954727
0.295695372279
0.395919471163
0.300609858131
0.335516086536
0.169777695738
0.344512910516
0.396919742728
0.312511623278
0.441844721075
0.385917372635
0.279133740455
0.281066052476
0.300987908384
0.304824806701
0.256889781208
0.243254236487
0.292161978918
0.157015920094
0.348444075332
0.35653302534
0.290886266764
0.285696740213
0.291951613081
0.423154086732
0.326354988653
0.36349594775
0.336845711571
0.247994546379
0.371472971636
0.214045457188
0.394477427061
0.336141865268
0.357887314419
0.215000258517
0.291460165522
0.347303012148
0.208588961196
0.400264204724
0.323971617585
0.355208844584
0.302729388613
0.327851877794
0.185961629913
0.430081727154
0.159378577238
0.269351850181
0.257584328904
0.306933589217
0.342536121241
0.317148671622
0.323293481951
0.340464145684
0.306478024895
0.329638779842
0.37342682826
0.277719633549
0.305481641963
0.36555165936
0.186269080339
0.336545101849
0.205734411378
0.312748357995
0.348552211524
0.233541964076
0.35365771139
0.358553552288
0.27084932794
0.294452849231
0.247970173758
0.319556020391
0.334482425456
0.374265656529
0.265840850902
0.332159996679
0.415074886439
0.235143408798
0.234902701725
0.2326694647
0.288646765167
0.304355402735
0.23739309175
0.390397739485
0.39178775851
0.175387745319
0.279622023967
0.371440071954
0.329847623826
0.273990886216
0.310507926488
0.330541967873
0.372508348259
0.231812648972
0.241171319718
0.303991000228
0.331670250753
0.344683253002
0.277142738045
0.323465368537
0.357516355198
0.264541266985
0.202654006954
0.325130157276
0.27605755153
0.283097775199
0.424364318246
0.389908095133
0.304634864649
0.315334661598
0.287143590589
0.272456213723
0.326591336159
0.431590002559
0.334442875436
0.244084599142
0.268504855369
0.298365948272
0.319574214308
0.367165345075
0.267100560161
0.362655660654
0.240119903543
0.294816557552
0.287077089487
0.372394358016
0.334332560886
0.278889274645
0.307126203444
0.394328580834
0.338413402268
0.298594243869
0.339197267297
0.337813723588
0.379229196372
0.294386958393
0.251059457701
0.302586584263
0.259145608197
0.384545242286
0.330465108822
0.30152090908
0.284886369876
0.380229551874
0.331813889907
0.285866228149
0.333339565896
0.238024488994
0.318697522384
0.325361786461
0.221456285227
0.24231009192
0.252754601568
0.355617259865
0.281090853054
0.248095250714
0.282624272809
0.275023305896
0.35080515851
0.336401648389
0.322924698647
0.245490494166
0.339646536823
0.324477567999
0.472669548107
0.230044547978
0.214253655568
0.312952733207
0.264490942997
0.252378048817
0.313630658092
0.303204395737
0.269026230978
0.260725242431
0.342611236542
0.389410944282
0.323537468214
0.355403749621
0.222323945026
0.319440910322
0.26653831912
0.282448866231
0.306990772478
0.298286665967
0.375548964061
0.383077805781
0.30699231887
0.244819446963
0.30383729291
0.347724963753
0.181633577805
0.315662094966
0.346339687411
0.280182510168
0.305032576378
0.267638688265
0.172053678272
0.363156616077
0.330199249141
0.246825412681
0.335071757047
0.295612622694
0.326121272569
0.458313501737
0.274796886665
0.248845754048
0.280692699311
0.333335144919
0.279604185445
0.226925912671
0.299525520057
0.259020349695
0.246537907061
0.306083132049
0.322587544163
0.362614328634
0.336967167465
0.251229113376
0.304998693747
0.342340742244
0.337574600512
0.28299394125
0.266204926857
0.292232999282
0.319401772187
0.292038854122
0.246664048855
0.227159575908
0.364393970379
0.336221261754
0.33909909357
0.319069742154
0.277425034568
0.315657752439
0.268254694364
0.372924631698
0.265877451888
0.230532505282
0.270511767763
0.377001712126
0.322080678924
0.435518263107
0.271812361655
0.314133442229
0.356717728445
0.31164048477
0.279067038787
0.384550979006
0.366594739642
0.405796175376
0.309152459417
0.306258770477
0.210381355974
0.285890566117
0.279233857259
0.286481486423
0.308808625564
0.277219907633
0.34097943405
0.265168914328
0.22326660751
0.375907246722
0.222014557304
0.363148034277
0.240222851193
0.316702001783
0.272391855849
0.290399620806
0.272882291309
0.255415936887
0.312646461277
0.288311908466
0.319809957633
0.247506210577
0.330647803436
0.323142657697
0.230575330958
0.359592986171
0.377543525517
0.364965041264
0.258810252793
0.386574184318
0.353656638882
0.161322996574
0.359673692462
0.289238085985
0.292733216459
0.235081177996
0.26086696872
0.358188696307
0.400472180305
0.275208778954
0.363437721014
0.35994306696
0.296313796513
0.299003735741
0.347887279687
0.306153679008
0.398606628824
0.284742657309
0.418586350779
0.34953173685
0.278873154245
0.325633821354
0.236065834156
0.380612657655
0.362382023662
0.337031499242
0.279523077891
0.199605281411
0.193223495126
0.358074684575
0.261994009264
0.329881857744
0.275071648943
0.263238449016
0.349587079698
0.284157506345
0.260938865135
0.414081400243
0.341318009175
0.311251426866
0.293558871949
0.386290506458
0.305422631655
0.288643408332
0.248458431627
0.338921544573
0.291795992296
0.318370763222
0.359839538763
0.233233918614
0.25002550334
0.219361564323
0.287221168394
0.250162005356
0.352041762343
0.291255674578
0.381067520226
0.290410001912
0.250752061464
0.252553556355
0.321136166589
0.332933140905
0.333872124958
0.217429508159
0.232326776779
0.336229340594
0.431758144624
0.347937840229
0.345192119465
0.353082515934
0.21730683607
0.251566703049
0.372920526016
0.326577727914
0.312605178753
0.296782753866
0.341666533217
0.306891423018
0.263088960185
0.372692872837
0.275783578694
0.399691031129
0.392678088822
0.277175126167
0.343963820408
0.271235394429
0.280445490949
0.317210219115
0.322670096207
0.359232022448
0.304989343377
0.231465905171
0.33027200953
0.268493061123
0.29633558618
0.391952448863
0.256308920343
0.1923425284
0.345113173808
0.311622457345
0.389847823095
0.314727463953
0.355762011339
0.384498910154
0.260578706064
0.257599928595
0.33094652341
0.33293916882
0.314885854443
0.326373113098
0.364834387849
0.354280793084
0.242199877138
0.314412877318
0.271802645933
0.268828101048
0.36277263543
0.21800621143
0.42213352702
0.25374556846
0.283406649452
0.284383740612
0.325125642794
0.39954686707
0.278952573572
0.315633257101
0.292912980094
0.37434809311
0.23112378674
0.258205649469
0.333634660006
0.279490779497
0.260582656144
0.310157942801
0.308796063249
0.243209570782
0.282679794666
0.344178069267
0.327129140942
0.306998209622
0.302182704158
0.258548098588
0.334038801934
0.336108538875
0.308526502108
0.365892638629
0.203202429121
0.323733049561
0.294263698812
0.328518542968
0.330158983913
0.374831046309
0.243831347037
0.329619899828
0.286569180625
0.315955649271
0.31640030572
0.388240681505
0.23287831537
0.265145824543
0.345385160955
0.368864323285
0.333959962926
0.258195016003
0.29608265847
0.290800510698
0.219911903926
0.380139660697
0.447925174619
0.290919783201
0.269961133041
0.435550852229
0.420150818268
0.350174379731
0.334416269811
0.382824435035
0.229319381333
0.267903617712
0.325618505063
0.248683154168
0.308768059634
0.338348610542
0.277334504942
0.343700631489
0.347057361789
0.286483418924
0.247450040598
0.220220267601
0.277058126126
0.228356319098
0.320994214203
0.361630840021
0.300779850325
0.28499183589
0.315802054198
0.380932477554
0.320201661975
0.33980704765
0.372398401241
0.291267209025
0.306184190328
0.286101483491
0.234710050337
0.348748983389
0.384716506342
0.316401345172
0.35145156462
0.325965429428
0.228852914568
0.389391760515
0.321101981824
0.272818200093
0.374321876246
0.357450876743
0.32615827012
0.249462397104
0.388985008684
0.273489390895
0.291573549655
0.246219542152
0.265905994734
0.26238935663
0.296437703106
0.302793533426
0.321534650721
0.311216816267
0.337147462844
0.317540640862
0.388636807028
0.282048251308
0.28263108385
0.280840236537
0.319159110163
0.241276665291
0.200141641245
0.350685422114
0.36788592625
0.387710669094
0.293884679566
0.340876721097
0.292541399631
0.298275147414
0.327475291521
0.40859296459
0.269859395911
0.306499511149
0.379723296873
0.306647030836
0.337434655746
0.286512385851
0.357338765772
0.252265812493
0.315773267913
0.347100072852
0.400075124934
0.233999028435
0.275333572653
0.328182341185
0.241904619967
0.401908638448
0.275217417124
0.38747878108
0.322719639436
0.251923129078
0.399968792467
0.306022846657
0.311350130155
0.304257014274
0.358614543167
0.316684843215
0.311254042622
0.350181146267
0.199507102081
0.35016796493
0.347057868934
0.277230552893
0.352703565859
0.388411942646
0.443171970782
0.319043233326
0.290914194508
0.285248008716
0.310873373614
0.254048169183
0.267384843677
0.321426848639
0.289974253085
0.382398406612
0.255502889164
0.340446880436
0.234650246622
0.251009598696
0.355539370443
0.316608079236
0.38358170388
0.262418453028
0.276331398824
0.215825595314
0.364364000769
0.278412467537
0.217428641908
0.238872109146
0.278902925008
0.211116814091
0.291858348974
0.307440399938
0.314829266566
0.349725098158
0.267535485931
0.319930961113
0.334530157614
0.263413634021
0.314077919804
0.278491699113
0.32216728881
0.336636975915
0.274517956704
0.31713166023
0.343783486803
0.366302228224
0.355163372717
0.334205212012
0.314239790741
0.241581258347
0.233402683816
0.27994952994
0.361478577313
0.330375006404
0.317894257978
0.338678337739
0.348999984385
0.252683550017
0.306435533251
0.491092759977
0.280010351875
0.303787830016
0.292251156103
0.388095022603
0.321497771771
0.31916218602
0.306965019787
0.302191712084
0.334013779596
0.273302740086
0.31968565683
0.309073855937
0.252673515211
0.302502671272
0.304648441283
0.244771242357
0.416686483967
0.329540812216
0.373163883905
0.325913312726
0.260461364398
0.28520248573
0.324981147003
0.244007246156
0.4230347382
0.281651114925
0.320611955078
0.34094768579
0.273171536195
0.378386052372
0.393793137137
0.330747935786
0.236946343294
0.318576178911
0.179411018824
0.261772770315
0.33732001615
0.336753335687
0.331172372602
0.360539049074
0.341313484115
0.327816417349
0.341838747714
0.201357559175
0.386800720055
0.260902086897
0.301679646885
0.399040872193
0.313806529511
0.323717900985
0.291408171934
0.284161379607
0.315123711486
0.204387291222
0.313997230927
0.303297921597
0.27815436211
0.33606090796
0.345283234101
0.337563296009
0.373369691092
0.243066358138
0.273521140416
0.322977944439
0.324151632961
0.364160101518
0.339714263106
0.161727834005
0.248156169784
0.184069350885
0.279414405644
0.376341213578
0.435182598383
0.274422599125
0.337008658135
0.233750853988
0.336119093948
0.299410908809
0.28019431758
0.350544573323
0.272366342139
0.218836302128
0.26739471415
0.249215727055
0.285784986063
0.328312324327
0.324010804295
0.327476510539
0.202240252869
0.354386604254
0.311263433336
0.266715943426
0.253180021858
0.357369144088
0.342810185055
0.30035523146
0.343427637073
0.488192390614
0.455391564797
0.353669942448
0.379024349527
0.249777134713
0.418903583578
0.399152714944
0.178794544387
0.280294275317
0.257929167431
0.290233917413
0.231322158005
0.230242054504
0.226647537535
0.262509969784
0.385174334793
0.292393915246
0.275538488444
0.368673864464
0.217311294357
0.369438997255
0.328392273676
0.378196870033
0.290308619619
0.398751846441
0.316555506842
0.358691012764
0.307915098971
0.23219600198
0.396005781185
0.328878405368
0.346829398116
0.304974943704
0.28008216517
0.231992557346
0.292306755531
0.258636237245
0.23755523148
0.268732711945
0.296171421018
0.296585978547
0.308964877199
0.277526076245
0.237273210723
0.282625259723
0.263333320117
0.385779859172
0.3205492277
0.303623103603
0.291430623409
0.241262610274
0.359727583543
0.34227470303
0.277894464923
0.393937848922
0.377724237265
0.278075670917
0.338458298494
0.377888701523
0.277077682465
0.273820937948
0.382010599676
0.227487781683
0.334518335435
0.286276939336
0.380683492761
0.268617274234
0.275103165767
0.305837997106
0.423291892481
0.257004182357
0.254888470551
0.253802443813
0.289400209882
0.33602146488
0.25295684282
0.385097546916
0.235287603644
0.365833284117
0.274924306738
0.291459312679
0.285946990303
0.372190819235
0.352667960932
0.34490506056
0.274391722492
0.228919258151
0.286578486948
0.243959373981
0.346725855674
0.337445686644
0.379504602151
0.353991542877
0.308252722247
0.294529912359
0.357785823888
0.285551193407
0.240048442833
0.29244566795
0.199026662142
0.274740012248
0.364328304525
0.245867787755
0.191122300591
0.350215953366
0.370187920492
0.248215289016
0.301218443893
0.37043317463
0.286210559552
0.296566952302
0.27360846147
0.355609576631
0.394759739185
0.252897156421
0.264211761258
0.278083773305
0.303789487519
0.288407815004
0.344647262568
0.299095605077
0.323503280491
0.309455176521
0.215073087379
0.269696591579
0.248025802899
0.416501568528
0.292285106512
0.288612748677
0.31058488594
0.297958655386
0.369413510167
0.395322726686
0.309068912976
0.235332896523
0.349249976376
0.327644479838
0.394830005818
0.280885134779
0.320892399285
0.185027929969
0.309882159236
0.351740059249
0.271981493819
0.261342160614
0.338155125122
0.346970328292
0.320627209472
0.280199405958
0.277671965993
0.278400357404
0.3253118696
0.266655458173
0.354847117368
0.271356879705
0.300034662825
0.263999747233
0.332603566359
0.341837181421
0.334571146886
0.369535624244
0.268385738038
0.314759892473
0.297014334762
0.316743190476
0.271520277092
0.323780142081
0.366579923071
0.280168979004
0.44469685639
0.235151524451
0.367208439905
0.245319599693
0.429348232663
0.419107292302
0.290250340285
0.366843769412
0.343198204557
0.397954435787
0.260186021303
0.257217832906
0.296242715115
0.314116127717
0.251403064521
0.284024119028
0.225138009208
0.299368185284
0.289480899661
0.214192335207
0.403643482163
0.372007152833
0.266957053707
0.35066001034
0.339052867497
0.225800800198
0.416185748449
0.315856903768
0.375012414507
0.462020339627
0.294778646742
0.210876286585
0.217547550664
0.249688797389
0.292015871295
0.326091619877
0.33378880125
0.413677195423
0.3831701779
0.398217764355
0.244778649982
0.324013562158
0.269794555402
0.296477700646
0.409097044911
0.377589374269
0.287481019594
0.302392872511
0.283158902061
0.4262979629
0.368711173917
0.427859318515
0.388035450264
0.372762611978
0.398222064946
0.363168338823
0.330009159604
0.34780451976
0.36029149909
0.299011791322
0.49013333929
0.303753385708
0.337120195841
0.294244609906
0.342784558785
0.451897433782
0.412187065323
0.286197215288
0.305121675035
0.321853680671
0.329548165924
0.333174490814
0.35625003959
0.273019689435
0.401325399185
0.51044072464
0.401709062282
0.303408364321
0.376668966607
0.276664817307
0.291724403413
0.360459421082
0.310961371735
0.375116291981
0.296331803908
0.364245218514
0.449670398086
0.370207885381
0.426827061012
0.388864192687
0.452746056714
0.474162705663
0.274428168593
0.307188110401
0.271887129278
0.357721915972
0.232376921114
0.308271976627
0.218148360765
0.379255296196
0.295412251847
0.327219596477
0.389476237855
0.35398848864
0.348290598287
0.344803149412
0.358611123513
0.316355895001
0.223574653103
0.205684881802
0.42752008294
0.345049217317
0.241667240715
0.295515993612
0.326973569888
0.335091875181
0.35976629248
0.219230760527
0.322956054769
0.492629597954
0.318277752342
0.453744037124
0.308379632316
0.399458238085
0.299080527827
0.360986960694
0.291620883402
0.3007301418
0.288901772834
0.29701525901
0.267562160806
0.335888075341
0.213813024326
0.368882006063
0.405543426678
0.233780946716
0.258082447243
0.296871559294
0.2189204992
0.338003241519
0.312223375871
0.304371569555
0.210084840455
0.187935825121
0.209227241241
0.291048719215
0.35089434547
0.407123653894
0.41570222072
0.321312681862
0.247074470156
0.38963504387
0.389421383607
0.293140795397
0.323968747156
0.399929114978
0.323157717402
0.163031325402
0.222298498333
0.309502713485
0.267605532603
0.24418649146
0.325234457947
0.32461453618
0.173037328919
0.346146477988
0.35104924321
0.370374570371
0.209320880242
0.353096054211
0.288659005405
0.351685765453
0.261367255529
0.290974683763
0.408815630875
0.274391455629
0.236224631652
0.447526499958
0.267228621013
0.378717550718
0.27069978189
0.319694380623
0.26065650653
0.323929895648
0.331768120219
0.280659738249
0.356568008674
0.353473975691
0.331683158637
0.190710817341
0.353580177259
0.299058863879
0.418804714147
0.337252471376
0.233456313011
0.447107496195
0.28413044741
0.31324128485
0.263315281453
0.432934334403
0.299419332445
0.320903823333
0.414947633941
0.31459078126
0.294103418379
0.278596372831
0.355616978647
0.504672116872
0.35712868628
0.283374116674
0.304550020769
0.217973470943
0.317830226008
0.284357009885
0.238150244321
0.295656791139
0.330451712752
0.309175875334
0.453022406116
0.449938664529
0.243618700098
0.244638233221
0.267082618506
0.259057149263
0.226715411292
0.316698691672
0.369089361994
0.282156731937
0.309100043667
0.205295801894
0.321361041301
0.262337135664
0.329548688153
0.348085964308
0.309409529787
0.256101063047
0.492709446753
0.28195271809
0.345420628162
0.305117819223
0.259657499898
0.26457323289
0.266264766657
0.332053661849
0.327167397005
0.326082600946
0.284530078351
0.201759877758
0.274854156007
0.285001741113
0.367211601137
