0.313616033862
0.529510710774
0.467227559163
0.429152510152
0.402923145256
0.524580084625
0.537231185352
0.494551096271
0.530396916797
0.68519241943
0.511433705873
0.509463799405
0.553068864503
0.503681133992
0.602265067319
0.506350254562
0.597840354805
0.644505614711
0.3256713005
0.689355708194
0.52754251262
0.560125815716
0.633559281766
0.43232327112
0.480901806527
0.54240807645
0.390025111466
0.538390075284
0.642307870493
0.493658487271
0.400678763831
0.646781967439
0.469590643517
0.443050557202
0.528310301099
0.456288843695
0.600573565863
0.389631008106
0.66864642881
0.496387292099
0.539175403833
0.573318020174
0.517321716713
0.448645998655
0.593058571794
0.392920399337
0.530162633981
0.644219181263
0.451716921969
0.528324275612
0.556442911829
0.653591308465
0.53103711956
0.481958963078
0.612604470497
0.463717624668
0.547686308
0.463363500697
0.575345307
0.633709123164
0.606552622729
0.548647310042
0.452892317487
0.369473318799
0.670055091751
0.492558777852
0.551203671077
0.443095383722
0.554071705746
0.562023681895
0.549371586606
0.490188491381
0.423455861062
0.647222861215
0.514386844408
0.466337733687
0.568920240919
0.742167680714
0.52096999762
0.465624210539
0.774702679983
0.645252045387
0.475884114756
0.534453891558
0.420850370627
0.363312846861
0.630180146522
0.534714167418
0.457709836794
0.527792523422
0.488897782688
0.524186188103
0.567626022642
0.716865067257
0.394882738803
0.528381094822
0.509049347934
0.529797561799
0.544259784611
0.519556881993
0.586675012165
0.452522390309
0.501264838412
0.451950675405
0.50567022064
0.598794908392
0.523544311534
0.55029406942
0.537388228326
0.7409863017
0.553992584165
0.477994374641
0.516364031302
0.56626712479
0.50291455117
0.514668803492
0.492921301559
0.648474908689
0.542412604326
0.457671740823
0.57370983759
0.552621434563
0.511961471895
0.479696293102
0.592187613276
0.39284629311
0.508869701531
0.511741513584
0.637215571501
0.684026887836
0.433816755643
0.563585313924
0.624372644037
0.532987686156
0.533664760242
0.604634545722
0.557414911805
0.399484117592
0.514564599248
0.507011945168
0.583722629526
0.344874066218
0.607940677604
0.301074583729
0.556448620126
0.538893705063
0.553294697802
0.515351387936
0.590918065267
0.503546526264
0.446305401265
0.598632040212
0.527034480248
0.470582482202
0.437244665924
0.420973804642
0.609527574926
0.525868278078
0.485761153814
0.427450746036
0.624410108757
0.556406864074
0.462881561318
0.466808966575
0.584306152782
0.585936204943
0.628952280376
0.402105358965
0.553845164782
0.42669447639
0.572473799917
0.525561643567
0.389430616751
0.539713293158
0.456726233977
0.473707834364
0.304958555839
0.438281361266
0.704735625029
0.457297009677
0.528327049786
0.674752184661
0.702682510103
0.72280961215
0.531568582586
0.44938970715
0.510092446554
0.665286314072
0.580733181418
0.498453923132
0.388819309841
0.647610621989
0.65861859069
0.541802122473
0.529781457451
0.555053648871
0.47719694595
0.555934343931
0.583979055705
0.454100512491
0.525168007498
0.539008780801
0.497396345323
0.617513448469
0.472350309431
0.611693088731
0.407983973718
0.489701629285
0.468303880317
0.645386021018
0.584045875265
0.461719562097
0.517262116116
0.582759882409
0.665708049451
0.456537685287
0.631611711727
0.652955876488
0.528883963147
0.552369735925
0.505013725999
0.52983891702
0.327544595724
0.445758656608
0.51713796949
0.574437280399
0.431265317889
0.413842849121
0.529874841815
0.478776796346
0.648716068019
0.450514224975
0.6796649795
0.463173237246
0.504122195395
0.599679614231
0.393543588726
0.682765818754
0.57380616597
0.446873485724
0.688046314058
0.704964856958
0.419174990612
0.600008443225
0.504700608665
0.574785916971
0.523926154837
0.472052812164
0.418379674281
0.405288870304
0.421953834653
0.470493285254
0.464132618052
0.476591716478
0.522843646556
0.350863305212
0.560158373976
0.462931944585
0.508785019342
0.599580166074
0.444743882599
0.473539366262
0.479391327205
0.525401120998
0.625665974611
0.474255547146
0.556401068779
0.388377816042
0.439345804624
0.46810570125
0.467154013906
0.515882182865
0.471150356447
0.448865702257
0.71891179194
0.52048291807
0.495527936677
0.419018932707
0.572741824019
0.440660806865
0.605173045426
0.482838477299
0.674308257225
0.563769973034
0.674038531667
0.579261364136
0.374847485039
0.592551119047
0.35354923759
0.353946443172
0.588423107483
0.512976294724
0.412786485921
0.532602695103
0.459737133013
0.63218228007
0.461509181087
0.413668621723
0.716918263831
0.465634930996
0.743642362582
0.433227464871
0.636469852215
0.617645682404
0.524165002044
0.447027742132
0.556227419731
0.353174852758
0.364253748326
0.475645762005
0.498617125724
0.536872440506
0.426809798637
0.544731258393
0.590374721946
0.452805589302
0.694591271397
0.507449872594
0.701784510968
0.6297370837
0.494934703421
0.431147231814
0.430065384429
0.605629609762
0.519012947494
0.565386564352
0.53441701909
0.534725807759
0.510507981868
0.499405864724
0.430478119441
0.411745104355
0.435920323703
0.34978970645
0.565900252798
0.617437419766
0.520150637259
0.474876875667
0.547297930906
0.648501851733
0.487372292713
0.526399924117
0.560983626533
0.621386891943
0.617279666087
0.555599603776
0.512717059236
0.495562478103
0.543454081102
0.558726078648
0.509032927444
0.580411886348
0.539431877247
0.5817969401
0.459639925522
0.533249799857
0.550945730995
0.486401255986
0.4837510433
0.38081735127
0.460793497894
0.47257305243
0.469039844287
0.624668049708
0.479061910875
0.48410650475
0.574171627023
0.586184081655
0.636114038671
0.523086993456
0.438497260886
0.515552216972
0.485630756889
0.686318732612
0.562846588746
0.544519860176
0.542216730033
0.556220727536
0.556418060007
0.624800627002
0.60932884479
0.445043948021
0.494982413375
0.664975373848
0.483952456962
0.560299834784
0.553478706253
0.598882239015
0.377419113877
0.57538738331
0.566509887019
0.523179459358
0.382469728875
0.547342102052
0.383668324694
0.411254571063
0.475725460851
0.648576258212
0.661108343561
0.65213828105
0.547103442183
0.502745215184
0.485999532891
0.463325356998
0.649712820521
0.676081332137
0.643472141219
0.414440179677
0.53410006538
0.751164535726
0.70986388541
0.64861435644
0.551602906062
0.421046299302
0.516209952075
0.392373200195
0.556450226461
0.579511041941
0.554576222741
0.483542329229
0.384232352634
0.662798285195
0.60257867976
0.57067497219
0.553203869529
0.579728976098
0.502143947855
0.597198486078
0.469700315486
0.392443208109
0.674766990217
0.505777923534
0.544043500363
0.676185717984
0.664327167088
0.502098804533
0.520497852513
0.691470686417
0.604109556012
0.735861996906
0.598969880799
0.492905314724
0.665408492193
0.565534767781
0.416738281822
0.48741404151
0.625543474166
0.478993798753
0.469622931115
0.742637341686
0.520846866942
0.397775672527
0.35242549114
0.560770654829
0.457170199046
0.574485492518
0.535759219346
0.516861691067
0.517047446894
0.558337865349
0.493625971952
0.623292320701
0.419207182974
0.509424169603
0.541412343151
0.568513782661
0.581389627837
0.620768889269
0.393740663455
0.401815108555
0.511178912463
0.583969266597
0.496765647117
0.368488839779
0.421839457008
0.589412860219
0.832221195312
0.542485785144
0.482597649751
0.428176699908
0.485022630046
0.400137089803
0.460636380346
0.455739168358
0.655324330083
0.479885745967
0.579616603765
0.675952737039
0.438324418541
0.505089001592
0.627012900982
0.718462138026
0.578771121054
0.624093325807
0.594247711628
0.526756490482
0.517048569352
0.621945414417
0.498597387666
0.39403360716
0.6011247382
0.568256243075
0.501711592912
0.560782003186
0.424080036737
0.437974796163
0.513689279072
0.531407627298
0.483775097135
0.516597367612
0.489599319042
0.46425525745
0.688727968559
0.631982383634
0.686565546233
0.615330831674
0.479940260297
0.578657061996
0.592414375632
0.428320139868
0.767782803539
0.534407678977
0.589271250804
0.564589688101
0.448335034629
0.584467848823
0.504552063626
0.512026717458
0.585867197774
0.637324548299
0.649035444065
0.562129484158
0.548399992954
0.424478803183
0.715540227228
0.501530711009
0.475299553059
0.699376909342
0.408918621242
0.688724270617
0.572956398897
0.648962058475
0.575255821936
0.688586563892
0.318698743525
0.500925393078
0.546926772924
0.781235359516
0.431043064344
0.694281186517
0.538049279075
0.57875157983
0.550322943163
0.492805824931
0.671915763509
0.549395864424
0.550782260738
0.611417549283
0.439625694977
0.603160850594
0.546111239405
0.458513151319
0.54306514609
0.608735925283
0.501242103276
0.45669689006
0.554409870519
0.698406243835
0.539322443358
0.571895291173
0.580550197949
0.534871337853
0.677153553524
0.549092030273
0.68006587655
0.50003307785
0.576146323007
0.588148559845
0.550112010144
0.502680847507
0.379358941398
0.505710601802
0.528685951328
0.667296078712
0.536152493959
0.484583435362
0.438745142116
0.520115077898
0.557448744657
0.457912119562
0.424666356812
0.475410815389
0.580485426172
0.50064238834
0.629073748165
0.670120078145
0.732627512229
0.56113323826
0.621244451667
0.462953812093
0.577648245246
0.40460268872
0.449846695476
0.396719099837
0.650443586867
0.565274240657
0.613531768213
0.290679926191
0.508720004929
0.467180442359
0.656721965194
0.582516698277
0.495339637652
0.580154592611
0.511106038682
0.538791010065
0.518971822486
0.593515883705
0.55954242324
0.633292135039
0.52342055481
0.51010486199
0.558385766033
0.627211479662
0.55429984888
0.69180194709
0.534769429219
0.594346936509
0.558743222599
0.451691988106
0.549207815397
0.53918205204
0.461191831885
0.529208183763
0.479770239967
0.547812297184
0.479869810726
0.547102624468
0.459038101491
0.536185971993
0.568304648459
0.530872459739
0.675997355331
0.537421297476
0.702715809663
0.679964240658
0.587367380055
0.499813751356
0.462552756422
0.46023201801
0.417612179557
0.669316351066
0.677253854615
0.542849096264
0.494429139243
0.6358106682
0.612624329325
0.53426707667
0.369981523286
0.664208046827
0.44405696828
0.43169500724
0.545307582746
0.594797204202
0.481398834685
0.424061833861
0.703822462201
0.630017681784
0.497046313264
0.617064140697
0.720291890114
0.497396436983
0.590829543659
0.554635278233
0.451708308777
0.651506917976
0.561631690795
0.563963780117
0.564696437356
0.492918911771
0.405029446745
0.376117394968
0.666964073015
0.649545633248
0.63237284887
0.626319755267
0.671569456457
0.578843895913
0.561796056868
0.571585237678
0.465176737872
0.514290055842
0.560276235363
0.436642456992
0.470864987765
0.597982823657
0.446493581156
0.678491693116
0.548693615684
0.671478268831
0.618845661058
0.544531451813
0.499448452464
0.547069934795
0.710513020154
0.54963354968
0.406030672552
0.430354466445
0.529554602079
0.49475585228
0.573180353311
0.594058609442
0.6185881663
0.467610420086
0.326264155886
0.733208842011
0.441903403358
0.579745681853
0.540797817721
0.487143764092
0.565807590407
0.390027895457
0.650270661336
0.466033672682
0.447948331256
0.58785466045
0.57040995421
0.617249203309
0.529569072226
0.683097227921
0.446261284361
0.528844797487
0.66985635227
0.657009779618
0.447725053571
0.537207059145
0.555507125932
0.482045944324
0.507410559571
0.542842053116
0.526634288966
0.492811585039
0.591370881165
0.48895584076
0.444158566496
0.527877976695
0.541274313983
0.566170242767
0.386679142958
0.478014479888
0.682076394131
0.437971713584
0.499343929313
0.604719181266
0.336825517974
0.484136336447
0.667044796387
0.44049762385
0.548783775796
0.564718780617
0.623375336286
0.631224674664
0.258688665606
0.52931437161
0.601387197285
0.622865576976
0.447834426351
0.435882127923
0.483575953114
0.429304764503
0.557457747672
0.546226663137
0.469132932888
0.616442317295
0.437263919778
0.621759979206
0.57683607969
0.576965061228
0.572086931766
0.464911194584
0.547334605987
0.620583786119
0.509134828694
0.585402826851
0.348717502765
0.436850593243
0.495901587678
0.470951556435
0.608353655631
0.544328573752
0.358752624413
0.580738086171
0.59870564623
0.404023860049
0.523413288217
0.526661832047
0.752881728408
0.548417303129
0.48776412915
0.555219070192
0.476810861748
0.445721873366
0.666882154949
0.652529073221
0.51386571521
0.495444101645
0.460329987965
0.614217963027
0.510075330385
0.601147617696
0.472804952102
0.699433327297
0.344880650412
0.508747204019
0.429411773205
0.493886122491
0.542838604514
0.621703405592
0.610019933449
0.677218366111
0.491305114442
0.631390839207
0.508892799832
0.462483073408
0.513554893244
0.573773451487
0.564497802329
0.665062626384
0.286902094901
0.469014937147
0.545364615621
0.611991074949
0.549562734535
0.587368050522
0.619795646985
0.72212492125
0.337432953867
0.670751096051
0.374193162526
0.548794703167
0.439212261848
0.642495741369
0.372196041068
0.418106677256
0.580217633081
0.461606151889
0.616675464252
0.43008607601
0.719400243363
0.471242760597
0.518064007574
0.545575731678
0.621822663359
0.471735652925
0.537042063112
0.597295794907
0.531628231685
0.547075630067
0.719633191181
0.422681416059
0.720425874807
0.512691126096
0.431136495098
0.600970655173
0.671014281168
0.764821780193
0.380806928751
0.641426053771
0.57191421417
0.443985511539
0.514246024963
0.30876448033
0.578111852589
0.538751162908
0.601375359443
0.686545017343
0.495912922543
0.498016429742
0.440753376634
0.777978164824
0.637457543421
0.619700208712
0.683104560944
0.558393822758
0.552753254879
0.407245151664
0.547073375111
0.614680289095
0.555371829796
0.738771077502
0.517577540064
0.536043841928
0.597741607943
0.632814221913
0.679650701916
0.540407537942
0.631672892531
0.444656577209
0.51025602418
0.694527214846
0.316032475524
0.560918326621
0.55397084712
0.460219107796
0.458657289046
0.493528078961
0.574540058154
0.586883645352
0.531011195768
0.604614847056
0.580788257025
0.64234563705
0.546425775001
0.472277400132
0.754498314376
0.375071459245
0.654766301106
0.541891571231
0.526307568304
0.505689904416
0.416988918429
0.644626931539
0.425397976518
0.60685717853
0.533400717373
0.498919140398
0.728755937707
0.655180647152
0.441929590819
0.510010802597
0.497171223109
0.526167658556
0.545741633891
0.566386986669
0.475964961631
0.408583429456
0.485777171214
0.490615305142
0.493033197628
0.526827870809
0.521471068059
0.473120737319
0.628071255901
0.476856903175
0.542424909763
0.660924309869
0.607884141653
0.523992266566
0.642208086905
0.537855113261
0.450537646849
0.549158605703
0.606782330223
0.712550622762
0.608780080472
0.562902885186
0.781621046207
0.601235968966
0.699183779777
0.61016602761
0.406515523251
0.451497709286
0.645000368058
0.433033415929
0.46262345482
0.41622773181
0.489955934732
0.656092559438
0.660876650272
0.493894639434
0.683132980567
0.654809039853
0.485807117539
0.457864658577
0.604877560679
0.641157940529
0.609034967922
0.396936277675
0.558516412096
0.623944775437
0.384077081349
0.490694149128
0.5389086576
0.637247226153
0.606741400842
0.66234407877
0.416643693951
0.637705897551
0.736149453459
0.553967647538
0.491278499912
0.644883661859
0.720033508845
0.441060723171
0.660959106562
0.566644783247
0.586101432146
0.590758378196
0.537476346013
0.361347657648
0.535110342107
0.496403021296
0.635916714062
0.557942976911
0.482643501956
0.603360133817
0.705230622526
0.394594310734
0.500208204629
0.673963699464
0.576156226518
0.529827449305
0.696168290075
0.503179600188
0.556456487508
0.476163425906
0.362290538016
0.588638794004
0.607457756076
0.42513347528
0.600484705737
0.568678195058
0.543907861104
0.710712214117
0.575418163703
0.754663672268
0.520847586691
0.540130120953
0.536128450511
0.623191516012
0.709171732691
0.741733925955
0.565433786925
0.349992412106
0.507098070849
0.530997921301
0.59761734982
0.515285050151
0.596972152863
0.480733568159
0.640833666346
0.535881594685
0.466583923462
0.643188352867
0.442038582731
0.493862316616
0.425677476127
0.549327401432
0.53242777001
0.61515840214
0.541662678073
0.706205296969
0.481981021694
0.516932026645
0.536205885161
0.508705460122
0.46973557796
0.67898370531
0.657027011139
0.448032018079
0.491490262189
0.509936787236
0.512117565498
0.295980549905
0.599351347556
0.749686597288
0.724940277352
0.787110760129
0.412148903488
0.47784217049
0.454283864095
0.492475602689
0.527508538348
0.511969820888
0.721579215898
0.600773774407
0.516583884643
0.537352537124
0.502995037319
0.568769271753
0.486398007388
0.590424633924
0.52566696666
0.582173135652
0.4833618563
0.62312728351
0.583353038589
0.710625808854
0.682431806206
0.445327478284
0.694761902765
0.715701331775
0.631193214308
0.671134030449
0.422525603106
0.636794605752
0.490638973814
0.51495781362
0.390479650852
0.426480166082
0.691663143419
0.470878221264
0.443875732924
0.665263225646
0.67874174036
0.690000913202
0.444955166871
0.54997032728
0.593560439143
0.785512084423
0.549935745552
0.436334026112
0.496962216879
0.495715714377
0.35968365731
0.570678258314
0.516034168466
0.583528946537
0.626881505572
0.700589166924
0.427113298476
0.623968317389
0.433480268965
0.639529099313
0.537531354761
0.401138042526
0.389138316168
0.58033908218
0.495265291903
0.521669142547
0.502317865076
0.647259561615
0.433238733101
0.509970458048
0.447375672255
0.628542022447
0.611538373707
0.681369341329
0.503765145782
0.563596410913
0.521466989406
0.551496501426
0.645623112631
0.744180688378
0.494134473172
0.507028550009
0.689071310481
0.611421387329
0.51902703423
0.521804365412
0.560504211623
0.552725445304
0.74126129185
0.606842217064
0.563407093603
0.560597306183
0.519702796783
0.707756781778
0.674563842003
0.52426079016
0.61821673652
0.692014117936
0.576304940621
0.599924543518
0.29540464358
0.566295300274
0.421529646118
0.505909612906
0.432773963499
0.584444804685
0.403890108725
0.702567003245
0.906473039966
0.705305900784
0.687876629963
0.513372589368
0.740157382032
0.731864750953
0.682841178995
0.67470352123
0.595162421308
0.556282602684
0.364461845994
0.818187814939
0.505758514154
0.562708580514
0.436392978711
0.449158675023
0.754993181398
0.619927611411
0.720308305091
0.878682364669
0.542931519198
0.753735926475
0.850797489708
0.783373269753
0.633285508082
0.67528258262
0.462224936884
0.579899324982
0.590239710906
0.370234696652
0.600114825195
0.389944639889
0.704020717248
0.65295533423
0.528541223453
0.699565931606
0.584733087122
0.669404174302
0.529227353117
0.799866770154
0.495224223211
0.647731149986
0.52997226876
0.988254049151
0.771450538457
0.673684981547
0.709107066238
0.513693213386
0.549739327708
0.542575244516
0.418520642983
0.41220643306
0.472967954391
0.952091953393
0.392029948589
0.492190488873
0.828100970622
0.696786444612
0.662840992551
0.672724728897
0.932390390122
0.873795620308
0.717900891452
0.478432081796
0.624959555598
0.555822437989
0.701882888347
0.631072880234
0.493091542675
0.512433537334
0.546222858814
0.497244611673
0.49591415399
0.54246741279
0.51893440356
0.446196741476
0.593393572598
0.381918318114
0.615480260614
0.559060128159
0.595974301475
0.658934581851
0.55714633558
0.923826135513
0.632587157341
0.8686029833
0.859576187975
0.719579697129
0.540723179783
0.536556000196
0.925868806459
0.750773952496
1.04036981408
0.575089363053
0.635919846937
0.730435219885
0.592112416027
0.538064493031
0.575022510479
0.389152046735
0.839496160937
0.614456955558
0.433042530226
0.869644939474
0.679840822953
0.752546642975
0.59494632474
0.489192399741
0.930032983794
0.75371146621
0.567732658236
0.574138588451
0.679875850295
0.889211842166
0.717059023208
0.426855485451
0.734869077054
0.661650251942
0.877144586779
0.736537626964
0.5361082032
0.578790373989
0.942250540261
0.42787139918
0.533918542059
0.514408547834
0.462873497331
0.532284363876
0.604728114181
0.535342978507
0.50339463702
0.603741917241
0.547196923756
0.497152808032
0.971894771574
0.49077836983
0.832802687098
0.486446786097
0.710555777722
0.71383218822
0.647819253819
0.48789998636
0.703842024541
0.475790122713
0.581357441832
0.670169553229
0.554148579865
0.45917546268
0.609100025703
0.758209114537
0.361378153887
0.673167943401
0.755706026633
0.554736052645
0.592965491083
0.648922356184
0.560813863499
0.746114522534
0.594624419732
0.479232590463
0.646141052905
0.578544123522
0.579505821792
0.723685754162
0.585145968295
0.446223963965
0.601881508755
0.802890110544
0.643710519381
0.493320342007
0.477644795881
0.513752005461
0.527163852485
0.363802324992
0.476215982736
0.483759111126
0.792694109727
0.480379780838
0.890521880539
0.568651758749
0.671626834262
0.57952340277
0.426692456794
0.742036951543
0.504481493247
0.72337153195
0.788099017877
0.407574123708
0.506489445767
0.596358968518
0.649589019061
0.652512906484
0.569957416704
0.524571847393
0.841460142185
0.512464789898
0.5833133306
0.663962577182
0.48222314823
0.518564590682
0.695137075546
0.699299893502
0.705245545098
0.472162277583
0.47964131612
0.816988114308
0.540482624348
0.94392188217
0.598465197558
0.860491861943
0.584719914743
0.432504872075
0.797304265288
0.476702589667
0.871350155662
0.500783188203
0.448960402307
0.617617143439
0.675934592544
0.756420404921
0.814694652881
0.502658744037
0.687774824517
0.716155685529
0.678368749831
0.602774472712
0.476514197417
0.486493755175
0.973461228438
0.471029383417
0.479259554468
0.83337011043
0.820795260552
0.594818331075
0.688255574438
0.811679147859
0.581005186175
0.850160494848
0.444142225093
0.825685738542
0.703301093919
0.725266081433
0.551552907009
0.74068492699
0.813429874842
0.939727454315
0.565744536436
0.687211810125
0.744241364206
0.736249980474
0.719700522159
0.664555176911
0.669785505872
0.6561266694
0.417462377956
0.721870126587
0.652703375373
0.426665588353
0.79717613641
0.509242070794
0.925325926486
0.704822582878
0.466337979585
0.487812688652
0.627283585184
0.477567343901
0.523263950357
0.607014346271
0.447902595887
0.475434532236
0.710732551063
0.544086495919
0.593690430411
0.753203838786
0.587950018781
0.407136812262
0.661185335852
0.656555642865
0.620340263375
0.504604593817
0.688369494484
0.537415610349
0.487723457573
0.595954026641
0.65334099221
0.832194839248
0.502328788253
0.632622845288
0.418396122932
0.536263423931
0.519330665382
0.39128787372
0.603669180429
0.583359991034
0.480773929028
0.530041270233
0.601138270537
0.665985234316
0.742711019445
0.849511704324
0.445918020376
0.452429745498
0.601122393837
0.703824817608
0.599563426409
0.644398405069
0.640985416442
0.394669862657
0.821394188689
0.767002269802
0.815204704019
0.480211793182
0.896924608079
0.830394188187
0.613727447473
0.551829361827
0.503365678395
0.659836312889
0.724467157914
0.630828981412
0.6973121522
0.530433376085
0.579171594335
0.774312112455
0.594445309236
0.587523975151
0.464243460666
0.497106680002
0.501254747113
0.550715429548
0.65442606875
0.573602915688
0.604277363163
0.838458497685
0.685767479427
0.758301130889
0.583249774665
0.625683400724
0.520193640941
0.758821066904
0.520570627872
0.95883552471
1.03451341639
0.367279469752
0.5877365198
0.5473373165
0.459048901289
0.847368342144
0.662320188841
0.593840402032
0.431295582198
0.500968391494
0.749036289296
0.551637645964
0.660510120056
0.567978114552
0.697238478556
0.508512267708
0.516075590908
0.697360710777
0.683117785652
0.474890731776
0.687706655115
0.89985160368
0.415908165036
0.497956723039
0.52926410487
0.604305692066
0.61491767976
0.633613163896
0.58480322571
0.56125686226
0.466699448301
0.634668184362
0.535232554777
0.451801514855
0.649721709058
0.714750423134
0.609425118708
0.70647211314
0.521624904023
0.443479056495
0.397415860477
0.676047037094
0.594989501007
0.742358352875
0.488629059017
0.61619852574
0.528889835252
0.659173015635
0.662190383701
0.408736193627
0.568228499518
0.427685449366
0.454299685078
0.744965779445
0.722089080329
0.703936038299
0.620441369539
0.363411836962
0.642007545465
0.63405681978
0.536105475351
0.506877622739
0.659400030224
0.622589167727
0.614523316241
0.495281654742
0.522027280232
0.61167796665
0.497050024197
0.570045768267
0.582217549017
0.702833162842
0.616710381516
0.503743443455
0.515831190535
0.455800047666
0.522020463547
0.54079694624
0.565355870529
0.424658677956
0.48531539734
0.38362283504
0.549500136017
0.667343838643
0.476272835989
0.552379690815
0.381387062047
0.762286102799
0.668513827284
0.59564361136
0.581287178337
0.383429445204
0.371368679245
0.473972238313
0.524163682635
0.716484163105
0.486208158973
0.762112973248
0.584263364901
0.801430026882
0.734405386415
0.537485728239
0.62836086839
0.628176278317
0.851122254289
0.6774348556
0.622359596327
0.57053144536
0.639760658946
0.673582408773
0.686707596542
0.515682356704
0.571171017714
0.720513435627
0.671528636345
0.777455347783
0.692767214085
0.564552737387
0.787039647792
0.411588232286
0.414258565419
0.727603902435
0.689851785579
0.580142477619
0.546752313613
0.473654099536
0.687994358641
0.607155003571
0.597608358473
0.79945485542
0.649117371815
0.684436483792
0.679771420543
0.776442257763
0.592775650044
0.639990319138
0.611167679161
0.677314068693
0.659951789672
0.604600073189
0.538377552957
0.501841955491
0.628459844478
0.698455566392
0.531735438066
0.528487767728
0.570323351294
0.678459529167
0.454173349966
0.637073362778
0.691517154986
0.444439952727
0.575815387354
0.503469851316
0.63439433419
0.562733209281
0.432828315164
0.686896444292
0.535398853742
0.424527494768
0.511833342003
0.572353897729
0.472691016876
0.525423270375
0.439409248182
0.59585266712
0.524793113053
0.74629001144
0.583985624019
0.526713224289
0.389527895247
0.539935807091
0.803282124046
0.402963347509
0.614641856436
0.42368072081
0.580941480376
0.496331613172
0.652991000237
0.534913827371
0.521374048306
0.51884550106
0.600139096816
0.60555738157
0.691590601196
0.409359133902
0.408387615763
0.788473227914
0.775886898797
0.598028149795
0.387295104092
0.396935198387
0.510816997902
0.620940428347
0.32520797338
0.487289509468
0.396958224559
0.500886556039
0.619132075717
0.577500767724
0.560370032254
0.442585604749
0.61231381903
0.480200445131
0.46567082234
0.680093362908
0.519493315493
0.528241870521
0.570130870468
0.60108167157
0.621063365028
0.509937456162
0.546379642015
0.741592221353
0.422946254473
0.586260480861
0.511494366149
0.502765460656
0.534020393518
0.352133653656
0.704123390069
0.420936490853
0.60142304689
0.509799783051
0.475882276554
0.440025251453
0.631908675598
0.724447177857
0.528638914834
0.614253930514
0.547714229356
0.384380416967
0.690568525805
0.610450965681
0.567161276452
0.695559659991
0.638662441387
0.576769665288
0.710461480574
0.556810579949
0.528955567282
0.507907747328
0.53129427533
0.691227939077
0.508361985574
0.375634818195
0.611752443077
0.567886010287
0.487858821015
0.528080116869
0.518016186915
0.469928901731
0.54427090774
0.544798091514
0.714876114829
0.432241682297
0.571602839045
0.592923690158
0.618000603528
0.47057655892
0.591614892958
0.530764596982
0.554677555778
0.596119088415
0.583669700147
0.491170274184
0.647622417309
0.473139335149
0.381639190204
0.582163500473
0.606117434345
0.52702814545
0.483812886216
0.642105451127
0.6255161711
0.544049705222
0.684688444687
0.610642087427
0.740820908397
0.637027138117
0.426346854629
0.695424764248
0.602716188509
0.539223746731
0.573218703316
0.523224175708
0.523967605401
0.503760922371
0.55255710303
0.581399966034
0.493226546426
0.577803108404
0.483052112657
0.592192452259
0.539411126626
0.582047924137
0.542445830195
0.518587760698
0.576924436263
0.627325765212
0.561774959901
0.527639059945
0.577225698507
0.446987815907
0.63332627611
0.546411660934
0.533077775839
0.692689712636
0.704041416837
0.473120304926
0.618071614909
0.619369055688
0.53326956372
0.674198814528
0.705416732805
0.477718284741
0.633591855989
0.717874132717
0.608625195883
0.675364919318
0.492828457118
0.529246169983
0.694473493136
0.558909390317
0.62005643879
0.613919467561
0.613910114675
0.497498386405
0.5226068312
0.489843767913
0.596404653076
0.610202042431
0.830029900031
0.572862838807
0.655692293963
0.573410519347
0.572914622866
0.546141413
0.564514820994
0.598683214878
0.660336739471
0.55946397151
0.505712400799
0.494013870417
0.4510887618
0.717429892267
0.441034361693
0.378786803879
0.583418872293
0.500452271592
0.590793735428
0.561427410098
0.578032441096
0.582976191472
0.545313842225
0.462137144316
0.3800046811
0.626491481958
0.645057894967
0.492608308429
0.605418516174
0.476384662448
0.721876485848
0.564685867873
0.572274562913
0.615169027801
0.528815043556
0.630156931353
0.679765195278
0.542347040685
0.59705196791
0.673164337718
0.667753529946
0.556191801854
0.386860555916
0.444031489632
0.462986620479
0.570224103171
0.630398561229
0.461631412689
0.582536279467
0.5610081292
0.633235920592
0.444414255657
0.480028168164
0.478387051534
0.483402115334
0.52719265446
0.431345753296
0.491613569404
0.403574487413
0.58988784261
0.627714429206
0.449697398331
0.683488345348
0.585981641685
0.730808556044
0.54837608387
0.724822268509
0.566555116715
0.602616293846
0.679083788492
0.667780768694
0.465557604214
0.530459356511
0.54005231488
0.7780397792
0.596233202128
0.628199335121
0.548668423725
0.656866971962
0.417818453508
0.412324803775
0.517013482421
0.540668077131
0.557115075357
0.70856659602
0.655139205902
0.660092174917
0.593004896969
0.544241611387
0.679564059848
0.612548671608
0.487538336042
0.520649888007
0.555332920338
0.415066225037
0.627410478467
0.559783813647
0.510615206399
0.446008291482
0.481063555447
0.593099449929
0.55120809044
0.467427466207
0.637564398692
0.439050379791
0.524616133481
0.60927076422
0.548718540195
0.611161965387
0.555786659866
0.48895443498
0.510641089942
0.677107347318
0.465015850468
0.361223624518
0.572296121744
0.51883308709
0.639878541626
0.45279670955
0.810970503318
0.459828134495
0.617269672475
0.627916596714
0.666915407462
0.834691033301
0.732683118615
0.589250818658
0.453004428319
0.462122968118
0.533240909885
0.680835808624
0.609222008389
0.55186618983
0.459913263157
0.483532699859
0.498050547562
0.784769121839
0.611125497513
0.409611374602
0.702889094034
0.679204007121
0.45016952688
0.560386029472
0.564857341015
0.684014399218
0.548494269641
0.651626751024
0.685590402693
0.533200828786
0.484112777834
0.663242419714
0.396070125453
0.541656582541
0.65831454336
0.601233847562
0.455881561143
0.44227473663
0.564680856992
0.508743077213
0.701761488437
0.781593357057
0.763153052538
0.455135140801
0.702556238487
0.458099224844
0.536666860961
0.424684713354
0.663353072701
0.557714931725
0.703397589434
0.671175498301
0.674987885943
0.584073422021
0.638820745493
0.68888224939
0.606928379755
0.536161876091
0.556236961076
0.567266304733
0.552541976454
0.707992540163
0.485611896753
0.718416955133
0.408423043855
0.564040792029
0.331304433029
0.477647193169
0.502231488733
0.58526706324
0.637010834268
0.651636684827
0.63068397501
0.574546423426
0.532410860075
0.561089434962
0.581023364096
0.774038427069
0.751567889077
0.545028376566
0.70827959844
0.523481692472
0.387175822344
0.540459352305
0.616857792195
0.479749399681
0.661350255458
0.696916022402
0.553998671795
0.582928673925
0.82760666284
0.772610355331
0.561612087655
0.522186164233
0.553942187049
0.54075624266
0.478960574487
0.456030653148
0.571882834924
0.616952026885
0.846320000326
0.740514429534
0.636563517139
0.652138109051
0.542992395885
0.342569981896
0.556923967042
0.489497888185
0.483745926475
0.574715421773
0.613647793117
0.506811615514
0.394789134991
0.463771170155
0.570636251786
0.573684056356
0.632073030789
0.664219147313
0.431754560541
0.408866811922
0.505211593245
0.612732852109
0.487362866481
0.801282462196
0.579551975207
0.650943586985
0.404559364353
0.62634832705
0.652359451601
0.771483651144
0.540183685695
0.441392871708
0.437548535087
0.876282868184
0.613890999058
0.648736432565
0.704652734585
0.718494419515
0.563115895782
0.364111309255
0.59248846304
0.936282817384
0.607939240439
0.718875964092
0.71371516101
0.866357418021
0.463820518104
0.484982766678
0.724867579747
0.638505317927
0.740717245155
0.472509224188
0.606280365521
0.791403762589
0.676374205491
0.653187661006
0.505445992661
0.780802186126
0.737690829881
0.367796855555
0.455851806956
0.481658575778
0.575046536025
0.560134361381
0.690887430737
0.579458879046
0.59549649949
0.847376346469
0.766311610858
0.682966082438
0.514259287139
0.347459514384
0.494262736598
0.672575981588
0.488445205033
0.627773940404
0.642137286694
0.563150252929
0.517956857502
0.491138366256
0.746737049493
0.670936741955
0.645542159285
0.500509398835
0.484783239473
0.564399156815
0.483016664217
0.592958511076
0.496993889565
0.809304377288
0.50355141419
0.693404167714
0.446868157751
0.602740983009
0.719178727489
0.667378985245
0.836157141481
0.811280746441
0.594454068636
0.618100792607
0.55331210414
0.476132319844
0.797137621425
0.443014286091
0.57287459513
0.508727638884
0.622808014248
0.70964380351
0.43917809105
0.616777887705
0.690596240888
0.604441916182
0.334844267629
0.493085207552
0.80348446191
0.696976919866
0.619782771195
0.611340720712
0.593871808474
0.417506502005
0.465297650802
0.618679960193
0.696091239693
0.67231461278
0.445255639314
0.699950558394
0.819086334264
0.539245735209
0.517452007207
0.410751465229
0.751631990554
0.668827883051
0.47516828473
0.776052974267
0.540811903794
0.505351397927
0.517205357448
0.461463848788
0.630857810302
0.642496094971
0.589451443131
0.425721313152
0.67490544157
0.501176630782
0.43894937616
0.581491226909
0.557290634327
0.693863681928
0.452316465458
0.678124111804
0.522891475105
0.511798905757
0.40275185092
0.513936703134
0.458863653026
0.54534319268
0.330324560649
0.594556046825
0.535580144319
0.415896107689
0.534158180767
0.602973892049
0.617382202386
0.479557085427
0.479568907954
0.633861681915
0.665841741319
0.508350220419
0.330746847254
0.563331478067
0.541863657191
0.580470582431
0.447503411387
0.555999862218
0.414849928446
0.512764681723
0.641634053586
0.747085813984
0.3911466849
0.605258401305
0.382357169294
0.51836872075
0.653984867031
0.671277055663
0.534761550867
0.564561914249
0.55975513878
0.684693678593
0.441541210595
0.673943611955
0.575231532108
0.554096151129
0.415791166434
0.544822216994
0.622937447808
0.512310427787
0.687016400389
0.510113830753
0.491050065713
0.599761509435
0.469351682931
0.526829746693
0.55762220448
0.376648124493
0.379152332316
0.52136623899
0.64864239973
0.631864213798
0.31053755625
0.644909715398
0.883849376871
0.552933443753
0.533325446707
0.523670864531
0.53129847073
0.52781797322
0.556404574608
0.676127724173
0.602993853289
0.547803754239
0.435426931755
0.469031007989
0.552232579069
0.399024992232
0.592169282865
0.466220477129
0.661393987082
0.64459384451
0.563541302667
0.586315441237
0.581292680173
0.560988894112
0.496288362652
0.578436405109
0.542381381334
0.700451041096
0.689566081578
0.525230643788
0.552965417882
0.719141982014
0.482892824816
0.541900725439
0.56869481209
0.697448762222
0.553250440335
0.613152398728
0.847850024027
0.83462091359
0.620972457002
0.510549707448
0.550453057109
0.460057681972
0.563708411021
0.507826383393
0.580426219995
0.580697685274
0.694833860459
0.502427831855
0.567437919664
0.555370613565
0.682512193124
0.602435207787
0.614970735256
0.654436931531
0.52984587244
0.634201762033
0.62512942056
0.496837173293
0.438256006606
0.35144205705
0.539657510963
0.576251327568
0.625111973606
0.583203648776
0.388370155855
0.47358211242
0.542088729188
0.528821099822
0.618434158201
0.56927976888
0.58975612567
0.482421661755
0.462382059081
0.341046681782
0.549741060708
0.689833918733
0.566358966557
0.471796745102
0.6718951925
0.497931817569
0.541482595006
0.484188700563
0.440531091033
0.563060388735
0.539275424959
0.648066497858
0.550410814631
0.665208512501
0.56696765446
0.431477552489
0.420045300646
0.6449770121
0.626790034529
0.454550743265
0.472938589169
0.517663634535
0.591943923059
0.507230728254
0.464062105714
0.602682785875
0.630644216073
0.474513693787
0.490404954535
0.469159038497
0.492320534025
0.700331717085
0.450773173771
0.460531422712
0.588847070655
0.605175398977
0.667391077795
0.46770359152
0.527424327074
0.540553750268
0.627686261222
0.57470068783
0.60064826345
0.582505857276
0.556852143428
0.542220204963
0.501204698016
0.426091562729
0.589580108357
0.479130859436
0.44323845952
0.51172392092
0.455692172901
0.631464146937
0.509565354008
0.521171901219
0.473559551798
0.516994877216
0.628004544667
0.573944588082
0.450877359264
0.549921192074
0.470659455537
0.626901479165
0.42689362189
0.560459467206
0.492366833437
0.716479039296
0.462608737166
0.659026942726
0.554945163532
0.61262089384
0.519680282658
0.55731733203
0.552340818502
0.641756688068
0.687691237045
0.72534891092
0.469430269597
0.538241778866
0.527459249693
0.598903857585
0.383883878577
0.603144193257
0.602973970705
0.649097379575
0.67969219129
0.475808311504
0.595481507434
0.477845276683
0.39827396736
0.596578602081
0.454586164231
0.59029731327
0.772213623855
0.499325646944
0.480073307514
0.519765005664
0.677668406778
0.709792051865
0.616705677554
0.383744123644
0.597011200994
0.565807098331
0.646116000666
0.447984950376
0.607929012144
0.321672123063
0.614120448935
0.586168692311
0.408747643926
0.480077073747
0.627330389704
0.678124062799
0.528318205177
0.462365099225
0.392205948079
0.459231379341
0.743384641029
0.681786555188
0.527648967683
0.702447358869
0.563357661887
0.472407155219
0.538711610816
0.588782894138
0.421905981639
0.457372104835
0.513718596474
0.624658936803
0.386642743365
0.641610378278
0.570395990033
0.46640633944
0.552710246187
0.474700491983
0.507493700339
0.577878833135
0.538968506874
0.540871678592
0.451326672236
0.642030539201
0.507824124722
0.633435860897
0.575708535623
0.478890564015
0.620336228455
0.646733188836
0.573375266806
0.598497387335
0.272713874453
0.590472343094
0.490456335181
0.515102448155
0.548122239348
0.676658181792
0.411817161823
0.612391480224
0.411831988213
0.484311125574
0.675934107426
0.48705834922
0.555217492478
0.616836007713
0.595367768162
0.601633328246
0.515056608502
0.592757119183
0.553442508916
0.439254021629
0.390931131181
0.634936371207
0.556521984637
0.347465709528
0.426227168535
0.673043613381
0.518310078656
0.547587768419
0.448741157915
0.501377885427
0.617207757709
0.405165677051
0.521674921485
0.528736461282
0.552628676816
0.619898510258
0.546195827874
0.383392101493
0.461445939826
0.501559452771
0.436814540067
0.483550855036
0.43579821774
0.595060832588
0.469521836925
0.313147673861
0.523693552552
0.485022083459
0.690227412229
0.552556124502
0.405090418835
0.736542285074
0.520801855481
0.374712300361
0.519532596634
0.545024880542
0.501152319423
0.451460486158
0.642100626482
0.628798283195
0.419159308383
0.509441088193
0.67157323757
0.475690489471
0.504652871716
0.687672627073
0.598017648041
0.788306759343
0.555598718306
0.567818567608
0.513092503366
0.613978493231
0.44375762863
0.588148175606
0.455399973901
0.474894702705
0.543420496907
0.535057202009
0.73319611234
0.566511743079
0.471306675811
0.527497640268
0.537787011101
0.502319125412
0.438841426546
0.44274985837
0.564929279247
0.533944116605
0.639746377642
0.582329356215
0.534479546511
0.671737126957
0.48154447322
0.617165820972
0.706148301987
0.520099144769
0.538749952209
0.598470327226
0.588614913483
0.537027374034
0.444602086404
0.699130925131
0.429386041686
0.444625569757
0.44170577424
0.368556635129
0.577783283124
0.377535361507
0.637373310579
0.570989034345
0.755280153474
0.540271452263
0.377291359093
0.544059576564
0.637673852592
0.359290866991
0.491468663626
0.55928366455
0.609009267863
0.545738633799
0.458875036441
0.511656812755
0.720807218778
0.4904289268
0.712398561991
0.47801323751
0.460119729413
0.442932059787
0.474085922713
0.516009914123
0.551558228234
0.580952279714
0.769185940452
0.470085170559
0.444810513075
0.544125990028
0.485100581967
0.4809490938
0.50189164807
0.743695786261
0.65980632229
0.547613679812
0.523843471236
0.490014010411
0.479040472854
0.71350065015
0.685008665627
0.561718141315
0.388841374553
0.485284681381
0.491818186748
0.446147936158
0.753895698037
0.63898446765
0.43670524549
0.578735817026
0.599310008745
0.462106819445
0.57998379496
0.428661270672
0.4845308804
0.512016833221
0.422263456349
0.626070354702
0.53688924818
0.578924575225
0.502371803427
0.667081539909
0.519566537109
0.500562678784
0.469405206614
0.611848325198
0.477429753281
0.585420270883
0.609552556424
0.52050888494
0.503552408217
0.569691154327
0.577884691233
0.447118143849
0.545679563633
0.355304687874
0.667256175698
0.510335172338
0.543887777981
0.469436509373
0.535578742557
0.654684376436
0.518461323384
0.605593210064
0.461738197077
0.285243970862
0.607696701154
0.689588390968
0.668411834677
0.674516935944
0.526100360462
0.521306658982
0.487585889746
0.591140818855
0.40013256963
0.534402711325
0.599281982076
0.44928070521
0.604669569486
0.499452342138
0.444377807403
0.443568064885
0.557272190571
0.500954211127
0.486889994003
0.498196347164
0.500069985801
0.562538725749
0.742737666873
0.483271769603
0.545891388137
0.591745931582
0.418721113049
0.547019493768
0.571123215258
0.600491887696
0.590103736629
0.519511337144
0.574168552446
0.683505591111
0.429708310098
0.530256999628
0.59633578031
0.607375688618
0.418060958385
0.559251279399
0.559712872551
0.537637754285
0.380634415824
0.634852403572
0.501616376111
0.737029543719
0.701877203789
0.491171260461
0.412583125038
0.617589324482
0.471431991066
0.612653797346
0.416974724807
0.545445229535
0.573894901923
0.494711417025
0.436271688817
0.421614730363
0.536762366268
0.44161894817
0.581357836992
0.549427494457
0.523994744998
0.611454744355
0.565478669111
0.390091558048
0.496737150136
0.564664406427
0.545355412771
0.695879781388
0.764917595272
0.387215430085
0.34284937566
0.497298836853
0.531846189864
0.496235284323
0.586099582453
0.582602656978
0.629931663266
0.671647903223
0.448861136729
0.6585120481
0.36554233823
0.586318230696
0.691173157849
0.418715675432
0.495837368193
0.427380207457
0.475463369695
0.550776111608
0.572786013868
0.606111754669
0.542256759547
0.626091403525
0.624234042367
0.684234899765
0.592952349481
0.503769540615
0.502730744241
0.5996375176
0.565386087051
0.58898359162
0.350217074184
0.548213297829
0.551693690632
0.645223510773
0.528233556761
0.454915635564
0.567501924172
0.442619265636
0.588676269284
0.456333731291
0.526366879559
0.603121700993
0.508124384756
0.542461932193
0.682682761005
0.477078148104
0.53382168818
0.702384436218
0.454407270996
0.490217301666
0.444884795576
0.516444573822
0.461832296575
0.396157149401
0.528660244698
0.670906712367
0.52364051092
0.506391683458
0.568510954961
0.627919605437
0.564827932423
0.507823901168
0.540553553694
0.459137676288
0.525016448575
0.463349499977
0.529277416864
0.419678590902
0.526295868863
0.53942408537
0.584586097315
0.595413408859
0.597510158474
0.531824193868
0.432609274137
0.565434393425
0.615069396817
0.5301866774
0.496773377269
0.621903164582
0.649894867668
0.668756246245
0.563522487687
0.567531062439
0.576539046999
0.553886678401
0.628591156031
0.505778854772
0.553336097858
0.614100217517
0.641551496045
0.541457157189
0.569577883488
0.666024866267
0.486130563914
0.462648870862
0.634630416963
0.553443999385
0.435207760688
0.538177245303
0.58996072196
0.503626757106
0.649541957097
0.646836296796
0.478611634314
0.4616338955
0.482729616427
0.438863520421
0.643093518162
0.490489533072
0.480563913466
0.447694794493
0.61893796347
0.407433947652
0.347447682532
0.313281029709
0.544940966173
0.460077358715
0.606102758932
0.712612750422
0.338356453973
0.449075861664
0.489935485618
0.481590405671
0.694692849574
0.493988441716
0.416482832754
0.701990660938
0.586376928568
0.435199742782
0.788354941247
0.641549964009
0.682903599613
0.599248913379
0.662842428015
0.616479938466
0.535000336121
0.573506057443
0.644336558024
0.406734440139
0.365606173054
0.626664855761
0.590221065716
0.566675934164
0.631542186586
0.641011200461
0.539560477398
0.676384083822
0.6043145313
0.604309678306
0.438068607166
0.700229583287
0.497263653713
0.583455057121
0.595518024555
0.512809683907
0.393363748446
0.602575488732
0.620820169685
0.511605909281
0.395009689845
0.434524457796
0.530532972211
0.550060258684
0.29455322692
0.579594763106
0.6164413617
0.513733260804
0.430942225828
0.738808167957
0.540750815711
0.591597707584
0.522718423851
0.446826336777
0.791249050265
0.485147488133
0.62841503972
0.600023182925
0.579972849517
0.763101137922
0.417938967519
0.541959822301
0.612353367206
0.672785575734
0.502037188619
0.429166080441
0.441940182695
0.542987939608
0.540072633033
0.555051318486
0.468806216718
0.56068179026
0.435981747557
0.4419455241
0.500222837253
0.68487419107
0.459477546139
0.55145463029
0.528390674298
0.581774842397
0.690605285838
0.58226228713
0.537954370668
0.425485523955
0.418591186755
0.547398693909
0.693386372388
0.666074804322
0.559500006159
0.564574342419
0.446455160122
0.617599705367
0.465414071214
0.443268553651
0.508162518294
0.604373016695
0.507649244691
0.460465811039
0.622017010329
0.465372950214
0.563546839996
0.528719601309
0.488888470178
0.508775439044
0.536931662678
0.609330812327
0.614973295404
0.753229952277
0.643791987937
0.566356076285
0.492665311363
0.698905639359
0.485354442543
0.60861908222
0.591923191733
0.33856043469
0.530289468724
0.550403823081
0.432844072919
0.518852774089
0.646513977835
0.700495975355
0.564747921889
0.520931832931
0.529655390976
0.547711249473
0.561192740778
0.532640541391
0.437146570051
0.637931861359
0.544270509459
0.379369929323
0.422322796874
0.416608929615
0.538897931227
0.555468484585
0.502537441674
0.581934523226
0.45468287982
0.51336815129
0.399563530805
0.483926050686
0.575447894476
0.711412122787
0.67505589446
0.546220828523
0.496592934409
0.508559576495
0.587697920106
0.406423578295
0.420691322209
0.490328720907
0.564616442455
0.445642598731
0.572631938209
0.512305361395
0.478886061147
0.5854008697
0.410398275592
0.562587755886
0.55158426271
0.542110568877
0.597410445154
0.424128751592
0.404386698391
0.488261978907
0.55379905311
0.425286879638
0.468852296069
0.552331765655
0.394141235688
0.748846834903
0.454118837089
0.511335944291
0.534880162454
0.511522629199
0.509443749967
0.534829369805
0.577834523148
0.736519517402
0.533667259821
0.700103677659
0.399956182598
0.529241421249
0.641624774871
0.484009068224
0.388920651972
0.579705655047
0.572197961272
0.499284888989
0.557267397034
0.484667654276
0.664873702301
0.614531284531
0.496609095998
0.521398144187
0.494157314211
0.620140675522
0.501057774214
0.60293267594
0.562570564297
0.429465575962
0.537268574971
0.49472078696
0.532662247602
0.549316626813
0.596510757939
0.520451368807
0.53577484111
0.447393586708
0.515617339591
0.749051219752
0.550910994259
0.494546309593
0.415903560212
0.536310500024
0.729130067678
0.312285897144
0.622050997404
0.396573266255
0.591582709784
0.648840810273
0.490832163014
0.636012695455
0.409482287764
0.44521053734
0.389074357764
0.460608736073
0.592333186395
0.489103118327
0.557536746626
0.529689210021
0.583349342823
0.598065812702
0.382119895723
0.443112375703
0.700672828231
0.462244299452
0.635724887849
0.524535042161
0.544896907844
0.525671411794
0.761564758517
0.633327248709
0.441422852598
0.364194517188
0.601299484255
0.668296710205
0.533611015033
0.434184769384
0.707963011516
0.599296975439
0.682305584177
0.575459214413
0.476716395127
0.715649254903
0.554012869781
0.550546572604
0.597428927287
0.566480792741
0.336851657044
0.475126708661
0.519337115909
0.624008989531
0.65112689852
0.444805669214
0.517063583174
0.415171051638
0.475130668388
0.530860693509
0.577271166049
0.639446063913
0.497674365248
0.513879533621
0.431620228076
0.532838360868
0.547018958432
0.507721957396
0.607840885816
0.519643190692
0.495477464844
0.612925236601
0.56241060868
0.352064026378
0.579660213509
0.46885920518
0.508488189031
0.491274034201
0.527857891384
0.645398948256
0.543316067717
0.605494856618
0.587510868293
0.470475171862
0.55491456139
0.628434695615
0.576482226218
0.661258522548
0.362904741937
0.406077739763
0.463821759468
0.658703872227
0.567440953698
0.454307761739
0.255301964434
0.489001261376
0.601234241335
0.513227684014
0.700670135411
0.56343444973
0.556337118154
0.574474352207
0.573647385149
0.44158957219
0.630122801564
0.460799107743
0.532152477932
0.570324944951
0.59415136339
0.59334070038
0.470770960912
0.567447267119
0.522348667809
0.500454911253
0.490904232035
0.861076391865
0.537057981453
0.586003756356
0.561141188608
0.294384917599
0.603721978948
0.546695908106
0.524207180825
0.616752983296
0.398742367976
0.375950496449
0.398165242499
0.684428207986
0.724549971113
0.51195978386
0.320722294893
0.612936825843
0.546247677164
0.687304464689
0.514115230821
0.443047946904
0.414392237662
0.519868166679
0.629126146241
0.723429686864
0.418464351394
0.463447901396
0.583592771466
0.439734523521
0.559127662491
0.494190106965
0.505716008613
0.648258118679
0.37125329279
0.461513258299
0.555168926256
0.474864531479
0.487722227137
0.615002157568
0.448642226119
0.492345027271
0.571942295422
0.408074243333
0.573924875326
0.622633128861
0.398378624028
0.614955128504
0.406902328877
0.431392134686
0.566677345505
0.690342466926
0.570572272332
0.39975715176
0.564539535645
0.565612179904
0.467900320348
0.444720396846
0.470882926624
0.590649099106
0.470644807424
0.725338262317
0.464194404923
0.544709510026
0.623939693267
0.472206525099
0.511033815605
0.448829655011
0.343898646103
0.513862094908
0.784212327506
0.474417857777
0.799199957486
0.486796667146
0.627035859147
0.406253876542
0.635938092559
0.573992269315
0.545844998434
0.598789776666
0.493013346109
0.399925564464
0.616408315669
0.445614795048
0.407499386547
0.598064879572
0.59914921198
0.656287933643
0.696648002889
0.573444159788
0.572502035485
0.482117410604
0.636160358082
0.588393542436
0.631153737797
0.451403307885
0.465842079652
0.509901873383
0.631340699848
0.451644486517
0.69464010925
0.621847967435
0.492050308928
0.571672451206
0.713608141429
0.495926370289
0.636153130992
0.480667313279
0.552579352432
0.559429921191
0.554745916946
0.505776389541
0.63148117591
0.70273257619
0.488485524487
0.412652040481
0.650184344322
0.556780078993
0.520638064288
0.596881765837
0.639105130965
0.529286606175
0.728273325231
0.362920347584
0.567575369794
0.574020926145
0.434903076655
0.494702783609
0.622264232382
0.644983072035
0.498813256878
0.490725574831
0.541230171953
0.538334737581
0.597819362498
0.586643470302
0.431798576299
0.70082259969
0.594346526017
0.624953379975
0.630689941416
0.529295579056
0.390010185865
0.841692437142
0.499055622931
0.784851827657
0.396705421082
0.376555540095
0.444620038214
0.469190428544
0.712354125454
0.549441550191
0.525767675518
0.523532475833
0.698566569935
0.58284759386
0.585057562637
0.467166382807
0.546826708168
0.533594578506
0.67908715335
0.643629409536
0.569729400375
0.698138900133
0.525881156738
0.609498314159
0.695940125191
0.444510950647
0.492209206863
0.573835872033
0.485853359378
0.666848752943
0.71549972349
0.509713319063
0.5201557624
0.553524145906
0.546072682096
0.441595899252
0.595342056549
0.55355430239
0.560997522424
0.604056152935
0.519527193138
0.519048452713
0.678686291251
0.559194564707
0.464951198375
0.530706484169
0.590647801529
0.584422841558
0.54309363078
0.566329347756
0.648514373167
0.583287457127
0.451686584133
0.63531298178
0.608695264124
0.665503387512
0.515940203673
0.51929397485
0.526086064438
0.607939767426
0.634449912687
0.396672431421
0.607090725991
0.594723679899
0.646825331781
0.563878715587
0.606310969014
0.543188702552
0.586793963093
0.553149307966
0.409851525434
0.455843716479
0.64034569455
0.448101153233
0.673482735442
0.574153306134
0.534501886866
0.789929374753
0.581555322328
0.605022465769
0.607421538536
0.482085502559
0.512717195136
0.441972925973
0.540678170152
0.519157928691
0.547626785738
0.468274466634
0.491532994366
0.656657691082
0.532826463807
0.606736627486
0.557362493232
0.587317398899
0.554956563248
0.622706613264
0.575179040548
0.473640425003
0.520291124867
0.690795463901
0.552738528335
0.612432716518
0.597534465197
0.526954316011
0.476817879548
0.552353857091
0.65849112995
0.653677695344
0.472362308913
0.418657583834
0.343314583217
0.498748427545
0.392377124289
0.475299336644
0.647607379594
0.52113122641
0.593244485562
0.640621047685
0.503892313678
0.635735276429
0.371800878931
0.497311659361
0.425283705793
0.507516727013
0.614081087233
0.355538729342
0.674819392612
0.558627836274
0.613989613964
0.535053054011
0.696292528583
0.640197762071
0.502382570326
0.517665978214
0.525224881228
0.474531426607
0.32324693099
0.548441082674
0.492275877872
0.395804162693
0.530790530627
0.705233155022
0.59283472597
0.540414339696
0.560792817268
0.673448806945
0.363476169287
0.452000260677
0.560595405459
0.545847556161
0.600582983619
0.484471956796
0.704756445345
0.682078075152
0.558771211478
0.530355784089
0.703780503435
0.739496853673
0.39462817547
0.514618813601
0.516422227336
0.578812030572
0.608043146492
0.396952034006
0.660039230676
0.510048250628
0.488691490199
0.466772664363
0.614394810832
0.605082434359
0.509580254521
0.696079910524
0.550261478316
0.604367534309
0.628276152723
0.596547852231
0.5495966205
0.609171393878
0.353749186239
0.584596212509
0.552591727298
0.621625324069
0.623700964409
0.609777646698
0.597269451177
0.593100422309
0.604603349103
0.521843282067
0.389775248491
0.511360434188
0.536295550415
0.449814735924
0.528995172459
0.588162827619
0.474325279026
0.633774023035
0.489923112721
0.646751291557
0.558584640037
0.50901276314
0.666949932238
0.39214767538
0.557898413273
0.615698010658
0.60244268741
0.432902283692
0.549775618885
0.614553049111
0.564094452414
0.603265554835
0.547045437795
0.573075792584
0.654038180998
0.496917653182
0.59706872369
0.519563417338
0.501198732748
0.603683927241
0.4039926615
0.52874352492
0.411541084974
0.549863919331
0.652269639592
0.516907992561
0.384386916445
0.697679682962
0.378594147553
0.583421450521
0.535713736782
0.672370139716
0.719046820762
0.616598808445
0.361676433232
0.587544486592
0.440692678519
0.626947307489
0.478458083308
0.499855304271
0.449773336104
0.613437010194
0.54992979884
0.443156554674
0.693299239997
0.400783591749
0.567216352781
0.436403546644
0.413296395439
0.490539510751
0.56645514352
0.484857247606
0.747075051606
0.635583079948
0.491729390617
0.468224494388
0.649320572901
0.623850704886
0.45748572464
0.651245298375
0.625458042857
0.529942382931
0.540991981841
0.546882309669
0.583348761775
0.539628615444
0.498484283362
