0.356489628803
0.276567749247
0.38128673958
0.279177974595
0.325006059398
0.268145006661
0.32439929672
0.290772354835
0.323122147535
0.311591030045
0.254767437856
0.251361421746
0.324325649113
0.426211275721
0.266484923442
0.363121569985
0.262969477478
0.257880577585
0.340070851931
0.337328907651
0.256083342368
0.30232918279
0.298328635745
0.275639420876
0.250595219136
0.332987081377
0.369729713631
0.373624941044
0.323678975477
0.305235086701
0.303578285853
0.416368615422
0.34770412095
0.172411919045
0.296723550379
0.260168879078
0.331979056514
0.343608873758
0.32675045402
0.223968549873
0.273219490597
0.286642553246
0.38156337265
0.309549010399
0.273763062394
0.25407434201
0.267935394725
0.350392275545
0.212306521121
0.32627724292
0.325167416548
0.253369644471
0.341955612111
0.345911949892
0.306127148368
0.206955479916
0.271557314115
0.325481562582
0.283415126018
0.313721622631
0.209805754451
0.233957383847
0.362567891142
0.228592169005
0.290568578983
0.291345720521
0.311669537932
0.259219765542
0.25474381608
0.341520275129
0.296825229998
0.283401068623
0.263055738625
0.362603113612
0.317953518217
0.337048400104
0.276425211424
0.275133233095
0.16460665448
0.299483324148
0.245491301517
0.291649994611
0.419303628649
0.376191950752
0.314673851239
0.236444198042
0.287372731713
0.29133833554
0.371603247807
0.356765522504
0.282007108737
0.277113285006
0.282346839462
0.25788939775
0.259291388124
0.3177737978
0.188731819131
0.154914784258
0.285319693592
0.303039777773
0.248538619008
0.266685048854
0.383394163221
0.321228006483
0.305189199054
0.295632093584
0.228299104269
0.272217233053
0.270467314259
0.291965830015
0.289531467567
0.271606149637
0.255490066958
0.236809352591
0.245386704187
0.348893517974
0.368017118994
0.362379277987
0.224127892673
0.30363924573
0.333944389245
0.259608178841
0.277057844629
0.204740042752
0.330766927928
0.293421532533
0.311428768827
0.334436290501
0.325808081714
0.250824904126
0.365503768212
0.26319192858
0.255233056841
0.267549412538
0.321104229668
0.19746917431
0.331085910274
0.270072161004
0.257890180722
0.304238552421
0.328229307957
0.303073859939
0.358692547566
0.278394853495
0.290632474515
0.250686179432
0.306335600699
0.282328594757
0.303371948341
0.37020014666
0.316807632807
0.232694527268
0.329921403913
0.225338610394
0.365958329194
0.196299290371
0.304512910346
0.221362737537
0.220965210595
0.274022980036
0.335923680456
0.267198336878
0.314616597009
0.339276686167
0.238261978981
0.312342955213
0.293995909559
0.276990983257
0.22327440471
0.293632217387
0.352154315619
0.243658763784
0.310794272862
0.257151632317
0.296565334051
0.33672734142
0.241165107871
0.255237081675
0.205026242683
0.241626923579
0.326026933472
0.320606111723
0.319885856965
0.220094055334
0.29133823545
0.317554239251
0.278197891803
0.275713245726
0.189588300261
0.346147620289
0.333142568079
0.253598602027
0.266891725202
0.236148608394
0.314418510017
0.322624128242
0.211747102798
0.263641429427
0.216741631594
0.22976830593
0.320708870314
0.270693515855
0.327236246916
0.268952746742
0.271456807213
0.287394762935
0.289862974747
0.251840604337
0.250895069651
0.274046262894
0.364604156359
0.21761895087
0.212454596618
0.2437892265
0.300133030989
0.353223470175
0.307001353998
0.246368460897
0.262988650916
0.295605274
0.25074559422
0.315355084083
0.252921200077
0.370803551259
0.246066190709
0.265221153001
0.19139835811
0.358670212994
0.231169323677
0.224353599405
0.312727414191
0.328005500151
0.265030721807
0.328003285139
0.337047234021
0.243980763035
0.307981371466
0.235493634785
0.275698031488
0.274243525796
0.354601502518
0.215632267245
0.262994262987
0.286025300192
0.188408976728
0.271488327856
0.298947221705
0.179617498749
0.303075204663
0.36096320132
0.259705084481
0.234237157298
0.284806291098
0.242471438974
0.299899313326
0.242933277114
0.252540613536
0.317767369061
0.273403025239
0.30916834553
0.3279008024
0.206277235847
0.335486246794
0.254173554546
0.257639852169
0.256330026843
0.209061277346
0.189848693976
0.364336700468
0.269899497486
0.353341418017
0.258296507705
0.236721744382
0.259310774084
0.298241511027
0.273002470606
0.276850919372
0.280935027378
0.281821631163
0.24048662886
0.317143269761
0.207936021542
0.397867701149
0.209146175278
0.317544287654
0.264043266821
0.367399050235
0.341117396516
0.281034055069
0.405348863246
0.228855076542
0.322464040385
0.18463433248
0.303109397856
0.289669149444
0.268271537279
0.242974111855
0.290266207321
0.28476545216
0.410664860012
0.270592305373
0.353506223573
0.301131235752
0.284974393037
0.225524321168
0.356547312075
0.264419009205
0.394601085638
0.271089652747
0.248971974938
0.286764415579
0.286530486435
0.330780778731
0.29396777838
0.254632675581
0.348057180157
0.410742614116
0.368195005461
0.232080722318
0.168532129529
0.308375936539
0.312164374361
0.237109278048
0.326110913607
0.258448651337
0.315198235004
0.223262105843
0.256973675821
0.333143176864
0.255613827608
0.344454066553
0.408911597168
0.315017517837
0.23081405722
0.339730341274
0.245416023837
0.281206170427
0.369231843129
0.235109116449
0.407942146033
0.261316296163
0.32762232258
0.291792376175
0.296041116763
0.231168332828
0.228850324372
0.321272377321
0.255063219973
0.285594396363
0.339380070016
0.227835854957
0.284159975282
0.215596769257
0.230063558364
0.256497061005
0.288489184562
0.270497955679
0.253732715101
0.201253370872
0.383597175033
0.299275852696
0.371265993547
0.279134421471
0.278788334432
0.247575821624
0.323422643837
0.333909077143
0.273204290299
0.293354513123
0.268872491527
0.303583664476
0.26357389654
0.22889624161
0.200598308977
0.170850022738
0.245872659417
0.250899645674
0.185440665724
0.306412556261
0.299936619001
0.32496313626
0.315622494184
0.282861503783
0.221665537689
0.247415509164
0.290622098671
0.250339360468
0.248287430958
0.321298505778
0.248640044013
0.23793667917
0.260460208039
0.256778872504
0.378650695189
0.316915511615
0.273600155285
0.327005726638
0.313102152675
0.234246030681
0.218185075628
0.412771097554
0.336362705765
0.229971537617
0.295926443336
0.286049628591
0.297130630138
0.250930946145
0.295083391059
0.271727594434
0.318676170331
0.233089481309
0.263124088864
0.227619136533
0.253879003787
0.26858757271
0.363147241321
0.320541669404
0.297424085304
0.225864828114
0.306944033301
0.201834649087
0.333314215829
0.289040955055
0.30434136169
0.304003131847
0.34334137582
0.322517369756
0.282470582338
0.337778907698
0.24556030113
0.260824823732
0.300690842673
0.330195029834
0.292875650429
0.450902714822
0.24650699145
0.267199442487
0.293446668151
0.241817474671
0.321297268674
0.341199340006
0.361771934849
0.278568605908
0.272862788365
0.278981595092
0.249930413537
0.194692018564
0.253703507447
0.272601947699
0.365701658213
0.314966533998
0.311523685791
0.248924774731
0.350701377704
0.313872458892
0.228775754163
0.333087605985
0.233550877481
0.216505938632
0.273195874386
0.286830615766
0.368002356177
0.356733187134
0.28374443458
0.252847586583
0.37147806329
0.335466756472
0.440977979042
0.250208158117
0.276617066027
0.406915595181
0.284113975302
0.219319791033
0.212925260965
0.211206130036
0.284085701722
0.295820761341
0.296494420868
0.328713896041
0.297012222611
0.261618454899
0.24253009115
0.208662834232
0.294254424215
0.27572407703
0.353838042718
0.315245546049
0.295754654109
0.281412622755
0.231232385359
0.346135524609
0.219914600368
0.246203484364
0.399434064901
0.276786081834
0.401829888732
0.258434532516
0.312453608118
0.22531001965
0.361554588058
0.278601418709
0.277024474931
0.284927946941
0.23508459892
0.236022201074
0.279956485321
0.267355438447
0.274070434518
0.283206667034
0.373100092076
0.22263588352
0.341434524755
0.352733796792
0.299151915608
0.294143873553
0.289602953514
0.361023037031
0.202329189755
0.282263739255
0.274593806623
0.32313935553
0.38992914646
0.435176201324
0.318285984863
0.375492519932
0.242181267243
0.346130758058
0.333586331788
0.448074964253
0.327913772334
0.367787709502
0.314865552855
0.280552724713
0.318321762696
0.19198069994
0.206868272759
0.323966275848
0.385846553172
0.288691966155
0.243829143624
0.304940510901
0.309330254349
0.309605283849
0.290083700793
0.242934491175
0.229098299973
0.409847886285
0.313483499392
0.258467608523
0.418017556142
0.262156090654
0.369605113144
0.30161025696
0.34938026282
0.274690324085
0.276140224797
0.320014838011
0.293782884845
0.267833865364
0.236141411119
0.27278666037
0.308647318121
0.322740051806
0.218900180505
0.246091916766
0.249029562641
0.24370585545
0.289869548102
0.28899631203
0.349728746899
0.373574003888
0.363096903133
0.353370122663
0.280975229222
0.394935616267
0.233807983913
0.273153306748
0.251067263552
0.33248204427
0.313398629655
0.313718375976
0.355714142662
0.31028798646
0.273231685901
0.22678127218
0.224329553331
0.259155873021
0.379994478104
0.343489911299
0.292132996231
0.232327597098
0.290664693281
0.298613888797
0.28847866382
0.430851553263
0.305905197186
0.222368913912
0.172806110573
0.25818692714
0.331433674074
0.349814095474
0.355593670448
0.292934694355
0.42835082077
0.246407761747
0.272344741233
0.283414548654
0.286958606886
0.320143721484
0.545368378539
0.28724401316
0.304734184287
0.409853298333
0.264812125754
0.250934265417
0.293657826997
0.192900174144
0.276605124379
0.247678567593
0.302066889554
0.334268368117
0.277653024569
0.278178475032
0.349569031476
0.227787630388
0.379079216821
0.400316815366
0.254221176779
0.253930402008
0.274637247306
0.293637267483
0.288831244064
0.287827328119
0.331762786915
0.348832367375
0.313947501387
0.284548944669
0.31590449967
0.319907305411
0.2350505032
0.315148499357
0.229221927374
0.265030307116
0.253312053982
0.299300173726
0.296568032046
0.301403417768
0.361410077553
0.35456119863
0.280090902731
0.269766994864
0.298847965847
0.286100007674
0.345176979247
0.407411406544
0.315347954545
0.312903943286
0.299389106504
0.328490826126
0.215296285976
0.344229953778
0.328966634563
0.336347295747
0.346903728133
0.334005476616
0.301060717608
0.294595576042
0.298586860242
0.24389591386
0.242018569461
0.270298984714
0.395036584007
0.420503441538
0.384586617136
0.385081128609
0.265295895153
0.32424380406
0.372159396374
0.311410860009
0.243740790925
0.287669424029
0.317418531384
0.362847653843
0.228756111462
0.327151951152
0.299996993585
0.271036763388
0.327709728416
0.400816257652
0.336589239958
0.360029755458
0.432941967011
0.424292508648
0.295537116728
0.349442419996
0.269298286349
0.29125478172
0.291978263888
0.246913958532
0.308108827322
0.26608970459
0.297241949843
0.277695486084
0.235110844915
0.295745655241
0.33916078586
0.273335536585
0.264193479757
0.334793132386
0.395804348134
0.296342531776
0.364344265697
0.269699239832
0.226753759992
0.189714899815
0.298609482068
0.2570930678
0.339275597535
0.270305469188
0.426515361641
0.329993543381
0.358922203394
0.298546285317
0.305588560602
0.2861934849
0.331827103229
0.25224091455
0.284789674574
0.325104056236
0.275919782419
0.255468552617
0.230313636189
0.339612815207
0.220946001413
0.336215828115
0.323354002869
0.357008651051
0.246443660613
0.287701439932
0.326933062954
0.253831695843
0.241384897334
0.30317863073
0.27211358637
0.291866755259
0.362068635181
0.302998071508
0.188901029266
0.322490847875
0.327147388795
0.247663642029
0.298032090944
0.203398411358
0.304988561663
0.237884942765
0.276156261673
0.249471378655
0.307692719132
0.333961449112
0.354002990289
0.373195195489
0.276067002765
0.325814781389
0.326496066332
0.328219760247
0.242807827577
0.314685016466
0.325468641841
0.252956046234
0.253472849243
0.264612576563
0.304254150417
0.288416958114
0.327379303868
0.342010135509
0.362395001281
0.265413646736
0.427826299528
0.277016045599
0.464144809761
0.287836625982
0.251329729637
0.315864041046
0.35561184347
0.3220897501
0.320779030137
0.262102207739
0.321599276178
0.267850274812
0.255772349672
0.307811697174
0.320179405398
0.342928623586
0.369152290577
0.307453475741
0.329135506923
0.32602339138
0.260950427628
0.351825874958
0.280981884002
0.371475414058
0.315024419697
0.24253077622
0.366818085208
0.325825826694
0.295493964609
0.266457374411
0.28048338536
0.260428332713
0.299455178198
0.372344882849
0.265344453623
0.271543277391
0.27513251226
0.359631506354
0.218820176518
0.271680548324
0.351004291528
0.284681418115
0.356976119246
0.271814233415
0.235745152775
0.347473898347
0.290605738418
0.294785735387
0.203538131786
0.219747431582
0.257075210094
0.246516779293
0.24005993019
0.171472180555
0.329365579696
0.279429634102
0.228152764585
0.317436125723
0.306338194493
0.226585947728
0.395924386474
0.165172249344
0.211734398937
0.209564312734
0.337284586593
0.317460477956
0.195484291549
0.197145947173
0.359917014785
0.406580699736
0.342391771121
0.179200241142
0.282567808502
0.229466763606
0.365685829336
0.352460188506
0.325188460089
0.365084419332
0.264917589831
0.304159134191
0.277062744861
0.334813955138
0.315399707036
0.350762941585
0.333616189523
0.347414555863
0.184381286928
0.308374620116
0.219045798891
0.291796999065
0.258313130112
0.314095874235
0.259423073456
0.287167958854
0.29454089052
0.354508365921
0.316519013111
0.38568039218
0.348120556367
0.30988292737
0.294068977259
0.330883738364
0.193255163792
0.264187599115
0.330249518859
0.411357794922
0.220141499762
0.341450650364
0.223400708129
0.190917616093
0.273519937942
0.299603974356
0.275040881872
0.229529769923
0.347331620348
0.315574185936
0.279631295509
0.333287622769
0.317818205039
0.292511104623
0.332147751689
0.212515611443
0.224702255679
0.365522202119
0.285366514771
0.306782523434
0.242979212508
0.333749836012
0.2200249831
0.315027998859
0.25885419664
0.241565539819
0.405911803811
0.315520598384
0.364514274145
0.329140745347
0.299091051206
0.266479890327
0.240218724629
0.24298465093
0.352085522294
0.243646288739
0.226856064471
0.431467121017
0.240896504741
0.332805923786
0.341893727248
0.298452246669
0.319524751363
0.377593818401
0.304116601243
0.419675327565
0.331395556854
0.2517396376
0.404555656179
0.299451023785
0.272877741943
0.316591775262
0.295444030255
0.380057926349
0.324972992243
0.301896457481
0.319046656527
0.259116572293
0.284985203958
0.329620449
0.380312310567
0.231309391882
0.231979026887
0.190092209696
0.198794898109
0.255244612514
0.334480489055
0.439984550024
0.29958708683
0.308572638607
0.293926828735
0.279734988874
0.294379228634
0.438787546184
0.362493759803
0.346108666484
0.238883132983
0.291421476857
0.248140554049
0.239835033915
0.196458897521
0.287367247747
0.366886357658
0.243627792608
0.247037793721
0.332065577462
0.236731515338
0.28054373944
0.323846339244
0.260746117736
0.237511334906
0.398358806009
0.334399318205
0.237519856731
0.28700656979
0.304377154627
0.424119080256
0.278915485401
0.393086817532
0.242798798708
0.266879737859
0.367909764275
0.262211612486
0.346957442942
0.312470075102
0.254321826085
0.317850425917
0.322278519064
0.315787825081
0.252019273427
0.281876154732
0.209090672736
0.356062627124
0.268249327651
0.253981894633
0.313543010279
0.324511074876
0.325630393592
0.274137127579
0.225803225789
0.257270437408
0.309849393793
0.336035765279
0.209001038001
0.163595036762
0.369743242652
0.204572343501
0.273699658724
0.183567166631
0.249826038982
0.330542066758
0.413591263502
0.245401751483
0.23617006431
0.462573310582
0.275189155869
0.307199876148
0.284482079637
0.407868449112
0.343003780547
0.283905717643
0.328172055405
0.303731526079
0.284244727841
0.318497755065
0.410652077936
0.171976981256
0.279689035078
0.31297859712
0.263298555161
0.277456184145
0.329277629589
0.268176738581
0.251172430397
0.281716184325
0.44620150329
0.198073170137
0.240372133983
0.32423227014
0.278095598317
0.346598252268
0.189105169993
0.239603134461
0.278973856248
0.292445649167
0.303020264886
0.237145741606
0.230898853902
0.260921704991
0.309992676582
0.271558703306
0.334525113974
0.251272706748
0.309437402416
0.272049329398
0.28750761832
0.270725150399
0.237760316732
0.257978489721
0.427990499953
0.382805043836
0.249208509584
0.230066228807
0.315153858163
0.262042492459
0.290796852579
0.318896724506
0.3366845125
0.345901710739
0.353267047792
0.237383866054
0.422387285297
0.215907088365
0.231639826859
0.325354300204
0.290298381588
0.386606785656
0.283224981069
0.392546309433
0.302739619932
0.358790863712
0.30428106502
0.437402682456
0.308640049743
0.242948275879
0.299973170819
0.307652646021
0.267716458754
0.343569570629
0.280060575416
0.222747936108
0.344062027872
0.26966192275
0.295063906419
0.30800493283
0.212085741045
0.405130373363
0.273161425878
0.229879387216
0.319575908628
0.261259747192
0.401517855014
0.27886754058
0.2902647892
0.364079236969
0.2854209773
0.289365519958
0.410218206186
0.34007226421
0.294553845924
0.242053981054
0.338680674629
0.306634926302
0.343528245565
0.326595509531
0.28161156083
0.329063674694
0.262984694296
0.208050401601
0.271276208331
0.212134073036
0.317824721814
0.32252104429
0.253637193511
0.265518347095
0.253188227481
0.342906201845
0.273790981083
0.235642947887
0.331675933086
0.284398620017
0.182116891001
0.212814772064
0.301723397482
0.260668414827
0.362586531297
0.247256054176
0.280545610445
0.295746728228
0.281041440415
0.360392209631
0.262964877029
0.274052621551
0.25188762297
0.271140022208
0.305273022969
0.30791591892
0.253228473627
0.234790513433
0.337390699586
0.285990311814
0.273239422872
0.298369101412
0.206751305594
0.297488368833
0.179047587112
0.208154496628
0.290018914761
0.291887861868
0.173631896144
0.282536987886
0.323840586025
0.343512559428
0.257460696018
0.335683281422
0.288687920169
0.278128623203
0.196894617844
0.241160844763
0.24651782426
0.233848588164
0.386066696287
0.29709155843
0.259805376101
0.401212879591
0.272443025606
0.284560180041
0.363118669349
0.243449411971
0.227241709599
0.29698354229
0.325591273094
0.254125995944
0.320441715719
0.322589536895
0.302178577431
0.281878912048
0.291863746194
0.298546459562
0.380933856348
0.249411859658
0.226797823622
0.346037067824
0.263774649002
0.251551916189
0.279238530436
0.292644182613
0.330112951561
0.368827522036
0.283851156758
0.357156039938
0.272927103825
0.289940629714
0.264940256638
0.335661548319
0.292638611477
0.259774407786
0.190781933506
0.30011085066
0.3249069175
0.371770812089
0.303439020437
0.305909375785
0.283095449213
0.263560868598
0.333748139909
0.319434899047
0.367989692198
0.295740925486
0.322304750424
0.334042018966
0.3283279882
0.300505701471
0.34070762475
0.341316100626
0.254604013084
0.337351900237
0.297490171289
0.320121987466
0.293305803752
0.270046053206
0.208548249992
0.330868822987
0.343392096916
0.23409407338
0.300327026586
0.355898933112
0.302156704443
0.299762322136
0.290020319257
0.262126203397
0.122678617809
0.295986011017
0.274198388137
0.223292975544
0.376457673722
0.261997083186
0.250394353563
0.29996637952
0.201226259021
0.345538529282
0.327049963433
0.279974412469
0.25545733685
0.231777872016
0.263841932366
0.312849216482
0.383386446666
0.316320271833
0.235402251898
0.289443439692
0.367545344305
0.180891915428
0.188240204193
0.285476887789
0.230480433723
0.312648443245
0.306759283736
0.333191934316
0.254586617045
0.339712005695
0.24746333582
0.330324068157
0.279832748403
0.185946224821
0.233577537922
0.216210363116
0.229983221837
0.390960087293
0.358639198912
0.329259176216
0.317999053647
0.279298990328
0.30157091729
0.352754319006
0.307135756104
0.435017756715
0.315936169741
0.277322662197
0.213352008296
0.331772035996
0.246631513512
0.294176879069
0.302144533101
0.269155424319
0.255377282214
0.274494384222
0.192864606624
0.278913201506
0.235142703734
0.248008204166
0.375953462367
0.355061919105
0.201581323663
0.298925860761
0.290150718343
0.228933312317
0.244625513758
0.336217054396
0.332033874936
0.364939672477
0.234357615395
0.270444139757
0.230149518086
0.341955796105
0.30763658214
0.286525902261
0.280587165962
0.291062970488
0.400411745307
0.195775781419
0.225312459413
0.21924952744
0.257321978222
0.268192997826
0.293295851788
0.241511275464
0.286077369886
0.22578959727
0.289667732309
0.209005425212
0.283110676079
0.224599246077
0.279811908622
0.359577883774
0.301881391958
0.25984114682
0.170809570524
0.248379199228
0.245146763027
0.288272218693
0.305514273353
0.326490794397
0.4080223781
0.266174270442
0.324381751192
0.341726188611
0.34845500981
0.318941440049
0.274176141161
0.30936329983
0.31274241417
0.259393714022
0.215128213253
0.291521998151
0.32394554605
0.252131973967
0.312089564075
0.259504309493
0.185387915385
0.293331029115
0.282654163772
0.292459393447
0.34332614353
0.341160454831
0.260884676043
0.301363964924
0.329688857616
0.285499534376
0.213856796729
0.19849538836
0.286193965135
0.2757277487
0.307700979303
0.24483461592
0.309271323671
0.282245333343
0.324051134274
0.366940350207
0.255088152696
0.337022384757
0.239706582478
0.192168204805
0.263604538436
0.33802839802
0.327393851341
0.226608930528
0.25679968422
0.448592135014
0.239545349665
0.3352946507
0.417975367671
0.361378822661
0.288333941244
0.399008449892
0.421989612923
0.365832641599
0.249184849549
0.193136998526
0.407308776456
0.358101097771
0.332872145873
0.262503385337
0.29839767721
0.25555183347
0.347501275601
0.260700680058
0.272628370643
0.255748342208
0.28590066091
0.317649743
0.288528396852
0.362240872756
0.158259501012
0.242603139886
0.313887232804
0.254185360997
0.256914956909
0.282732576402
0.378480638346
0.292368545136
0.281999192783
0.256141143138
0.243700646901
0.266026122379
0.235813255972
0.236417234636
0.320855427704
0.280767762983
0.289094166318
0.352144831861
0.251812620208
0.294829069407
0.348024549551
0.377842002855
0.285365927887
0.346477265982
0.321108308874
0.276341136424
0.365909545533
0.358340248125
0.266758520246
0.284680045828
0.254450939705
0.217697662568
0.281119371112
0.260717472235
0.244782223104
0.311646635392
0.337450325422
0.194106822687
0.249388634453
0.257911053738
0.219048269612
0.241658315003
0.282479946263
0.303479632662
0.307433986394
0.255253667869
0.292218022531
0.315030216533
0.29664118006
0.315138947697
0.365971538122
0.464738566086
0.320770447521
0.297367462239
0.247229767655
0.235459610381
0.234160937424
0.294019983985
0.256942658268
0.213560883034
0.307846381974
0.370863519937
0.356034589834
0.290398338238
0.325842240147
0.229557039041
0.26775658849
0.231044841786
0.245345497721
0.340069440808
0.262563373964
0.328829146582
0.265399516433
0.245223448747
0.295086069056
0.315288331793
0.307829702578
0.239642854696
0.247118928929
0.206124234336
0.298781757671
0.263413821385
0.262449996513
0.331304569993
0.238973833559
0.307315603223
0.330968372464
0.281673536647
0.367651057133
0.323261624986
0.29550244373
0.25102824852
0.318125206629
0.314097956511
0.39109302026
0.24788575812
0.28818984272
0.288881853779
0.327304576501
0.277583564206
0.303266168495
0.363246635391
0.310595177727
0.267004828974
0.378179846735
0.267545709589
0.303063818661
0.312536380462
0.327950452642
0.311794211912
0.226053675815
0.225746926621
0.306284101852
0.309639996769
0.218414047675
0.258243957308
0.269128220496
0.350135564214
0.19264422121
0.300334349729
0.287333478287
0.331785036718
0.316482676814
0.28457213169
0.265114871684
0.304945737703
0.308479699624
0.272781462203
0.25342807919
0.298049099874
0.327784699171
0.262089460683
0.269974042904
0.391688035055
0.228387995045
0.355091794539
0.296299733274
0.204768709803
0.363479364581
0.28542228458
0.32790289112
0.243147649866
0.238229822827
0.237322297646
0.289095408441
0.290234825868
0.242218352514
0.203152880298
0.252150760436
0.26249682897
0.308654453542
0.259368310479
0.218607456344
0.360776561195
0.327442641
0.250151626481
0.277954300873
0.269752263304
0.366484161639
0.313024945285
0.250656658026
0.349611291839
0.364858454165
0.210259339351
0.243173610684
0.336433010969
0.323284887365
0.335933923431
0.271461768217
0.283772096122
0.271221170695
0.307083461347
0.304739133213
0.247402326248
0.348509245844
0.28435498171
0.307262492349
0.301777063365
0.289012460952
0.28584584385
0.341914707551
0.30314939672
0.211543852617
0.26550296386
0.272377019517
0.336117794279
0.230332395088
0.35698418786
0.306285638663
0.21943874004
0.260277785492
0.340360496186
0.239415503133
0.298847451924
0.369921097675
0.249640085671
0.254492815165
0.270963939568
0.270864553783
0.334666704317
0.21705909412
0.261632322066
0.252648003696
0.21217074979
0.251083605031
0.324408625895
0.265050562749
0.307955351863
0.334148601326
0.197905605957
0.1988370224
0.330824063463
0.387150326954
0.271209943955
0.361366510139
0.352525110841
0.365320853004
0.272163140578
0.240078733974
0.301083758999
0.413704414841
0.335664320917
0.25563128792
0.393046287762
0.309843973129
0.268866026221
0.282211811915
0.326611148099
0.216711349182
0.303347990232
0.28992529306
0.308477306466
0.393271987905
0.269650124205
0.257619963347
0.305277609995
0.250884908789
0.282343313775
0.360713585982
0.25941570461
0.237853383729
0.222237844698
0.331275233438
0.255697831452
0.350427702762
0.260280498282
0.261853515198
0.236000787612
0.320423662227
0.277542762625
0.285838548825
0.360023593653
0.206111825595
0.330364845178
0.312717037845
0.334272236235
0.298470731107
0.209326461349
0.297288009993
0.259251752023
0.340396172824
0.283714685843
0.266911173978
0.285417033792
0.362020908286
0.268937498213
0.256754216756
0.295297515415
0.253417441879
0.228797569814
0.23056574531
0.238623805561
0.325173657699
0.410860393721
0.323301768133
0.314157175523
0.273716752761
0.241952660015
0.28775775954
0.287024738508
0.374997985937
0.373778600864
0.33937673359
0.328519609
0.250679343326
0.273410981595
0.354262031924
0.3238368087
0.380152726299
0.335026313151
0.270420722251
0.266815366709
0.263126656721
0.249228959762
0.283298775728
0.337760970328
0.376834569666
0.422978411
0.356050966937
0.295061709583
0.288610419071
0.224895539646
0.28361197588
0.272326644713
0.200658099007
0.414317033051
0.246757072406
0.359968204269
0.23558783335
0.394381468955
0.279752845079
0.367046152041
0.200676422945
0.357643238361
0.270485680795
0.262479436483
0.35242801897
0.372429062512
0.264435389242
0.312764064265
0.269018959496
0.250083178688
0.310803968411
0.251591208987
0.277254037215
0.380206290579
0.299837866753
0.2786338758
0.320870850898
0.371091611333
0.319019749306
0.200441535775
0.281740703333
0.360672042232
0.336882285424
0.248274764181
0.395430882041
0.272626332448
0.254447509864
0.238802823001
0.320461694068
0.29666818098
0.353142969275
0.225437250525
0.171331982804
0.272069464523
0.315321864791
0.371031773785
0.204629057725
0.312158466417
0.308855733232
0.270707502458
0.266367147523
0.230368926674
0.342461896404
0.316380822348
0.34301328641
0.299367372304
0.318855602777
0.303497156865
0.275487866569
0.286203513697
0.230244513112
0.224183751773
0.405898966785
0.259806096866
0.312122726684
0.273442140339
0.397919117709
0.316387325179
0.161524592071
0.328520031232
0.295316047894
0.314500368375
0.206364816459
0.212090876562
0.3320226943
0.206277073042
0.267912987196
0.257574999895
0.348805042695
0.209632926864
0.247277869532
0.320659418486
0.218681829444
0.284346472913
0.225797910091
0.323723514751
0.256937281518
0.323928581014
0.242310872717
0.26325908707
0.285447774279
0.296136224259
0.338843200085
0.378708180562
0.332583592526
0.263184152
0.345432983477
0.296692306108
0.242118966195
0.268511212496
0.260189753189
0.302230047939
0.423198892687
0.388649268548
0.371959829744
0.248889286432
0.259876606137
0.290568401591
0.223913191433
0.256854008576
0.230039043354
0.312739943046
0.235936537425
0.197053163514
0.291469890561
0.312510707326
0.256095848746
0.328213080834
0.266790820647
0.246199475528
0.357265567697
0.299382363587
0.338953548873
0.335818470635
0.320114561533
0.271366855939
0.306881336509
0.350061703737
0.344006212395
0.374824435331
0.296468439198
0.231944767343
0.289064941287
0.309668602533
0.363323711938
0.304469568208
0.374657406131
0.323121194881
0.314368564823
0.254214079031
0.370886688854
0.266154860316
0.282255116419
0.439926268356
0.286674205368
0.326528430715
0.21741637418
0.363187603688
0.187696800069
0.275836238001
0.258583516065
0.27480823703
0.308609730213
0.211539536138
0.294733777609
0.256724229438
0.229103160939
0.225723830794
0.33138127174
0.286198995679
0.364424565958
0.429153840281
0.335036201119
0.309116200188
0.301690113966
0.256769092171
0.251707870392
0.268359086136
0.345335436461
0.297175849831
0.297305886451
0.279727969036
0.302477528637
0.334509922366
0.324345461064
0.184140229844
0.299203250275
0.311298432907
0.297673254396
0.260300877198
0.293363911784
0.299524187662
0.233151497413
0.23860673044
0.289500198037
0.323499929809
0.243420273175
0.276951011395
0.327499019484
0.312907988592
0.308359402724
0.286261648297
0.339257255649
0.281530282984
0.273461334149
0.225783781606
0.367351470621
0.276238019649
0.281334775097
0.292683930175
0.201825210961
0.227758742161
0.279757430595
0.242527455666
0.281784109852
0.265917142806
0.326513188847
0.253062910877
0.329196493714
0.244109682129
0.362419028228
0.229924548888
0.347982048376
0.262028067756
0.284928606666
0.321322703472
0.246277721046
0.224876064302
0.303445924455
0.281754833488
0.242659906425
0.274154145052
0.280167462114
0.339652724775
0.301111316207
0.325137202362
0.357531380221
0.306624752872
0.279910309852
0.238415997305
0.262905860126
0.295443109146
0.30337176548
0.378144886475
0.286974476815
0.248768524937
0.283454531228
0.480535334112
0.396763210965
0.236977102026
0.29526013015
0.307331940873
0.336453032055
0.309588002704
0.444631968877
0.338974996971
0.407476675594
0.226569983864
0.306258598824
0.398846587073
0.318730983005
0.225550921303
0.29272236173
0.269231400709
0.388030038594
0.314931159314
0.222447816444
0.231216056773
0.351659585373
0.364824553267
0.331926337041
0.330815028079
0.33555388729
0.298218108517
0.318490138094
0.317481217654
0.218794982264
0.319657667254
0.191694795671
0.303752824003
0.273272533749
0.362275507736
0.253060211364
0.392606101832
0.342775919237
0.324514661053
0.208268657891
0.306568950256
0.250916783808
0.208494621175
0.325951160418
0.30381192107
0.227233051676
0.261466805196
0.291569025846
0.270724476305
0.320337339147
0.246710390649
0.295195564187
0.257372652466
0.27736843958
0.306171533853
0.347927287113
0.229202168692
0.289475694617
0.236226626791
0.352969205523
0.164654854637
0.221848927708
0.281175869594
0.261874422568
0.190809828654
0.236982847734
0.270385425142
0.205046831393
0.417415147122
0.290639547632
0.342208305734
0.308617292945
0.295836116738
0.291171562728
0.210621767126
0.33462375793
0.253544118428
0.342501380032
0.289137240079
0.330383303458
0.236065673103
0.277926585696
0.387453341047
0.281456800382
0.197609200182
0.253687631862
0.184816327992
0.240423925673
0.346420827566
0.332665078628
0.237967526744
0.279549022725
0.262027411671
0.290362060252
0.301268690772
0.284212771989
0.255293804646
0.341005616206
0.307218685838
0.248779818319
0.297184977587
0.316151371164
0.253293668844
0.397702170238
0.236651995638
0.303512784616
0.226393377231
0.381726307048
0.322050106964
0.307658694046
0.261943781004
0.256717748483
0.22684719926
0.27677805458
0.28662549673
0.292833332774
0.265439876766
0.271101851375
0.30810188494
0.273082761072
0.211039623832
0.362451192199
0.302877032502
0.407114588436
0.249561994569
0.223930465052
0.287539910684
0.435412368876
0.329731063328
0.22626800348
0.305265110246
0.289648336379
0.277978005935
0.406611202727
0.359788912566
0.300630915876
0.352784780611
0.339557779903
0.279972067728
0.269196082522
0.244017918121
0.34687911695
0.43444209728
0.267307818402
0.282680547332
0.388334057266
0.346517888041
0.257182480725
0.290423904972
0.285274725733
0.228802937047
0.34654711616
0.319700878394
0.340080206318
0.234713965177
0.282394027945
0.268534113961
0.378122074738
0.325399707654
0.364919454894
0.382643773034
0.19933672699
0.377189949889
0.288785806786
0.142172673013
0.416922805527
0.173653094561
0.336830632042
0.236066030345
0.30297317361
0.202197076425
0.249440838337
0.339969977399
0.264422602525
0.233253532587
0.246729799954
0.245255271922
0.29710652541
0.299194436995
0.252633033898
0.26259975918
0.251683454204
0.290988934627
0.264348606144
0.306505583866
0.340866505086
0.314192306267
0.25312951878
0.238244471817
0.286483414997
0.305979714115
0.344955509489
0.300961462709
0.228954615833
0.286644539386
0.21434863193
0.277932624605
0.190852501857
0.382803235203
0.198333217965
0.246085879657
0.296900348057
0.247961029164
0.285663389082
0.217143990416
0.20920870364
0.257350927224
0.2855912514
0.247552748369
0.264163078827
0.270799611227
0.291169737303
0.312916453968
0.301010284723
0.213117448451
0.312390543087
0.276251339097
0.248588184326
0.270611536016
0.271992424722
0.338751178274
0.308640302233
0.32692873358
0.218202433978
0.275060072594
0.221756408821
0.227986449836
0.265725774816
0.295075060355
0.270838034271
0.263200345907
0.271994865502
0.162759296335
0.338730538341
0.291442120778
0.344189285569
0.298864053159
0.215844665257
0.355108889348
0.346184638116
0.211834456808
0.332014116131
0.161258891718
0.198435479002
0.276879840559
0.322954133672
0.242296907486
0.271185383916
0.325691753564
0.287598370058
0.162015840915
0.246618861598
0.212653642239
0.312198208182
0.223257622943
0.370933213824
0.28359803056
0.251763883919
0.321193501888
0.243078203185
0.393938811584
0.436006555506
0.272027295527
0.302902310844
0.33930588994
0.194330332074
0.237012806017
0.256232525655
0.273693617099
0.279238586803
0.259239217098
0.198369101579
0.255262311876
0.323804834573
0.221378397781
0.341603841588
0.229277657582
0.231606584448
0.275766677451
0.298293496828
0.38746973096
0.253760691621
0.343857344205
0.243599825795
0.293692439602
0.378398003097
0.409416914035
0.328477730821
0.34248865341
0.348818173557
0.306153054263
0.292089766808
0.260904469432
0.326046998814
0.244591847539
0.287618634002
0.344743409217
0.322577085807
0.217473672601
0.291093804291
0.219622862681
0.300682956174
0.280457134037
0.292056707546
0.338670791783
0.340071724402
0.271355011372
0.275554747848
0.204906683395
0.206257873589
0.277784507424
0.349034140433
0.286117991622
0.250398848007
0.254743794117
0.321066099033
0.283123679615
0.246094592675
0.252335509611
0.285039342302
0.341601170226
0.333210488884
0.334290395717
0.34061040138
0.265224236097
0.344660414065
0.263056835662
0.28983880104
0.241766360938
0.302360011929
0.297605978502
0.205727660867
0.240812625683
0.274672751231
0.289082959092
0.307042256069
0.275982761513
0.365722041712
0.276144004717
0.249147627646
0.320384772869
0.26728698016
0.323107913837
0.203850728875
0.279317513131
0.326690955789
0.230616130934
0.303902355968
0.293086512508
0.247838325253
0.239791191131
0.247281642054
0.350154740314
0.251637243328
0.242839041049
0.392785387783
0.27325697335
0.26006961716
0.235165563568
0.247917860506
0.293463140035
0.301362873505
0.347928861187
0.190768960534
0.277137185185
0.307039902392
0.387021108201
0.338169509064
0.359433438971
0.352389182628
0.227023371528
0.221292919498
0.199130057614
0.316742130987
0.346821281557
0.373684303897
0.316381834923
0.264535981051
0.317523438111
0.284480561849
0.286811804265
0.36304464072
0.279054981064
0.279931141887
0.304117445686
0.387422138338
0.362321938322
0.385641094757
0.254061674174
0.229337581267
0.325665741322
0.321651624349
0.316085200621
0.226974619094
0.179956219146
0.24839957324
0.284889367114
0.285010949457
0.249960644762
0.242478583575
0.330843128535
0.243750180602
0.239753055165
0.269469189812
0.281467416112
0.260545351094
0.319276241615
0.370743071823
0.375895206922
0.221894664909
0.237390569969
0.30837782231
0.239220075957
0.257712003415
0.224090512844
0.238135401283
0.251717829708
0.310789971415
0.180230826539
0.23333936795
0.294162157467
0.218521671574
0.339569833296
0.297614857295
0.329107261189
0.287858484282
0.331466140714
0.252467510171
0.329536883337
0.293920951961
0.409437161755
0.294359892605
0.400015192346
0.234307963041
0.231727339377
0.255788178379
0.199457732441
0.191415878356
0.355752274263
0.288733340154
0.176297430161
0.22727696097
0.316945738256
0.298819678233
0.29197453088
0.18305099963
0.29507352856
0.355759012132
0.234774381807
0.239560019721
0.21984398753
0.262273231627
0.302406748129
0.31101087114
0.333645566645
0.1865429807
0.306425411948
0.402486132328
0.263345085567
0.266832186325
0.215419099855
0.249152994042
0.410421369393
0.41984646833
0.27079980242
0.225707703962
0.430330741338
0.229249801664
0.270154559235
0.208703681118
0.278401316333
0.1768451929
0.361623800145
0.398937638564
0.256797039121
0.27842876845
0.192401987193
0.287446004793
0.295163982673
0.320471401235
0.332202101489
0.332589049208
0.250640529905
0.165177377902
0.262847863728
0.29145222783
0.248515008216
0.21266241431
0.360838504678
0.257302253947
0.258697561301
0.336740204311
0.304093924267
0.315624393896
0.255410336538
0.433035306349
0.203126210128
0.289667880936
0.331925107255
0.209616477954
0.262861375558
0.296682679453
0.358616179878
0.344991021361
0.232224606121
0.228846706727
0.355213526372
0.273755450475
0.282837810207
0.284427513589
0.291333974781
0.243967897663
0.362786446498
0.307980877448
0.204232194697
0.358393318266
0.32554598871
0.327143832869
0.298092773856
0.361898878489
0.301170013829
0.340906151561
0.301726151115
0.180133428522
0.299287095772
0.377868645677
0.249400032775
0.258145927552
0.261554969303
0.299157163104
0.264286895769
0.318064801367
0.2917675126
0.250821784061
0.266971521779
0.323495259653
0.211664497032
0.241544588779
0.222032343633
0.249178367899
0.239927752101
0.387611434665
0.322923821777
0.330067365269
0.270915709511
0.271693753363
0.312590951217
0.219063429574
0.214746502457
0.330487551422
0.439887045622
0.311081463881
0.336057826149
0.264943282888
0.188826889911
0.370030113106
0.248987328623
0.300655132063
0.332703572121
0.278537672097
0.345367877262
0.355029530777
0.311699878389
0.248978214207
0.271133755629
0.231236239165
0.271956671993
0.240785819425
0.298092902087
0.326883003239
0.190276795829
0.267195334504
0.292725790746
0.321055004151
0.286757010301
0.222610541737
0.321181971195
0.274749203926
0.317718300775
0.257035402867
0.39483797139
0.264513564315
0.397847492046
0.309033738847
0.231504702222
0.309934435006
0.318786297867
0.302514593448
0.307844020561
0.248771527116
0.420873245757
0.275285776904
0.331373640898
0.194721610064
0.377461881521
0.27804316874
0.357132703575
0.341581918817
0.325905219033
0.346617755962
0.320523104988
0.256425178381
0.258081477425
0.281556744422
0.243970811154
0.248546487361
0.249046198582
0.249742680117
0.271764840796
0.326108613366
0.259075529594
0.391044636141
0.364146904378
0.220504411985
0.313746221071
0.308725093403
0.301619093997
0.179052221707
0.147025688726
0.381478591376
0.328543792086
0.226540175481
0.275121537618
0.179932142297
0.300755230035
0.281955019397
0.277963851417
0.288960941336
0.26171047707
0.231603156703
0.278264598843
0.249641672569
0.347902970923
0.231820868634
0.290694965487
0.26880991152
0.384904610068
0.365556267592
0.227452134308
0.290805985794
0.257950168208
0.22355013417
0.304030210061
0.331164952666
0.326789185558
0.227516465862
0.301745544702
0.318070503089
0.289760943802
0.269331781139
0.259810130278
0.479316801594
0.259168148611
0.226803922664
0.374412829709
0.196900874952
0.300223090193
0.301974502959
0.26736001
0.355202087461
0.305809693455
0.268085512805
0.310631399466
0.37337112474
0.238239203828
0.373063704124
0.339338114495
0.27503738485
0.306723434018
0.367005072703
0.407775125468
0.340523255514
0.353311921986
0.213313053222
0.315860036659
0.327009180719
0.199732281862
0.354735839421
0.279864395759
0.194854365064
0.205947123403
0.287656065576
0.258471086202
0.303408408621
0.274123506525
0.249629547892
0.182234042842
0.224817024696
0.357198652659
0.391246037243
0.276710510282
0.203329126588
0.317387949382
0.316863406534
0.292403888761
0.311512344529
0.246924809531
0.280805650794
0.273785180088
0.36772336286
0.257684260679
0.262878614883
0.28390735182
0.312331783175
0.288376411808
0.315530031369
0.366470723411
0.350103205767
0.225646113576
0.283098522464
0.274586695196
0.235326400719
0.202726135901
0.300765153985
0.242783993468
0.33126084589
0.342172520934
0.296739196172
0.368690859415
0.348252947823
0.275218135323
0.322226970764
0.335927800614
0.322677307521
0.341198616915
0.362806329814
0.211745017345
0.26925626181
0.261141533605
0.303271583006
0.270410775973
0.271551699068
0.255947337026
0.338390700081
0.341243089296
0.31747383281
0.305856780701
0.259768917008
0.257643449814
0.298450151985
0.323197181187
0.300685866232
0.253353459427
0.297510072743
0.335484992807
0.285944366123
0.272044745546
0.183089846991
0.288465641062
0.240757300063
0.279781261687
0.261944418462
0.250941259145
0.260920956782
0.302663775317
0.276839338364
0.25796508653
0.289428984916
0.275614283558
0.210822360716
0.266109479587
0.317692050681
0.266626090065
0.273679391399
0.313673983037
0.330323534086
0.291678576302
0.283226305762
0.206607523265
0.344777916702
0.336509312611
0.291243479529
0.322760858745
0.245003843319
0.27354533931
0.206825432118
0.315079886328
0.344620194768
0.230866086725
0.372302362183
0.214668478268
0.321342764674
0.225490107801
0.298163638651
0.282243516854
0.269544020477
0.421819299121
0.234469483362
0.272013651756
0.289050012473
0.288807128916
0.182881248004
0.278785005195
0.256331484726
0.32597240174
0.292941006007
0.255058371748
0.266290650734
0.384889020148
0.241383108988
0.251559935083
0.21939909968
0.304737854691
0.368687890828
0.298189510467
0.293972487219
0.272219079078
0.236541199164
0.274701747226
0.305911281901
0.317006567663
0.383280278693
0.226775404158
0.425166350372
0.222916178278
0.273039209638
0.364628887226
0.269907391093
0.214545631304
0.254631092777
0.244833418758
0.287216265137
0.303882139868
0.293930105256
0.28054111737
0.280777352109
0.336099114115
0.322562250215
0.225108220568
0.266631173694
0.264461004233
0.333440282147
0.29849336748
0.302063038782
0.316467614741
0.330339471686
0.220841169122
0.230970542997
0.258117477974
0.29544920616
0.293572997603
0.24173082635
0.21995181334
0.247072504932
0.299242499118
0.370750454186
0.329410165594
0.277543951674
0.299842266857
0.278788323912
0.269826580021
0.327076898705
0.299679309538
0.243689090189
0.30562788263
0.283475771606
0.26681102092
0.339348670218
0.25698875369
0.292436259625
0.205469609185
0.268661607998
0.243971780336
0.213777309442
0.304106889289
0.271030238031
0.260263924609
0.338629937495
0.250052037372
0.312301326514
0.253554127988
0.281946898292
0.409951852583
0.238845557527
0.319797138085
0.472724141409
0.245820335891
0.276651150746
0.360384797456
0.397824283708
0.289326548027
0.255037180224
0.210364338593
0.26888274191
0.262767937802
0.271191075598
0.1877644871
0.273811918187
0.297144549967
0.298440894742
0.299107346879
0.292541968352
0.221417562038
0.352518630445
0.29525106577
0.275164996764
0.204864979645
0.296144748196
0.362694981247
0.376024942156
0.328000450622
0.366333372061
0.262435666629
0.373312610877
0.203333317421
0.294630163854
0.259624229476
0.265859055692
0.245923367256
0.327307036095
0.346624506924
0.355896440129
0.279470112732
0.331425755583
0.256625257401
0.279558602105
0.316963697243
0.299564048192
0.330931991949
0.294492149581
0.261833553254
0.309753923491
0.317884734592
0.412894104202
0.311236949336
0.235135492526
0.241546319314
0.278573492696
0.329700637044
0.395484825533
0.346674036755
0.29004037343
0.315809764478
0.261507676228
0.354466927416
0.390642236153
0.32617997617
0.350756169267
0.268026212868
0.301226475757
0.310964520574
0.297885695253
0.256781221254
0.296455458238
0.270999886341
0.339745959746
0.242855644122
0.275867373011
0.311677646899
0.368773189406
0.296452072998
0.285761614964
0.361664161839
0.241121894157
0.331250831591
0.264163157114
0.351198673945
0.25435074996
0.348456154885
0.226670078019
0.322442666719
0.307884334975
0.286762804367
0.342031057955
0.233450907047
0.407143676466
0.341501786394
0.31102716809
0.302823256871
0.34578678307
0.336920827836
0.226898655031
0.276425489101
0.286237381642
0.331085861215
0.190405738212
0.21200617837
0.28574301599
0.186005435115
0.258235782356
0.349302214223
0.315462406825
0.285343591435
0.297942437158
0.301929538707
0.260143719895
0.281464484801
0.202377254577
0.263672624225
0.297967962343
0.287649232459
0.354551207328
0.298643950261
0.293911535023
0.295056061204
0.282512556705
0.280376971594
0.388564679649
0.283415074455
0.442582635907
0.251044594368
0.358324612624
0.214624566754
0.359419871123
0.328946346646
0.2523510302
0.22859997531
0.229076801829
0.264042622363
0.292696124162
0.335877648942
0.286759013962
0.308353707291
0.210049801086
0.315262385486
0.311913351441
0.256964962304
0.274709187331
0.250112579167
0.283302331565
0.394088753796
0.356323533644
0.154129840889
0.270582201411
0.245695247989
0.251318091348
0.360144055558
0.345683570499
0.278901890877
0.300287964251
0.285003297047
0.229403204196
0.188153838339
0.294157133881
0.322574212168
0.263988007282
0.32392731343
0.354334337938
0.260837430722
0.286806642536
0.265938221663
0.293233879768
0.400298762356
0.257762466005
0.381503899263
0.196705989936
0.299877021779
0.419730900546
0.243401941275
0.33950253862
0.298693756472
0.340234167842
0.304107379373
0.297341746763
0.341673778945
0.264501105099
0.275167024729
0.334945552613
0.295300101935
0.249217115738
0.320749929858
0.293270586775
0.350993533793
0.23161887655
0.292068248747
0.280737560174
0.203905949005
0.299454446227
0.275670304657
0.321127375963
0.274682037325
0.329135009923
0.293110428415
0.234830642326
0.256957869453
0.23839519117
0.256704879951
0.420219625388
0.324428280282
0.328599995623
0.353402858504
0.296728518162
0.273061833224
0.296858791949
0.404275928534
0.334027097064
0.266890480621
0.256933477395
0.28002445288
0.291855974434
0.175748091321
0.293031960864
0.262075222012
0.228726344404
0.226415388799
0.336722801296
0.287460441475
0.260288022657
0.248365295343
0.340843664018
0.237959046969
0.317033500158
0.247115797867
0.248790340894
0.279383738988
0.349689848754
0.195840857589
0.322477661702
0.305234856518
0.336751648696
0.216598416205
0.323399913906
0.32930674654
0.281577748645
0.356586333006
0.356699167142
0.32143439251
0.268441682975
0.273120735195
0.224787605676
0.246193692729
0.298018676579
0.262606792306
0.256162003613
0.35409186972
0.320038854605
0.353993535511
0.355210164063
0.237896595952
0.24258187421
0.352686427505
0.254983653039
0.334523137777
0.273114161088
0.325167967518
0.303876648984
0.271064490588
0.328736328244
0.376750065753
0.284715192901
0.333325562215
0.235181544131
0.313571973438
0.335013839825
0.289955252564
0.380241708052
0.354482486983
0.347549796178
0.257495377399
0.247489388898
0.302572294368
0.267442422021
0.360669278497
0.261598569144
0.316322317968
0.211218611063
0.255063957371
0.331700998788
0.277503171866
0.197984853453
0.362597188962
0.310884896154
0.319188273986
0.339569881567
0.394792762921
0.287450264822
0.325457069397
0.283688091629
0.285515311569
0.381457358619
0.39615610253
0.25277733788
0.277471089087
0.346628881443
0.314443511645
0.28915247332
0.258058117698
0.342851338996
0.295516575071
0.303524717833
0.351722527138
0.18702060332
0.266675346929
0.34351003099
0.39139973689
0.243261425124
0.242226525923
0.325753645392
0.396133388002
0.233901277797
0.242095718423
0.303416768946
0.278718510765
0.314767595239
0.400041396135
0.269172968922
0.224510876486
0.245841443211
0.292992303539
0.264337828067
0.314251826173
0.308412943596
0.386064430698
0.351716990926
0.26586616001
0.356142615688
0.297972534637
0.291307956157
0.363031527047
0.320972467372
0.29890646439
0.289675796261
0.322182182495
0.303169792423
0.228762419118
0.280507793688
0.261661737242
0.267894172128
0.378161412706
0.38719984513
0.297650266534
0.312994962336
0.311004532989
0.270972026439
0.279468186434
0.400890330951
0.22594248795
0.254099617561
0.181443110111
0.273050510358
0.298052095102
0.32351161509
0.369907791529
0.306374498045
0.276947699074
0.279053408934
0.343951998144
0.280340743252
0.216908609225
0.255110870564
0.413766196934
0.217126162753
0.396056778055
0.285290224316
0.287643928734
0.290565939873
0.316939190424
0.387671382965
0.265947977987
0.237983035225
0.233216922971
0.297933681685
0.303385199127
0.328547893906
0.248834874947
0.343887059736
0.322975884342
0.302634329624
0.280802524285
0.298100915851
0.326425372788
0.325174860601
0.285008566245
0.262562611385
0.279499131131
0.389065093185
0.265933057899
0.281711893594
0.261597816488
0.316054304819
0.236361472242
0.388137659366
0.288347283614
0.311512756982
0.262382530901
0.319878482676
0.237283963223
0.282840773871
0.294571902258
0.325619326986
0.32553783767
0.32140142021
0.257551636465
0.30728886284
0.331287308297
0.253108601665
0.125344058127
0.256445253284
0.394263126811
0.27799007889
0.443709508938
0.193267699489
0.214042168904
0.263369631181
0.292137649161
0.346783344403
0.343261256041
0.256295076715
0.368898644785
0.106112647654
0.251318692882
0.278912310071
0.339912721295
0.310328815177
0.248547179709
0.354061024723
0.276781997014
0.262708982322
0.318766606157
0.357525409392
0.286985206299
0.292968001157
0.250732482712
0.248165512387
0.21697427743
0.249162123115
0.292705128255
0.365243785197
0.271977253431
0.249651564637
0.257563897761
0.219314060136
0.239451478863
0.187998838228
0.361107174115
0.181317369949
0.282527758834
0.228945099537
0.321564683102
0.314415490236
0.33778836294
0.315187460738
0.216249586711
0.358727530097
0.309387762983
0.250421907151
0.320465392474
0.281228002586
0.292783240091
0.320109766555
0.217573981836
0.241327386095
0.296192737842
0.310782640262
0.274230825755
0.261366995783
0.30288117332
0.248114977204
0.292770302043
0.389796826966
0.252348154359
0.174928983918
0.241726757578
0.382783447391
0.306970759966
0.309830696069
0.333570079458
0.249380930905
0.29198808891
0.216228067248
0.298533004111
0.279082760949
0.257120830611
0.294481865797
0.36302928741
0.343694294894
0.312283586714
0.333705346758
0.374646854591
0.362704259775
0.321338094732
0.160651648142
0.237861616596
0.199515460501
0.307636452449
0.351461504627
0.360698289133
0.279555726539
0.248901166977
0.289963674121
0.241709210421
0.265661981031
0.256546199657
0.32166199744
0.165411920367
0.356736796803
0.39776349437
0.34727086774
0.364960021672
0.210771098258
0.246699573262
0.311195051598
0.223214138585
0.363688183013
0.379016863834
0.318431219236
0.323325028623
0.323806598677
0.360433012109
0.352590873859
0.294155160062
0.288253932099
0.292518813949
0.225065220254
0.298591623608
0.213185970978
0.332148670784
0.398568532867
0.186151515295
0.262900722777
0.346093477082
0.348978804669
0.320797869618
0.252343094704
0.261846829302
0.265501604119
0.308284414598
0.272995969904
0.260381301303
0.336666524185
0.243527250625
0.3182329281
0.229042516233
0.221886377081
0.419761264554
0.27640510342
0.243509055904
0.360383438769
0.248828593169
0.268558688785
0.227013452445
0.252639411639
0.24597430969
0.276433198063
0.192090892104
0.309910683449
0.277216497633
0.273372612146
0.288783717957
0.239943829744
0.303429982007
0.326722426549
0.143682607754
0.247828222233
0.27039664479
0.348303965599
0.383563657235
0.319654643352
0.221240339465
0.256717989353
0.218969965375
0.275220367405
0.240171806364
0.286256265671
0.304417271992
0.326904603587
0.333867871601
0.215307849729
0.393010437419
0.399550096816
0.278174297481
0.311287257766
0.354902631107
0.260136227976
0.345710240841
0.278878938264
0.267089816288
0.259578235756
0.293731851041
0.307206389726
0.266600812768
0.291662081284
0.336795878385
0.262658841094
0.336790896271
0.269082099771
0.166033813125
0.305547043954
0.284406411705
0.26767633279
0.369870016323
0.232373488369
0.308365440745
0.275829896059
0.280131270439
0.377078481921
0.297620780683
0.318581472615
0.234670763032
0.310516814987
0.21671201568
0.291606971712
0.265174213293
0.409193348381
0.179822292974
0.18878826415
0.327946610759
0.255818628848
0.31810297577
0.314810901029
0.297755000269
0.286330977439
0.283923425831
0.227949928666
0.318675301621
0.217365057274
0.211419067979
0.319495572675
0.364269150723
0.297196056809
0.325170736081
0.249683817444
0.201160872354
0.211218996399
0.28776933981
0.225360423787
0.27865338643
0.287028964757
0.294472489149
0.33490776325
0.339014045001
0.31093886482
0.309691035855
0.325528662211
0.228095551085
0.295252766389
0.389446713806
0.212988403323
0.256725018453
0.191906365517
0.303578709784
0.395716098566
0.301663633344
0.499322713383
0.271173028412
0.200763254478
0.29867917093
0.313914471559
0.298981299246
0.34990510595
0.270805407307
0.356516365673
0.325191729352
0.342838888189
0.184842868513
0.292873190876
0.245915907488
0.354395249184
0.381240654639
0.315403691563
0.199313087947
0.265628186532
0.316100659405
0.344499341411
0.255331070002
0.29155964446
0.299863906554
0.282843971831
0.251389956903
0.378108279651
0.305638321271
0.375216980779
0.316783794688
0.376102122188
0.389489672052
0.252725264862
0.2572938207
0.198407669705
0.25434718846
0.267015243187
0.283873546807
0.327308596164
0.307957938593
0.247671024967
0.281619543207
0.228341527232
0.251578538941
0.291214983138
0.341945608088
0.278497746866
0.258822363524
0.191591882741
0.278459242814
0.325594330248
0.209234054911
0.304922344096
0.322873016179
0.307359381073
0.337537574338
0.364321944402
0.339789602413
0.189726117449
0.306072276645
0.262885705775
0.257003066823
0.28334681356
0.269212574742
0.353579523075
0.295163258502
0.350489395577
0.308439400478
0.231736398688
0.24513981064
0.360980069992
0.292493040615
0.306188032683
0.288484049108
0.265694296789
0.315501224106
0.18649267012
0.264176472607
0.381933447062
0.298063975595
0.247774621094
0.254114204816
0.289887260022
0.336802405147
0.406952273289
0.317767523373
0.323319678804
0.291805184954
0.215437008467
0.363168111591
0.28025657392
0.205116271561
0.248050587728
0.261438490282
0.355596100437
0.257945577166
0.268635686415
0.314975798143
0.27291335791
0.308915788615
0.396576215755
0.427663520843
0.430254204632
0.238265549866
0.305337366398
0.264838768982
0.289021160778
0.254155544765
0.323100642596
0.268348823831
0.215505476267
0.454766042714
0.223333392246
0.496273180652
0.283547264544
0.269379309188
0.307616434335
0.339383647337
0.362077559127
0.251188245846
0.407043333934
0.337668274591
0.286766024077
0.321119293711
0.253520162871
0.269396304137
0.332155712878
0.331472112747
0.310279407829
0.283075833488
0.220221232405
0.276906141239
0.305218628153
0.299630008857
0.403936566831
0.287195486144
0.305817051575
0.279735114266
0.328689035943
0.242785430827
0.319402127431
0.243195225442
0.293635327519
0.250188159435
0.250906405057
0.31103587848
0.254284000691
0.316458280759
0.40204442491
0.266536193003
0.241744264919
0.257656062413
0.348288042544
0.320664487485
0.32870933523
0.294128150887
0.232517799522
0.256241259194
0.320963826735
0.254832882402
0.240809095667
0.213576695796
0.283100376895
0.311710327305
0.293180458142
0.363568248111
0.340839572667
0.35843115357
0.404200062448
0.243651409339
0.215244187761
0.234639431901
0.212879743684
0.21157629112
0.302191697371
0.313302519242
0.296321965918
0.445660551609
0.333159752911
0.31677590231
0.321835483316
0.385637109337
0.255026539124
0.310344003513
0.434940486943
0.318554992719
0.29310013926
0.285130562748
0.234433637282
0.406098884395
0.346162310892
0.297538168622
0.281468074983
0.323972313784
0.293869868736
0.252725220422
0.324634788624
0.279582286098
0.346590691691
0.312449340446
0.265470419083
0.324916136621
0.244365862656
0.438952963033
0.309714597527
0.230074569647
0.255935064742
0.283088201179
0.288076759339
0.394821715391
0.213551241767
0.226670606019
0.229067486
0.295278112013
0.304068980339
0.218451314357
0.257124724973
0.283931095981
0.268943437282
0.34091340579
0.33066410099
0.297338540155
0.285693311927
0.308479906087
0.240477079851
0.269367963829
0.322488790327
0.310208712768
0.303682573825
0.394380213784
0.283280600592
0.194538884258
0.312895292705
0.360903436821
0.305799018354
0.289866161775
0.331767484708
0.179496236497
0.244881470855
0.366638009486
0.332394073287
0.408961569686
0.240834271563
0.289315806923
0.455630857196
0.316350484199
0.360936014815
0.254151583018
0.254283246177
0.33047449644
0.309321441773
0.283859772943
0.234899781725
0.348718054082
0.172932118615
0.303316385721
0.285064971115
0.318978832617
0.231038112459
0.299747790802
0.282826041939
0.33640879548
0.223337827687
0.318094841897
0.210159995507
0.21586646256
0.338811410009
0.290724125187
0.245910385591
0.393851971953
0.287473701195
0.255713023677
0.223320817111
0.3534608645
0.257828372507
0.24969124354
0.294832935084
0.237931000804
0.293139565986
0.250870427034
0.266284012437
0.318204959549
0.382457655823
0.265316709745
0.346127985532
0.463778980783
0.29625989639
0.330392946353
0.301626545559
0.340797787636
0.266562203901
0.373247587331
0.343419987049
0.409600785563
0.357106191806
0.273676020056
0.192723672605
0.237511875151
0.31830630482
0.277150200586
0.311981872455
0.332071012249
0.330977236181
0.411258625806
0.283526071614
0.289838613191
0.284941327546
0.247202260805
0.318607237652
0.341640700709
0.295624850884
0.280351485943
0.210460086045
0.317042078869
0.207579481772
0.304566327177
0.290027866026
0.264317516829
0.340842984952
0.260336627771
0.445884758306
0.180003564167
0.330704814284
0.296833889324
0.301844393257
0.282202985557
0.371244056962
0.321658858677
0.198072211231
0.294797124442
0.369716221712
0.314420320929
0.229009384762
0.334499094142
0.278540401911
0.329680709974
0.240262014645
0.289526222704
0.33542016104
0.349379838395
0.197965154048
0.232514343751
0.405435123962
0.290773272686
0.353147672714
0.278035667793
0.24642481679
0.273104856534
0.242341741877
0.234104247415
0.231278891853
0.218448561559
0.277974181256
0.245010653555
0.301446305309
0.326217719578
0.318756736372
0.341075350293
0.308401004645
0.258762070816
0.345301426825
0.336143917549
0.21450864142
0.298119210614
0.278787978695
0.357385259676
0.342231987408
0.297315947528
0.298064101463
0.290231277905
0.277588389336
0.245381768503
0.352883254307
0.311081190053
0.243367824312
0.360104107059
0.358688560324
0.304207271572
0.397942863416
0.257215767788
0.381584977974
0.242213799042
0.305586786819
0.272108188078
0.289792091266
0.300823495211
0.296398366964
0.267048638424
0.261415363638
0.37718005083
0.3591856336
0.198504957106
0.299452294856
0.232560625758
0.335085302286
0.285521729
0.348040318834
0.275759646326
0.312822224268
0.322528104302
0.343176554135
0.416325621151
0.378480549588
0.159448874594
0.319412375411
0.263351874224
0.318205800686
0.232928297649
0.285036100629
0.327927897734
0.336153113094
0.213103072537
0.205009751372
0.334747536813
0.34229854679
0.334267116423
0.272444866067
0.423116449269
0.264992395674
0.288618857257
0.335899021304
0.434385390245
0.275797501658
0.456978857456
0.320008176404
0.31124572098
0.335225990602
0.334131050541
0.227129456096
0.265014192002
0.226607225151
0.436179977332
0.41846590624
0.200840702282
0.35293840254
0.359824369121
0.273196856036
0.338551314717
0.382271779246
0.32554523872
0.277987493077
0.289803182083
0.342700166189
0.263210518744
0.343842972535
0.342290451245
0.254651087713
0.290565396363
0.239992834245
0.330412348448
0.303414467794
0.281248865267
0.346944031027
0.365004899095
0.36243027064
0.297544210316
0.354813726282
0.23319577592
0.348855801897
0.278233591486
0.283787881306
0.290305819594
0.278529810151
0.243290443623
0.265332329122
0.265217776865
0.296120380857
0.18440937535
0.386879827993
0.236220377325
0.298611279201
0.226635079959
0.23501572518
0.257349601013
0.316728449569
0.263133550243
0.362622223436
0.247732944712
0.309394447966
0.216553645134
0.30872900102
0.443771979566
0.218106755152
0.299553928324
0.29602493276
0.312868126821
0.30515010623
0.324468507347
0.182775856657
0.315188141563
0.269079469935
0.302206882562
0.295326158968
