0.622616515897
0.397705548982
0.562170398264
0.562342150949
0.582426516456
0.633255850108
0.659253692879
0.542107399863
0.707613602454
0.442442282471
0.476454501823
0.862216689005
0.70637632679
0.57439315494
0.580245568441
0.653472223054
0.562923012823
0.481228452768
0.504650153346
0.727046228708
0.707235706025
0.443310970185
0.650412506561
0.525111713841
0.438136069445
0.586351290175
0.624915420175
0.545496768924
0.491460251849
0.612845114057
0.478566886897
0.495598867563
0.593661258252
0.58960594767
0.633497492944
0.470184573007
0.528379467596
0.480155400201
0.53796567274
0.648660641514
0.654339081481
0.468272123106
0.563290080038
0.65160473482
0.477725656901
0.473610558734
0.676482631174
0.676874299577
0.747448348461
0.500855820355
0.511389308262
0.599991779076
0.723270880706
0.606772118208
0.60843877008
0.488949849431
0.622232395956
0.503291334793
0.678719210253
0.627734740083
0.419956935847
0.524302636709
0.514441031598
0.718260725209
0.657574347164
0.505963729687
0.445325322196
0.531045157136
0.595532310539
0.598686192658
0.633996133098
0.579326262089
0.537647271434
0.460241167604
0.884452196159
0.640977879426
0.441113576517
0.505868196841
0.400235435316
0.615612863789
0.580585728702
0.660793934556
0.570468405827
0.520419058272
0.441545564662
0.615998260092
0.405468421197
0.550500917901
0.602466102782
0.701103569133
0.390979465933
0.875573261095
0.42210250026
0.412649515188
0.590358509467
0.713758924886
0.673087965368
0.508105009039
0.520973155714
0.534983092659
0.665597086581
0.61043785899
0.528879283526
0.610348269455
0.330420057213
0.516950862046
0.577632012747
0.466806818249
0.57071059563
0.639018830052
0.636328425673
0.670305945681
0.480203513343
0.522748789446
0.665266317458
0.579966477343
0.662988766704
0.537540357251
0.515209820402
0.72519911143
0.602213635857
0.491742489747
0.584208037509
0.54021787567
0.572911006296
0.642377602463
0.478240405392
0.457079338411
0.581576608028
0.42002532346
0.589092192387
0.631321613544
0.466752503081
0.473054179974
0.469205916267
0.739354826468
0.477173224338
0.475684033206
0.542224505604
0.55397520423
0.71354331217
0.476356520329
0.536726197564
0.529666759634
0.599306628987
0.490759256916
0.785294457541
0.623686723932
0.538968898185
0.661675037094
0.619230559083
0.552231420182
0.585845405706
0.404029682668
0.617181837324
0.653855201876
0.588924868004
0.572131191714
0.667507438861
0.466693368807
0.582324759124
0.311084819482
0.438942688175
0.664784681372
0.622838992061
0.615788499796
0.68048273799
0.459294787426
0.57876431169
0.469372954406
0.500150727203
0.410702249926
0.461950297845
0.523016520817
0.631757753699
0.499364264356
0.374283577248
0.802025636653
0.532794741133
0.595863953255
0.559543855271
0.517035454771
0.406964836889
0.553155766532
0.520725379428
0.617146624028
0.776751899646
0.4363421054
0.574241444345
0.486127694882
0.665563619282
0.420490980728
0.561156155898
0.538798416072
0.547526685162
0.495213977453
0.575725981483
0.593146536989
0.402836313093
0.550499288633
0.540931265394
0.645723115939
0.67758082643
0.457630264232
0.492060309168
0.508225462835
0.519241266252
0.35213129823
0.583632947882
0.584485378751
0.441671622434
0.515527731731
0.570780849125
0.814473007394
0.602813500382
0.63023585909
0.665146615818
0.640381507732
0.552341227744
0.489412148538
0.605119750483
0.491210120212
0.594548751612
0.679996649781
0.527454079947
0.823846751697
0.676901596318
0.515389775586
0.667281887459
0.747427978811
0.407514985602
0.569737216645
0.347587368066
0.515857794293
0.588846870868
0.673079542366
0.574265069027
0.541743694371
0.586621922873
0.548763852465
0.506057388678
0.518478812648
0.58531762044
0.597513086018
0.539708698144
0.567607844774
0.492151272697
0.74620947438
0.543992964371
0.514963237544
0.500556910386
0.515495188767
0.48947952969
0.606765401901
0.723244427294
0.66735141562
0.655761475177
0.481139225708
0.42227539547
0.705218637285
0.564895531102
0.604596936214
0.624217256054
0.661477045198
0.407276460558
0.543952312636
0.670797182719
0.590384115886
0.453081176421
0.524718218855
0.543052132565
0.544800323079
0.665561072919
0.657438429359
0.536798266371
0.530233636394
0.479880213265
0.563056427963
0.478760747614
0.573125952551
0.767305497494
0.485029827149
0.466539651613
0.426627261271
0.38689716495
0.67210170547
0.353716658225
0.683701050008
0.552822082021
0.519731752092
0.827157271017
0.498437670832
0.557308672224
0.504927326282
0.499924790753
0.599304356782
0.525583236081
0.571741838851
0.561918408149
0.421012699658
0.59622240865
0.641063526827
0.523377371515
0.554158548446
0.53023399326
0.704539978097
0.646122294068
0.504347924648
0.472440355005
0.531241696054
0.627975975986
0.495511607868
0.449120800322
0.638612752139
0.631271619401
0.638237245851
0.586287062215
0.642416236179
0.55417437476
0.527647294523
0.72721713306
0.445714613042
0.439453027781
0.530226639332
0.607218926488
0.394298805612
0.472575578265
0.395012344076
0.468803246477
0.572492683961
0.472825707847
0.617607202196
0.522145908307
0.460199072125
0.428254019827
0.522047760571
0.554579026203
0.587459544768
0.831913049699
0.56488128061
0.698926726068
0.563917913327
0.641119607355
0.615916215581
0.389375493276
0.450589682847
0.53866705765
0.484129946626
0.667399246817
0.640232524572
0.620383740464
0.665485528792
0.644287152207
0.421811375717
0.59954533784
0.615169825181
0.615215296813
0.545326864895
0.488911013123
0.469065024194
0.505952482715
0.732806491673
0.410047587673
0.599201904532
0.641764803231
0.689083184377
0.614564551678
0.638987158055
0.457966788984
0.700411050573
0.643823732138
0.52091136597
0.569330514817
0.53045167784
0.487807246177
0.569409454935
0.704577865713
0.688262677137
0.62823020493
0.556586241263
0.726894496436
0.601700361263
0.570583216052
0.525054165729
0.392430033416
0.716586720344
0.602357480326
0.650925502338
0.359786314993
0.556737402726
0.700592928631
0.52877888618
0.463780692315
0.569551973731
0.565177167306
0.453290179182
0.552036863216
0.43257396978
0.594655471129
0.631635079098
0.664313065486
0.701661503104
0.56724868699
0.39077148262
0.556358722354
0.571715611753
0.625872424628
0.620051280477
0.447714248705
0.747871490833
0.710901351527
0.919384919788
0.47744770351
0.580646084126
0.608008022426
0.595478984339
0.470193393017
0.457440692633
0.637827258632
0.539141925153
0.569065702273
0.679496549772
0.607482787016
0.448702956315
0.766749744404
0.557877761109
0.470460353654
0.712889548243
0.49036557232
0.511118992558
0.362058629366
0.437088807826
0.754941515467
0.596715348283
0.605491415428
0.653581940008
0.420103657222
0.472748450075
0.538571342366
0.637525639905
0.496234732082
0.523011261925
0.619276623271
0.437139980342
0.570639441071
0.640936274353
0.763930962498
0.376455332763
0.580733684741
0.39693735318
0.636194223221
0.656126402422
0.544885764669
0.600445478536
0.705741092096
0.592270798405
0.508123300748
0.529901990351
0.605005018733
0.701514716283
0.575857616851
0.673956015152
0.648610100672
0.390037870793
0.597234912071
0.628768404848
0.633517482414
0.478482083328
0.623260651064
0.489715456365
0.617474115167
0.35533159523
0.459290564108
0.59525980386
0.606123401554
0.501860858948
0.538084833201
0.656216405696
0.695742799711
0.754926759675
0.463641741738
0.759329819011
0.454596644246
0.606241204431
0.546096023569
0.638483548926
0.668369291529
0.529879859544
0.636300049969
0.536325623475
0.428318305861
0.519529852344
0.545549025177
0.653665809016
0.547487849547
0.585666239156
0.516768718471
0.565068792548
0.629517527997
0.755578053362
0.599583821361
0.616755411003
0.633578958374
0.58350715038
0.740626495579
0.383639134287
0.567817885929
0.824772389351
0.512860055856
0.576151252513
0.471578968587
0.54042873391
0.611504823896
0.62995078628
0.685628797775
0.62120790653
0.594466348446
0.718573926011
0.633255823762
0.527719036351
0.558920837179
0.53092154321
0.57421302608
0.518495381844
0.620253009665
0.547245856816
0.577285801423
0.652231834074
0.729257049577
0.52001806845
0.554740210217
0.774923728689
0.578159641421
0.550725228704
0.656457385623
0.427253797435
0.543146200846
0.662260483618
0.578733104759
0.558259400475
0.576228522466
0.702087046754
0.491334616014
0.633721327016
0.458280420007
0.541292293666
0.602802046684
0.554501461688
0.576305371295
0.612759059817
0.538626046699
0.628445594274
0.416764981764
0.80447651117
0.569538896189
0.478786682842
0.521700440602
0.313753441354
0.75421318623
0.621056285479
0.488723315538
0.549060687421
0.597104960047
0.502928471961
0.46906244701
0.469168972068
0.544590140167
0.625891452156
0.594405301353
0.801175099456
0.435909383453
0.659450349512
0.525593055592
0.604022941227
0.61454779443
0.69785954889
0.5417135809
0.356611454661
0.524337064108
0.854247836405
0.437208773689
0.630659792871
0.489271095817
0.592904935981
0.521784242342
0.664385988293
0.590833250597
0.658796523492
0.597582295377
0.61908361488
0.555389126198
0.559481841575
0.55861428465
0.490218156624
0.522921148822
0.548320190568
0.678105284927
0.609528888799
0.690181624487
0.601071543067
0.534267594815
0.511992718081
0.55695519846
0.4414400888
0.642810071787
0.487638272657
0.340274942058
0.630545272719
0.779357339643
0.610898334913
0.498965204283
0.54864549338
0.722909591027
0.626417091297
0.466357784421
0.559711652471
0.540923326089
0.361397554625
0.682589032202
0.539629261275
0.623067341943
0.731724758263
0.324818246227
0.645473425291
0.393596226032
0.754312017604
0.629560137019
0.504543084292
0.709228896306
0.720191921976
0.394094782269
0.507007562666
0.590945683971
0.735453001277
0.524829049899
0.466055151098
0.55417679978
0.470695641975
0.721621067172
0.579871365119
0.6831460595
0.579868628834
0.54584313258
0.551342874239
0.479908299872
0.567024009251
0.526848287567
0.593557841913
0.586080726069
0.445193087173
0.60011965635
0.657802690798
0.570429742089
0.766274768088
0.521766567919
0.866555042031
0.488915461332
0.657964357963
0.646395635478
0.606695082193
0.544070118777
0.525852498957
0.466378700099
0.686309704681
0.620696542699
0.555207418115
0.649464350702
0.486745665626
0.587227740932
0.452853569514
0.562582848335
0.530028447052
0.771042164726
0.640572472289
0.638237299559
0.422426616973
0.501056688238
0.585251623441
0.911611166195
0.590683652452
0.544449540175
0.735793774867
0.740444386257
0.620923675378
0.469937485822
0.406118793493
0.525208999479
0.52842642243
0.487448771868
0.762640475204
0.394097391674
0.626301113863
0.846982488197
0.562114350177
0.551675101456
0.509362710814
0.44566268596
0.48672747367
0.828222845807
0.378397255046
0.667891050453
0.87765687385
0.430263320944
0.473076592165
0.628465205138
0.534604518381
0.645927403749
0.628721393327
0.501567023609
0.464418674029
0.431075723908
0.688671469092
0.45575005877
0.550123922622
0.641105104732
0.713421627534
0.548798276194
0.699740349466
0.594208646499
0.526132599246
0.651875663986
0.449559651441
0.520628756044
0.524274906867
0.489530184435
0.5270271867
0.591068835375
0.357571416464
0.514543223801
0.971068109044
0.561452997787
0.436283282988
0.763862184668
0.616893452321
0.596713584814
0.486329052395
0.695676414538
0.540734532415
0.487653188165
0.48413731427
0.497471664747
0.546313798542
0.471404504584
0.420249348718
0.674438888712
0.646219683679
0.446022978606
0.52934474952
0.527296272108
0.704483635031
0.544500116066
0.616347932274
0.437993179208
0.605102449458
0.527057972344
0.578008894702
0.364181056335
0.45187746369
0.481625019778
0.319152789345
0.56631840137
0.899826026527
0.370861707882
0.436680601666
0.762435049369
0.554143344348
0.483181199937
0.577358540148
0.66497274296
0.581489861336
0.576887896429
0.522830278538
0.6804401952
0.544400565943
0.54051608445
0.482988281688
0.48481522505
0.521460364117
0.626036014188
0.517333544862
1.01991818259
0.561287915929
0.510852100878
0.380956639852
0.651774927024
0.613385714645
0.451991001959
0.449054069881
0.75366273202
0.625579116024
0.494090810342
0.643070012369
0.785658788135
0.522315198249
0.447089490216
0.440732076546
0.63110985499
0.827558439574
0.614546192553
0.484384590044
0.563858074223
0.608706992777
0.544761904712
0.421312283984
0.695003825596
0.499960929639
0.535576119692
0.552696861338
0.673936368553
0.489613848045
0.640038084486
0.535145910954
0.463978052784
0.555621063132
0.845317453857
0.589367601
0.443623026277
0.692063666651
0.5496759747
0.629167328802
0.581510881421
0.487823132958
0.723723054582
0.490627922058
0.368239313288
0.813203922776
0.495862836913
0.677356805774
0.383632358487
0.632002191298
0.675356973656
0.610396481824
0.475575588782
0.477604000035
0.649503247561
0.596454883196
0.413980032558
0.459032589007
0.843182947997
0.547447510633
0.633044029455
0.679186685203
0.55720177062
0.544638993442
0.49691616192
0.525538712079
0.387061810961
0.463546126907
0.678803506621
0.516715328771
0.508773344949
0.529462154034
0.484566146005
0.876115128132
0.621438608208
0.410450783082
0.738979575526
0.510680050341
0.40819000237
0.560503650548
0.688047675435
0.745277622942
0.599110332518
0.491790833538
0.788153491138
0.618975574615
0.410378436878
0.275401082921
0.923848096339
0.615649012561
0.43194390561
0.79647385072
0.535509435517
0.467767855994
0.769134257024
0.897312697415
0.690818542961
0.636787173723
0.689162698831
0.476948502654
0.732347409957
0.620487120237
0.756232876214
0.447915256831
0.534768443782
0.552121645262
0.550502939713
0.625256732053
0.575573270163
0.901545273257
0.766307402791
0.494570941779
0.561141205044
0.669334094151
0.572812844851
0.52545372226
0.450265297148
0.45911445903
0.744611483188
0.595258022367
0.634766890166
0.666394492856
0.891334095262
0.57807193174
0.66311964054
0.680328416802
0.50739729637
0.624946231737
0.82786438693
0.568055402788
0.523325550038
0.690377431553
0.649828595459
0.694376102968
0.495167924823
0.381295330998
0.53564921175
0.61206619493
0.667233475739
0.464173016256
0.597670500573
0.62372271664
0.520736899594
0.948616016422
0.509437523491
0.658332975588
0.556002472726
0.814593738649
0.644091839356
0.585909135827
0.640160778057
0.586321686134
0.474465229455
0.44172301113
0.507248256644
0.895719969251
0.446781656965
0.684582609474
0.529204267814
0.841020694216
0.578471714851
0.620974092777
0.488837810362
0.396586893575
0.773055861815
0.545078299014
0.491417452368
0.71410292946
0.519798960635
0.36605146724
0.790560474821
0.503412906795
0.323525006699
1.08852928393
0.763613052121
0.808608350492
0.482560062606
0.552961500717
0.611746871694
0.458537441909
0.671953593042
0.643458665702
0.507485081992
0.832729868514
0.540929169678
0.862776296507
0.610127429463
0.482112967753
0.466577252543
0.658582491137
0.394158298539
0.664848478562
0.566916711117
0.424472725665
0.32395069552
0.399057489213
0.853319029935
0.785022984092
0.728028416149
0.460700892509
0.885924490213
0.587513883807
0.888424771368
0.546942191529
0.554693405198
0.38028120732
0.699503007824
0.573792129989
0.495353874556
0.778930220591
0.454863060703
0.492177363863
0.439264687531
0.658575906233
0.675068501001
0.430831616929
0.641898260199
0.580329248079
0.712870471593
0.641260036739
0.566641357872
0.609073982984
0.698875631484
0.573251677782
0.884033111813
0.599770990539
0.489437242462
0.66662354412
0.528262896259
0.728405763262
0.620029856812
0.681364989413
0.514241766219
0.524556950297
0.582488787723
0.707978366317
0.552271204293
0.467804651802
0.543156970723
0.529035800559
0.679105915297
0.388403881688
0.62761900318
0.49189365845
0.727643072238
0.729415976256
0.368205538607
0.560636042654
0.543392748529
0.455595098031
0.404547116277
0.282404862559
0.567039486865
0.301584507993
0.622117227614
0.415616373021
0.398735789246
0.616133883902
0.526993058064
0.567736796222
0.549486188411
0.522355241862
0.526654231719
0.727872800542
0.48519755371
0.896994279045
0.935644772579
0.705778691103
0.47759645728
0.583568565552
0.365670561059
0.652131374603
0.517635370442
0.538406569396
0.52449029001
0.52063840523
0.435656586841
0.533881146889
0.477420120644
0.579845564186
0.687223101756
0.52837504981
0.434914603106
0.612960266133
0.615591064992
0.625123912571
0.365080201677
0.571492965269
0.512870598912
0.73943571261
0.583178400066
0.434929791903
0.549276159085
0.439993071012
0.557089076375
0.52565438842
0.558329500382
0.535533034798
0.72016073929
0.450359815325
0.441125679756
0.571536331027
0.511034544967
0.644619182902
0.528927183183
0.515183402395
0.803384718365
0.591144113697
0.432045026438
0.635471263151
0.899903467467
0.536429144767
0.621017337928
0.637957648413
0.57108701465
0.472066579555
0.513899203663
0.523473849025
0.663871519741
0.52751415562
0.603594984337
0.661670480472
0.519915082779
0.579093756471
0.546199822672
0.628385548139
0.544722207378
0.602648890873
0.654972385562
0.719262935341
0.36217647957
0.439914102567
0.718171098271
0.394242491874
0.388081129384
0.533676249518
0.626985657111
0.735301783604
0.707441762914
0.622348029683
0.361962486891
0.630548508817
0.484505024528
0.590787599655
0.619224158653
0.318116897452
0.539839571945
0.557065586756
0.579199213207
0.623453872023
0.514698394464
0.634530580445
0.734024168441
0.653031614064
0.460314216372
0.496771273938
0.558868211267
0.394828337092
0.485114203407
0.402041877187
0.471847224591
0.587963784617
0.580806625501
0.673636135594
0.595382474909
0.350867397421
0.560257596088
0.725212416154
0.538704427143
0.664145735681
0.510024790462
0.635927948992
0.521257953399
0.477896611633
0.623618414514
0.699550661081
0.504661661242
0.624567410081
0.491505856251
0.712294773833
0.592441756627
0.518427239865
0.538683588687
0.504086885095
0.323137285131
0.690496868326
0.538106982922
0.409458580591
0.510481402355
0.46362219751
0.549313686363
0.615239096538
0.509438708103
0.725186213035
0.449009480557
0.584425319008
0.592638164474
0.677069534949
0.5578032087
0.486660330715
0.515307566306
0.500008412353
0.438269055229
0.437353670196
0.571696046294
0.426835496489
0.41651345232
0.761330973663
0.377256213613
0.661866916377
0.499133950529
0.473285073714
0.629884341896
0.532869237248
0.575357991038
0.497598270471
0.591324604315
0.363536739975
0.727416882697
0.564189658124
0.531293561412
0.441894739432
0.644385957752
0.586946516418
0.471683636597
0.600470550048
0.525336149619
0.455009822186
0.642979284315
0.464417973526
0.565797772901
0.693009225608
0.65474611632
0.566052575652
0.435002935716
0.589617997548
0.643822911888
0.840134126642
0.466080773992
0.528699953779
0.889288211116
0.482092114205
0.570108875551
0.643852892947
0.647324316448
0.530534624301
0.432926538693
0.516243320205
0.438071248672
0.745708936041
0.463845420199
0.472936883781
0.444979950782
0.609512635078
0.410241393556
0.475611179076
0.405974229483
0.44772580741
0.848132609516
0.462311239786
0.587810069281
0.689877673709
0.424704693275
0.55957671176
0.644317688929
0.574031929195
0.509241602228
0.546471784009
0.474398269884
0.544719612197
0.600617933205
0.634111477401
0.459745405664
0.688572569222
0.529138544178
0.523234883732
0.550679166415
0.617868857499
0.614882587864
0.479214964596
0.563429764839
0.489733757578
0.496876413068
0.499506723512
0.738715585314
0.494233910762
0.566275088013
0.480183230368
0.490941686679
0.407064332229
0.413777687317
0.615207716816
0.632458301216
0.694794224616
0.418000279908
0.606890953836
0.337214886326
0.486903474279
0.68339119632
0.388526065369
0.578576951229
0.431354422133
0.47953353374
0.553073931917
0.504436228393
0.736743271864
0.435695603463
0.636936084773
0.625909272862
0.563260807114
0.359271383317
0.700938531436
0.531185981568
0.573546614613
0.558581940921
0.559446572519
0.572991370049
0.748284310602
0.6332285816
0.644029292572
0.521537205547
0.5588002866
0.606151429916
0.611256424061
0.581571624453
0.490746279259
0.365757264565
0.530565309232
0.466948030291
0.459837282451
0.463918336665
0.462728611584
0.577199436048
0.544419695445
0.399529382809
0.558784348412
0.492055434583
0.634493150948
0.474993941032
0.577323665109
0.669069899091
0.563289402208
0.501939353362
0.76440312338
0.467742660731
0.692047048038
0.593138900389
0.52021975366
0.470422194341
0.673759647311
0.629468310573
0.634465785098
0.452967554854
0.794222974091
0.6647737122
0.698364919298
0.572837235785
0.584386430722
0.526899735645
0.558383587107
0.67667227411
0.63190976464
0.536356994192
0.5578509226
0.440140998503
0.659086440117
0.341087288107
0.43099444595
0.561301175383
0.542505015055
0.615285491298
0.640038445064
0.572311929263
0.643355437074
0.605960247938
0.363425885011
0.517274196137
0.485042495525
0.312662366024
0.537565571902
0.764841992983
0.695871241
0.531476613127
0.475990453024
0.517548479555
0.641441309968
0.518831635299
0.62261180257
0.662546481559
0.413981765376
0.500239081914
0.614619719557
0.385528337751
0.506490631354
0.715120858714
0.446413811967
0.676900396321
0.578393467269
0.448627125806
0.523567910232
0.726058452407
0.683845500294
0.39719607155
0.420990028722
0.453167530468
0.507124788772
0.400597036792
0.411636351068
0.689722945684
0.724826350756
0.617793120373
0.464644832861
0.588206464273
0.562781360445
0.46767387905
0.67464997433
0.584089805848
0.474268684457
0.579848185009
0.584147980942
0.471328157235
0.459710345416
0.416604237025
0.641828553492
0.481059123338
0.647276577532
0.60465279879
0.654177299351
0.772368894594
0.538268038846
0.484650677324
0.741716637008
0.630617321666
0.588253964963
0.574486845595
0.622615021573
0.587486878791
0.495183105182
0.697585090346
0.609645096819
0.529888392767
0.735826604428
0.601520385879
0.661758245881
0.513214653377
0.475487871465
0.653400234978
0.704114854847
0.497714826044
0.374486661157
0.547329425758
0.759154147921
0.484655913604
0.604216189642
0.483630696969
0.649703257902
0.440440280368
0.652849142065
0.671283406796
0.499260320994
0.684824241071
0.628512896548
0.595820265938
0.346847989134
0.553897248051
0.499522584044
0.429725099835
0.596856159674
0.41363250447
0.432632788828
0.572541817858
0.583089159154
0.522930568783
0.45115041226
0.450523742918
0.570142477437
0.449898241125
0.482442180268
0.73595397253
0.482377917656
0.557586836914
0.519510515106
0.663812576145
0.457057005629
0.505455494323
0.54613487426
0.645269793666
0.637745624819
0.520452451419
0.758585198195
0.895406874066
0.444153226583
1.01563819706
0.947582006721
0.618224079322
0.556272322817
0.576031240957
0.524643084816
0.562331978679
0.669887742518
0.7148853393
0.539166159803
0.742757878639
0.501249324512
0.48088134641
0.5090736983
0.512629493309
0.644503878682
0.680864728377
0.609151429413
0.496133108888
0.50236496002
0.859312507065
0.458459311488
0.614153768193
0.478761523456
0.474841547526
0.554992463886
0.447074915879
0.525222381104
0.627176460698
0.812498495317
0.66272013037
0.63907691357
0.761923650341
0.518925880247
0.445437573813
0.480059344498
0.565549650805
0.525773301058
0.754943230849
0.743842540334
0.936626601935
0.91457969841
0.77962757948
0.614080825018
0.479065831404
0.666460375014
0.870301760904
0.39389732076
1.10303393112
0.52542487534
0.651023505358
0.689561137601
0.656793593973
0.599009188356
0.506932695103
0.696310267158
0.729372441695
0.767276512713
0.704485061696
0.661522682252
0.581990871443
0.607816732644
0.93848544601
0.592964970066
0.581566941729
0.592265650782
0.574020287267
0.513788322772
0.603732202704
0.65050413415
0.406350081493
0.64494882392
0.436026095104
0.534806930043
0.631774957909
0.568519986658
0.552159752112
0.560566253309
0.607381033
0.68107080401
0.712407368909
0.504668509633
0.355913594531
0.692014605348
0.487709772052
0.499080247827
0.677584224832
0.476804878985
0.537398685867
0.746891118077
0.617038060771
0.637027076601
0.577697007837
0.432315388588
0.668547785205
0.587139265635
0.69945562757
0.562649954057
0.421079898617
0.61579056541
0.517246322461
0.590629454143
0.719101558588
0.675650169896
0.439118538156
0.613880363208
0.538885412051
0.68288207739
0.364210777509
0.667147489923
0.708031733882
0.635827139608
0.58993682252
0.537678894778
0.818520152662
0.528683196128
0.602779502042
0.577882205713
0.63089553207
0.550260757216
0.563062274105
0.463845512307
0.753455768434
0.592746676604
0.540753249404
0.614019499405
0.627743659893
0.481961438906
0.488000768367
0.490690807621
0.533097131343
0.4980550234
0.402744943645
0.475121290829
0.649633287522
0.366400063859
0.580183736993
0.565947857072
0.54653493887
0.5176930951
0.47009113831
0.573045237664
0.556383007474
0.409987204252
0.568664335788
0.707006293402
0.721184080598
0.713738783746
0.656815612523
0.81025799897
0.565999108762
0.523173496609
0.521585771753
0.612484537487
0.692949691323
0.504861063144
0.466316100433
0.593117331303
0.682599742448
0.490889007122
0.4208610337
0.650391057421
0.597841784752
0.503653593107
0.676730414964
0.577862687123
0.560673724893
0.494489096026
0.575232580367
0.582685099538
0.563705676788
0.512972577884
0.597890143958
0.760760045976
0.580879863425
0.515714174205
0.531226166612
0.409319322703
0.621408756442
0.652525754375
0.406958418806
0.815090989933
0.494026305635
0.819377243406
0.527840111439
0.532247578645
0.568741882534
0.61241319527
0.606782056614
0.601731694253
0.671452922247
0.566921440892
0.538155018887
0.588678540652
0.708296224736
0.560384738848
0.693161190573
0.56847864435
0.611847133439
0.526593100866
0.619552654224
0.508320616147
0.454396278442
0.433217094425
0.524480386165
0.462371726248
0.603838367301
0.670741269049
0.657040292487
0.386642171859
0.624470912524
0.490672316094
0.573722966589
0.613164616664
0.602043889551
0.552828971098
0.512963774125
0.56665107892
0.469298021764
0.449709246116
0.535225943877
0.543127384724
0.518840523841
0.455442509033
0.548276741565
0.508133855841
0.550476621596
0.557719461603
0.5712810493
0.531021339016
0.391268252877
0.516812454002
0.587573357154
0.528347475042
0.589994334218
0.669479878092
0.287826247903
0.616858242413
0.660695763447
0.473657859778
0.484808255769
0.472488305901
0.629431353987
0.603447225065
0.493177060217
0.78433646918
0.441331341819
0.505630409818
0.618288499331
0.58297828203
0.560213623978
0.521319285569
0.468879559894
0.525081300323
0.558247132842
0.638667730231
0.771236821352
0.459274155958
0.689718284477
0.632207047132
0.566036604362
0.628141023455
0.485347377677
0.580971261551
0.599375776728
0.485298548836
0.516831502063
0.422931154102
0.486808131453
0.456313538543
0.541025557814
0.569861892688
0.448929547519
0.589738393754
0.750631201997
0.370021039716
0.533821493332
0.711469703254
0.702273731647
0.457709837285
0.600653919949
0.5469246549
0.670050619389
0.339333297251
0.627453921087
0.732835338478
0.612965274066
0.514281473823
0.523106990626
0.492320000814
0.511508319746
0.474078553172
0.572701226552
0.377455847699
0.556958159409
0.580780723707
0.610815899988
0.463783827697
0.566697722273
0.731776204077
0.306530589494
0.589524911048
0.634631269101
0.525589969929
0.404793159194
0.701934723736
0.587578241399
0.297413903157
0.615796060588
0.525881571818
0.514960678237
0.528444965189
0.584102794212
0.585760995721
0.653172177235
0.433971386366
0.594955757531
0.743065683944
0.737888923599
0.565843360136
0.661287760201
0.403582144636
0.491359899994
0.395462614768
0.486513166856
0.488451528568
0.560850054464
0.448622970226
0.519898887903
0.386350886005
0.441921004873
0.509893793071
0.490295628844
0.514830982763
0.490080935023
0.487959403474
0.620362813838
0.497212127264
0.634407087595
0.635396731218
0.869923927141
0.65226219619
0.501508803482
0.488095022619
0.382730653637
0.539808099273
0.338231080136
0.580807677422
0.583706209577
0.650941019132
0.326222143614
0.532963593783
0.449451192628
0.41649149207
0.537332055238
0.584399104131
0.552273525926
0.689679827245
0.667399332746
0.548754806539
0.630303664269
0.476595108603
0.470858124627
0.591882615373
0.846451804326
0.434014746789
0.640479880953
0.558071936137
0.44948545031
0.449058874093
0.454433061383
0.524244125912
0.438644448471
0.610877663589
0.676359409793
0.607381569081
0.664916744214
0.535494053955
0.511818615674
0.664609330693
0.633529484927
0.545114451462
0.436800098818
0.467352399084
0.466839626504
0.581098245268
0.526201318603
0.415656327875
0.518663610263
0.490506678601
0.438329499818
0.654429940348
0.474201795307
0.584298586601
0.610147240862
0.451172356907
0.537621313933
0.767231454647
0.404579338369
0.298830845585
0.491429482271
0.633833748812
0.659600215787
0.746255689488
0.80680314706
0.643779655966
0.53807402562
0.522494089237
0.422030989583
0.495294210582
0.534277750838
0.483439780014
0.558205382114
0.557660418915
0.482648009122
0.619024598143
0.441002469344
0.385595193002
0.642555086617
0.511018088692
0.542099687134
0.572724164339
0.563406694686
0.797603124398
0.727509071375
0.769676645473
0.64762990374
0.551923337954
0.466480809352
0.625574155761
0.600104873732
0.467714810037
0.789460085884
0.552490025286
0.464060577185
0.675410752275
0.507202104839
0.427108067709
0.529423054387
0.653879746521
0.508418093156
0.509635644477
0.606623826437
0.655688296368
0.460731743976
0.430402591359
0.640023995848
0.469474800465
0.568427764001
0.603066834382
0.459679585227
0.562572192104
0.407063693523
0.484957479911
0.583461327812
0.504107221253
0.506153920728
0.510970713111
0.562902972104
0.606620957943
0.449076932742
0.541948707237
0.60032583407
0.472850873181
0.655278055737
0.379745058571
0.673945493084
0.578505930298
0.427938703446
0.706847943803
0.93978921662
0.876432088088
0.633763646588
0.64421847177
0.605151648955
0.482095148733
0.565878675389
0.625518031285
0.625451757401
0.544863572338
0.428399926126
0.560190865377
0.590792598858
0.644489671412
0.51632366777
0.415668277512
0.456889834168
0.514360225293
0.463017161497
0.529386007153
0.385327857984
0.602585601652
0.564232028118
0.48276027989
0.504298626404
0.711109517894
0.567246441658
0.505688181799
0.390331855398
0.615782373586
0.710058605692
0.588023859777
0.479810005011
0.639941921739
0.505715816217
0.587575580965
0.608789250221
0.504822525344
0.606063117647
0.767392477987
0.466032179508
0.706850065838
0.638478812042
0.419816171195
0.546540793857
0.524877824723
0.578999265976
0.494341396598
0.633213559595
0.712370343196
0.607816238986
0.649185801002
0.438260932559
0.644757648692
0.547713998985
0.586429038233
0.43989458812
0.675813050749
0.568677859643
0.441059242535
0.691247050059
0.539434418764
0.539845052287
0.49586102242
0.501341585475
0.417199920906
0.410101678223
0.525733946787
0.604619676994
0.578341986495
0.638667524051
0.592557601208
0.597266392036
0.376570125766
0.48607693455
0.535977491525
0.738423224881
0.513576455919
0.656982663683
0.536149653564
0.286748203939
0.598522668144
0.352259220088
0.435852927113
0.451769183162
0.578007413406
0.761939930383
0.587819596264
0.314975292005
0.648339499021
0.551916256823
0.621751989888
0.545156821611
0.553587825602
0.524715634858
0.70926739418
0.546379974765
0.594652283072
0.611782427824
0.622992516372
0.428962658972
0.470341746283
0.600700204097
0.56969896164
0.490559107063
0.499736692697
0.6548769476
0.628423197298
0.555288392909
0.509574045151
0.524990213231
0.563822241089
0.625001420065
0.436450166642
0.596495316438
0.433353897473
0.468906928141
0.475233219953
0.512360097047
0.737522735843
0.554000211281
0.468051264411
0.698954491197
0.656079367571
0.801545504269
0.562284053316
0.616464705958
0.775666590961
0.560665935822
0.492181366521
0.733697214668
0.556744004399
0.533360150914
0.546283490065
0.474042752867
0.492560441297
0.527794156218
0.615131392461
0.523532764831
0.458336002861
0.51807363943
0.534148479615
0.628575294283
0.463977688783
0.839024453037
0.689400716498
0.473087644433
0.587418753169
0.693368443628
0.614896493799
0.578442512151
0.929729555449
0.585378956927
0.71343709334
0.718460181158
0.539005896281
0.941021001541
0.683226866254
0.694489269643
0.683040381172
0.777841012742
0.76933180824
0.667750421055
0.76626735466
0.521766527036
0.779550540872
0.480742375746
0.667905131706
0.405557066302
0.552255261314
0.456512662586
0.451185662961
0.589724921404
0.460638135312
0.507805805331
0.617067325272
0.429744574114
0.551372987863
0.532048798925
0.604482887546
0.711723940525
0.585943158463
0.579006998615
0.547068223398
0.517035196681
0.647036081492
0.606086451434
0.455946815492
0.4377395592
0.570593168482
0.553571510669
0.491737091365
0.573172762224
0.769592660058
0.594790177732
0.451808393786
0.646333957255
0.534351997822
0.416486175895
0.670111633374
0.51814665911
0.703925903338
0.675911574662
0.669025517361
0.416630827634
0.673235756913
0.56737310778
0.601779362396
0.468065616924
0.836107403763
0.487603193119
0.430079105067
0.412419762972
0.471021390722
0.519196508253
0.592257865944
0.669312571128
0.573280630974
0.604513167788
0.514604478536
0.802157664562
0.613444137616
0.444817452015
0.612803416629
0.515321676513
0.42269409193
0.747269201171
0.414767286703
0.558364684572
0.52345129203
0.584373987598
0.674571623911
0.601927231986
0.702604790781
0.458538457008
0.788867859052
0.53780943312
0.835667973773
0.51317773264
0.672907920869
0.750653561199
0.531524776804
0.593470463634
0.61688718276
0.80384150607
0.484063317421
0.432871438727
0.578748303311
0.739493435056
0.624970790057
0.957696705423
0.714042325559
0.566039623977
0.489925863049
0.631307399139
0.581661999749
0.557670701575
0.676733732055
0.476891856644
0.508420630969
0.609538715793
0.687050765055
0.504002112628
0.692109900125
0.55630453926
0.707707606246
0.713737241196
0.606905198147
0.569194815646
0.839157898723
0.921105448713
0.472154924161
0.532794479518
0.559164080612
0.574142215124
0.513464786089
0.610504614904
0.459439780909
0.438635874598
0.547249084852
0.512580120925
0.799283836126
0.473019645396
0.594138745864
0.702599740263
0.626346168162
0.600042633478
0.537576062305
0.483733506569
0.44248391471
0.497036455881
0.660302281824
0.665213364475
0.832841964562
0.663089731674
0.698288241498
0.7195948675
0.502846023615
0.402086782107
0.691545778715
0.592438934299
0.606700334396
0.514644973528
0.643599710447
0.522240654747
0.521754550468
0.590694937484
0.489535540205
0.773718254672
0.606159385112
0.688100146243
0.853868046407
0.60523059369
0.666994514994
0.719005955909
0.792838612876
0.822789911623
0.476574728586
0.707524792421
0.82125965589
0.764278835515
0.472276264456
0.537483376571
0.490985394884
0.650011632443
0.534132855802
0.429368024871
0.503377227037
0.939166368678
0.493860652405
0.408256585369
0.557377190564
0.689052027254
0.657426852222
0.890859834926
0.630620189638
0.489818451154
0.639492106135
0.80489926849
0.410360926991
0.54386689156
0.727392084945
1.06813414371
0.639328149702
0.637940846308
0.632228699123
0.479701142564
0.573343629078
0.598154947814
0.511618185008
0.501560735834
0.693683588344
0.6948552129
0.384813478905
0.705082334575
0.504277363042
0.510186103654
0.606359537058
0.568791183597
0.414498068734
0.605854389925
0.867795928133
0.606467009322
0.658096399414
0.696368752171
0.554191919805
0.681409380543
0.499671130653
0.575327183926
0.558514048994
0.561476693892
0.689561663182
0.586295842746
0.595530925513
0.505531154443
0.477863444976
0.583879797931
0.48716195955
0.421645130881
0.676251577334
0.845061704923
0.612106524217
0.532968241638
0.576314990032
0.503657341099
0.689158259275
0.514957516225
0.421451717783
0.727139573329
0.660556862362
0.552891964045
0.466366074076
0.449337277685
0.34916708009
0.497778968561
0.638245191413
0.507663393403
0.48516915419
0.594957923879
0.497616589741
0.551809500162
0.505627180303
0.718017758689
0.652762747275
0.64355920437
0.502348483014
0.661270503201
0.527590004344
0.512994620716
0.575856880759
0.620754593455
0.473542632594
0.518867207923
0.63520428461
0.694597900995
0.763724657423
0.505077616675
0.575005185092
0.540268712081
0.436165073255
0.622586019871
0.381972829412
0.74054021281
0.648398636271
0.669099644637
0.504456732004
0.545868894186
0.435000679032
0.531680639341
0.664293187787
0.541197336517
0.560478766405
0.527238786745
0.63035317802
0.432643454786
0.596646925514
0.518182123849
0.672324990808
0.635149834896
0.495284834939
0.473356569784
0.457886227536
0.657571195767
0.604348385975
0.548689723476
0.48810268892
0.605348140716
0.666137175341
0.523802549602
0.779309877493
0.52591192694
0.496838759943
0.573650188449
0.70301233456
0.278555905665
0.526297972389
0.578984281357
0.717766822438
0.728278091827
0.376012595212
0.362919743145
0.434424353964
0.596106728239
0.551529556184
0.440783572059
0.658788566566
0.587983993135
0.64208843181
0.443893167459
0.631302278407
0.537295742086
0.418036864509
0.576454240555
0.493148687008
0.470540501956
0.777023418789
0.654601307279
0.451538894952
0.603846620723
0.535626955401
0.572407411468
0.684739789105
0.5992958276
0.685913809227
0.504746226259
0.525216802463
0.651165820439
0.720805496781
0.504228333577
0.409078940196
0.542906251868
0.590212446164
0.712043520033
0.436842468283
0.603544464061
0.455751716145
0.489226104365
0.564182699741
0.469327599835
0.687858153535
0.411212530499
0.535989679311
0.623365617849
0.601207168139
0.559401260096
0.580011581242
0.603824307543
0.578074695084
0.534620714636
0.472121404856
0.539232789035
0.54243814098
0.537280666205
0.538816627322
0.540292448832
0.437851885362
0.424834795461
0.668407716216
0.581778800417
0.371997886802
0.453991576162
0.727968022889
0.699245525223
0.63197498694
0.629739560304
0.599341052085
0.451980684344
0.569197637534
0.682535562351
0.682301372963
0.457223782826
0.722966517059
0.539943063489
0.618111457946
0.617571641694
0.782019160623
0.526003673828
0.444514174156
0.610748392639
0.518515722241
0.325348766812
0.414668254813
0.661342781589
0.408580540382
0.500572222917
0.708615408762
0.622633646868
0.571671231549
0.459797186672
0.524223892741
0.545810120265
0.554865682738
0.410442645269
0.543664099045
0.560473633888
0.529547093493
0.576623607589
0.582190341049
0.661317034348
0.490697004008
0.791488815207
0.535999750839
0.53284642284
0.631042060294
0.643333827057
0.816701985497
0.524339989804
0.508213171656
0.541936900291
0.446567400443
0.514192802342
0.483562005597
0.831664230292
0.555567373801
0.444961594954
0.648411695364
0.530470751968
0.368820449943
0.524265343952
0.622705070832
0.47295085752
0.425572714057
0.47472175139
0.398995385187
0.573551737527
0.494216614879
0.504913706397
0.492588582379
0.473525942253
0.53106780541
0.523908200472
0.48650512141
0.726803886272
0.575695227376
0.562301726515
0.414056526536
0.466863277792
0.374143505502
0.806070007767
0.650916554605
0.716603614254
0.602609971794
0.455303092041
0.35671981019
0.354487830612
0.650255385325
0.575553990452
0.655624055316
0.349919519908
0.464644983362
0.42134268103
0.521761022919
0.475791133523
0.512329471016
0.662862603895
0.496649492875
0.604140322694
0.646687380684
0.46173224854
0.587304532547
0.570631981529
0.571139434017
0.550558226414
0.548838400495
0.58889120943
0.565033312312
0.474706260784
0.662498388977
0.346842646816
0.701340242386
0.48227705635
0.541280100022
0.650859033679
0.568235540185
0.591330350233
0.52316423534
0.642722168837
0.492453979224
0.62586485377
0.469159301015
0.541040686689
0.577960123412
0.663251500981
0.46940445982
0.401158371195
0.576471061255
0.630350991072
0.595054576087
0.380305671366
0.51603981375
0.385627987892
0.712290277041
0.601518316601
0.433915441389
0.56358316552
0.505458695556
0.60638416886
0.485913460806
0.47459324848
0.457909371944
0.521084967354
0.5643655769
0.731078430765
0.534889386618
0.66717537467
0.438607156231
0.64873447658
0.491373135838
0.426681470127
0.620776595185
0.613427389486
0.474369431984
0.698395153467
0.63163542309
0.524040585801
0.495368279899
0.635578292433
0.725088158077
0.539308274668
0.602274702064
0.682678459661
0.416690650853
0.616092251282
0.665144567058
0.434018686833
0.530115975986
0.719812546995
0.604852518193
0.53690244777
0.475304525574
0.741673541201
0.692971066029
0.502563143376
0.768870635578
0.611589261179
0.537604094078
0.575331191864
0.545920025482
0.507860849576
0.660531485352
0.70332745268
0.694476914139
0.442887639268
0.725689152303
0.611604879328
0.544032624784
0.639126002101
0.58147322173
0.547364708731
0.786883561606
0.572757302524
0.612524250098
0.370525203828
0.682629230255
0.7480357035
0.461449336298
0.630129432083
0.431515370796
0.627434702509
0.656321571936
0.669419888322
0.71190721815
0.489409825375
0.408483586097
0.530914040038
0.506626731835
0.403356051533
0.505771977315
0.65035383849
0.504593668221
0.522536863651
0.502960956839
0.596893859147
0.513111153073
0.538126923445
0.697166933328
0.546462807131
0.633757362037
0.539591176307
0.504194509333
0.706357883547
0.545881874495
0.478772950436
0.511839688469
0.601843558254
0.670884440949
0.454742855314
0.485513162567
0.745489930545
0.630782708018
0.61198389073
0.461317079398
0.60231160647
0.676891764669
0.5474747455
0.581918409616
0.621692122909
0.566114782124
0.4444880142
0.585892926727
0.540764907964
0.56164587011
0.55842213369
0.687824362424
0.659711340164
0.496039693743
0.427655196073
0.611064657549
0.466558237784
0.407831530851
0.471442106801
0.526991683002
0.628363613949
0.549498225942
0.394913041239
0.495144865373
0.404508126229
0.459601786922
0.455995921976
0.493306996838
0.615627614463
0.390615870146
0.531734335238
0.533886194535
0.577263032214
0.54221569098
0.661919979777
0.644082135361
0.518094908268
0.575294453338
0.679210632323
0.420332479587
0.627778392172
0.520370009356
0.440794170525
0.565543082944
0.512535776442
0.528723044364
0.498329294201
0.64065482916
0.59488583999
0.428841863982
0.800029275401
0.430677203043
0.608062079363
0.724972299846
0.58063448049
0.513063342952
0.53693124484
0.533201087962
0.435192924594
0.412712897555
0.418532505474
0.603505463507
0.617664955802
0.424723674567
0.624362986404
0.510117797654
0.502714391476
0.560765323949
0.698853457566
0.536336254612
0.57536697937
0.479116362204
0.489905608362
0.405355017566
0.771244694467
0.690194133195
0.614651444775
0.539319700594
0.535224781908
0.642600452393
0.67394961304
0.626116850232
0.640771588892
0.66813998606
0.354566942218
0.594511949482
