0.391432042839
0.324910977388
0.343130663983
0.285500769699
0.23451380614
0.252897074161
0.317863059952
0.306677778652
0.354099077734
0.282530070948
0.45696770865
0.3104289836
0.359242019935
0.251949481922
0.256064580749
0.250526933581
0.408475830729
0.351805840427
0.365061355622
0.250703705895
0.295920684246
0.298528854185
0.350058357777
0.246488473722
0.396512942116
0.321826673148
0.302588748337
0.379212925622
0.354973545912
0.250395684665
0.409079150421
0.302835270117
0.433065548781
0.229684314116
0.41356175203
0.320248111443
0.288501394127
0.24508523546
0.287150038327
0.306479332526
0.309457007395
0.240254267918
0.355436870701
0.276665043343
0.406762038042
0.376921042668
0.279836761384
0.350314903248
0.345623533201
0.318440096822
0.39753566232
0.313519623193
0.365168653135
0.302663853789
0.336731933435
0.281311126959
0.238331762167
0.36083034898
0.395450693484
0.195820425183
0.28261750048
0.346112281972
0.230026940773
0.390919366399
0.382328894371
0.354140633768
0.296707433149
0.278173082009
0.191929918423
0.231663811955
0.309336855831
0.266870511909
0.362617956927
0.293505700623
0.407895390689
0.394574834548
0.322857231765
0.263584867448
0.21829237504
0.295492134362
0.396512886336
0.284559699783
0.362322036301
0.358538682443
0.284247650097
0.318185471655
0.341525807952
0.2842798998
0.21921284018
0.369923588198
0.321370135928
0.345009528163
0.273854250801
0.314522391755
0.302655542759
0.253588371218
0.44188403716
0.294511680516
0.362397297186
0.267002888561
0.415495569174
0.288305999479
0.214378968309
0.33290908452
0.342097887683
0.342841784396
0.314749325931
0.287452495336
0.282540131343
0.306626206351
0.287048346417
0.347471260708
0.29762161456
0.308191770309
0.341460791835
0.32305939836
0.322755044774
0.234623586783
0.296052279992
0.189147060283
0.293799637909
0.255629517925
0.36092055916
0.415515124282
0.332940025507
0.285640982862
0.303532057072
0.323931541796
0.375946476517
0.284663686997
0.372443040888
0.281461652961
0.369520080107
0.281962615535
0.301156788019
0.361106869277
0.307774041647
0.383949157485
0.276093608573
0.393745157253
0.356916545875
0.344867609647
0.400938066284
0.297374659167
0.402185624931
0.294547643399
0.283978058992
0.372497498869
0.287817344206
0.332776112435
0.272766576536
0.256410915148
0.334924729862
0.378506386291
0.287864863439
0.338732747154
0.388547444719
0.371098581655
0.254250991182
0.426672949081
0.302653493757
0.479955269472
0.37491118879
0.327737890847
0.279519741845
0.356684149175
0.306915637706
0.263185142444
0.431937894741
0.295639808255
0.402256481311
0.288836603861
0.281260613699
0.371971296495
0.357225357604
0.313635181247
0.219988982006
0.335319717201
0.305725282329
0.241324718608
0.324552934786
0.241470531254
0.229611774559
0.309958067128
0.30102015863
0.344447498278
0.331504890653
0.321499007662
0.234882992781
0.211608827947
0.367344017877
0.32064589856
0.278837742832
0.306773399298
0.333432974552
0.300535239919
0.410383520706
0.28954988994
0.339950799809
0.275488469067
0.264810420826
0.2405141416
0.366328231995
0.365589789504
0.270249753793
0.36667257982
0.307851370194
0.410246315624
0.35235765039
0.295444350819
0.398721233844
0.373752222941
0.246196280192
0.27286529946
0.265781775287
0.331108327073
0.303120812281
0.380425140956
0.37716424969
0.351071938773
0.395473323775
0.367155881002
0.398398146119
0.330784548802
0.351397371293
0.248590517796
0.392832693477
0.376724749907
0.335882321561
0.24599693843
0.314468306383
0.277142353962
0.310746297311
0.268133380219
0.452046727947
0.307146834916
0.331425087851
0.326474634873
0.299507193091
0.35412584493
0.345195408482
0.280859348339
0.288575904312
0.317415549486
0.294148188398
0.318019844791
0.257364481152
0.343422377769
0.365608359619
0.342875561254
0.26723687431
0.389138343674
0.431339222829
0.276661019339
0.239322249587
0.316813011309
0.28300935373
0.241364980216
0.42138495888
0.305266053708
0.30892723172
0.26037765034
0.286622430295
0.393621745086
0.321386817914
0.358073625309
0.293444132375
0.359672918493
0.2944962108
0.252997262187
0.30929836112
0.317032350698
0.351270312947
0.323804708567
0.309544888793
0.325757026395
0.353929296212
0.319597287115
0.284432260667
0.247850816858
0.283500736412
0.312431626109
0.359032774557
0.390177020223
0.378185185054
0.236517691578
0.37644514144
0.355480816669
0.275172045937
0.306133859023
0.365680242344
0.374414579864
0.413729597701
0.337276729448
0.331839235734
0.29421876007
0.289848043477
0.268660545221
0.273880123376
0.543618112672
0.367153079902
0.308868884506
0.31354290447
0.286266883347
0.410971813212
0.37054939685
0.377254408218
0.332150625555
0.20105431443
0.211876531946
0.283293586633
0.306161497962
0.347930441997
0.306910765675
0.351912352477
0.338044152055
0.37638138499
0.254480325598
0.315000820757
0.315441286929
0.2607421863
0.25376807867
0.269273540835
0.379933714935
0.330566614246
0.242457765666
0.227811028412
0.364053059593
0.333152205228
0.370770639283
0.3355583352
0.39368519265
0.263986947253
0.298398473015
0.346095023789
0.36697931851
0.404950560737
0.180084090891
0.300771779581
0.34560018517
0.275412254106
0.334604707845
0.281971517184
0.271224471769
0.390538887057
0.277815501615
0.308853876745
0.300017466418
0.402537576075
0.415117291628
0.358063664274
0.299077860971
0.333761973264
0.297729371857
0.30331122977
0.28364642184
0.299335272668
0.297745218372
0.38970184602
0.379004744117
0.312705300452
0.336161084185
0.266312194054
0.382167232156
0.418668555708
0.319353692538
0.366984790239
0.390557421486
0.300398841271
0.400146818064
0.326590848578
0.406828876983
0.276437589327
0.300974040583
0.319695992671
0.262538590174
0.22095406885
0.313801255892
0.381502945589
0.239168326671
0.402140033702
0.380856033781
0.351136060791
0.221533454599
0.374132805752
0.29195324728
0.324799917196
0.287085424016
0.259629545628
0.348768721247
0.392682086657
0.309476207863
0.279630164791
0.198888784342
0.370069872602
0.294415175255
0.297077947782
0.289471495445
0.314270178669
0.297974395635
0.310149240055
0.37049708116
0.26586953647
0.318798232973
0.290137409473
0.338756050191
0.322301173786
0.340384269164
0.243527356956
0.373324158224
0.419800715736
0.281646138842
0.350485130356
0.48863760665
0.336603401208
0.278013227806
0.278126945015
0.292511088668
0.21107865386
0.23323351702
0.271510339312
0.338020057419
0.267338925306
0.320068238721
0.351650657134
0.262710771343
0.436707251003
0.349111211452
0.30073499284
0.248393098926
0.335732892568
0.350073823864
0.380395856958
0.358202316254
0.31830295559
0.346952745876
0.199412317711
0.298731907249
0.374691692859
0.334586318265
0.354431589481
0.374112432885
0.231132749106
0.420538718371
0.320650443601
0.220284174274
0.256430183915
0.273185678992
0.386445948818
0.387266222561
0.400533398546
0.241118302999
0.350081785076
0.295087543169
0.275078422996
0.428394889003
0.338741624948
0.209635714025
0.237221843275
0.330328583722
0.297047092901
0.276604359619
0.288568144552
0.255535493803
0.284889347518
0.308033272735
0.291175423681
0.283637252038
0.424989145943
0.327390860936
0.312066247492
0.315115694061
0.37882957575
0.29376083455
0.342814184583
0.319097794648
0.179154047401
0.322463991116
0.303850403019
0.233796533427
0.24981903579
0.343536519446
0.224736463814
0.293186930359
0.330938473797
0.382290400209
0.337480603337
0.259429551339
0.355967673657
0.340018807265
0.353275935581
0.284839391089
0.28211448205
0.310118787263
0.324857826314
0.346955360202
0.237180951856
0.376404349575
0.284898037538
0.341095460559
0.379695927958
0.357371754441
0.272501507855
0.33571069805
0.247190271131
0.234950077317
0.297111983987
0.394030244002
0.463025221324
0.368161189907
0.326845358233
0.372656395332
0.297972856837
0.334784355805
0.275837021761
0.422295894056
0.2578727808
0.294588774503
0.311470129909
0.304868062386
0.374738063412
0.266543153698
0.427959017281
0.318674142532
0.470327979205
0.53105556735
0.401956388742
0.27992802644
0.272121177185
0.358160221846
0.328861142054
0.277198024294
0.360187197757
0.303329584143
0.182243008377
0.416662528673
0.275956097532
0.28604534561
0.312756815382
0.311395324488
0.259293186677
0.470097891052
0.298076347393
0.323916139114
0.32838433706
0.217570980994
0.315620338246
0.365599315516
0.279141822496
0.295149438138
0.258799982561
0.257666476757
0.328578332445
0.330179611513
0.278817676119
0.395096980925
0.458043754219
0.388446408273
0.3877080338
0.382415693488
0.388410559518
0.353857617964
0.285799636469
0.456489903278
0.27602849731
0.305871097806
0.34254609625
0.306575898033
0.31063222482
0.395172768684
0.268397389236
0.34005302651
0.346778598451
0.303474714554
0.249983851246
0.312438737094
0.259288802148
0.341121476401
0.201152267942
0.241065212449
0.309462080974
0.262039249371
0.331418484774
0.364552819908
0.408090264479
0.403994798703
0.353379290532
0.308431660853
0.2625905299
0.333748743324
0.230800032006
0.307096123808
0.270985870748
0.378424966649
0.325336992582
0.365715092284
0.243412885525
0.37207762288
0.328512735683
0.240721164631
0.293242416699
0.311574546054
0.29820490543
0.333711832955
0.259612642617
0.338057041879
0.478504442085
0.262137090335
0.341470214986
0.202226235948
0.318996881623
0.328003488217
0.351411515983
0.465197611861
0.255462209364
0.319424326944
0.307970383372
0.316885022345
0.236336317509
0.28887478568
0.268179870651
0.294636090075
0.360145018543
0.364250911024
0.287386697023
0.247106660903
0.301332133848
0.335636137457
0.283932003995
0.363525892763
0.333836709809
0.351940060564
0.382025953563
0.336356722035
0.297608295985
0.316551232643
0.323154015581
0.40669964491
0.307350076221
0.458411808064
0.220554689986
0.293962930159
0.387360251283
0.374865129622
0.301680306335
0.306630231713
0.381636355142
0.228240568639
0.247873787469
0.344262009802
0.377385287115
0.331992770686
0.306896086678
0.312949614484
0.375663220955
0.262715517366
0.379332603124
0.286073400842
0.239313504268
0.306550956858
0.151505224091
0.301525621853
0.341959106378
0.469450408624
0.26314102129
0.405567208584
0.442833844185
0.470701506496
0.294823083919
0.297699238766
0.28837129936
0.350110151476
0.368313279907
0.295088301859
0.349303400875
0.365981765287
0.563792503123
0.29109627312
0.264821856811
0.295953532771
0.235056622599
0.371755231358
0.326175298204
0.239670898377
0.279194755861
0.30344311973
0.330517468575
0.323854325318
0.257279729785
0.240451131965
0.304036201667
0.398777661505
0.344815069336
0.176425058109
0.27514876307
0.428973751308
0.303014660849
0.237159108508
0.355064445334
0.425667756355
0.237485195646
0.320311761275
0.311735204048
0.33510957282
0.367355660792
0.288192842963
0.35208908634
0.268490223536
0.341955743234
0.39810921853
0.212679678371
0.262091014107
0.298359474825
0.591030291024
0.442597904599
0.255545697163
0.458468345855
0.300495801904
0.355599886156
0.339796693844
0.316282389213
0.388260020193
0.295726497667
0.282873490278
0.301090314115
0.319046345876
0.412643924797
0.25184912025
0.377516341697
0.289408967875
0.273562072451
0.358292541412
0.391621349554
0.394772000528
0.353510090562
0.35224734545
0.243346162664
0.244051546082
0.376389062683
0.307189690885
0.27696983352
0.195432868934
0.318913717772
0.359704812925
0.312153675547
0.413501522215
0.319222097419
0.42137312197
0.347320801921
0.231238944932
0.381957320412
0.352275617371
0.262706917467
0.331753667285
0.414708479639
0.269403017537
0.224817420868
0.357744967848
0.308199888679
0.321282515584
0.339540501959
0.291891453629
0.404229046195
0.246895654277
0.453632763052
0.540639140515
0.240739348453
0.37007558917
0.293987540716
0.322903181757
0.306917629906
0.294529923463
0.388868196017
0.323907311053
0.426135859939
0.38361202056
0.270830787458
0.509488345347
0.35133459958
0.291169388701
0.417027572314
0.366177804968
0.206656155495
0.319911428962
0.383685473046
0.322615909913
0.333741710714
0.314007029818
0.443740570277
0.26493908257
0.304044989791
0.304148168837
0.323355291234
0.348602287192
0.287554061108
0.418405641941
0.37331716476
0.206787474094
0.314199237689
0.588744612229
0.344909145795
0.280585100383
0.407173093364
0.348755101041
0.287448928454
0.267884090291
0.302703665938
0.416180218983
0.271947310122
0.33187179515
0.222606575121
0.328795061066
0.3287580587
0.269000215226
0.333258653495
0.279436255896
0.363783967368
0.297398683105
0.287053347571
0.227114453978
0.330032583006
0.259678746515
0.327568357151
0.524000721344
0.272547041526
0.241272105961
0.355696452753
0.399698695037
0.253950848035
0.361162120055
0.375895396775
0.369641897909
0.306428432141
0.458453856084
0.345853503289
0.330472503247
0.322796692198
0.218778942765
0.260110515193
0.346866198123
0.263756467226
0.264233835339
0.366912136069
0.310672901049
0.359676229963
0.376007416102
0.359747495047
0.364850053371
0.337120012356
0.295922550601
0.290097751365
0.26232719374
0.270235472352
0.317062287006
0.214174648986
0.329708502368
0.265218460401
0.404308912422
0.223154359472
0.265062094153
0.269204364222
0.263781752099
0.298191658572
0.334923995106
0.4494098737
0.4453022333
0.359598809454
0.266410905002
0.408879203811
0.396705399449
0.361104372572
0.299016650634
0.336821670196
0.363623929389
0.365807840368
0.40273272919
0.226511286516
0.292793536034
0.243711238131
0.386040835572
0.315275659537
0.246731644168
0.424600718466
0.453247887365
0.351960961664
0.26493176547
0.309323872723
0.380138021407
0.248821466771
0.338142163176
0.316484006005
0.392845220317
0.322040270401
0.259798446212
0.419822499821
0.476277795814
0.24700271405
0.389220859873
0.330643243814
0.325995421303
0.252607845626
0.322206470594
0.305727999727
0.394685529165
0.287936739015
0.283806598359
0.263205465977
0.376274708815
0.262040970526
0.371432158396
0.38459754011
0.33337911313
0.31437767303
0.315291725451
0.324970098934
0.334173375477
0.295271860424
0.427074398427
0.313280850195
0.293426081095
0.30270785391
0.300835074141
0.380705054223
0.310489096396
0.328362248466
0.299869739114
0.315197942662
0.368568022903
0.333434196402
0.368110681246
0.278892547717
0.265325032511
0.428071642756
0.319911080891
0.221821438918
0.38673205409
0.267798450025
0.299138541457
0.276557642467
0.284690116712
0.342792822417
0.357354918789
0.491102856803
0.231854367019
0.491729623353
0.454068955242
0.294563621704
0.25828376583
0.349563671218
0.306533777299
0.376134787916
0.265166829632
0.30815042112
0.352886687569
0.287468354593
0.232058433918
0.320917268851
0.310213055783
0.318773479243
0.369333534442
0.234815594293
0.347296487997
0.332056573876
0.314506900992
0.364190261535
0.339184028103
0.265860352835
0.199311231298
0.360249810367
0.37825336159
0.321116094585
0.329094167501
0.346068553957
0.294106898287
0.259382242019
0.37588263747
0.303325451667
0.402376261916
0.220057714263
0.349509384355
0.237252189135
0.299078102988
0.424227342617
0.335584849433
0.322214680264
0.237649195241
0.340504960605
0.408778543369
0.251959262707
0.348186581447
0.313809539889
0.466254360112
0.248687131438
0.245560310266
0.280012992673
0.340102053207
0.303310193388
0.266048244684
0.343086789169
0.386989628743
0.322513152711
0.23123402348
0.2224512636
0.395337060876
0.277594298775
0.262747423941
0.30604722429
0.384741960979
0.357833566875
0.32668944399
0.294164980155
0.233435683835
0.319615156748
0.23706863155
0.342992878434
0.372028435902
0.259369586305
0.290879484783
0.455371944332
0.296862561116
0.339419072803
0.321705878242
0.362332436587
0.215106850671
0.275408497261
0.348884190236
0.300400573408
0.260797656052
0.402174369302
0.292546151807
0.342331918574
0.319737204596
0.408988883736
0.324436119616
0.428128536051
0.284129037803
0.388659604354
0.30510868488
0.393228815973
0.32824702738
0.333133739639
0.229593041548
0.310721900033
0.254855485205
0.261776408355
0.265644015949
0.351484160953
0.261361436412
0.38811743263
0.323438863341
0.328444569746
0.35310870892
0.316178215829
0.250335106537
0.272217399312
0.285393135091
0.238426649026
0.361524192218
0.343934007117
0.190841832997
0.265241684718
0.390151377529
0.309989100663
0.21171146771
0.191404042004
0.318551218206
0.239811057354
0.357077539939
0.395670463144
0.348282840213
0.443522147177
0.314788775158
0.348909333207
0.420204883333
0.371179748283
0.359604041376
0.344940668701
0.336130740754
0.30752871045
0.309368893345
0.240799646384
0.291223357761
0.25076379547
0.371583305743
0.220427616776
0.328327161898
0.29998580252
0.601734213978
0.357898888245
0.260738595231
0.371240959049
0.243327433801
0.254424139408
0.309178028523
0.285773352407
0.231400477069
0.371376086021
0.358384236165
0.265924043063
0.373352173506
0.277596193254
0.35638534142
0.298316409754
0.391163285479
0.220062007865
0.340066053482
0.234239808601
0.281660844472
0.369561784325
0.32542184358
0.321585191964
0.283615773415
0.246965299449
0.322296834239
0.237479524925
0.301332640484
0.291693198937
0.333812561834
0.282055058602
0.35032419599
0.250510351973
0.306042803181
0.305439776753
0.316948025143
0.345047756373
0.363089843246
0.286738199574
0.299504241924
0.328921162727
0.294255527598
0.372818981511
0.330304703163
0.257713488463
0.26111912687
0.272248210674
0.227585624506
0.359544338028
0.331173188146
0.2511548898
0.342618343605
0.309683149316
0.312112593162
0.332193515773
0.373401221947
0.373549289076
0.316164375454
0.387483762021
0.375864363538
0.370707733688
0.297836255311
0.346627517548
0.267412128484
0.24990388691
0.26902177972
0.368035115687
0.290011627117
0.241724191468
0.30482081226
0.284067945318
0.360944344094
0.309574331308
0.279444544402
0.319009618674
0.278908082075
0.398819038635
0.32716895045
0.310402666944
0.284186947044
0.293231930374
0.282620411367
0.324502037517
0.20887297212
0.363336685234
0.27296289253
0.353115078215
0.300751295669
0.407739291235
0.24519353864
0.279965208185
0.314318053931
0.33152772414
0.46442073858
0.174545903164
0.353947746033
0.288126429092
0.3636962966
0.385720841298
0.401397183108
0.492815315828
0.33128132436
0.410956786605
0.401912022464
0.306520493489
0.393945450818
0.291413530375
0.340384516859
0.310225156169
0.347258055615
0.283100650644
0.27202673528
0.341007509337
0.301578164242
0.335337530119
0.368764996318
0.348819426738
0.344231325992
0.286760860642
0.369652736188
0.190351438933
0.244471110793
0.397025134937
0.345024690367
0.355031762245
0.257601654675
0.267426765765
0.198323339655
0.263121439675
0.372230649486
0.416539316253
0.400046798985
0.334464673709
0.293177279224
0.278479010537
0.342837527798
0.395093738293
0.299274724159
0.374371955171
0.259675160469
0.290608305317
0.22764148547
0.293685819728
0.281896380152
0.373875591549
0.367891856151
0.319091189714
0.223900363297
0.261745805538
0.250572904998
0.377306834225
0.328780451733
0.392677163814
0.330146168879
0.417100331966
0.427151524875
0.279470541694
0.227985171818
0.260509488266
0.257737457147
0.31216899183
0.233190337197
0.328813459019
0.32710108088
0.422030976384
0.280943492335
0.33416708419
0.210277114518
0.262873490881
0.381495555574
0.322975571004
0.286411991199
0.349430164241
0.273074153176
0.236647405139
0.33896511959
0.298831372893
0.336676673721
0.279587617677
0.378209807879
0.310864147412
0.387417986243
0.352329958322
0.333375376649
0.292298108297
0.310130223872
0.360341227393
0.35850728388
0.326715059522
0.285851436898
0.193007468952
0.258830610591
0.389954742762
0.373588819163
0.317935050805
0.337213052607
0.354724227388
0.359858898355
0.326538741944
0.317987119766
0.306351363815
0.32268369938
0.351262496746
0.318619117393
0.261883155106
0.242502376189
0.3131283733
0.300539223503
0.455585151177
0.337473293728
0.378304467481
0.290615019528
0.250637614911
0.335118214053
0.295689830672
0.307542511557
0.30722349958
0.23167211287
0.318029706622
0.364075969959
0.412185387698
0.36728460832
0.326812058593
0.311348295424
0.266910155028
0.332801704236
0.332145762322
0.332744524711
0.291463383444
0.334196953208
0.274096723246
0.336923095045
0.282097853555
0.384934681841
0.311933711149
0.35996018783
0.247625131105
0.293844443787
0.286747313595
0.399672384863
0.27042286723
0.363001629141
0.251597536094
0.207908315688
0.334793463118
0.420594205615
0.413296345415
0.419222387093
0.308285917797
0.345118582418
0.276774628347
0.252298050674
0.329070099577
0.31675036964
0.4145776015
0.321358702407
0.376461874275
0.318895097465
0.362630535374
0.322666600066
0.434335246364
0.406027446669
0.308677348773
0.299063141766
0.283068782756
0.343749806457
0.351877994051
0.317891890446
0.308919372742
0.293577841075
0.274964415028
0.378577613084
0.408944970471
0.315756314627
0.283884470756
0.45935644006
0.422059246894
0.273395457251
0.317156309363
0.318584579814
0.268315783339
0.350585975767
0.310030356937
0.365603047892
0.261287678058
0.287814186588
0.373047449075
0.36505591291
0.257554291971
0.395324525929
0.360915473342
0.318375055597
0.304910570371
0.331358842657
0.357575579324
0.285516382468
0.324243942748
0.449589456615
0.227446773769
0.337682465755
0.244525978482
0.24273173636
0.344115605844
0.402769478503
0.327829305438
0.241750370527
0.248088221057
0.26931225805
0.409119024947
0.353431827367
0.212394529439
0.405748268877
0.40511784601
0.352710975338
0.357902512473
0.289367467531
0.356451426235
0.273453632395
0.453904657525
0.40024347304
0.401629882416
0.305984444631
0.215955323778
0.273461898143
0.347520408548
0.322650845076
0.371381806537
0.254264464571
0.252624724177
0.425767431101
0.237139644574
0.301238596054
0.353183804798
0.241657688757
0.29516482844
0.449580243299
0.352117620708
0.377278060788
0.363421049569
0.364084790463
0.173524109569
0.30125072935
0.325737868676
0.397726825477
0.365011931867
0.317110545883
0.308927679766
0.330561197256
0.325605920313
0.342632642684
0.356833114925
0.333738073492
0.373553624543
0.371866753718
0.276850905204
0.440986145098
0.215001798122
0.354422621627
0.379687060706
0.397814115758
0.397281834932
0.378829606359
0.439398467001
0.233970281726
0.223533588099
0.276859746587
0.294271206316
0.249487949657
0.3893622518
0.372448893552
0.410300734814
0.302394595419
0.330715773221
0.371464843214
0.27948311332
0.315072434141
0.254718827634
0.239814842577
0.367925667724
0.256832294435
0.340068988551
0.377597932018
0.345981246151
0.372843450065
0.258651487329
0.248874450988
0.298553828949
0.274856044565
0.274597470367
0.381246243463
0.29077504777
0.275461979473
0.28463222779
0.380868669335
0.380086321972
0.248258225905
0.366031071676
0.314552380247
0.325664215129
0.342239195165
0.348895967074
0.272066742538
0.306423397992
0.321649273834
0.277518626812
0.410829434835
0.328171413606
0.337881047195
0.285283308321
0.349611395571
0.244233007038
0.291073661608
0.302476113455
0.337370741291
0.337471206402
0.347168626532
0.356414989649
0.145704080798
0.31872908257
0.283956442176
0.279134669446
0.364945007844
0.297140096204
0.344524980783
0.269197336152
0.320981044209
0.422614324848
0.31179192826
0.383873930845
0.224837166421
0.29986145062
0.38118482307
0.339997115083
0.300694666743
0.307030599618
0.244855752722
0.363407975176
0.332842434257
0.414638445582
0.343457053672
0.335883367567
0.280031041816
0.296735779689
0.425795195356
0.396181466968
0.408172245969
0.286661133609
0.271175659505
0.257540469514
0.328390845702
0.444342413154
0.346006672751
0.211795593513
0.267718977688
0.200686181828
0.328095436242
0.394606354659
0.377391836308
0.28948420576
0.422642933942
0.419347692753
0.292171024396
0.226395507817
0.315726353416
0.315694752086
0.321451775763
0.206121802415
0.293609984151
0.355873448288
0.456662556801
0.279811382112
0.373017170954
0.275530740486
0.277152049384
0.318367083519
0.282825431514
0.276407035501
0.377570147285
0.267190467882
0.389758415145
0.408385462422
0.300685755663
0.290540789483
0.277073031378
0.267583941471
0.189284758574
0.291957406416
0.263769464277
0.348243246578
0.319879680573
0.327310618361
0.324079379486
0.431465713887
0.293907980545
0.348954073104
0.30493652165
0.306016354691
0.278416789731
0.280754675038
0.23022497349
0.351933734191
0.314982076445
0.433739700509
0.313291914615
0.380386110571
0.318073101441
0.439739140075
0.355614575419
0.441388679906
0.258156957537
0.354709081859
0.238604924117
0.260539108333
0.292125736586
0.385469678111
0.319011275382
0.251174110718
0.376827176356
0.267839183153
0.338105165947
0.370482069014
0.292370688441
0.303710307299
0.307848903864
0.445610949972
0.252688260233
0.300215404188
0.345062998835
0.303910756266
0.251019339995
0.369993747587
0.329989242134
0.412195893323
0.314768542642
0.22663958539
0.397897099725
0.354844648709
0.291407373053
0.323031274357
0.316725821161
0.308336715242
0.370596231565
0.367032236852
0.32875658278
0.258312747814
0.391400906825
0.348626676259
0.273760130171
0.319936975535
0.225705685577
0.331780688851
0.407068641572
0.364913203082
0.378164476907
0.374132478603
0.241282270718
0.393852944493
0.368078154646
0.285628880876
0.351195408017
0.301483648564
0.332613386181
0.368671127229
0.315524118264
0.327432280039
0.265218853274
0.37547500296
0.304218461754
0.293000920984
0.33736712285
0.340263682378
0.300363772609
0.289061987408
0.315708990141
0.251413210211
0.336936825135
0.208081589508
0.240812965442
0.29576232573
0.287966131056
0.238914470613
0.422334617552
0.359417625116
0.362783478834
0.240480979162
0.378310773256
0.314491680786
0.473953513035
0.280909171361
0.375626958518
0.32335067893
0.393743554361
0.338726820213
0.335302368146
0.402526330479
0.258477149548
0.288325039071
0.359644549248
0.277078665793
0.375309481128
0.270731535207
0.173048078945
0.296039286139
0.247768027812
0.287188309602
0.462167269222
0.223521486668
0.289119982826
0.370746359183
0.255773135488
0.312999441058
0.252578647282
0.232952180935
0.257456015226
0.431726514429
0.393923320144
0.288828924499
0.349161887633
0.398486052156
0.23251863753
0.339134262561
0.413142364184
0.288447978007
0.268359983767
0.354245599405
0.235708686751
0.222794110319
0.363461328244
0.244658111973
0.372236321426
0.251034589258
0.256336381914
0.355614782095
0.275755921798
0.384091003382
0.326761564814
0.315108865404
0.333280535627
0.343011978248
0.435815154449
0.351002585217
0.291743232951
0.265604648
0.45723052432
0.365802044916
0.32118538963
0.340284937226
0.2200083298
0.317171061895
0.324046305397
0.384439593725
0.216731936573
0.335820728068
0.289440803334
0.337634572683
0.306749029071
0.278147521587
0.354425990635
0.276773344243
0.344186596905
0.283013775124
0.341461899283
0.267601337701
0.345302359481
0.45007106362
0.362560510094
0.33290881944
0.27200162067
0.244706078436
0.358291659496
0.306384322939
0.35277537974
0.27265797513
0.348163219278
0.362157351264
0.320341279702
0.301876778154
0.379669860372
0.312322911165
0.333442340389
0.324445266513
0.386123842487
0.396318533783
0.358856100425
0.399093735358
0.317987251395
0.347363987746
0.339949391925
0.325932897204
0.409603764202
0.28495446735
0.380245310934
0.357715581928
0.269599461615
0.229783238373
0.349536003689
0.264069376513
0.312490112435
0.247659290292
0.226219676411
0.282961947331
0.248313504511
0.355459192653
0.205561724346
0.220152706407
0.346659721
0.420985291206
0.467639590847
0.306726807091
0.286476847901
0.328652410389
0.412027809467
0.211245209695
0.267252887219
0.305900826488
0.291713125266
0.27619127646
0.309602380529
0.320307584436
0.329818563679
0.32041144031
0.316339071479
0.450407882404
0.226664609381
0.303126583134
0.396245989336
0.298872939873
0.311310647205
0.291328244825
0.387282858044
0.341988558103
0.35619482072
0.269597704661
0.355765231015
0.280873287339
0.327844897837
0.342385657455
0.362647188733
0.291662749249
0.362546319252
0.220229971382
0.241708947994
0.420717541964
0.349662833949
0.321556878415
0.376248219685
0.321312490476
0.309765589546
0.259674237819
0.27453108793
0.143409466982
0.390105895731
0.368258917084
0.36243914833
0.339098315247
0.327700622729
0.243053195053
0.33156227018
0.391855524224
0.297590844991
0.340340304572
0.328613883201
0.331840463785
0.543851796344
0.294558985869
0.355879147318
0.318606493327
0.446389644706
0.410451064318
0.272137764275
0.421179385244
0.340200430398
0.309572810278
0.290249553023
0.287072523886
0.333424700916
0.32824650715
0.27696525527
0.324083416951
0.343792117879
0.459344033638
0.220341019597
0.397274320769
0.207348451559
0.32263473567
0.271096733533
0.259250460655
0.342520003965
0.324156557548
0.331067194993
0.446309886742
0.394275027949
0.275619074912
0.303166418029
0.23108105103
0.359207192782
0.233742588002
0.394986359007
0.21890690359
0.350948880301
0.395757335291
0.339542987269
0.337382920647
0.450197938394
0.353611231589
0.326600963864
0.220927792993
0.344309369614
0.285255759409
0.410036915909
0.319754038807
0.361309982274
0.40864835292
0.322251989159
0.437674713656
0.270397624896
0.396140202116
0.287468637348
0.344942425721
0.247422241667
0.32656655674
0.313435743806
0.246622836603
0.295360127598
0.263039272696
0.330214757234
0.300492985614
0.275900746162
0.31306876878
0.334700589895
0.294314397898
0.244649298286
0.37415973759
0.31750761554
0.354050248192
0.321324393092
0.347474784586
0.33851759564
0.316191689117
0.360587715492
0.343949390437
0.20046645523
0.331633802712
0.343508610544
0.313980893233
0.226366377141
0.329433596321
0.249736681789
0.331287641094
0.271066946687
0.285071614254
0.277044417081
0.338608544054
0.2656724117
0.27695648861
0.226522314165
0.338274671089
0.332075619582
0.424310790774
0.320175625627
0.401820591871
0.305567580427
0.274193936589
0.305007941277
0.42325626545
0.294977577576
0.358100117601
0.185023355149
0.256472415572
0.245465348552
0.335737308044
0.347051749587
0.266754836474
0.328618645906
0.271113691104
0.23595665377
0.281141840753
0.295470277427
0.272387847512
0.3301677126
0.304958071991
0.34504967626
0.318869156023
0.370565519922
0.37742241756
0.33645744573
0.255871642007
0.305412452674
0.263709866967
0.216825739705
0.268990590279
0.2673827155
0.31190678309
0.273762148743
0.210391595563
0.272014193634
0.344602450149
0.421858376928
0.319681397301
0.335553130936
0.36636245755
0.283499988162
0.374216527092
0.294462267029
0.412858607212
0.268163655926
0.271953052932
0.345217104091
0.351143052307
0.353534599845
0.326068778351
0.317334225379
0.405114791768
0.316527936119
0.32256683201
0.410968250379
0.398130670037
0.229922194955
0.368563820547
0.349918319163
0.298970319756
0.328371558692
0.249065255783
0.351399599903
0.446625436884
0.212243804907
0.322866149375
0.305266416841
0.310549940681
0.238934332863
0.402395080442
0.332229123708
0.308424256007
0.267794224362
0.27043457802
0.355470493966
0.432135180219
0.453649274885
0.309449886683
0.390801066052
0.413013069159
0.288707312638
0.283120561964
0.207791142863
0.41284631031
0.315191770045
0.255834249042
0.32339195717
0.314491679777
0.307445271778
0.258469210873
0.362922678733
0.336201435992
0.350710706665
0.27790960712
0.395196608605
0.465687965994
0.328515221359
0.274952500439
0.256095001838
0.235106402951
0.316183446624
0.315840487013
0.483008852816
0.256177409458
0.248137086661
0.320038484149
0.458443853331
0.289024373345
0.288069583739
0.296276478049
0.328408202464
0.307792421351
0.298416181616
0.425154531928
0.218795686761
0.352948935542
0.314327896806
0.365210038589
0.324709196979
0.299017620038
0.337801148013
0.313271225702
0.24426963404
0.252770736729
0.310163621858
0.279490909848
0.351556619339
0.300060663394
0.261579107144
0.328732706402
0.21444556659
0.361961319138
0.299770961534
0.384907912957
0.326110460618
0.317648858583
0.251782611793
0.442867956757
0.264810466172
0.274154003631
0.36165983897
0.373310459557
0.252175946731
0.35720586131
0.389154512929
0.298689395095
0.31996818985
0.328919836425
0.250075144708
0.435024843943
0.352801796302
0.316077933462
0.275919906513
0.241289677092
0.338200306243
0.237651019893
0.494104277522
0.3357974823
0.281490136008
0.270083683127
0.354123358592
0.258329064481
0.331773450717
0.194986925955
0.465202361549
0.290273680737
0.2984736856
0.48669618904
0.311570668127
0.401054851267
0.228592331427
0.329136631699
0.264101783839
0.441395539088
0.233163260066
0.257611121718
0.294878907326
0.343386298632
0.368618678006
0.266269238266
0.352099434146
0.394016990879
0.23943584095
0.444562860272
0.365738677159
0.32817527271
0.378489672847
0.316191921142
0.406909954255
0.334311547687
0.305898423141
0.305319841167
0.373449106655
0.368682090763
0.264334266399
0.2991458924
0.382869237345
0.405614201358
0.196157131993
0.302493946544
0.37356442619
0.314877148945
0.287253451884
0.235139726356
0.315038756591
0.304449591699
0.389703969752
0.235523580656
0.325457167201
0.363292803798
0.34388194176
0.217414012839
0.344003260816
0.354795232941
0.328526883786
0.32532125673
0.334280224419
0.416927060694
0.26442078938
0.315023653445
0.303633871938
0.271286431163
0.307774134299
0.29815944467
0.308137139593
0.414519342963
0.370573626066
0.358447792448
0.274467348011
0.370368048596
0.304712636033
0.324133629579
0.36557332083
0.293474978073
0.400073078977
0.357253729977
0.270385109282
0.408914999675
0.289669638652
0.20686664956
0.392433616372
0.359163233439
0.205534220375
0.33360634809
0.236282534417
0.345689900621
0.371503705453
0.221546127312
0.230282343825
0.384721430761
0.306484166586
0.312273079336
0.363714969083
0.320741104972
0.561703809486
0.332030903026
0.421251343492
0.295335880365
0.23835650044
0.217379708138
0.238475051671
0.465636047915
0.255561725404
0.262601997471
0.401415505925
0.376401244336
0.30417834103
0.335160979771
0.395068968559
0.275580499217
0.247168088853
0.361662381708
0.291967857075
0.346834027001
0.374042577262
0.322552479013
0.348841303863
0.44116723163
0.41329417641
0.372231375939
0.371249967873
0.407734049516
0.222456169664
0.325604951218
0.475132019726
0.473151235575
0.317564797259
0.373391618606
0.387013547711
0.374545972895
0.231711591912
0.227664624542
0.403007021091
0.344649169554
0.36018769608
0.30381574193
0.394178867475
0.300336273905
0.350219244342
0.259143071396
0.224887908049
0.296924930115
0.299937761532
0.280782481918
0.271061369291
0.271417046847
0.349944587599
0.232627473836
0.316857877562
0.325668912212
0.336987372077
0.325681221525
0.37045637867
0.299508191418
0.29507175703
0.295183291139
0.283802129567
0.23497634641
0.391299069229
0.275266956062
0.355873771568
0.3713437592
0.255847082892
0.368544999586
0.365573026692
0.238927094558
0.333579841619
0.306872785733
0.319136577287
0.327489493217
0.249398695097
0.32272362523
0.245627940061
0.27161565067
0.324532770414
0.257573354368
0.317013006034
0.28102942031
0.314764085669
0.233722088883
0.257754082473
0.328369162008
0.386137990671
0.285249361716
0.388955707776
0.226771751915
0.276917273899
0.278769932073
0.296209962679
0.396930809831
0.35307456337
0.395097730685
0.372334445282
0.416470638275
0.349013796871
0.326852667372
0.290292797185
0.283782790606
0.340110736911
0.257265149433
0.297657199954
0.394288572773
0.242643445155
0.307176502708
0.27882926114
0.343926659806
0.311296910924
0.321851648449
0.31097024382
0.321023349761
0.404580058505
0.334370880251
0.297725647762
0.35928498492
0.312086188993
0.257986595885
0.346134827762
0.262861534735
0.259408049497
0.302694445065
0.222991965984
0.216072661543
0.349582843809
0.359925074765
0.310372132558
0.275037704859
0.392140652923
0.325079755469
0.271737779661
0.364980015477
0.310588850419
0.299943181666
0.238519760693
0.310542711414
0.198861949526
0.28049917888
0.398299652974
0.327447457052
0.293806628434
0.253526531904
0.235863758098
0.410593053696
0.218075872563
0.289053954658
0.398328289465
0.286577791312
0.264831575712
0.255855011529
0.328886122102
0.354203503877
0.356568339342
0.374372056271
0.325757695551
0.262818492652
0.295927976316
0.266272993428
0.254203845673
0.230988786566
0.307996732369
0.366623201405
0.228083252406
0.25319379724
0.279953449044
0.283173385373
0.383996459085
0.361212431756
0.346197012413
0.367375924855
0.342958961085
0.301037916254
0.383053191802
0.27917241434
0.373267519154
0.215935201959
0.300784971416
0.363287350344
0.387374025711
0.258057642579
0.259236082218
0.286815040647
0.250454569581
0.40010426522
0.327395151404
0.297629575
0.415980280498
0.375032189936
0.331333384158
0.326130585543
0.304294240941
0.35397428177
0.37752193171
0.37049955865
0.289865877613
0.31897421734
0.290605742853
0.313133255942
0.335435872792
0.36396230849
0.343208504053
0.286379133743
0.343584936202
0.33813339514
0.408710513657
0.29673702429
0.302191178778
0.307098653839
0.302557974947
0.346355886037
0.351496476098
0.359385147414
0.374102543287
0.303917340883
0.215584692109
0.365471504998
0.36733357708
0.360231855814
0.387757413669
0.348057627752
0.407913105029
0.240795513618
0.341233750114
0.313694115471
0.303907004258
0.346919877388
0.305063602066
0.352106517902
0.328572807992
0.298673835635
0.255092059209
0.339631850106
0.302562022254
0.259335312537
0.295847074014
0.292580819161
0.267012184468
0.332725655731
0.35181853393
0.373055924394
0.294325039423
0.504584558658
0.343059101776
0.310475703693
0.269626849573
0.307521356376
0.369925804575
0.317314204227
0.31102183491
0.268477765152
0.341302396032
0.408439048325
0.418878113206
0.508261804951
0.252741417904
0.326570233274
0.306791751325
0.305162231408
0.269623795054
0.259976965038
0.310713580574
0.274945693133
0.347683843548
0.182657381669
0.289527928914
0.413167786809
0.262945228116
0.249370037839
0.260672423496
0.268520099693
0.293317390029
0.246238618878
0.290297889874
0.32839496422
0.357300582516
0.380076893009
0.278829587729
0.367718272403
0.299408432009
0.445245084002
0.377514491324
0.446070405329
0.242180052711
0.39535791256
0.281320375206
0.259250781108
0.369738572065
0.389779898329
0.354133035808
0.306171307715
0.320989185889
0.308666912263
0.292543698696
0.199645107641
0.438949057525
0.232269830744
0.299893290215
0.329423633471
0.304167415694
0.267568576536
0.230539162463
0.285708958413
0.363849126043
0.373095136139
0.26121247501
0.258279449659
0.274281625044
0.294217239485
0.315786197745
0.304600361645
0.373182029433
0.290199619966
0.290752093045
0.263143467099
0.405856048836
0.385528247072
0.265644967952
0.27222669241
0.332208076136
0.310015711852
0.327949877365
0.221986852903
0.341943850381
0.281422610677
0.283489358921
0.254391791672
0.303140118047
0.454236380633
0.297682074217
0.452887150176
0.340502438222
0.270878204431
0.342675274823
0.246905743006
0.26127491236
0.227042405804
0.360601023217
0.415365698266
0.33171509752
0.272875376227
0.381560373107
0.23017980363
0.298233088601
0.414036977316
0.297387533221
0.329699433006
0.216752477522
0.310771628479
0.283686761105
0.238362346192
0.267300770253
0.3638741534
0.325991609072
0.342161964316
0.33313814198
0.258229128108
0.287023203175
0.358048594478
0.210658283981
0.314140907558
0.279802473105
0.398521704308
0.359580680275
0.324355672267
0.340877905468
0.277099174599
0.308629068377
0.329054975387
0.369057872878
0.358487195703
0.300206479843
0.312270259239
0.463897899277
0.313838491284
0.405083354839
0.344353009569
0.271574660274
0.367489444871
0.361802797394
0.360034011201
0.306856060317
0.312166760819
0.384822237651
0.239027422947
0.31820194045
0.424980802519
0.301241082738
0.461291304567
0.342473619541
0.424802711366
0.327926559278
0.351846493887
0.398859299985
0.252729413217
0.243150228713
0.450726356542
0.362382427304
0.352960743675
0.301120930552
0.289571510372
0.242951344695
0.224046889904
0.357044835709
0.395036512355
0.311279776579
0.473831893827
0.266285971861
0.322160004179
0.329059257164
0.288494646023
0.407412206119
0.248558897086
0.237427254419
0.317467193066
0.196276226905
0.292950868058
0.253281562755
0.37519797657
0.418770351199
0.266679572192
0.328846853636
0.266406454747
0.307419070938
0.318300653392
0.296666582674
0.362881994172
0.407752544631
0.350340780064
0.303672078966
0.272277933045
0.338416652807
0.276682189889
0.329146598115
0.278505578966
0.29905048627
0.312216726355
0.313754277854
0.416654019521
0.399715144483
0.41842942271
0.28586014804
0.265701683415
0.39768168595
0.320296363873
0.350324381476
0.334100787588
0.413555499501
0.334847930828
0.289284586594
0.260176560803
0.363223681755
0.314660187581
0.352418800553
0.242976353111
0.315596872347
0.353716730984
0.311643087855
0.270873151086
0.326228552974
0.388476549809
0.306089032133
0.331582373778
0.278827427349
0.278003482541
0.368037159024
0.239297657207
0.334776897706
0.281179728572
0.416377584382
0.295313125699
0.294954231591
0.350708568178
0.252391267623
0.257106504552
0.288705550328
0.320996130494
0.330165695675
0.336984839041
0.333065279163
0.265474621892
0.244119864106
0.369862799444
0.317836245587
0.31779409756
0.320738930033
0.286348725563
0.249627305699
0.313575415796
0.317232357032
0.268372145422
0.290708684966
0.303819395911
0.321403100639
0.365816042429
0.370735986368
0.394694226639
0.446782131835
0.275553642088
0.292921628275
0.378203962754
0.225931065594
0.360636960943
0.256112547737
0.201148128968
0.322990404588
0.34351623904
0.261628427302
0.332878093288
0.383961563028
0.313403785025
0.308626015982
0.288828108147
0.32012184702
0.396014911646
0.271272025341
0.410239353976
0.31982780838
0.310501052976
0.228721043807
0.24658565183
