0.311538332605
0.317897357356
0.334285269377
0.310614222514
0.186844838842
0.366607797461
0.343875277329
0.266228532751
0.352387617308
0.264233166245
0.223692912036
0.308917974955
0.292159734793
0.336597984839
0.321313245218
0.318074781482
0.395867509889
0.250030499508
0.26820024629
0.32925095928
0.271042013072
0.303673410086
0.258022222868
0.235151549027
0.325834771871
0.336995709377
0.366237764986
0.309740505426
0.313429240645
0.291486918498
0.218822596009
0.307096447179
0.371918207531
0.254915870196
0.338649311384
0.291051635936
0.223353866808
0.281722275091
0.237144848032
0.371223672893
0.300734350147
0.332400307796
0.262985848064
0.275291511829
0.342997403152
0.304568827514
0.29936029153
0.396173415594
0.212641878904
0.265248689799
0.332500931912
0.35674156884
0.344975155338
0.297291813607
0.292567010977
0.346683475849
0.288728196599
0.243148629042
0.261236871273
0.312403382078
0.253885398857
0.1857696162
0.248807385624
0.206408282104
0.376314108519
0.323312451056
0.322984363865
0.208944002059
0.241821192475
0.249649886803
0.27880957944
0.298293194276
0.248349676096
0.340686039322
0.294198909557
0.308499652959
0.348522145471
0.285867141954
0.182042487559
0.363088904888
0.314488525111
0.251439503717
0.308551278197
0.235642085307
0.275559863857
0.32228204581
0.241554437414
0.26505599903
0.27275200932
0.27732966749
0.306110893992
0.330885114026
0.237585613345
0.424408146322
0.312497590638
0.224367079694
0.264768622596
0.279651977879
0.257581887619
0.341462743376
0.304967894158
0.282429479536
0.350780434965
0.354563648415
0.294038932188
0.320750819002
0.301617505555
0.315121977505
0.279229023957
0.254725193097
0.334124156158
0.262406821741
0.288864223146
0.295982013227
0.370435757213
0.23095780361
0.362734121482
0.287603499102
0.343157130077
0.395382755069
0.275119852593
0.380578726513
0.332005988918
0.265782812062
0.26968377535
0.320397291572
0.347646553443
0.378379073734
0.319655537872
0.347528731849
0.275344480451
0.237295446707
0.293005776287
0.26782957919
0.286743309953
0.330045027563
0.347673628764
0.290854193317
0.271235755128
0.175342769378
0.31581764391
0.282069250841
0.381052224803
0.375846537594
0.371219911238
0.283305302497
0.332787810204
0.241397058881
0.314213533991
0.205082704348
0.218920298454
0.313491431357
0.18882665334
0.22089598266
0.355248567174
0.273885999949
0.252295746246
0.246504210116
0.216025339666
0.25962394863
0.329863335095
0.22045252287
0.27767607607
0.332191940721
0.318897056508
0.403735054422
0.286840650122
0.207296790374
0.251303007815
0.273375123121
0.353716373949
0.330353872205
0.354359550612
0.319887744846
0.370563336046
0.286439477331
0.281744780929
0.202644483774
0.361784081445
0.216180356586
0.375682028653
0.251847062754
0.301171968988
0.255208409468
0.330190992193
0.253044472262
0.247140936074
0.320388278062
0.322015599415
0.374129325126
0.322162274322
0.35502959609
0.235963344105
0.222461221324
0.31268497584
0.257296240771
0.246141254895
0.250528776225
0.274900066107
0.358588196706
0.336394994109
0.286296202591
0.288992504948
0.286395233422
0.390611062135
0.258985255922
0.317262300755
0.254439911226
0.21122771364
0.400791885933
0.227331981808
0.378926362441
0.306001479995
0.213706569501
0.240486526519
0.34082433845
0.309528921865
0.293821044714
0.332978927037
0.375602873036
0.280505438112
0.275397440152
0.328057522539
0.286750174067
0.256306863484
0.231412088162
0.263431350357
0.223792395396
0.259280773357
0.328256628006
0.375275180221
0.226044790735
0.445723413869
0.225703152338
0.225845602578
0.215981437293
0.252476908564
0.354857476708
0.32483558683
0.301769905966
0.305679558747
0.231634257489
0.354491376713
0.278208175766
0.340447940249
0.226919402685
0.248334531094
0.340651965157
0.257207703422
0.300315106313
0.253122881538
0.321456054176
0.239266746802
0.318404719871
0.326636142234
0.286962157015
0.332093495401
0.287139662117
0.333382238247
0.312444421943
0.338172156497
0.309861631083
0.326478752592
0.354893012405
0.278229101164
0.40678562552
0.421504519185
0.262749178838
0.272519140434
0.309147579739
0.312188704864
0.329849252421
0.392259020664
0.264303806369
0.266214784585
0.261528485452
0.266193647338
0.326969907488
0.282234681029
0.219356869724
0.299366367131
0.248888849659
0.367991327582
0.276697517589
0.230408158382
0.208739966313
0.328676258625
0.284807753473
0.256082536459
0.269918741046
0.308880723077
0.252414790329
0.255074317143
0.233755131033
0.27116960363
0.323674458841
0.26378442528
0.349153208938
0.259279655637
0.365691437527
0.412808458626
0.305023464239
0.284953808994
0.366579972671
0.302874361189
0.248946095435
0.256496465253
0.321972300714
0.290370391218
0.354195087672
0.245870169175
0.241131486829
0.434585455004
0.237354177934
0.314185886862
0.325959614545
0.320878955396
0.248318085393
0.319655328915
0.326691369124
0.288632101173
0.386102444523
0.322956358264
0.302843154913
0.334533615127
0.192464206609
0.256987359661
0.242442877247
0.316427760125
0.24815246791
0.279492610554
0.338725274452
0.253781873499
0.217180017629
0.348469863894
0.283106029049
0.255155910343
0.318706404561
0.398153401076
0.36542152586
0.325195447065
0.370426201409
0.383389278639
0.345738356542
0.222347264665
0.251536017342
0.273317018734
0.340568083428
0.261560742898
0.303692379312
0.234113187595
0.259436968654
0.330899683388
0.265428692353
0.21912595176
0.331215694826
0.258120791014
0.311685246755
0.338589705296
0.296258749057
0.218394627094
0.28370338856
0.267073881558
0.271469458089
0.314666093781
0.35121528244
0.217911373564
0.353845886095
0.281401632475
0.340198242025
0.312914678516
0.374763499766
0.270762984433
0.270567921271
0.269322001514
0.238001306295
0.185100393157
0.360348241075
0.210389226303
0.33298769154
0.364387288563
0.26672216564
0.352485268827
0.329443604043
0.270489196388
0.330650002155
0.3438416534
0.345974966963
0.367597755502
0.350597189343
0.376315068979
0.331727940056
0.285235606111
0.312878947508
0.274242947827
0.268072537998
0.286144940827
0.366732765335
0.28008919962
0.242507487221
0.253409115386
0.279133825688
0.294309003027
0.352407707323
0.372928990645
0.219227878747
0.247177295629
0.251851323641
0.23544185898
0.303600157748
0.274481633115
0.231620515349
0.326663387954
0.236587758274
0.296055682271
0.27674536087
0.279167635951
0.236389767119
0.315530950477
0.385634061919
0.332724490247
0.300234167275
0.276838246316
0.342987010033
0.282531358528
0.212350236338
0.271520128955
0.252140640807
0.303409973898
0.346452452283
0.23056174933
0.3229485986
0.267123796232
0.267188027742
0.322550165054
0.160482025781
0.332022167286
0.235308228075
0.269191432895
0.340135983944
0.334821840733
0.190120042628
0.242217680791
0.426838846362
0.27801058543
0.233383355727
0.214234037563
0.234547236163
0.34580732626
0.263247466348
0.415920412181
0.347000266548
0.287386085561
0.387723449656
0.355957313647
0.255851657541
0.250700293143
0.232163999909
0.194926665035
0.346371552971
0.28984622924
0.267506301122
0.361509846352
0.284608964159
0.231359066323
0.36707737339
0.342429730699
0.348214257315
0.264969397106
0.212707355879
0.23104860456
0.297374323132
0.27044798431
0.21489237904
0.271712067185
0.269222617082
0.211663472786
0.337512465858
0.279475674916
0.375699799734
0.320955743628
0.244874005195
0.317077212523
0.27350902376
0.300691621533
0.299495817725
0.299798909307
0.238126621653
0.32995652994
0.407863423295
0.324139402146
0.323168879453
0.272533794481
0.193633768269
0.254695509793
0.292149378839
0.284197000203
0.315821897682
0.33618640061
0.347570604818
0.344013089112
0.205982809252
0.298966473616
0.261780753234
0.23500581002
0.344627938177
0.224786319458
0.266058888734
0.264590196788
0.279281056581
0.377577067028
0.355539352626
0.222844057993
0.267206471379
0.331314508976
0.421881788426
0.32340246517
0.342467656573
0.349072836327
0.35827549622
0.215257429833
0.315271105789
0.254041181797
0.340893314112
0.41962588576
0.207977672278
0.240104923519
0.27055683537
0.228011671445
0.268884033809
0.225617049071
0.283399325036
0.206798197818
0.323934046878
0.185488701037
0.297307514783
0.286813657812
0.371162409809
0.284200731614
0.238611093361
0.302269333383
0.308790698262
0.217110345497
0.308977970921
0.274186673063
0.176483555185
0.258738231282
0.207440851847
0.251683456015
0.286697276025
0.269341571967
0.368881283063
0.246708753994
0.487184274136
0.533022438675
0.328610411541
0.396704580156
0.281379740437
0.250495746011
0.245361008159
0.256695247516
0.254077706197
0.2612201527
0.293568022003
0.351080042199
0.247206154247
0.31581130889
0.357894596844
0.304796214966
0.268875945477
0.348121813752
0.498571441404
0.194930249671
0.246021495366
0.344408561121
0.308368512349
0.314530633071
0.32601878863
0.290832025164
0.348784725912
0.331476724871
0.328192119806
0.280286315823
0.298307123851
0.33156264585
0.271288286131
0.33641697752
0.356210849511
0.526251381601
0.29544240606
0.270936216145
0.346407722236
0.303385280344
0.283772235619
0.356635342885
0.440760854832
0.350772355811
0.286720203599
0.376714124616
0.341934508871
0.319631443526
0.350454640089
0.235386407727
0.335232597396
0.225981053719
0.284725959285
0.348486387257
0.22567885355
0.353033116565
0.356691916276
0.273410032615
0.193720651223
0.35375588249
0.339993612315
0.393559256421
0.346196424439
0.380586397393
0.364252089759
0.245983781489
0.340595403256
0.359450572654
0.206443029292
0.305828656494
0.284009009561
0.257909572334
0.34694344813
0.319907365367
0.356569282458
0.407694531831
0.287032820314
0.282411835829
0.343315040691
0.285573872443
0.334377000882
0.257438957403
0.247592820971
0.310846868178
0.22099620707
0.239798053789
0.295347495075
0.34098463003
0.438667861331
0.311981889509
0.360117546127
0.310604393935
0.291814636983
0.270899150518
0.301380829128
0.359329726224
0.421356868
0.401831579279
0.292436849503
0.390185523655
0.410500538057
0.281680906069
0.340280478569
0.176022654202
0.34107755157
0.254245028254
0.28145089216
0.277244267499
0.3317433968
0.266074936972
0.352394736324
0.247457363666
0.406025928103
0.311750025886
0.374783298645
0.364262652711
0.248278454646
0.379813666575
0.316709527665
0.270187071387
0.285904489992
0.318797525083
0.377559652549
0.274380293797
0.298294905507
0.391445918284
0.346475802985
0.463836905261
0.276040714593
0.294647109304
0.294119307715
0.220236681473
0.373724242129
0.283006846918
0.284168710256
0.19172358932
0.285590587156
0.255246259791
0.218024141018
0.344023324212
0.395139836967
0.281123445917
0.35509581532
0.208299673814
0.246931743169
0.263753345122
0.280762278629
0.295668368763
0.368755313086
0.337236281696
0.34373616998
0.389684696097
0.395929834171
0.338788249527
0.357064928877
0.207440297758
0.259355188043
0.315638810415
0.212174553165
0.359039686575
0.315620462451
0.42585772427
0.442533779878
0.241500860054
0.221224537616
0.317621221712
0.290950206084
0.209440591216
0.361787502438
0.29357290006
0.282037231518
0.292465560753
0.266783912117
0.275304098593
0.176595302612
0.17729747809
0.28672865601
0.366027837671
0.345356065851
0.27164962705
0.368979346768
0.441306883368
0.378397897883
0.312041015161
0.318842488507
0.284927457968
0.342719048771
0.29270466475
0.26314639141
0.230015986756
0.209614015621
0.436467291884
0.334793080903
0.382617897126
0.237024486305
0.301462589651
0.361751298218
0.253722949046
0.216057544286
0.314668600701
0.256252179811
0.527752157118
0.372953327425
0.275078607855
0.469759192852
0.229768981629
0.422868354746
0.236316294313
0.392673389401
0.323460960429
0.314293750419
0.242898833069
0.288210823847
0.193212612676
0.273842195368
0.264202549587
0.33580557471
0.200956562548
0.223190430192
0.24979001101
0.236893082113
0.317390603707
0.419986336706
0.348099672371
0.261295792788
0.258732770419
0.382302189171
0.288239894613
0.330826425455
0.269354559075
0.273263441603
0.382840631236
0.327995154834
0.346265379846
0.344382577339
0.284481143861
0.312144613515
0.389118142938
0.335492790732
0.321916596314
0.344916198723
0.349897444011
0.251317292729
0.313842868683
0.307323486253
0.283434052114
0.378681912494
0.338486959631
0.248713693051
0.282461684494
0.322940537244
0.327500394456
0.25798736778
0.301743904869
0.507305878908
0.383197472417
0.29604281501
0.333884359072
0.272753294521
0.317050935557
0.22289589374
0.260597928413
0.294126232894
0.459289928741
0.26915778006
0.310973663558
0.410642890465
0.395842302621
0.287985260876
0.417304908505
0.286225826647
0.319290708929
0.310903948333
0.294870775361
0.313420978588
0.26685629952
0.342558855426
0.245018122712
0.288914550237
0.32475689636
0.289318823037
0.284222435876
0.384998446576
0.251295212803
0.325103358167
0.395598618981
0.355602398613
0.25465716551
0.384954707953
0.332612199135
0.308220691646
0.358480794164
0.275159274294
0.305797006275
0.273747563137
0.236833362189
0.307977279749
0.322303516925
0.260720678852
0.345659071242
0.182359192058
0.277257999536
0.350205700249
0.335517460222
0.387158628666
0.300366126681
0.271757511396
0.325753607229
0.312701692435
0.210048356471
0.309761264354
0.383414690001
0.377460928446
0.315143887325
0.221087713787
0.246257817017
0.50737222461
0.321175683735
0.279515033265
0.378340076389
0.289925264636
0.275327800815
0.310257465943
0.205114818837
0.199706926793
0.293336592467
0.27633803719
0.382286979004
0.318192591338
0.242981866986
0.335207987898
0.304371574988
0.433949901375
0.249349029554
0.452540706179
0.310713254532
0.322099125772
0.237391066406
0.382112585062
0.321681717152
0.256919845189
0.27575140555
0.263546607235
0.2827618715
0.395001083833
0.291161183351
0.258329263081
0.243253246143
0.263111891244
0.350379483433
0.306985558185
0.214479912537
0.299279142917
0.295493635541
0.339751115089
0.254635434506
0.243740953832
0.373519476666
0.330863303451
0.3117341897
0.365974882249
0.274092383886
0.282182301478
0.365450923262
0.320108727006
0.234405557809
0.312115278497
0.296872938903
0.318310811705
0.358170515883
0.227505167114
0.277150827232
0.353448101713
0.261439678358
0.311709007108
0.261557947324
0.252602909799
0.302815737172
0.250153321171
0.352172033659
0.213131171358
0.210665076903
0.307456182954
0.263689969946
0.19293422233
0.314227927387
0.2827700123
0.419241414231
0.331502670502
0.311919266163
0.286757247494
0.287760250363
0.235831707258
0.418934117849
0.259796625304
0.341967053679
0.273170861805
0.289590647724
0.308363740865
0.207425500993
0.258429614937
0.266138736216
0.285162004586
0.34329226489
0.339339074186
0.214531838306
0.343803985719
0.313201045495
0.339917119256
0.288320102497
0.227136567244
0.303262141291
0.248120780965
0.227762199262
0.36115239153
0.350601589875
0.251347047988
0.252356182195
0.228605811207
0.341847410303
0.28071928898
0.284074541465
0.230172358858
0.313910704003
0.199560869934
0.296590325078
0.366253021092
0.309517565629
0.293903102299
0.356904023359
0.23619157297
0.246960423647
0.248270114667
0.272519872434
0.263499120116
0.239223474004
0.304123142401
0.270320516116
0.219351572854
0.231170978447
0.283710677969
0.376038236017
0.318563301944
0.380866306673
0.33572072991
0.24522385481
0.38633472
0.345951872628
0.347797131394
0.267146187289
0.301093906469
0.382324938262
0.296829406113
0.318585620699
0.280190044878
0.185282826791
0.454983262529
0.324125382394
0.280925438506
0.346061195451
0.284850102995
0.230563327761
0.264627560507
0.29225432286
0.264162868864
0.168578220606
0.291934058915
0.36304009468
0.284631980294
0.343762874333
0.308894068068
0.188133994655
0.393370847607
0.320297406244
0.345752723901
0.327930536558
0.343428806145
0.283629529187
0.261567928635
0.31883620037
0.277874159456
0.182167930305
0.390996498905
0.250259606821
0.327159855874
0.344791681526
0.257711144649
0.401135365453
0.298312333839
0.316091908241
0.382237475393
0.363119464551
0.232959528298
0.278935066368
0.283496475896
0.304407435575
0.312922827744
0.301082482649
0.276900142891
0.279111910445
0.312622794333
0.32262593439
0.284332915519
0.384275418396
0.324044210056
0.211975672536
0.292190103367
0.243477296041
0.287801070264
0.360485126423
0.323885672909
0.290340695585
0.338918694359
0.221605880501
0.31881786297
0.359580471752
0.272334194431
0.212632778369
0.270320347178
0.241578423858
0.275266077589
0.291595289705
0.282834465084
0.280182619621
0.274365367265
0.369336807042
0.278473339395
0.338539931141
0.166135998826
0.265337498562
0.301230240328
0.254186688996
0.320237870185
0.337239084069
0.245922257963
0.287241435898
0.378596747186
0.306458268152
0.324111769405
0.333585844756
0.206001486763
0.340944588747
0.295860724043
0.193559637612
0.236956902003
0.330298051824
0.215598873956
0.256406601963
0.218647058266
0.326694910744
0.270821854121
0.302234850877
0.328073809342
0.363592043397
0.190744164059
0.308880137646
0.276953790878
0.209168065675
0.299541839798
0.280291194725
0.351102333062
0.248399343558
0.304976465534
0.267090064352
0.314199534825
0.253086242225
0.345353942526
0.292238666931
0.191789673042
0.24983269736
0.413139123094
0.264510384816
0.363324657044
0.234298526414
0.434378259182
0.303224123022
0.230634123586
0.277433578917
0.377156343698
0.311759366854
0.40041552863
0.314506144738
0.287235149037
0.340031920528
0.346308414583
0.413816955574
0.24699621235
0.407589080977
0.265517153415
0.237041148739
0.332151780198
0.350968507768
0.61884922173
0.331413017269
0.262849606274
0.229357468086
0.377982799297
0.325097117232
0.285168981572
0.281995889515
0.333295609393
0.265191954676
0.226595615739
0.267522720505
0.32072373295
0.386282659751
0.274057976343
0.245191608971
0.262342012766
0.259944976886
0.315517723673
0.26468504132
0.250193125525
0.222607192435
0.361950787228
0.274835741453
0.324992096261
0.294399550605
0.291906738536
0.356707603815
0.363231057961
0.224971595059
0.301504245497
0.29667784909
0.326094274658
0.304578105094
0.308163307753
0.296878061605
0.382181919457
0.3133004171
0.2431418595
0.198511604482
0.219056276653
0.223431210927
0.286411101362
0.261880023216
0.307697987431
0.340512401596
0.296811555729
0.19674430152
0.323682415253
0.320266960135
0.22623940885
0.361796344309
0.192022647342
0.299579177353
0.297467343872
0.324881042681
0.27948553477
0.277270237254
0.286103719598
0.348233277776
0.35229520722
0.325994808268
0.252173406679
0.374861305162
0.24412959311
0.336440722239
0.285580623307
0.303911185844
0.266642717072
0.323649341
0.237057685944
0.282591646166
0.264311619131
0.424611736269
0.27880468846
0.312880758829
0.325127878651
0.280538324923
0.26300707863
0.351166017358
0.180478567284
0.234583351703
0.278561819488
0.300812548508
0.276810231808
0.30329283383
0.250765854486
0.238473286554
0.361566279755
0.311659158204
0.256616222293
0.298279165517
0.187983622439
0.352451574752
0.291931137073
0.272921552766
0.23016440873
0.330721750894
0.252898097492
0.334179517948
0.230413562354
0.276116795145
0.223886191074
0.35098522361
0.230771484807
0.367449839331
0.313384735508
0.305310129405
0.534301076003
0.262360336241
0.267697707191
0.295698203562
0.208455355053
0.287760730765
0.334137030537
0.230066102825
0.236688424362
0.335062631644
0.332285086027
0.24983977305
0.295764694239
0.270448310277
0.333353836163
0.237308159649
0.297395707823
0.326148302756
0.240906001998
0.287959691708
0.260460883194
0.279807834946
0.327785629527
0.381594220646
0.301343190999
0.2444500924
0.398734086456
0.276225576764
0.284694233109
0.290028937905
0.217117376924
0.25103156597
0.304551567411
0.259656357851
0.243370478167
0.277510441883
0.167382953733
0.395583482407
0.304915502953
0.206057398925
0.206232257334
0.217013092597
0.267208215529
0.201661588978
0.177753722666
0.278494237186
0.406814786033
0.21143429997
0.290400576088
0.249827588108
0.217469259422
0.304208612175
0.179581423339
0.332652978719
0.316463154906
0.325514031663
0.390881990648
0.406052579429
0.218240986154
0.240053592829
0.264301510984
0.236118399874
0.406945880458
0.212187720808
0.248005256411
0.187297348711
0.281825921212
0.155684530845
0.304208158169
0.374786539081
0.25364862257
0.21637452429
0.292026855219
0.246788799086
0.282845710365
0.27728717182
0.26167064024
0.286103154426
0.346674836287
0.268698831932
0.379342054809
0.347075163895
0.354989148036
0.312171786126
0.308053002309
0.339779028878
0.288131111475
0.318217593775
0.216270865475
0.190668337688
0.376042899793
0.33110731679
0.314890645395
0.280580138707
0.244300447515
0.229929146162
0.397794519722
0.2671907193
0.252218194705
0.312664879779
0.324445550369
0.361761580944
0.173350231159
0.324598255662
0.330751511761
0.314706527455
0.431455442942
0.364039343789
0.273261384828
0.346868761497
0.328902353136
0.330288813436
0.340727593098
0.270146872081
0.390947993275
0.269348852233
0.335235165088
0.333520497808
0.280346167422
0.205754817684
0.358812952421
0.295937685443
0.304176262651
0.290505289843
0.201543905834
0.313702519588
0.227937178807
0.217827514537
0.336848544334
0.358481487235
0.309703976901
0.294047217003
0.246281322386
0.272000311983
0.31990880125
0.227376541552
0.274923941098
0.351867159369
0.312001457504
0.260759842659
0.24108175618
0.287484284327
0.339458361674
0.328219529143
0.310763766674
0.332764051853
0.267737227529
0.328777371896
0.350974093215
0.324256305701
0.230378496728
0.2576254922
0.34041758867
0.225438029936
0.360794699725
0.29213287936
0.279277367761
0.290047590816
0.309235347147
0.213591339506
0.301478589851
0.359862360641
0.24570902117
0.318144535447
0.297591364459
0.218478639833
0.39848548853
0.410824924896
0.391258878944
0.295453873594
0.301153371187
0.243500643009
0.393534052248
0.299815584857
0.299576066503
0.230847611185
0.258303299973
0.319005107722
0.314731924363
0.306339323944
0.300850560842
0.337158325253
0.242034566719
0.290632121161
0.363670009878
0.256279297612
0.26384828538
0.255711655197
0.303932520376
0.298686392752
0.327116050748
0.244355282592
0.299416860053
0.390170315925
0.207785970493
0.344618123127
0.293108716941
0.393144902422
0.328161790253
0.421511793288
0.30200093609
0.308292725713
0.339077799589
0.223921099915
0.372923599976
0.30377628333
0.234670112406
0.341289957366
0.249555369508
0.2622187051
0.393143426828
0.331186182836
0.311025366748
0.312780271636
0.250549327022
0.320687718182
0.340379273384
0.290501834545
0.251806777267
0.342601526284
0.137844808037
0.297871411056
0.256881599456
0.255890182439
0.290997653817
0.261614546945
0.305100577773
0.266463887021
0.249104086398
0.369563003851
0.335749526554
0.339381689486
0.299496640722
0.318853511853
0.338890629392
0.26698009197
0.233138306491
0.2831898514
0.302974286978
0.341988590794
0.356841734253
0.329438257162
0.240288840339
0.341062893208
0.291758438839
0.25823002473
0.247267766224
0.254057964897
0.237130840931
0.429936793158
0.29522886344
0.282538003214
0.220199644562
0.351525169572
0.369247861765
0.290805263738
0.230891570695
0.320228375349
0.266045666514
0.215835004485
0.267479114023
0.324213296978
0.195714505526
0.305776224594
0.307277604536
0.271315952105
0.220799931409
0.249300588361
0.33713035006
0.402986806919
0.284996144584
0.183957646274
0.30815978274
0.374646468383
0.357071744415
0.239620964607
0.351700060445
0.309191377759
0.308809363738
0.275040466711
0.1785997722
0.351209301807
0.283777622191
0.316833623389
0.266222088878
0.252419056006
0.313093306583
0.266101132685
0.410515437822
0.3545265375
0.218604683302
0.311103562909
0.327854375082
0.312894831437
0.373312523879
0.295133708752
0.328627937588
0.245219401081
0.267758056035
0.260606595095
0.239090587694
0.26752616354
0.341469487449
0.434048478465
0.323168204122
0.24865887325
0.367361292339
0.234384698404
0.314689751368
0.261215873963
0.218282429539
0.369002781905
0.356473664879
0.352946157262
0.313442333658
0.258516846595
0.335100744167
0.351733859989
0.27571462573
0.324582677179
0.406954130002
0.366136151361
0.314797407684
0.30730887128
0.319025839157
0.370219771455
0.278511155466
0.261235690558
0.216250105174
0.317770920114
0.31961845634
0.302932214495
0.288937718216
0.290713745026
0.356065911072
0.301881509915
0.266702762861
0.266509196939
0.321900586727
0.19664348785
0.291809522274
0.409368452406
0.291591179246
0.259451707075
0.272395594926
0.327351755551
0.297105159416
0.225725329669
0.249297599
0.356754102193
0.298552365949
0.250298950763
0.358444689873
0.280010621902
0.339225704781
0.326947086137
0.256476071983
0.375166888688
0.29898365352
0.413983980372
0.25395396088
0.254415149776
0.339316470767
0.2921091506
0.258777880718
0.235155905839
0.312092625863
0.400863948167
0.318000168654
0.278292307876
0.31426685512
0.208596716166
0.382500426641
0.262446766553
0.311124658752
0.169006019249
0.213151106347
0.291103101349
0.328765008423
0.356599437494
0.238797252116
0.233528748038
0.252582117549
0.321791687583
0.206748133099
0.293731463238
0.288640170348
0.165013862606
0.340211260528
0.262327777299
0.268998980309
0.315300608271
0.19872780911
0.226844790858
0.331439102187
0.258551686164
0.234067859147
0.258224515598
0.385816039827
0.281162859696
0.350549559191
0.234389048366
0.335284438261
0.331711003915
0.289515723524
0.282212276843
0.28190014104
0.27996573706
0.282423182925
0.277304233562
0.289729725722
0.319702432013
0.343303761423
0.369636303211
0.230233028881
0.332348813591
0.251348190859
0.275996543809
0.327975030809
0.297780964178
0.217120767314
0.343019378951
0.374438448578
0.316645207208
0.314972683106
0.176024075308
0.239995507977
0.389274167074
0.328638606893
0.203773788331
0.264644904872
0.303707243975
0.291707768544
0.361202317601
0.313624976432
0.352873941828
0.351374479589
0.197818287115
0.221413342575
0.381015136899
0.290477448789
0.289591605269
0.283962862309
0.325735087924
0.182536450426
0.27376366185
0.450259634819
0.293825466385
0.253502645704
0.289822282383
0.354784011475
0.378632360363
0.274967634501
0.317925355831
0.181827986847
0.255345944827
0.370273320768
0.280675771723
0.366714703141
0.225987321528
0.292629152981
0.201843176603
0.325918939307
0.276852935062
0.27262885693
0.274370400922
0.265680054805
0.231116737648
0.252474739553
0.291570244371
0.310103489446
0.321969994112
0.210532056631
0.232246605031
0.326753223005
0.36256597492
0.237603614891
0.148303829584
0.405431916908
0.243019945001
0.334514319507
0.295825156772
0.384209593131
0.334468616406
0.310329428811
0.274674245057
0.221323291193
0.328121307785
0.223519047477
0.299017723397
0.244863415413
0.261024876281
0.21776834007
0.271180958006
0.27525662659
0.385788881035
0.322429788143
0.285132002288
0.354089309605
0.26320283718
0.267374910004
0.311474407572
0.362746967758
0.317260426174
0.277805631097
0.162805750303
0.266534797835
0.260765879245
0.271416394345
0.2592918043
0.296494278296
0.248575640673
0.281255009595
0.269487956695
0.351557606377
0.281231262235
0.250373695942
0.275610481164
0.286612012782
0.369935626602
0.379980829857
0.286658674041
0.412135391266
0.340882337574
0.33750276312
0.392866458958
0.281589372251
0.34600029638
0.270277640417
0.282104378483
0.348258138022
0.267075190397
0.333922305045
0.229741551393
0.262386834046
0.220574142374
0.361214262268
0.28289713593
0.305937936051
0.316017044976
0.333697710554
0.301081813964
0.297824948378
0.193470705426
0.254797097951
0.37107922268
0.357288850084
0.244458660904
0.351088765998
0.331079508226
0.224518353109
0.313963280681
0.318242568741
0.218441239858
0.284883732469
0.218665531941
0.246433165832
0.332110985398
0.300626339618
0.272367385204
0.279702214136
0.352521262277
0.279918580026
0.342186023201
0.333323222515
0.186734384371
0.276049944774
0.283635910872
0.196367814409
0.329323129918
0.411304691579
0.266639065197
0.188600028108
0.327079801366
0.317368370144
0.272676403592
0.283644296343
0.330049704392
0.321948272637
0.238057990034
0.210691528731
0.40142118062
0.325744505193
0.315870468244
0.261720025016
0.298475021159
0.271899384115
0.297706095494
0.325336498141
0.303026277894
0.276259843854
0.333290966837
0.354923214678
0.285897271865
0.385760712754
0.397802877081
0.254239945127
0.428374604218
0.381827873901
0.308115790774
0.319602408762
0.261072602482
0.243540036656
0.268411156066
0.274224059004
0.282302854434
0.343620354506
0.281389629232
0.309865663159
0.233446322489
0.30423055363
0.312016065953
0.281289559182
0.384973912542
0.285710601308
0.334018516683
0.19401145761
0.296584614717
0.283935901956
0.35286780577
0.264717813149
0.294820347785
0.291908305957
0.359351963421
0.23604746536
0.250632162184
0.248102832209
0.356071710569
0.258379541752
0.340215467349
0.287722180084
0.305621320496
0.284086742486
0.359121373835
0.337550065743
0.335011561828
0.309612750351
0.314069176218
0.30137195267
0.248445627517
0.329364485412
0.296752250881
0.318778453036
0.312962987549
0.351115592616
0.322813257124
0.228028344856
0.381822100921
0.32356109852
0.33939546674
0.38203266447
0.265006771288
0.235123720337
0.297223503821
0.327478858212
0.270287359024
0.348174385552
0.242249160278
0.30914123915
0.294819263749
0.318877445704
0.309750321781
0.287114491852
0.309595557262
0.285128126851
0.290689924069
0.193268843395
0.259561485325
0.258912835372
0.26175941309
0.258717697664
0.248267499283
0.364145544731
0.25921317041
0.321667463225
0.307815924328
0.362548144341
0.344655537462
0.249181010809
0.342667715143
0.324063452755
0.359934296432
0.330884156161
0.351186431594
0.358514642487
0.282706270882
0.227170770446
0.20570917785
0.316506446578
0.266868740597
0.277360845565
0.270174521024
0.220931486789
0.281201709363
0.369376915833
0.243357133006
0.394534488188
0.267921766058
0.206919414668
0.226173189638
0.226389382866
0.257574429994
0.261853631844
0.273066351431
0.311603147081
0.277647902719
0.256752337411
0.200740259136
0.418270321515
0.29597969739
0.222566888267
0.330973029676
0.400163094952
0.246451849232
0.290702491492
0.241264313679
0.335279820724
0.255080365521
0.290473364156
0.329786048301
0.346269376537
0.411363949402
0.311576545816
0.380013087058
0.357675660906
0.246966350786
0.24218915692
0.275106571489
0.315265593019
0.24636349798
0.239215142389
0.335662477453
0.334070369658
0.284144627537
0.315956484612
0.224840047246
0.243932982314
0.232564207177
0.3111760443
0.295847216704
0.236368020043
0.292177177497
0.305260913876
0.19365147037
0.331196222802
0.317666938908
0.300912050048
0.34173350756
0.325995483474
0.302087258051
0.233968842307
0.342795521573
0.226975935154
0.301065361544
0.318997152293
0.370921213341
0.232075162677
0.371002687393
0.432899855467
0.285742619734
0.358835350673
0.313920978653
0.284098801459
0.27633783322
0.305631631345
0.298923898453
0.188453901112
0.310799432141
0.307644638997
0.306433613667
0.386885365284
0.404633969991
0.297409849717
0.222441669027
0.390988727063
0.260884948817
0.313050935296
0.231443219154
0.222322201542
0.297964440604
0.310042560506
0.242784410682
0.270650987383
0.359920314371
0.211843052895
0.306020934662
0.218200607672
0.27574930834
0.244166530513
0.295279844686
0.241538809531
0.40028802776
0.334263729659
0.376167688675
0.277663436662
0.291086450754
0.21612172311
0.251425554085
0.325944886459
0.274032762687
0.310424206588
0.276053503441
0.29698960849
0.315949797525
0.270482349429
0.344838963758
0.246221823807
0.241092414833
0.281423644487
0.289999493391
0.295779052148
0.326547244295
0.402164696866
0.231103942534
0.29089829134
0.414466713237
0.251236573406
0.229153428902
0.231434044211
0.297141501989
0.272893832001
0.260346444479
0.309602131566
0.250109032874
0.344251656988
0.300751418945
0.330475267701
0.342452643622
0.184749410876
0.236220663817
0.308402225326
0.315165362932
0.317014602357
0.260814339246
0.279216752024
0.256395778875
0.289959021616
0.321787114317
0.240777647092
0.276016341081
0.340497170872
0.350551361611
0.342689646919
0.247914342513
0.403399196368
0.251871052691
0.322758304722
0.243320879057
0.220081434962
0.337493310513
0.334922638163
0.384824258125
0.402822494252
0.375750460663
0.27504712354
0.295826945107
0.299381154078
0.309681183546
0.23843190589
0.273121716761
0.305569571827
0.285345054407
0.184105876854
0.290115792867
0.391459188481
0.292543043421
0.336466374369
0.272715306823
0.26216754751
0.299730343685
0.248411276765
0.243686820443
0.309866536679
0.34660732715
0.309940450057
0.215575657104
0.258855880682
0.278199176912
0.338307442779
0.237696261235
0.396340206047
0.343551913303
0.285406955865
0.305535240337
0.307264891675
0.270886769021
0.288030357416
0.300816844976
0.336638292584
0.285377524961
0.277647899013
0.30608639364
0.257438738109
0.338751395039
0.261356975513
0.27836260941
0.421624892618
0.234545989364
0.267790907233
0.286854189931
0.234628094431
0.37967101819
0.297530610781
0.291070436383
0.247976676164
0.358947660135
0.206524216379
0.332964034961
0.290980828918
0.285937334563
0.309737140966
0.442912885312
0.308914039358
0.27630781359
0.382465636483
0.246841593978
0.252065323911
0.34012998436
0.335676169633
0.308839401994
0.312492127388
0.277696755927
0.320707783525
0.393170190727
0.233307146924
0.340235770781
0.308076053652
0.222955841741
0.343514870373
0.331763515449
0.334531479914
0.249976944533
0.27185182888
0.306538002421
0.217655994622
0.217048660306
0.301032970465
0.233814247046
0.303145461529
0.293577022691
0.265273155586
0.329468684113
0.295781830025
0.280966143521
0.297026907154
0.254852492207
0.316855003883
0.202608938212
0.355330597207
0.344772178849
0.240583211122
0.418057903775
0.397994881007
0.332208078442
0.317385655018
0.330091228697
0.256689687953
0.29245287546
0.320788394169
0.331939718932
0.327023551035
0.330863178618
0.269217835567
0.261416965497
0.256691511421
0.191267083629
0.299298534015
0.276863998717
0.358707133608
0.313155373963
0.29015346601
0.287724385358
0.267249672931
0.298942340341
0.306047915503
0.270310941325
0.312388170829
0.429344402611
0.292323880418
0.332476827915
0.362873659279
0.392838109359
0.216288775552
0.407595604195
0.229003380048
0.269398715363
0.281209742171
0.277683632683
0.26537833359
0.400395924472
0.320685328549
0.317510460623
0.307714851132
0.268919531547
0.324381538899
0.245006821448
0.4785086606
0.37659248034
0.220214417982
0.238846358466
0.256289684719
0.247672379118
0.290891511514
0.3131362737
0.32203416802
0.321653087217
0.374359944278
0.361983189345
0.342164009413
0.369501737097
0.23869682371
0.340859792833
0.209498952014
0.328225725759
0.29557516577
0.296263391268
0.29975123464
0.35316901214
0.218116690375
0.265752139115
0.461897099142
0.409594109794
0.258383394101
0.254817655769
0.319282678728
0.417197860581
0.313588973436
0.329505851232
0.292555804931
0.309549577434
0.276159895011
0.278019052747
0.335403231826
0.417327913317
0.299227484676
0.256823105419
0.318832520714
0.223597038563
0.274894726531
0.368003729359
0.301485372413
0.347956897867
0.291739753409
0.363876015541
0.19758322117
0.299401465955
0.258730377028
0.279187188395
0.277594811299
0.270717645094
0.280315890225
0.446924843015
0.354080884721
0.410707691804
0.397584710504
0.379429817592
0.335407083165
0.342598634799
0.296486658598
0.239712313805
0.325096331428
0.253097197554
0.275614042044
0.33054409083
0.22059686878
0.288863177648
0.290500646136
0.427786628736
0.270633794222
0.289472232517
0.369797964353
0.281349734773
0.505008906429
0.366693326881
0.384261315447
0.348873494202
0.357186666718
0.31581150628
0.253402377124
0.25658454717
0.347220734298
0.299665708571
0.304429398822
0.386935525795
0.431987582839
0.302537580126
0.398359450575
0.278837170474
0.329956158241
0.272771337535
0.291095336563
0.210067779688
0.305337836504
0.318494445441
0.283571317174
0.249838267204
0.365822403008
0.225145855042
0.404633812875
0.323695940491
0.347614734721
0.291281977415
0.270407883786
0.389909975677
0.531659267574
0.331264923365
0.231071500492
0.265896441182
0.313607026076
0.249467532659
0.234713750643
0.196673799365
0.269120014136
0.298042964515
0.351749905961
0.328061545887
0.304513838576
0.276667891535
0.255153900255
0.282571374226
0.251375350499
0.287907909415
0.299071701553
0.282118232223
0.374981036706
0.335491308824
0.259700155159
0.255652743362
0.275873078353
0.37431593258
0.269809565653
0.235763653661
0.318802822572
0.343755797687
0.320118286476
0.279077444509
0.221387452428
0.276215589353
0.282666524152
0.21689304781
0.394587172484
0.256027654688
0.249346965818
0.266628738276
0.181710531246
0.37971007612
0.288885693503
0.242285994005
0.273757811474
0.318185249288
0.21709266339
0.281885527229
0.27723100367
0.208611725494
0.339154073298
0.264628812979
0.241030168801
0.278431034716
0.320545575893
0.293000980114
0.398052422533
0.200777875008
0.279328248329
0.331286037673
0.269637459928
0.316396461078
0.320932704222
0.302728064898
0.393182962177
0.23175424793
0.258324419731
0.33047855773
0.383320102408
0.29281444598
0.320943489474
0.300199287284
0.22994934475
0.215182608334
0.387740499351
0.234864953465
0.284870247252
0.316110738301
0.313622488766
0.307108554104
0.268665704306
0.308540682409
0.224353856824
0.298169815431
0.377632175902
0.354938603762
0.312256093931
0.246546535759
0.325717545049
0.245193516261
0.320108171247
0.405715557925
0.365673647479
0.169447476976
0.222607747438
0.232512462654
0.325978717965
0.247786436673
0.350787627352
0.234650612549
0.249740400218
0.274480240285
0.360706740508
0.279817134202
0.321486703151
0.207822491822
0.221782962075
0.269573506255
0.332042915965
0.294763927723
0.381756775389
0.266409871894
0.24942849793
0.372521681266
0.373639611057
0.236828012034
0.349211120821
0.409550367002
0.301940236105
0.382792460217
0.271540104827
0.303719923935
0.31267069517
0.237095350414
0.243529284088
0.271398315328
0.341343849448
0.285338791321
0.248844924631
0.337220695395
0.383008456981
0.291007358801
0.252046344369
0.282499620934
0.274676202248
0.292799748681
0.253832996553
0.264775671042
0.264428915081
0.25861495071
0.309963967458
0.357707137816
0.280360473625
0.19921676668
0.241455190636
0.204369127258
0.295126605285
0.337402244053
0.29559648635
0.337805890394
0.221121068802
0.250767450911
0.327376535972
0.300536282047
0.364579845482
0.347065746374
0.269139925156
0.235447321437
0.234441835745
0.249041319735
0.219479933424
0.280549323939
0.282413942589
0.388243198369
0.286133246881
0.288273344824
0.23884063287
0.38386925864
0.279203788885
0.314932092582
0.319434931789
0.274437448844
0.322186757119
0.455201593429
0.328607172227
0.343174144462
0.326410152843
0.285812236779
0.282175834823
0.307602142639
0.311798509794
0.369460828449
0.290856158755
0.347528313147
0.272262729133
0.319110931051
0.262077921079
0.450307411332
0.318033505735
0.301539105244
0.27747389724
0.293728474446
0.238590261016
0.318870724436
0.222129512747
0.336237361057
0.20983316104
0.260705522541
0.380832011972
0.326319677491
0.245620420726
0.262610544359
0.356866962897
0.299180978878
0.314258759416
0.196154587898
0.237026454064
0.383401596604
0.240726120307
0.201194473145
0.313538959567
0.320634292481
0.330325754277
0.244660908902
0.248485621386
0.26897583253
0.285118176862
0.306046277887
0.324006397848
0.320395760352
0.216464577326
0.193086140924
0.187395123423
0.229215708981
0.489040449855
0.330424570839
0.266552712822
0.260955807555
0.314928783694
0.41690361908
0.328601641339
0.273335967045
0.307809011326
0.213620654753
0.260166153903
0.254863676996
0.41966813609
0.295446588575
0.278087504273
0.219221796839
0.327193764307
0.357603308227
0.218615221995
0.319504486564
0.319080512935
0.287352068489
0.217230187759
0.312592361926
0.245434147494
0.334979619069
0.295148768127
0.321000225121
0.407891726419
0.332352839522
0.3555187242
0.271404096395
0.287381456299
0.249892502704
0.261443276934
0.297833856131
0.293917083186
0.246674538904
0.28982389315
0.387360436798
0.273314841723
0.285328495539
0.306497078358
0.360713054529
0.262418949163
0.182500447944
0.236021558205
0.264140224694
0.208049684787
0.225450490003
0.355612809194
0.270577466897
0.283010487488
0.29399025133
0.222356742245
0.229774252749
0.274891469378
0.294859433915
0.33580642237
0.33587223528
0.339984189228
0.362074778134
0.352370837127
0.272814196328
0.224487271653
0.264711870197
0.248121258435
0.262435739893
0.180877049629
0.299555268422
0.21882195757
0.2936889093
0.378930005481
0.278689568875
0.248727463712
0.318609124602
0.350590756099
0.2771013143
0.240270891838
0.248144296518
0.297918906788
0.340036507057
0.252405759823
0.285895118863
0.2481172027
0.217108521317
0.263760370044
0.258624952986
0.341315257558
0.405894760852
0.226355301362
0.328211575725
0.337674147863
0.336920971516
0.380340558056
0.316708989321
0.288434504438
0.236106729509
0.323474415696
0.325307475293
0.330030060682
0.274684660592
0.195691474299
0.230067964011
0.32789683748
0.255581405042
0.34548544707
0.256664666208
0.23700901763
0.336182399802
0.283609053181
0.265503092638
0.223459169524
0.301657503903
0.360646320483
0.335423219175
0.328288691984
0.323335573693
0.259388854072
0.351338486993
0.197507471158
0.333885115157
0.335452784391
0.255933165782
0.255002289197
0.271147980262
0.24979402112
0.364615544234
0.403053394271
0.263223945658
0.312059573029
0.367966663368
0.231190012381
0.367868385068
0.303861049959
0.40599172328
0.309991072587
0.292586199922
0.465636791379
0.28430559321
0.304508060468
0.274044060373
0.414891961165
0.208213360879
0.301856730749
0.30770551939
0.285187948211
0.299689566016
0.347123497947
0.248363996242
0.270765117281
0.2876975841
0.287296341895
0.307290137205
0.285505295037
0.259975379437
0.385877463649
0.313428156151
0.340286244289
0.246149365203
0.310118801093
0.302730153335
0.228441178729
0.182442965664
0.277562531203
0.355614203517
0.305820235311
0.354106656101
0.36797439512
0.414837676079
0.213316679141
0.298955318639
0.333508408739
0.353903391918
0.185530018258
0.363520949329
0.27001886727
0.291402357752
0.3932766651
0.286535632209
0.239349021631
0.327153190022
0.412261078298
0.259980221178
0.319112591859
0.34273856772
0.232529763384
0.441562253882
0.328853557458
0.341912817685
0.318651323
0.257992666407
0.310322091711
0.372107512388
0.291206752744
0.335700075692
0.406751944576
0.251337310129
0.274464787687
0.3350673759
0.249013221443
0.366513885184
0.266564425027
0.300324601139
0.354782886963
0.261042712793
0.199197446497
0.253505237741
0.448123763191
0.210489808582
0.280218424838
0.374429110771
0.30005997162
0.267127167214
0.317016028635
0.30818897122
0.277239396506
0.365311785422
0.250437275316
0.321611186282
0.369770344143
0.400021862912
0.337034988903
0.321571572513
0.319105290975
0.264208440468
0.320788749008
0.333828801172
0.325047323646
0.286688958518
0.332833381275
0.161615335523
0.302871023322
0.2436627269
0.311959602067
0.343114626047
0.336001127382
0.37577873891
0.314374759301
0.382832019377
0.376376418875
0.326124060251
0.301225908072
0.329576957429
0.308447707492
0.279742901804
0.250085244942
0.324193555164
0.266393153418
0.292200520117
0.352490436031
0.231099884373
0.289296637312
0.373502823224
0.252192972543
0.271458174188
0.255176667652
0.321025934866
0.304064501512
0.336069995998
0.263348814215
0.320561489107
0.403933217538
0.305701667454
0.456371007225
0.295792087253
0.284199007171
0.381185228962
0.28745053283
0.307154260732
0.339732727777
0.40177820036
0.320059251913
0.305154873778
0.217023832091
0.322813848304
0.306471100134
0.350642272611
0.254314444446
0.287940836089
0.336897109047
0.28478508228
0.335478105515
0.347781505105
0.284986790427
0.342942950985
0.30668307209
0.339895366604
0.320186489501
