0.485645403767
0.490845875081
0.55009191088
0.570560266868
0.381470186559
0.579195135664
0.492578405588
0.569264668084
0.581166578734
0.485905990778
0.533286713267
0.430986188074
0.57876279257
0.691662981003
0.43283844424
0.633924176564
0.438708523974
0.43335352569
0.368640386182
0.525453147322
0.491621861522
0.571001213496
0.469027529936
0.611207182867
0.561621810768
0.670638869044
0.554541618654
0.496291633638
0.490359883055
0.571020677163
0.590108367511
0.589549056773
0.439576330992
0.502734334173
0.685424997806
0.415102319607
0.543822263403
0.589263213848
0.397219870594
0.377628833195
0.608876384905
0.562967781465
0.520468652865
0.283782115792
0.612980008064
0.452159022633
0.519273553676
0.393947423511
0.511239440734
0.398829961466
0.693681309946
0.550027355326
0.486302494836
0.423003298801
0.530641229428
0.539571965699
0.658951427396
0.461051427717
0.452719909118
0.361336447853
0.559509806057
0.536989844772
0.445983009702
0.469595012249
0.596000081281
0.505325816972
0.452613881882
0.462458539588
0.547623107814
0.48557772622
0.574355765159
0.460203206497
0.62226587532
0.713399490671
0.524517076403
0.654314025654
0.431565403793
0.576718534369
0.565683988576
0.631349856421
0.552585735769
0.475913449129
0.510260018129
0.509879586815
0.517772990173
0.53429728216
0.366717861768
0.42415331722
0.320936164728
0.612879531373
0.65953515931
0.591030291998
0.344422367775
0.439070535807
0.612194735148
0.484910512115
0.449272539815
0.469802307738
0.604842768946
0.429388395315
0.572216431589
0.603218150695
0.48717077494
0.424191873644
0.484633912083
0.352546353074
0.73544327071
0.471952076509
0.604783253066
0.60674618296
0.355477817819
0.374958760769
0.450704279943
0.53257866266
0.56900870122
0.499032660205
0.474091136517
0.513421301551
0.605846970454
0.796586652227
0.633052708713
0.658649122606
0.492522808181
0.367060717
0.48972123621
0.39540063694
0.572951728392
0.484418096394
0.483576633903
0.554687412715
0.512218547534
0.557313767376
0.693523601785
0.440349015361
0.61509392539
0.589880668561
0.597366375066
0.710085536583
0.467333841846
0.465983899716
0.530729133824
0.682193754731
0.54424584571
0.319314526081
0.277595255734
0.427186150469
0.541943129529
0.490111144154
0.50587005602
0.502095559232
0.505603260504
0.512933340916
0.560619721501
0.541814966138
0.412930854717
0.643485163478
0.409925253816
0.629918000096
0.600838359204
0.673079792331
0.561639712255
0.457784282156
0.507341605747
0.581988462517
0.478876680333
0.510362644123
0.538167839708
0.483292452872
0.394245862937
0.645243051247
0.820475777865
0.670559774623
0.431993417563
0.566668571226
0.575094241431
0.422274089179
0.425805068604
0.503576171651
0.518194560223
0.464938746598
0.637787662176
0.546178178456
0.410189748076
0.492332344031
0.459223477533
0.85619811908
0.530365350824
0.59231940403
0.627769945348
0.627796931745
0.354323176171
0.435313528455
0.56058630084
0.470933877229
0.452920974506
0.502736026091
0.539284469245
0.655146601984
0.641679813698
0.478039794758
0.409070717282
0.632668038441
0.494014171917
0.599664107147
0.353354174154
0.635906372986
0.654562400237
0.687891505574
0.506957852685
0.555941902941
0.509142736963
0.552199377672
0.438813851752
0.537314820436
0.659854208386
0.523583278961
0.633489098462
0.499897657914
0.442235316616
0.513048296436
0.470927907588
0.616438540312
0.517862257507
0.448870361101
0.530700667707
0.446361625127
0.346124265087
0.632064217728
0.671024137689
0.38233736698
0.46785046992
0.561322525587
0.55583599819
0.433833991
0.411611412859
0.424118043913
0.504573447706
0.391141660698
0.469034246899
0.679872342807
0.47399393425
0.482007373161
0.642731359702
0.574059750383
0.57756129727
0.716607209702
0.500862981824
0.570093518682
0.497119024782
0.591264076087
0.550966478246
0.487330657736
0.458296365396
0.360011004127
0.539399342964
0.535186412667
0.451110598229
0.820031815472
0.531444635719
0.562024474454
0.511838218392
0.436353399881
0.433405904027
0.510235608762
0.579323720876
0.637048968465
0.329718024597
0.585631222422
0.4656409127
0.467314377712
0.72084760895
0.594176626752
0.536268230366
0.543326226314
0.47368423887
0.5610312751
0.410682130705
0.659983910985
0.542566673592
0.494742091102
0.505702598673
0.505990899815
0.494697302699
0.594095471064
0.638531408129
0.403118786273
0.502572673323
0.564715982282
0.471989926191
0.528810696628
0.605886663577
0.431135947312
0.54330537093
0.373448222001
0.410647217333
0.315736233643
0.430828073625
0.419611358545
0.485782859311
0.641947698196
0.42827173826
0.646228078196
0.471377828435
0.442366133772
0.388961011141
0.512345119841
0.778136158677
0.405821851406
0.599625235971
0.573619127684
0.566315784527
0.408266615803
0.387487863791
0.519597712266
0.464123312046
0.517320040636
0.683941029477
0.637331493936
0.579126216796
0.548642425523
0.43850038886
0.466607320395
0.68563217097
0.53330648722
0.526894924556
0.492761143039
0.508773049398
0.586153522615
0.452727598006
0.507938676709
0.695042937798
0.364225037729
0.583979416203
0.482033616862
0.356138155154
0.73485723209
0.616215568585
0.431496994766
0.433462621041
0.66730507106
0.544520298
0.452172255294
0.55688833787
0.396462394782
0.388463630599
0.445957928888
0.364299389346
0.615685184795
0.527532849257
0.507669066744
0.451380464243
0.361687979168
0.568632849828
0.635023893909
0.615415398287
0.394975128477
0.46531104298
0.494612500171
0.433089262624
0.56252861968
0.485272659424
0.504572989938
0.373050027887
0.457931018696
0.572655822483
0.581738186294
0.537954971111
0.415969783815
0.747937624353
0.496542946562
0.562450121838
0.535249341846
0.717851136056
0.704700620494
0.52342880346
0.527667865782
0.536500322398
0.576204196642
0.655495972032
0.45193509296
0.544864627703
0.475963101187
0.454172355354
0.587333124543
0.649353852613
0.554686587895
0.576676885189
0.595567593486
0.399518913327
0.311878883479
0.608783889056
0.676757218454
0.496981908973
0.518416697011
0.531908125909
0.523484876472
0.451274441288
0.465555211687
0.492391075262
0.538139479996
0.651331622581
0.59619779798
0.672599104328
0.511867368906
0.57799498879
0.689013880898
0.55459657779
0.416956520883
0.518288710579
0.501541013469
0.694392137684
0.536744050311
0.430734343442
0.494745373714
0.588353029427
0.405348446074
0.601536461356
0.433118491774
0.570618460107
0.4338264739
0.686916042049
0.557649135084
0.506430522629
0.547570525247
0.546853293267
0.497148326005
0.612819757143
0.36391099563
0.514864653897
0.44687999632
0.553867494277
0.411108329539
0.583623927703
0.541454528488
0.447112389679
0.425533450008
0.463221098347
0.618489027581
0.580530236748
0.491958645974
0.487750106182
0.533552775447
0.648108516347
0.482354954532
0.396175182579
0.336665739533
0.562488623477
0.511931150198
0.767901300584
0.746961662453
0.436248489833
0.415436666045
0.47287028234
0.524581603559
0.530562454082
0.643817446328
0.364545259921
0.687715654092
0.414243463686
0.420486238956
0.55633823743
0.573190178388
0.536975590193
0.704319675894
0.673831380937
0.537921844948
0.551109513047
0.489185633183
0.540980854004
0.509469185513
0.41939345469
0.59549648551
0.622186822542
0.353955782704
0.500583242063
0.540923184306
0.537813097861
0.581523278799
0.416361723504
0.522451723607
0.546427076436
0.443093098874
0.545742380857
0.586469169316
0.590390765033
0.546607914867
0.547509550439
0.671947998661
0.640434255865
0.442192147587
0.517717213499
0.539181407188
0.485336657418
0.339688563789
0.577276792931
0.404192906781
0.55541070072
0.555119602357
0.558289264134
0.540604490634
0.482201331642
0.634264538432
0.751239261839
0.54210863964
0.615387962459
0.693728049203
0.433862939469
0.613163719652
0.555168642382
0.518837789548
0.534341942053
0.622394542974
0.497540560198
0.651862824198
0.420847773903
0.569935131597
0.578514482264
0.704449285722
0.529838942084
0.571621752696
0.49684108056
0.416576964693
0.439880864208
0.48143177895
0.730312372246
0.631552257562
0.622202981167
0.48173956713
0.534947541062
0.461505199242
0.59734038079
0.381659036169
0.427900925592
0.560832247758
0.771218073779
0.638799376
0.552695409769
0.476905342769
0.391901028654
0.543259001018
0.484090956296
0.435469109663
0.509286214799
0.467335165546
0.42461345734
0.517997039344
0.55530517754
0.452246456118
0.43852232178
0.479235156646
0.497517307561
0.434594116501
0.595578091758
0.61180024656
0.549685495324
0.430355943708
0.451264163081
0.523445918654
0.473680539843
0.529880043465
0.712647117743
0.569973485134
0.29822263174
0.460113090791
0.607580078391
0.426841932455
0.463188409301
0.566726034571
0.521203432321
0.37030319649
0.535632112463
0.503372148091
0.749754767947
0.526345113281
0.55781379711
0.569807611628
0.506058659384
0.395626861803
0.475126242447
0.655175722742
0.590606860313
0.680732994944
0.604949424529
0.530459396437
0.435398798338
0.692455134923
0.432715013762
0.749836791993
0.594470866807
0.955976316323
0.501066661482
0.628379785876
0.689507955337
0.569962071184
0.57996986687
0.4982341081
0.553480899043
0.403809771611
0.393356909539
0.775743590261
0.592618990174
0.444295053653
0.52804988016
0.385583121299
0.489378409404
0.391941802331
0.568837229485
0.584077674377
0.476577990195
0.551051541666
0.66529407822
0.513216527318
0.312423634316
0.429474802809
0.531718190422
0.704800439957
0.612727543197
0.685819798008
0.574492454298
0.501148104064
0.860102926272
0.482512428142
0.538755296103
0.496463057137
0.518692889581
0.592338394341
0.50661547746
0.583207144171
0.601986687757
0.757070510758
0.447559021597
0.607395882829
0.670239870399
0.406825078055
0.473224513546
0.387901849982
0.663254638095
0.309788622346
0.311687788372
0.414291110901
0.484579046617
0.387449187882
0.748538436503
0.378300650549
0.677500838277
0.570016742584
0.368832739234
0.483038720055
0.641512668538
0.490939088548
0.869399868868
0.613849996084
0.66014754031
0.51487071333
0.68277515675
0.406061124318
0.373147511051
0.444390002583
0.598794269231
0.580558589651
0.451256504993
0.514240595142
0.653135613804
0.597329012483
0.602168977182
0.473320056126
0.620127332678
0.626063295492
0.514551663473
0.580154411989
0.643652114826
0.459804936633
0.535453609709
0.468309564529
0.587041187647
0.672351646557
0.525053933131
0.91789137598
0.457954570256
0.620528588037
0.578699577305
0.722209721445
0.621903465134
0.491992943021
0.610732862276
0.426067846047
0.47668252995
0.405858243985
0.65125683406
0.460179518345
0.496043316912
0.586934371378
0.394535982701
0.595051803589
0.359774392331
0.815256396589
0.529777475231
0.514162825001
0.545108254671
0.583216683739
0.68531918102
0.469937890144
0.61974371653
0.561643754745
0.409798103052
0.774849898525
0.493272705941
0.71444188156
0.635545541653
0.575654322038
0.68945761468
0.649409715466
0.372519803659
0.464199379881
0.523205018991
0.486668519391
0.756491905069
0.545989793859
0.438664623738
0.627954712716
0.609603165112
0.497540201623
0.428264881776
0.500107977302
0.70332140563
0.576588126135
0.604982173531
0.513869185416
0.433820197526
0.552221466116
0.614801368048
0.739293479575
0.525605785393
0.501049259314
0.436443829976
0.474299003795
0.669540800138
0.533818938822
0.501753622571
0.388465576567
0.42802588428
0.538668456736
0.63182622046
0.43953054499
0.409430914328
0.511889838474
0.499228618336
0.606147517433
0.46298452193
0.42697987336
0.541410096347
0.561358642949
0.415545614852
0.512131078399
0.518206486251
0.894952151057
0.639623393035
0.462444316572
0.616694109933
0.483958274693
0.558579016459
0.552675689388
0.393455195228
0.445843667066
0.719005525471
0.491988718684
0.384092112915
0.520541070912
0.567113030853
0.522961086217
0.464356954711
0.594601629528
0.432200201296
0.413292877983
0.551668992084
0.444560082609
0.458094007159
0.670974293555
0.530146099679
0.520488311894
0.510621644425
0.479533317461
0.71986177421
0.433677405819
0.463473258576
0.351570274702
0.40878754878
0.596040240643
0.622684188229
0.844036733239
0.407979509879
0.617453159205
0.535428681586
0.440377110358
0.550547689987
0.470781434255
0.529092661943
0.548779484541
0.60635782358
0.559630438362
0.484408122782
0.593821918067
0.498589413383
0.53316159476
0.53799008872
0.525407455805
0.472367246144
0.541145459284
0.537739463837
0.962356504734
0.486441156212
0.520757675886
0.593447847944
0.630535071412
0.341641376249
0.477721405518
0.505676431429
0.483076970204
0.453539703112
0.618986966361
0.40516660018
0.389535758025
0.885199349669
0.37481947263
0.55095274449
0.484352041025
0.659085074408
0.577912233662
0.424921533552
0.535251050975
0.546419209259
0.637387621967
0.508268286892
0.51767147087
0.708500594213
0.363195344795
0.410983510648
0.469453272496
0.64118983801
0.510531378681
0.720878072198
0.625643870461
0.587512996919
0.476115113791
0.627419947203
0.931974545357
0.595983870918
0.427066990354
0.724817124347
0.426685177642
0.45386988831
0.564960616798
0.606205164194
0.631053410138
0.594737429633
0.495396323235
0.574367752097
0.425245447458
0.466261552057
0.566744958806
0.544052933712
0.334877569761
0.58500215868
0.655208947356
0.449294385565
0.43168270467
0.539486076928
0.529760274147
0.558424742388
0.653781271626
0.541437205919
0.679998010641
0.616370952756
0.450319542141
0.563281697969
0.455584640354
0.459518798041
0.595345327795
0.431728081963
0.600399735096
0.665083948
0.679559505474
0.474723875071
0.563761619569
0.688439490545
0.426273182453
0.54401241722
0.647394346671
0.515221776339
0.580225862809
0.265596121016
0.490191393113
0.491971734573
0.520683931624
0.541029561624
0.507338185998
0.485874919942
0.300523376119
0.511919478371
0.703887648878
0.3933506119
0.465102606113
0.459692444265
0.559108612395
0.706377834983
0.517197707571
0.628711464957
0.45566503972
0.362476050951
0.421461195417
0.375147505436
0.400535021937
0.510511742678
0.606269791743
0.602425660427
0.565663026742
0.492472445983
0.621868049982
0.593682864173
0.596278659815
0.45227217249
0.456952395209
0.624487377864
0.661683217541
0.759757962555
0.517509070647
0.714883708901
0.509502765637
0.513593929253
0.631961814063
0.522204916302
0.459526675005
0.630352560976
0.523640242423
0.434661808141
0.679632604065
0.516107458718
0.350367455548
0.573651656266
0.561592518471
0.708681561423
0.596856919505
0.699077960795
0.515874202817
0.402944380236
0.64413990921
0.636485827912
0.356805373325
0.683898311742
0.501053511443
0.512318494292
0.491287724587
0.642639995059
0.58246112202
0.457680747432
0.426930962411
0.646575440912
0.586062884872
0.67169398054
0.592694127888
0.491802490829
0.562401302013
0.734727063328
0.466698451955
0.476488532037
0.575327747436
0.601317693911
0.36334233306
0.499925796684
0.669200563642
0.530355758929
0.487303204244
0.459435096354
0.461196673935
0.570982980564
0.446593842879
0.510413485006
0.549376308046
0.690025745551
0.735156321758
0.312866523048
0.588501342853
0.443616565396
0.582008713127
0.563741268439
0.709529405368
0.540425090135
0.606921416542
0.589466079462
0.615439226462
0.491992145262
0.508471097295
0.44596536053
0.647384762068
0.619608926175
0.678520342138
0.435425358655
0.6459354064
0.821328561615
0.546273188079
0.490971963118
0.633237707858
0.411187569499
0.40726846295
0.49695957781
0.552000924993
0.454038886641
0.427309337214
0.479812724944
0.56684918601
0.546609136699
0.482233368997
0.469408765118
0.60243322547
0.623429109478
0.805571527583
0.430085870388
0.429597279717
0.579254037411
0.558161175234
0.439602953643
0.368991867631
0.643654605519
0.59587007437
0.564977665636
0.584301359983
0.523611499661
0.495857486804
0.572883973018
0.528801820274
0.472579351233
0.614824127982
0.513423514416
0.592143587894
0.523176584789
0.546765747788
0.469759161333
0.649038060499
0.532695429409
0.376002818419
0.385645899942
0.447695199841
0.628636058425
0.705615655513
0.80167091067
0.844491644197
0.661597228671
0.427096171566
0.482424565692
0.475653593227
0.406888256965
0.687243522209
0.59216171361
0.621292217772
0.336585975097
0.616242903743
0.542802442539
0.444531604123
0.447380726958
0.50957865335
0.413858664737
0.541600152456
0.495869391183
0.60975731867
0.638218214217
0.526782063098
0.448139440853
0.475315957399
0.505657172946
0.465140978263
0.690387917026
0.526756131854
0.416676112586
0.556309142946
0.539498353389
0.471124647036
0.533114713935
0.552998572285
0.423167808541
0.599730393838
0.544995650589
0.695429410927
0.546596895829
0.550544796822
0.548742162041
0.599632265546
0.467537113784
0.569066121938
0.644791279546
0.46404465545
0.617532083451
0.392719334536
0.462643009111
0.509864687207
0.712065097303
0.40478303879
0.399991685314
0.453033437009
0.641861220812
0.414932890644
0.584229447763
0.553609962367
0.511454356117
0.705841860603
0.553225936933
0.454429461682
0.628794084578
0.460678240801
0.384047730215
0.607758741138
0.625509716955
0.473556559087
0.692423148514
0.624641289794
0.361876027172
0.569820723238
0.569295674868
0.637742803666
0.63359835442
0.591908484027
0.427755954122
0.511657773097
0.295206363237
0.426702913274
0.572264105678
0.369273494433
0.514013430541
0.509179255822
0.536607305045
0.611749291556
0.402075036098
0.509695792123
0.617059525801
0.540804108363
0.416855081807
0.525406067541
0.600102373325
0.503059774106
0.427325297383
0.561801912913
0.605226049812
0.327876228151
0.469420405367
0.598486257051
0.560316221074
0.574519128929
0.541036368508
1.05645763213
0.668416467573
0.385015173986
0.506937801939
0.538674176742
0.371903169343
0.576970613164
0.516812073253
0.586262215532
0.375443880865
0.689080089846
0.573005564203
0.438737876291
0.729154461957
0.594471859192
0.497149220793
0.463829707322
0.583592856734
0.705915523811
0.491718159752
0.469223180388
0.631030087875
0.651113393496
0.495710300135
0.581358225368
0.611887478039
0.433704253627
0.628923874566
0.5300313918
0.438940591906
0.561034686579
0.507145644703
0.614257492437
0.515231786558
0.294246054261
0.544077486887
0.626217426635
0.739832469513
0.494583727631
0.514775668407
0.622382031269
0.686827787792
0.448349131428
0.462945705714
0.556370155723
0.585113969155
0.510286743572
0.552262104361
0.350039885965
0.520524416334
0.386875718262
0.630200745161
0.484416225291
0.442522979862
0.584892386146
0.586184768382
0.519733852881
0.476710991063
0.432434227744
0.584954647985
0.791541394763
0.663709560599
0.521382316661
0.475853541787
0.406787391922
0.695827192042
0.546738261718
0.603545940158
0.462140114446
0.518408637744
0.63688588796
0.519650879047
0.409821185087
0.537125007348
0.526175318618
0.390931209813
0.535671699059
0.412480657794
0.521866804287
0.418814960054
0.619553819119
0.509379308015
0.46793461178
0.448684461904
0.48385946606
0.594119534284
0.454111439862
0.488840189436
0.637611620515
0.506441989864
0.554292813376
0.56218364694
0.582541486781
0.550761757837
0.501824759739
0.613846770942
0.565721688767
0.679650034367
0.565175996583
0.571413479135
0.498655881244
0.532567586065
0.454469173731
0.479597204689
0.609938437014
0.729352513596
0.558264421656
0.816846278692
0.66827196825
0.852603848493
0.484542472236
0.504326149671
0.620819276032
0.346903237175
0.509754264501
0.532672019819
0.35921201214
0.436733113315
0.347648529096
0.358468194454
0.610970905955
0.483577079365
0.691419579441
0.488491260283
0.472402976809
0.610152783523
0.500517332485
0.549886451647
0.411281489713
0.678329771654
0.424969042974
0.549557944079
0.45466501225
0.600353805263
0.358550021475
0.503337109735
0.466876264765
0.530511809179
0.603501094904
0.46013077874
0.470020569286
0.451988433998
0.477624517985
0.498154346509
0.673389769464
0.58977147132
0.50014207956
0.441445985968
0.516267944319
0.501302310447
0.422945073157
0.497952587479
0.503933748255
0.620736015342
0.59049596573
0.547456236242
0.539296241226
0.392404886197
0.531981122882
0.455819430291
0.538756115588
0.503757229455
0.611452175143
0.444033051902
0.584365762661
0.589712573507
0.636090848977
0.547403181224
0.503851165426
0.469203637947
0.471730160165
0.531310047769
0.526131242571
0.657966521971
0.426733461631
0.555314115963
0.532662838461
0.50010810961
0.653633060187
0.678314331795
0.545970907538
0.528309789846
0.482750044938
0.694264545565
0.503543020412
0.578452171229
0.318041944018
0.553937364112
0.464448335039
0.628569081567
0.65363941603
0.602981860346
0.534338314386
0.4258313508
0.620733310358
0.52803476173
0.580040821641
0.722277637419
0.363306553736
0.454571271409
0.505119135459
0.45387807077
0.517173703913
0.56309569705
0.356759337057
0.602606193086
0.658824589473
0.537934392043
0.616326576425
0.523360015924
0.487801439697
0.581809703529
0.600190246676
0.498170393485
0.729497693577
0.611003202968
0.509277779247
0.401346698622
0.413596922667
0.554626162606
0.672361093816
0.373579235436
0.392877014211
0.56952519975
0.443098858812
0.589119587034
0.565215134048
0.597129153486
0.462835596169
0.454021545219
0.643386040261
0.4250186983
0.532034275115
0.44023886046
0.534129787605
0.694955403606
0.488424328125
0.517146579545
0.459049189678
0.622712118623
0.428264804348
0.642312458941
0.477757164196
0.52772658252
0.465342236882
0.605171700269
0.527427186394
0.533981651976
0.553372085072
0.465336353093
0.434360818156
0.491861191472
0.429750342349
0.63741800302
0.464586776204
0.608469244166
0.545092813291
0.45021010467
0.613628985586
0.386105964809
0.503784236649
0.584639798774
0.622305837989
0.541125127596
0.399177025849
0.491494500016
0.469841627067
0.38870371362
0.416209518323
0.413193708131
0.477240224819
0.442800058107
0.457993686835
0.605393050715
0.551758750455
0.700667170348
0.656472125502
0.571454533451
0.461283788704
0.491439282624
0.393182722081
0.548785097979
0.563873791893
0.508561361425
0.522597134503
0.493676943767
0.580037960578
0.508610161984
0.604814611112
0.58695153411
0.402663302154
0.654321654005
0.515419740609
0.469889263929
0.546917067375
0.50712393814
0.609416215213
0.623735247829
0.489246620731
0.650030057644
0.554242674108
0.412816332999
0.661362195472
0.470940254197
0.365254936749
0.403537580237
0.614337110807
0.595970016817
0.432195450075
0.548000343455
0.539416931838
0.555619774822
0.65862513443
0.641894664916
0.570645240515
0.628231810842
0.631784159414
0.527696590816
0.450678933072
0.588467252958
0.383665158026
0.37634103514
0.624879941915
0.456741787925
0.519657619572
0.537657877879
0.420750084585
0.499684441479
0.377663654322
0.542926850365
0.546566940818
0.441667775614
0.68513108807
0.400150025378
0.426610786685
0.495270192855
0.556615438391
0.502114759027
0.645017590816
0.648322365616
0.638146365359
0.395915391626
0.572102230714
0.651027793903
0.455602573467
0.5899849524
0.438839244671
0.336094256124
0.578397213351
0.459356427482
0.4977173409
0.502932071405
0.478608535447
0.587477724967
0.378221893358
0.67705442745
0.511665471135
0.547681883525
0.694691100129
0.44818600448
0.468473922281
0.629013478803
0.610427726234
0.477314560847
0.424946971592
0.417021576627
0.547825217432
0.479327012579
0.413643430511
0.578304701156
0.543351677182
0.504904076121
0.522859411261
0.674562603616
0.599175379995
0.500154838044
0.578525339805
0.495392739632
0.596360725774
0.482583645274
0.434823340767
0.578088707166
0.563651111239
0.494612439141
0.638687653141
0.523385657982
0.622712297396
0.390817250655
0.494942029566
0.625660539281
0.518190990646
0.611952101887
0.425377172572
0.606569452165
0.552280795341
0.44701224424
0.389214332287
0.394408853668
0.456701311131
0.363615035245
0.353309332223
0.53393865828
0.353784314296
0.543483818637
0.547979350749
0.458587269383
0.537647597898
0.402206901478
0.45918642851
0.405253323946
0.44482478457
0.465436425592
0.551796806938
0.733499455634
0.483706347574
0.468669127143
0.499119603949
0.630456074607
0.43002129861
0.577692829035
0.54098709555
0.403203340991
0.624986467788
0.42057811314
0.611328991684
0.620156075917
0.541248947963
0.569210632678
0.563847497155
0.683193909032
0.767115171243
0.584212723421
0.595575158734
0.434981383419
0.694796129714
0.598399161647
0.52472695305
0.501382347399
0.457551791995
0.54237001777
0.641207350504
0.600276090823
0.621634272117
0.591833900345
0.496753578481
0.457497593391
0.651030156181
0.394560700119
0.528600865028
0.674581101225
0.446917952145
0.851559528534
0.508359036991
0.594623406091
0.579811057177
0.448479635218
0.66179929571
0.751671892319
0.473519674824
0.588056844401
0.530496579287
0.480161899346
0.448393517244
0.56571969987
0.536141524392
0.633749456472
0.67890842051
0.503308607695
0.44302707696
0.584215328165
0.393900183892
0.470650586293
0.546727119962
0.424238721142
0.422151054458
0.513659015735
0.403880031214
0.573006552293
0.441257728299
0.448694751551
0.463895908016
0.562130551899
0.625462408378
0.656434022441
0.593123107627
0.56390110793
0.564841485697
0.563988701319
0.444157917026
0.696037848888
0.56295724471
0.520748232065
0.557873703248
0.533074298406
0.395951030326
0.502509314572
0.47238050222
0.635413731397
0.578961740553
0.57437998927
0.42630634227
0.597426919836
0.465969128749
0.568578871888
0.604148288696
0.519756095599
0.408536091677
0.506234834319
0.585926259583
0.582771266642
0.5199284566
0.586092761446
0.747410724074
0.504788845951
0.627636548846
0.558742523737
0.467558632718
0.463490385605
0.598836032914
0.413406964231
0.691490109398
0.512034679507
0.715851806386
0.475339277942
0.515844160034
0.524902105116
0.6303431733
0.495722602663
0.570334837284
0.491939759189
0.407211833623
0.541809582521
0.531111345554
0.514821288144
0.650481412984
0.533287289468
0.38160709225
0.416723424989
0.525174448885
0.526811961464
0.499572093822
0.483260137844
0.351121352842
0.572105874637
0.582793743651
0.54768073797
0.4350232285
0.370049371856
0.497099790152
0.786602740393
0.407337473973
0.604306392052
0.580677519417
0.43197544841
0.355002569765
0.643029606573
0.472893108683
0.510151398129
0.538398198592
0.660612777537
0.542458433739
0.761179636585
0.377541509681
0.411213822157
0.613899241304
0.716900342071
0.601930156511
0.549821748068
0.525030222419
0.556736588676
0.457646730947
0.554122701065
0.436753533596
0.390878173724
0.589279923227
0.56515906145
0.45627316412
0.561798164301
0.351314401782
0.606539034794
0.595950947667
0.626861935627
0.615711652339
0.489653732731
0.606275421214
0.726007141739
0.453805297493
0.44573165498
0.430108143269
0.5145316072
0.730398513631
0.501737271349
0.647230283495
0.576997368091
0.622780772439
0.589170029358
0.54308695198
0.52486468045
0.455948064453
0.474534601903
0.458116961911
0.561516727188
0.540205228916
0.511666674808
0.407074788249
0.508560498835
0.60507973261
0.484031924365
0.526837043506
0.505859430346
0.510749727362
0.568314795706
0.533863555883
0.595121652929
0.58493285238
0.631516021614
0.545718985557
0.507136167778
0.420128840908
0.589338123684
0.598255827583
0.467426205344
0.640774737267
0.64474535636
0.727040183234
0.420878859856
0.637447645244
0.521873879312
0.642521768573
0.547309622702
0.623460222609
0.573470345761
0.378124792441
0.506956142519
0.541139109459
0.589052375504
0.595914249812
0.562324272206
0.4633243909
0.680890152382
0.515165340546
0.647231125825
0.527977767024
0.512865585444
0.586985753984
0.440782013926
0.641360241134
0.360335849064
0.633303396361
0.540959028836
0.606126405665
0.661440445547
0.521394537394
0.648397167144
0.531491022401
0.397282538775
0.494706305744
0.473837494931
0.647136250355
0.424365469043
0.470707027288
0.516734747546
0.522052744961
0.638132095784
0.561767180851
0.612462203028
0.602507890733
0.558576563703
0.588447194971
0.589711882924
0.516187124714
0.591122060448
0.488856317999
0.704048215239
0.570358202448
0.516785338128
0.684119683561
0.644183064755
0.568388791966
0.520911734883
0.445128570981
0.56634901913
0.591582839256
0.444367134138
0.534504057009
0.337078942834
0.600451864397
0.415991675575
0.408885947944
0.666534869278
0.588658597986
0.57903466589
0.379563004388
0.565146453703
0.462688561171
0.459315284855
0.477810456247
0.658702964701
0.570379238882
0.345068115023
0.566868912336
0.439300612518
0.391254766027
0.616241753027
0.38369720316
0.634348277538
0.340474717775
0.536024544665
0.448480207676
0.541968658162
0.398873820129
0.535773580174
0.59734530693
0.449621831911
0.552992533119
0.477757472049
0.498284484292
0.35914464636
0.402633881822
0.559269135516
0.700696974751
0.369697328708
0.449421114734
0.65180329378
0.530004594646
0.485226268896
0.334678521278
0.485142473856
0.481684544438
0.597626618318
0.714732302456
0.479273710829
0.561511681849
0.545109023587
0.567815106623
0.495879910555
0.487300599624
0.438103967065
0.562110132457
0.59893315198
0.473641918829
0.489135035556
0.731050979125
0.520573726412
0.605195826997
0.599519924844
0.500152513384
0.55881847614
0.437998488282
0.406713111309
0.747249640904
0.537967408309
0.621504095176
0.643734556844
0.541044554606
0.57836938007
0.465008275291
0.590650762525
0.560647269647
0.645421366872
0.567630161434
0.580381114993
0.66555967679
0.6381787144
0.426641387471
0.653456327856
0.55492135836
0.584031685759
0.50497596941
0.441362976253
0.641389338481
0.42002293985
0.584874869351
0.663672065655
0.441403734151
0.585586053678
0.58868703111
0.473241699126
0.491380470568
0.434734795723
0.522401096874
0.409089603164
0.447662684054
0.507138724407
0.595446288987
0.449070800344
0.405123240236
0.453041738199
0.484222742769
0.638701958591
0.669179343217
0.535475333379
0.442418980454
0.548584386272
0.475720989666
0.532114453264
0.483991583647
0.666790174299
0.642858205151
0.536432352161
0.486794543395
0.561522697782
0.421021561757
0.484395565739
0.469902067877
0.40309215194
0.459741352626
0.544371272927
0.433522757449
0.619154807493
0.50932400261
0.538494882771
0.561893675567
0.461936367004
0.551546983099
0.463880434063
0.53542458567
0.519826317393
0.473469660558
0.508001532422
0.620379519569
0.614360166592
0.566864628921
0.502409230478
0.630324411072
0.602467239191
0.531452215721
0.513410367311
0.49060481904
0.481335372606
0.475084357396
0.72378200096
0.620065682422
0.582859180993
0.493226967525
0.558506094008
0.528406599874
0.61608198489
0.602063036699
0.601628501851
0.316921247216
0.411632923712
0.430244355957
0.420659412434
0.400460896582
0.513325669414
0.520444617742
0.46570644062
0.354633874147
0.56113404796
0.62484612815
0.302854124756
0.501572243603
0.40325339345
0.4176347447
0.385400924323
0.568607710779
0.44166956859
0.566200818257
0.432729458087
0.539240822573
0.518441860384
0.425097150379
0.446352628864
0.792389507545
0.611965017258
0.401195521983
0.466714908177
0.657276229272
0.679193487518
0.533644299094
0.484963757695
0.561992530888
0.428075861791
0.64949925117
0.354675618066
0.469931652257
0.55614627485
0.62957842077
0.709468626299
0.505644979195
0.423175963705
0.55341736157
0.722307294905
0.522867850592
0.438916714626
0.57413808887
0.497863673851
0.498035525792
0.341182358278
0.532566062778
0.505140764324
0.517448144746
0.478336314652
0.530716227894
0.40686265739
0.471056235284
0.670730113348
0.539911814833
0.658318511039
0.493994627678
0.518376730686
0.442177831404
0.4156545627
0.540380990095
0.262700393377
0.494724968887
0.401478281686
0.557394068614
0.447939668392
0.616668041191
0.414663157953
0.587684201273
0.652734353155
0.518761221968
0.278954953212
0.590610907017
0.524923735494
0.490027262721
0.507251880135
0.650909997041
0.645103927515
0.422114513117
0.509252941332
0.670340570577
0.560669886493
0.548079795362
0.319198726204
0.545203450228
0.591307882639
0.554978875675
0.518082302777
0.603507959865
0.66874712693
0.574948151594
0.547466399061
0.502784611143
0.430343982239
0.365552612413
0.524911379185
0.442780540188
0.676346462595
0.380644388786
0.350424501475
0.656821837043
0.446316581796
0.388913838714
0.524507703777
0.467922066302
0.614260090021
0.429382932776
0.511087994263
0.572528046814
0.656728737031
0.412077887782
0.376394466491
0.529738531737
0.547719428
0.537188047844
0.554573678924
0.531960893663
0.3699312882
0.489969718491
0.522225072209
0.424966587731
0.542737998871
0.531914259502
0.433412390693
0.5047156236
0.49193472776
0.566799844877
0.569313156922
0.417241280641
0.727102967562
0.415649700867
0.558573683093
0.520090060356
0.462983335988
0.610965222985
0.642733422917
0.50423405543
0.655031769208
0.652000398523
0.547851494102
0.375326768278
0.60285138198
0.354844809435
0.60193566983
0.619946055647
0.555329109079
0.560656945318
0.611080833859
0.52057628954
0.568959403653
0.378198486423
0.574077558343
0.504604354837
0.575023433767
0.41927947716
0.410116772425
0.434966969858
0.624978110743
0.615733301007
0.447272033901
0.370071407888
0.468901311699
0.412231966413
0.499463052023
0.588657918592
0.536525713166
0.634913189747
0.329714975501
0.572437816694
0.635726681492
0.77351098
0.5625151572
0.411258682859
0.331596357655
0.51144119053
0.581368541905
0.819459401375
0.50464185407
0.316942714296
0.708920572447
0.380271692436
0.7075460611
0.69299018909
0.49932156227
0.521056432344
0.499476659033
0.427869921112
0.607021091095
0.540321745383
0.438945107783
0.76101381301
0.376522359819
0.346876535447
0.520954114041
0.426960531881
0.483827569814
0.631714924211
0.557304566669
0.595551373022
0.536262968689
0.439956685777
0.593051112616
0.495370394947
0.623311813492
0.525989698436
0.512733070949
0.522431848077
0.509280707383
0.5612995652
0.336368767354
0.598422662415
0.659911575948
0.556294703832
0.538267079607
0.591267091758
0.579970648796
0.709157995352
0.676346056703
0.486269149176
0.426165475521
0.456039108389
0.47968966969
0.510071942763
0.640393961146
0.589901702105
0.290196892235
0.623709632859
0.641784543644
0.507663570672
0.515823624217
0.502948791092
0.472071313949
0.408005235503
0.620429825187
0.469261287899
0.537915920641
0.309334365116
0.381308868967
0.470092082299
0.43243309489
0.390866886034
0.731452633528
0.580271230641
0.517835053091
0.479016611212
0.541819101549
0.678088051826
0.454637681291
0.580799008366
0.508641238172
0.536261808642
0.540093022514
0.321885446309
0.466557598558
0.562851925587
0.53447770058
0.481971113207
0.638373929839
0.624550064392
0.597810651023
0.561448972301
0.947820353747
0.677436219852
0.470952049271
0.638869857412
0.503892778399
0.575398161012
0.564706582522
0.474534081427
0.548932539521
0.52606588802
0.568585872186
0.532258332892
0.654001013804
0.447609295047
0.725359070431
0.780014887092
0.58365959772
0.471258045606
0.523614609769
0.296830492643
0.667228888433
0.607134517438
0.462946740381
0.500590217718
0.575970156104
0.621481113891
0.591364267739
0.55133565664
0.629363005738
0.626977047168
0.57864567256
0.765803095683
0.470857127179
0.530866182219
0.530777082409
0.563705364103
0.559875937426
0.482300642383
0.567211123476
0.539477865566
0.476808742898
0.540890238725
0.439923775603
0.713452557757
0.398967785495
0.697928404441
0.592936564639
0.61036757389
0.471658816081
0.381334609767
0.467469264289
0.5865733062
0.511219480039
0.527621757878
0.700745448186
0.74848565813
0.551138403109
0.60802104161
0.428932816236
0.645791982012
0.540202101545
0.576351535353
0.387590672198
0.449640045513
0.587254489889
0.518766355115
0.667900365038
0.565889555089
0.509833971473
0.635662240538
0.505741324714
0.489959978361
0.466039950696
0.572380176101
0.446674228492
0.577731623077
0.965823813951
0.584143548775
0.592372482212
0.491409627726
0.615497462354
0.628690948515
0.271770526944
0.492360630298
0.579623896025
0.613507612639
0.488361424043
0.684864952315
0.485646632021
0.481860868298
0.522398905091
0.587420258006
0.578133125172
0.427854153734
0.575476494879
0.428989418733
0.536784098722
0.673077737884
0.626929849319
0.607486469984
0.710976617562
0.636028421904
0.615047836474
0.431020475934
0.518653168388
0.502480774239
0.516290476645
0.746915414711
0.807000350066
0.592530792808
0.512477299318
0.60494003632
0.463696904134
0.349789419234
0.43699375507
0.353058425884
0.359515103869
0.588336608452
0.648696053582
0.664818152161
0.641546011947
0.705399760735
0.408665521331
0.76263519078
0.520880347104
0.541575489303
0.420755943276
0.480751382825
0.581662475241
0.544452511862
0.48473553031
0.552864891228
0.291062425824
0.529655368126
0.492120223235
0.607607338687
0.4889658506
0.622509480878
0.541074846495
0.590117220482
0.389075839197
0.459653553767
0.418166068924
0.55228044574
0.442230131379
0.433947947303
0.451992248314
0.306343310595
0.491731740019
0.527268260863
0.616393082892
0.465113778372
0.385245845703
0.521690440625
0.509627880176
0.594939311657
0.476258520014
0.46344582891
0.612076132421
0.578293894318
0.50302007722
0.452818657831
0.46824075503
0.544617277164
0.522994467445
0.512799468615
0.469811942439
0.490600278487
0.618172155085
0.673535628028
0.640244917386
0.507228263703
0.52171648839
0.495816161421
0.64470176932
0.519681670011
0.502582685055
0.632284771514
0.43187219962
0.664680783293
0.457187688924
0.5100277808
0.555627597592
0.551358702564
0.509416527744
0.508373071043
0.554635693105
0.445614221105
0.511783333339
0.546342799028
0.553599239552
0.410143407535
0.448745107603
0.554482357538
0.570479947009
0.551572970496
0.546842658878
0.639851453708
0.568421892828
0.54260794562
0.324452296332
0.670498282639
0.493398052841
0.451798644867
0.595971269867
0.632484069203
0.543959812926
0.548157498162
0.496340156151
0.542440339603
0.438762010837
0.425330695247
0.506382518896
0.64583610132
0.4866934998
0.496279525259
0.527882010927
0.564743979532
0.641462704303
0.553720432682
0.643680675269
0.449440434885
0.56234565242
0.540138545686
0.418934257551
0.634537802565
0.389375298658
0.506550040349
0.622897367298
0.459500193156
0.483387732832
0.521660224747
0.579841901702
0.573289637833
0.473805953456
0.61467388793
0.399612562135
0.448365102322
0.610185984369
0.645547362111
0.531225222823
0.514589391745
0.611453526574
0.55212951764
0.532540394122
0.56263536365
0.509754308472
0.356020246704
0.406565483664
0.366133328555
0.696967210214
0.622628191022
0.604987343052
0.601288314577
0.590115541695
0.521170928183
0.621580276798
0.651411891329
0.634606575424
0.569255932153
0.58936088596
0.47321337504
0.557425712978
0.573263380447
0.520704614548
0.402847535918
0.55911442659
0.630010186025
0.494240573546
0.580083811657
0.491985153065
0.570650380273
0.519146271505
0.524813778336
0.598125102056
0.542069316796
0.488978695832
0.460721783673
0.435863955113
0.593192556687
0.46383387447
0.427840375909
0.648515468016
0.449974662265
0.552359726814
0.651560660102
0.483432080908
0.480709943698
0.625380850818
0.488677270029
0.579696053473
0.529282953563
0.527071003763
0.381356605681
0.611300448402
0.454297862739
0.39310222575
0.56510897076
0.510741264667
0.411973059196
0.614783766566
0.479147728145
0.612561636282
0.599520556654
0.338895436126
0.436708710758
0.585009212177
0.377665519635
0.587317567927
0.296809800291
0.523310360406
0.524863550214
0.644145106355
0.673400691849
0.604825008128
0.519033126673
0.559237381454
0.407303419899
0.531922450332
0.497312791905
0.612310308637
0.456728064926
0.631005682427
0.401616774544
0.51719154838
0.463619732988
0.542924459557
0.499304873885
0.462805642656
0.512772397535
0.466360619475
0.464203301073
0.465512854076
0.542089635557
0.676251371347
0.514623255835
0.38121310471
0.413550841323
0.709810103674
0.479475120449
0.63933391941
0.441193476021
0.617726151941
0.466584186675
0.481135410336
0.498009535439
0.719553429668
0.569648773955
0.57826723864
0.404497258274
0.323333132111
0.63712784033
0.644507939354
0.60215339975
0.590045512408
0.614602259257
0.439339698813
0.343454194842
0.44268395691
0.561943073291
0.43293756214
0.535822147419
0.567033297554
0.556518074493
0.354558107162
0.420587090929
0.419338283451
0.523624564341
0.609284145974
0.388276983703
0.466279280282
0.469829704899
0.465385604101
0.770133539834
0.578462735667
0.658703923294
0.373798030325
0.422008253559
0.547800727498
0.546586970086
0.525983954054
0.516238393979
0.382727762008
0.433420861015
0.588401944183
0.607282011264
0.571394644726
0.568579470639
0.559136143679
0.466332302826
0.383400427707
0.373022853058
0.606030848423
0.56946543076
0.451254989786
0.482581353266
0.514950780628
0.477550624892
0.399307400896
0.534380244099
0.447603136809
0.417618022818
0.48933852951
0.464467324668
0.479826342631
0.590701168458
0.651922797044
0.280000242937
0.668235423835
0.578689961899
0.57224862637
0.49481159908
0.330361223337
0.566225018695
0.380911861776
0.412494037162
0.653078661874
0.458291539145
0.577688323561
0.615698931024
0.549993127362
0.564526959173
0.550657828996
0.45267842945
0.441564937718
0.653536437226
0.549081103421
0.610232919281
0.644477908278
0.568978004449
0.654471761785
0.55253404519
0.545533891798
0.554414711117
0.619415426852
0.55257799685
0.426434043023
0.613173219677
0.65112211065
0.746308682207
0.665170978363
0.532440208638
0.502959961809
0.553098326678
0.57099116715
0.580820066257
0.552979310799
0.565827446962
0.294111587683
0.700733845452
0.472774932412
0.583369307168
0.382632031505
0.645528619056
0.386002859554
0.494601416698
0.592702888956
0.535915969097
0.444436376977
0.512857060826
0.534494274826
0.647097045691
0.510940072475
0.503612119765
0.522747990135
0.581703614116
0.467875258864
0.511490299685
0.408389295669
0.462295056227
0.7582521348
0.527100574131
0.789532666925
0.554056529371
0.559790595446
0.492078354799
0.620144515125
0.493423226936
0.539122626615
0.604318707092
0.452106844013
0.500543775696
0.596097084613
0.48214463484
0.516675121865
0.579829173658
0.592343302213
0.423158678716
0.596649809122
0.546746456831
0.54554670617
0.548216025028
0.707244322382
0.618257612649
0.626519801438
0.542982825672
0.580310376383
0.558506016928
0.485309805025
0.540067317266
0.53906663651
0.665986412801
0.478115572578
0.567583142606
0.449360145434
0.511112364451
0.462509739934
0.682226234274
0.45101190278
0.460075751905
0.505944329016
0.446041933141
0.447475693322
0.467506287348
0.69328193732
0.532396243628
0.734301267072
0.622127810121
0.554600629281
0.47043884403
0.543136798365
0.563430299069
0.706894686195
0.782542574105
0.484357516367
0.512837106782
0.34272077414
0.671348496512
0.526092854878
0.357969462607
0.451219692708
0.464933353937
0.409986352646
0.424718028999
0.637528641712
0.581334253718
0.601679809848
0.577649278707
0.685612757146
0.512940494138
0.607879684664
0.496147213702
0.513019231455
0.623860164726
0.607070948446
0.594595891256
0.346705538456
0.757642801312
0.565261099061
0.585221952026
0.629209481316
0.654855977903
0.519050023073
0.484328202022
0.532941329484
0.878193958715
0.576675734803
0.448480730221
0.457581989107
0.524723289442
0.519938540396
0.368594146674
0.86555236547
0.503631995856
0.6291387742
0.50071074837
0.346626698292
0.514126272295
0.553283142916
0.657674110724
0.539535340275
0.465374478003
0.573519180546
0.515147682469
0.534514713762
0.55416322075
0.416877577645
0.54408496826
0.492633787641
0.51581234161
0.386076547468
0.429312946577
0.491662168436
0.449300078784
0.579077220346
0.466344952552
0.554284346144
0.669931454777
0.57644997891
0.522855287898
0.477308950001
0.626560087731
0.614260440531
0.558427131577
0.56050871531
0.30225376507
0.414914086605
0.50052360028
0.801821813643
0.650462804439
0.461544447437
0.547290017394
0.556957602393
0.499272302278
0.396895944712
0.646825640669
0.513743033922
0.442230517434
0.448777730534
0.547055522867
0.499745505784
0.73528665839
0.527426767273
0.494296150232
0.581408258464
0.545165880992
0.440144155518
0.591358975418
0.582922011554
0.610236552962
0.632460946322
0.408588009582
0.361816680802
0.35282445028
