0.276267725389
0.319635960744
0.396122920214
0.289376660895
0.364182950946
0.239047161728
0.270562513858
0.270462488822
0.266870562046
0.315591578605
0.241036227235
0.374336552778
0.209562573281
0.24550769198
0.320945452769
0.324397408505
0.332328129369
0.253657529732
0.327416105308
0.295583431467
0.248701607924
0.303227989117
0.270215000683
0.241394329603
0.354363760645
0.28557246673
0.317102993047
0.222098563692
0.300828508836
0.315281673492
0.36940980365
0.241567700018
0.308892067174
0.450871263828
0.294976125614
0.290189412016
0.302572564792
0.187014855511
0.242373158631
0.248318782302
0.223436675738
0.367427558875
0.380154776586
0.320060383682
0.290555071724
0.205203065591
0.308895165721
0.248625064253
0.234513703189
0.277190083016
0.325984337689
0.397572739746
0.323785413711
0.355695875968
0.318146177992
0.284642648251
0.216472179448
0.301120920693
0.329909426625
0.365878741712
0.325546969129
0.298817674098
0.331766181289
0.376163468216
0.266986352831
0.350758121789
0.325231561143
0.287281878579
0.189644840273
0.306725112907
0.199875493
0.268246748908
0.234785065704
0.263896248598
0.301003775416
0.296557821509
0.290828156241
0.342336759156
0.423975580429
0.323457367961
0.297993277122
0.328432807656
0.274520754936
0.370971627566
0.316355506314
0.38778219353
0.334750575367
0.233746650634
0.389288625925
0.260332322685
0.36278619591
0.311014002827
0.292596598405
0.316286394462
0.297636310271
0.240397850132
0.394913967498
0.409319261988
0.342806945149
0.213708224589
0.299577677591
0.360430673976
0.307099724386
0.313370042557
0.321383159455
0.277116854285
0.352555536665
0.312254946872
0.342526178988
0.272898186726
0.32587018914
0.285126433237
0.321611541294
0.238359988238
0.262653512164
0.292962784147
0.248282749655
0.303233446339
0.357469425909
0.203734849574
0.316953771481
0.286971819848
0.320281378482
0.266043927746
0.328787119853
0.270867632053
0.262755270269
0.279858464904
0.236211852715
0.276668655663
0.254739759062
0.274988003928
0.281549244052
0.406751790301
0.291393882806
0.34601975309
0.282097018824
0.324160462196
0.342936245192
0.29195346414
0.290907565967
0.424768463532
0.278727548222
0.254359467228
0.263137166936
0.227901116784
0.257289172792
0.184965956816
0.292634836028
0.369265934313
0.297330961479
0.31791828422
0.370377589271
0.277725955488
0.323167999463
0.308527414109
0.338334818818
0.350442483571
0.354413262043
0.316221147271
0.305527586361
0.288702187948
0.243016622629
0.242899058375
0.248732067396
0.273321202246
0.272016985947
0.284240950433
0.289584031474
0.245488024261
0.327710528927
0.247485114153
0.269227433041
0.278557976236
0.314738738001
0.253096792271
0.308709110995
0.263888126527
0.25540290035
0.273928283601
0.400130305914
0.250937942906
0.233220006065
0.231936264935
0.301826427542
0.212891280014
0.282495225911
0.320342017308
0.276595956443
0.422349080057
0.329162945774
0.266270836633
0.366987539609
0.301541223049
0.33104495523
0.285259443595
0.273830261907
0.385597365255
0.325412610586
0.196902875138
0.270682453981
0.232586721044
0.340955363822
0.223924199983
0.36039001025
0.409576034476
0.233285213016
0.290188632742
0.277402901604
0.282531325301
0.262941720959
0.286635778078
0.270447709831
0.323418536881
0.298567296634
0.30789511864
0.345581747613
0.360334115276
0.321967838526
0.335103640695
0.323889785694
0.26790537168
0.266229261603
0.323232864453
0.328117936228
0.330666754611
0.251279841421
0.308002395659
0.27269141204
0.264901586495
0.25966383576
0.219870523707
0.261153750735
0.387378982854
0.238903512159
0.344408670619
0.374115869044
0.35449703586
0.280361418307
0.251498492145
0.305376193068
0.335065644852
0.207409333629
0.406512452862
0.32653327124
0.390106529264
0.265982835047
0.321949834886
0.368769978222
0.251367724672
0.356947863405
0.348762417585
0.219494159648
0.257921861161
0.304233600439
0.352305613411
0.239365002315
0.351668635286
0.324662792993
0.295436236604
0.309654102668
0.279666671477
0.308092195936
0.224451350492
0.334405152532
0.344065500756
0.333934689679
0.319850107395
0.314561733339
0.389678205206
0.191913736681
0.219050924133
0.313175493946
0.21062421904
0.330476871748
0.3069824468
0.339568526039
0.33715076244
0.228682104155
0.300046984514
0.292149946437
0.252128856255
0.354312168717
0.338096169432
0.289782675587
0.311047162235
0.334012317602
0.329675188161
0.226095367412
0.266474736521
0.244758115221
0.341546325764
0.353302691058
0.334681615456
0.298626950335
0.349534166311
0.290799016182
0.3234805612
0.32476555694
0.239956538637
0.301308085148
0.223168933726
0.364622432891
0.251517285436
0.285662662094
0.224893823148
0.300532836
0.34911703657
0.294308778133
0.401001512239
0.338945981805
0.31637463989
0.32178348522
0.340896654786
0.275378649262
0.277967354039
0.306611739608
0.324329170526
0.274853485968
0.313746105726
0.244501983053
0.316685754826
0.232860761902
0.348632804253
0.409987720207
0.342963587479
0.259688171054
0.324119799606
0.38100962669
0.363335594731
0.305405562689
0.333080007479
0.180467729407
0.290145306039
0.360620849874
0.26219734309
0.28465505834
0.247130583013
0.340453291464
0.311194159295
0.240132604984
0.285561978621
0.347178718174
0.297207459428
0.251022586392
0.207453537
0.337754594297
0.290711862741
0.376097863809
0.249240127501
0.216765466705
0.302861987454
0.251403395983
0.350056907973
0.290748938405
0.26832112273
0.184475470701
0.225101161595
0.338444785762
0.22505965071
0.32858594867
0.295664470747
0.287707358802
0.270812530169
0.260883189721
0.314962551406
0.376751661758
0.283596419771
0.305067331332
0.278530605371
0.362586430752
0.240813176393
0.300620524967
0.289418710569
0.24435799359
0.369364073239
0.297824304081
0.353796803787
0.326728716337
0.380500323733
0.277664159947
0.259817974402
0.324533851135
0.345976272495
0.339728903153
0.187637433601
0.282293779753
0.285245185285
0.362342420312
0.402324919738
0.242072086855
0.298094965076
0.24679551066
0.298192859952
0.293460427101
0.270119362962
0.326998026868
0.326894230567
0.370911008702
0.233430440079
0.324948338177
0.330747388628
0.248982255452
0.296974015633
0.370004313058
0.390059150716
0.298407658514
0.328295612384
0.279905749339
0.368953283267
0.269286578572
0.31021146074
0.292199185881
0.229972117193
0.297393101311
0.337052700885
0.300753864604
0.311146629709
0.32615021171
0.234679326521
0.276391246205
0.375503318447
0.286376786142
0.274403070293
0.317827774343
0.298292856363
0.249312886382
0.412145168842
0.279038563631
0.332147816525
0.333609108539
0.308399065464
0.333140998866
0.369927117107
0.416864072679
0.320977392386
0.343424274178
0.379380924345
0.234515289102
0.381529881693
0.437253743601
0.381599209589
0.214594404393
0.338024992786
0.215067890848
0.307631304599
0.252783069076
0.175920894805
0.285989167709
0.236560743632
0.293162513904
0.352360978827
0.332907925564
0.309872887399
0.205493127177
0.348185415459
0.258686717369
0.255987332333
0.303959287885
0.324847052439
0.268690510883
0.335980735038
0.21383942897
0.278318351753
0.418298042555
0.249198861401
0.479614375351
0.57508263963
0.269925397624
0.266338258787
0.332484463302
0.37616861508
0.260169149935
0.26433806731
0.388156819348
0.247143146894
0.265517943565
0.346008689501
0.313643882397
0.268523169018
0.304288877354
0.425235583858
0.309601122432
0.299986835149
0.337488135689
0.294051159747
0.340593166256
0.445495173888
0.43819373372
0.347835901447
0.201464306784
0.245045391077
0.337876303642
0.271356252029
0.408550488551
0.382373546761
0.453716763491
0.377880347818
0.314875258979
0.385856545611
0.34652369078
0.327824325924
0.379901354063
0.227854126087
0.437412109291
0.257136596328
0.331544761634
0.31978369739
0.373750481853
0.28449861251
0.287500569798
0.162676609465
0.310837247363
0.247352508355
0.327998585765
0.296994953979
0.29178609532
0.265319703695
0.248769906323
0.322549933615
0.362677934015
0.395490995738
0.409029535053
0.311707738473
0.264399770917
0.276444766496
0.329942849147
0.323855633157
0.367778603359
0.276632001696
0.308388432269
0.427870609382
0.311912664698
0.339373663841
0.329434125629
0.156997894512
0.232615107749
0.268352224597
0.245912731947
0.254905780248
0.275924360279
0.384828209707
0.301132382011
0.346363681487
0.314836633181
0.190619809384
0.310201602146
0.351288540199
0.34579076715
0.320461203009
0.215190625119
0.250836794762
0.265680431464
0.230107820618
0.274883551855
0.280976334879
0.264196939609
0.27413615365
0.348029987562
0.394319499873
0.374193473186
0.3122265862
0.283266035124
0.288940914044
0.306471550422
0.263079642061
0.314377119332
0.360833970942
0.36059178009
0.427655333116
0.255398224412
0.41233873785
0.237681214801
0.305035472259
0.259149252608
0.490747502996
0.425158430645
0.263412978714
0.425032059008
0.289145091821
0.290170861714
0.262424009135
0.274568527354
0.282350119082
0.270241029493
0.372376900164
0.48115847506
0.287572013588
0.324166330071
0.266126076789
0.302241647438
0.343018790467
0.359706314047
0.249691912545
0.297166994127
0.469109049959
0.229892032616
0.354299730149
0.386742391485
0.245553997721
0.300432151429
0.340527496139
0.280360992138
0.300185490616
0.417290968764
0.312918975918
0.244126522565
0.31310172776
0.250236642364
0.297900921601
0.222188754207
0.314272776181
0.320761834506
0.258513967143
0.221202205559
0.24703515298
0.293252757531
0.363550577675
0.29849983789
0.316236949014
0.301708770409
0.467353358379
0.420002617621
0.299544358736
0.356772622526
0.219185707566
0.222363270716
0.314203059521
0.348658950667
0.283164331006
0.348976482126
0.384144056776
0.319777539686
0.254873576465
0.377136199557
0.232827153371
0.256146479682
0.332812566856
0.562416954831
0.313953667658
0.291376095425
0.397314609991
0.289891128127
0.288698788443
0.183093134577
0.344410052732
0.252772210869
0.302774254719
0.269152085367
0.356618982791
0.359573690308
0.366468927291
0.293529195374
0.355485531882
0.311218295101
0.298985816122
0.39546243835
0.284516131243
0.279749466273
0.264345090401
0.226980494309
0.438933596719
0.229477028815
0.222819154179
0.307333828945
0.266133181701
0.29732045434
0.418251477485
0.233540721259
0.310939688662
0.303620157583
0.243535084194
0.352845628583
0.405351275095
0.334661641649
0.372323018
0.403063159748
0.33277537953
0.361734826338
0.288016100005
0.325211250613
0.268517360885
0.431238395184
0.262441478442
0.46230150646
0.215388788868
0.356702369366
0.316066175502
0.368760542712
0.273665227773
0.338303113158
0.312456519
0.359809916555
0.350222587762
0.329590263464
0.469488419194
0.387535625425
0.32200748963
0.323824869807
0.3212563678
0.288368987264
0.352119401989
0.281909056956
0.340249537625
0.293606517651
0.338723649934
0.289366546089
0.283854488775
0.268592388636
0.235118864719
0.318928479548
0.253869669891
0.321588372936
0.277356158577
0.365888443403
0.572090304884
0.304901270681
0.306034905099
0.288781155598
0.267961338544
0.337968477728
0.357640010931
0.395165635767
0.281160813364
0.332228688856
0.241977260984
0.254357746887
0.274659359848
0.209056203639
0.330088400243
0.28307026117
0.299389164454
0.302196390136
0.256544723576
0.224495614013
0.33514414823
0.255387534499
0.525687492248
0.268433295594
0.284667296167
0.388418783141
0.281818010225
0.347245015526
0.346862502671
0.239009764742
0.401177309608
0.414999897746
0.454898911993
0.32071365269
0.354359695434
0.355652487047
0.427699320473
0.241370779396
0.278613242429
0.334049053317
0.272105162012
0.28202757016
0.294887336416
0.249393213826
0.234603594203
0.279262575624
0.283949536657
0.247338786971
0.287447923423
0.327604216017
0.324595706865
0.364303132811
0.305007644368
0.504438018355
0.332984341924
0.29858633096
0.331036904817
0.33022098699
0.436084582803
0.335577431327
0.334849562008
0.332282212744
0.500143319419
0.252995702444
0.261881874235
0.338003721266
0.401914111369
0.364115631977
0.300581636476
0.343189695691
0.286674454886
0.284584999087
0.230502259571
0.33092932607
0.36507632531
0.29665687418
0.289671535831
0.387194737399
0.377749994106
0.373326927676
0.29579118529
0.406266511806
0.353611975257
0.37948869181
0.280790383861
0.457514446123
0.29051245436
0.313825196199
0.3633199696
0.299027558942
0.31122906354
0.267197195142
0.261127826605
0.382092647434
0.404387730973
0.267999446574
0.348638771572
0.372154419539
0.301948740761
0.285659405593
0.288911518479
0.24888258794
0.262483855053
0.308363012773
0.316642463734
0.238016609304
0.33145553111
0.313876124949
0.328413504452
0.27381613914
0.330701611841
0.308420797908
0.345570137559
0.347931165892
0.22647123207
0.258885882596
0.333624297922
0.281237239369
0.281845646791
0.481260140351
0.342130199073
0.316225334524
0.352878683305
0.430005136568
0.30769019354
0.370293894788
0.313139490931
0.278012037494
0.332763168865
0.411461552786
0.40653635609
0.233125423331
0.344563645391
0.321053629705
0.338832498771
0.252794362398
0.270706215215
0.252443862514
0.409501938842
0.257644611328
0.288250063643
0.384929165055
0.321245424636
0.380485238167
0.278215076337
0.425903889535
0.369854575355
0.346532147146
0.237492265976
0.31059101727
0.318702270316
0.34257950954
0.353707129631
0.260566874729
0.30154346078
0.300053095729
0.30142407747
0.285393670213
0.279055108676
0.361392002655
0.363760904535
0.4031525359
0.245859123505
0.235771836705
0.302712386474
0.311911555072
0.315607476329
0.335621227617
0.339382431993
0.329786805313
0.421711702652
0.388973220894
0.374229485692
0.216796857693
0.271304893765
0.269460273041
0.249399405868
0.335672896542
0.34062010531
0.35670036764
0.290640802002
0.21687234403
0.215001875027
0.314709444882
0.326118569672
0.422876886452
0.298662156492
0.333115882194
0.359429695588
0.347106856882
0.347187686002
0.329918361436
0.264496120732
0.334200385392
0.330259012681
0.294019744108
0.231158509005
0.32060540098
0.332393104657
0.2315716716
0.274507187966
0.252221688383
0.322400388489
0.330514786994
0.311938243279
0.318720234778
0.283093630531
0.265521960876
0.206071385249
0.407222286914
0.285972571171
0.249305393743
0.313935062028
0.387830979801
0.325488607608
0.331056811425
0.429565759107
0.204836422952
0.219487423446
0.306421755539
0.335175941702
0.255108073478
0.302698652244
0.370231700577
0.2840023381
0.347880594761
0.259869052566
0.310649790569
0.294948279653
0.332220720135
0.274766512752
0.288233552757
0.376983789841
0.406850241419
0.355318077696
0.365570035369
0.302630724058
0.350935264559
0.232387138995
0.246680229796
0.255141403819
0.290134110098
0.308593230507
0.447096652348
0.29696425671
0.276105183604
0.368559211982
0.27325135688
0.218184310242
0.384502383558
0.289265680965
0.342243699868
0.295232863649
0.325760067308
0.436776131684
0.36747104926
0.322490842885
0.342291459009
0.34842599621
0.260806872616
0.2684596649
0.271595985076
0.312235892763
0.326567310411
0.372494840362
0.306676093594
0.200004044422
0.26625520395
0.348566140339
0.364335585743
0.37643716735
0.406628183836
0.2266191007
0.310979945925
0.305293536432
0.424677778921
0.37933030049
0.314281197671
0.278003481857
0.169600075667
0.283776201133
0.260037253969
0.214565446229
0.265659061678
0.302973303723
0.251502009167
0.469067258427
0.246463310751
0.361623939659
0.294474303605
0.366725630127
0.237796307844
0.325764417832
0.361151325046
0.349468407274
0.302111136575
0.308190207019
0.252241691518
0.437520576909
0.193291918878
0.283470554404
0.225615262627
0.263470624105
0.320996087761
0.284106061056
0.248768673284
0.397487552562
0.269670766415
0.267684185487
0.369665387193
0.40537325863
0.289110493365
0.362328585642
0.370203198512
0.320016023012
0.25145330725
0.373746584375
0.301262840106
0.259019112748
0.284785604865
0.24725303761
0.366543862761
0.27563681359
0.305018234572
0.296322857896
0.263215867684
0.233617027936
0.326978932956
0.346562685412
0.400997386099
0.318364567759
0.304772836257
0.270680238165
0.23449317756
0.305701091723
0.349865673618
0.301409937182
0.318859065329
0.337922700404
0.230419445242
0.264426331497
0.256671716551
0.317883805865
0.278220510933
0.347923741884
0.434217190571
0.267641524139
0.371907204094
0.336523694636
0.416552938849
0.371132237542
0.362186914067
0.269064432326
0.269156137844
0.266834483824
0.337876692897
0.348651406389
0.360138329622
0.355640828943
0.236551385756
0.295473753269
0.312453291888
0.314264234104
0.277154425884
0.297080993779
0.322980108929
0.371461606161
0.275729933194
0.324006198498
0.311787262893
0.377547526809
0.267633021322
0.342657838877
0.261715238821
0.267415121353
0.281095158726
0.306777360242
0.2929360878
0.264683353174
0.301890409973
0.407986805517
0.252999488668
0.40580890703
0.36889817613
0.335619282129
0.289474352663
0.286093736819
0.214551232213
0.274875716942
0.274021815329
0.299063879314
0.390462644238
0.279068465847
0.227971141215
0.278949134987
0.328718029849
0.26148653384
0.323668503281
0.351898900052
0.443513159716
0.300520544809
0.352217852539
0.298400557291
0.37928413411
0.304182186573
0.330169837131
0.301617916643
0.238506386876
0.304220598706
0.351495875903
0.27966526802
0.31771950096
0.345134077037
0.282161109511
0.244440986032
0.279127953656
0.329260221986
0.225383396883
0.314279802324
0.282257465693
0.296999358154
0.355467330134
0.41297746604
0.240221543763
0.486895112862
0.317617327653
0.232706123372
0.236978953321
0.307226796084
0.283396791743
0.334923470111
0.234353806349
0.213772933763
0.250817065971
0.303801995004
0.3280361423
0.31947285406
0.225070197101
0.228959376517
0.354248120061
0.32412690892
0.299047161838
0.227612326043
0.291902431949
0.335492926593
0.232092987332
0.247221301684
0.336625597336
0.312062040845
0.313603360584
0.257147218519
0.407604586396
0.242628222303
0.316559115997
0.314360387635
0.284719373594
0.335811870052
0.318161225806
0.291588425731
0.308537794085
0.384070192827
0.316191122872
0.303897663235
0.278774006431
0.404505057954
0.273401819199
0.209351375283
0.322557055447
0.275798277307
0.31543313514
0.42781195281
0.250935817861
0.263144549976
0.352427379952
0.285454491054
0.252876828222
0.290168285231
0.250539795953
0.279196601763
0.296190432265
0.280517879138
0.337832484942
0.286426986856
0.290634968967
0.354664570114
0.313116270829
0.252356840524
0.292750638872
0.311035059973
0.332796966753
0.428670488385
0.285097625852
0.260026955339
0.370523952991
0.277912955349
0.359084242712
0.274811440678
0.336785024747
0.359831050511
0.254282995922
0.314190638781
0.389915298196
0.285798005684
0.265308622186
0.369343073663
0.290075931841
0.351377635869
0.311583022045
0.2310700307
0.235027061403
0.251642230535
0.181066812909
0.301293569472
0.32251552967
0.259560489893
0.381340029348
0.197168939602
0.348817903634
0.307149109921
0.304780558322
0.380259923945
0.226930150269
0.286993510988
0.396282938451
0.274439764868
0.300727946583
0.340037314411
0.288448579387
0.245133351787
0.277291839664
0.259830751136
0.308876587836
0.32518294545
0.290571610715
0.319430758193
0.324746288261
0.309320647125
0.299638884184
0.31790982719
0.344577280012
0.317416336361
0.230617584967
0.345823620985
0.225847437685
0.320176800849
0.309950280558
0.252743954623
0.296876849543
0.299459352638
0.303899481998
0.432578688551
0.408022201457
0.300355777251
0.421414118776
0.3416295644
0.28845201358
0.344203887441
0.240337776848
0.368149130451
0.290677359359
0.367283530671
0.328968763558
0.305156264575
0.307224627453
0.277030478478
0.299459862235
0.423812182403
0.327112297835
0.282352629918
0.344153667024
0.319915197218
0.261109486755
0.231504194875
0.232799636396
0.301688362921
0.376986641603
0.265408094827
0.225702568198
0.351001871085
0.379788054399
0.314432977066
0.33030641077
0.304188776984
0.265976325958
0.317988063
0.321334603707
0.255542153976
0.344047049403
0.276646385485
0.408929184855
0.299273490493
0.287195045364
0.388386412413
0.330129970364
0.315730888565
0.273780723596
0.376700325043
0.338654532962
0.220052046167
0.220164429439
0.288333828196
0.298720250448
0.247048082903
0.226801695166
0.328086206011
0.299398831428
0.35634496829
0.422625527269
0.337803011503
0.303562167612
0.329111572149
0.258743876424
0.318007487383
0.445923676935
0.395088529556
0.340758031653
0.427537363728
0.367158427687
0.338207236127
0.331269233978
0.292575726151
0.279922404456
0.296920570278
0.399667826814
0.320430518142
0.41250525556
0.356430489769
0.369301579137
0.347968627415
0.267282672837
0.338026817872
0.326297532602
0.307475726108
0.258722831665
0.241639709089
0.33956857518
0.289780140644
0.375550552935
0.296734324369
0.3105237269
0.184692899699
0.229827228144
0.379655956158
0.276696333558
0.218009213236
0.241569044005
0.473337316432
0.266358763404
0.3434277257
0.28597035377
0.30760358017
0.308520053318
0.278558645753
0.282851425211
0.266321691652
0.379401361065
0.381241929456
0.163799141403
0.394211886821
0.376312157946
0.295561693684
0.426129159439
0.251375111548
0.386984966465
0.256944588822
0.334139917576
0.315780102895
0.330776565843
0.36116583184
0.333231332574
0.316943299368
0.483873191567
0.295360649089
0.37642949267
0.313237381484
0.242356629167
0.370437142039
0.242509715728
0.280262154722
0.34324985516
0.221608715072
0.265692305278
0.362431499455
0.224713358698
0.263611606174
0.30790040802
0.313501753085
0.297422851193
0.259727105939
0.390453653002
0.312562742541
0.295052572686
0.208659968336
0.248749719485
0.297504088302
0.326689529541
0.424797397561
0.254750779344
0.400418749456
0.208965791418
0.378992629838
0.292203095259
0.262840235781
0.319725885798
0.281850236163
0.236803762929
0.283122352243
0.345455553431
0.377236582228
0.351611066904
0.355682310639
0.274300329952
0.228871659334
0.332454126759
0.291919180637
0.311586449236
0.338052382132
0.419936101587
0.266498016814
0.292031770701
0.230188477583
0.42048272967
0.312950803952
0.439088415354
0.366626152633
0.289031954124
0.299698172555
0.337793447187
0.330195851782
0.305659213668
0.343659885215
0.285927634275
0.293954670707
0.33316201124
0.394376507167
0.250761888148
0.469600450262
0.333562363809
0.42405601785
0.304814963904
0.251917030779
0.305959140259
0.256476423469
0.336102811811
0.223587950733
0.301892222826
0.333581032213
0.327807073198
0.25545625966
0.321191134495
0.398012505139
0.286665457664
0.294783824569
0.241465902102
0.392791913973
0.362731491331
0.273714592532
0.330772110478
0.409018192714
0.268889697021
0.238110076032
0.401478086477
0.338631089716
0.281497436211
0.446052161464
0.372929279861
0.290926277193
0.252956049742
0.341154490007
0.308464834055
0.222880721775
0.372891256608
0.318140909344
0.32944887557
0.274089321585
0.367139966726
0.340860420705
0.320731705037
0.304718377704
0.340311199781
0.360676722413
0.335434479061
0.289571060958
0.333869342931
0.295763173631
0.29380607153
0.41191062374
0.293099579419
0.282469806667
0.316051807339
0.295162137548
0.312874975183
0.26399576814
0.349424689737
0.271828157151
0.395294961796
0.363642251015
0.358990595174
0.275525495442
0.363146154271
0.349850006523
0.30116169341
0.440232228796
0.386870225943
0.366572283443
0.273696535004
0.336510941129
0.427930051937
0.406399227855
0.324587301615
0.36540765716
0.308844126093
0.428166486507
0.363344627983
0.353025006938
0.315482741515
0.322119071463
0.355634986289
0.272298818201
0.269019619389
0.337223888564
0.226871053258
0.298820686976
0.384876074381
0.313138290826
0.30185228903
0.280325319658
0.401818396667
0.336967747555
0.373578079797
0.224035619268
0.500500065377
0.297995445085
0.392118568527
0.407559825018
0.344017296774
0.308260398536
0.212946552779
0.386671229736
0.280273733411
0.447646434368
0.390213099374
0.414177631476
0.42308773811
0.320511132027
0.310322410945
0.382339524088
0.312108249193
0.312440267972
0.408094550867
0.383447856336
0.347441358309
0.313255392018
0.346911661849
0.33649185025
0.379306202168
0.392541862979
0.420867181193
0.303725898119
0.391372841385
0.33989420092
0.230568239752
0.217344041746
0.409556494058
0.251588451222
0.416797221048
0.251777546415
0.387548630384
0.436768538493
0.296284343802
0.363577010777
0.476843536473
0.39229622919
0.407701552447
0.43319748538
0.316583149787
0.29612710793
0.187019763196
0.31092159153
0.411761595238
0.280646856086
0.45889193293
0.298668683638
0.256702115562
0.275506307453
0.371683032619
0.503183885552
0.329329266802
0.365685455116
0.308542503082
0.373789831505
0.27360737401
0.327114272326
0.29882137954
0.182403718118
0.345439487633
0.263831649306
0.296118032768
0.320136205223
0.437217726146
0.243433371693
0.275481742496
0.356115572178
0.324239126696
0.337508863553
0.358255536469
0.390948880541
0.281793809514
0.421789655092
0.398487962545
0.378460491648
0.292141042566
0.269078313453
0.320687975879
0.447829698334
0.225439332826
0.314777372266
0.412249228074
0.316001457233
0.28725162805
0.417900131225
0.27677373284
0.33313148212
0.351752217685
0.232694822917
0.314536820991
0.425579356088
0.253632748012
0.378672410261
0.401173441534
0.401192427002
0.359167235817
0.318264782339
0.27114971377
0.28889316818
0.38136907744
0.237128061943
0.298858902505
0.385831436201
0.219040434001
0.387112454394
0.349217352778
0.320660561837
0.255378368867
0.2454628145
0.363097379732
0.283685760233
0.361802204617
0.351334374152
0.298280313417
0.332393049858
0.335493772633
0.442734763356
0.386744006368
0.235915021494
0.334889598477
0.354881009273
0.365215924797
0.306711237198
0.281219546028
0.241719101714
0.420245849612
0.390064989782
0.320260951884
0.352374713715
0.257797246024
0.366023463713
0.41518317821
0.301376177313
0.411596023516
0.316547387145
0.303238855728
0.388884495381
0.281504437717
0.378769012862
0.368350784115
0.317494112918
0.311123347868
0.52515718491
0.303157104634
0.380560479363
0.480775815066
0.288828640678
0.295562621591
0.38705980534
0.342323981334
0.244890887323
0.364010316983
0.383302108973
0.342672982183
0.335434608337
0.327933036036
0.408077735744
0.212257843439
0.489343029448
0.330829109021
0.326145922291
0.298295431609
0.313734102627
0.276424930851
0.247745209113
0.270524811977
0.379748244701
0.387845121378
0.380876231668
0.335042232833
0.329143710445
0.418690436089
0.264276690459
0.399186198979
0.245608517765
0.380563927844
0.321808102132
0.237629984386
0.172105081756
0.381775448394
0.436329195255
0.384470678113
0.318083973239
0.282809312853
0.392577134746
0.371545486913
0.494556556863
0.330122947219
0.411279931771
0.372745059863
0.299107386608
0.341864559181
0.310044318373
0.306157932595
0.367125769299
0.3343426246
0.237003071896
0.269079708077
0.390848732501
0.329978591672
0.280768901628
0.386705045082
0.270479352161
0.303272428367
0.239515239402
0.342001347611
0.250058646605
0.286504056284
0.313218264911
0.166645380577
0.216968094179
0.306467616281
0.292559622295
0.313265356426
0.273731145681
0.254566627256
0.325026402167
0.302837154414
0.231257496826
0.320996223767
0.287794545945
0.227037971298
0.418427329715
0.317309807688
0.257364688163
0.320235728007
0.322216633686
0.288469817945
0.239288586231
0.318467631917
0.286245619279
0.292006993386
0.270751132215
0.352242573307
0.380486025569
0.264285668492
0.332885439574
0.29676780221
0.291074883373
0.30879521929
0.294444795749
0.255769326773
0.313426131607
0.310428799026
0.376457824377
0.275393544024
0.24073330251
0.272611422888
0.292808033017
0.357457859816
0.253113750181
0.306259831043
0.237717610544
0.229319010278
0.440210083114
0.329792556094
0.298025130608
0.229739088473
0.250231151924
0.258359769739
0.310446594376
0.309869544952
0.34417084839
0.308091374241
0.283443527008
0.291417707807
0.290875972858
0.368140843677
0.287616787374
0.231640181893
0.278160193171
0.363769875478
0.25930036263
0.313871088299
0.365614166121
0.273603485908
0.31245420515
0.278997140961
0.392948018932
0.327983761868
0.284837400789
0.356807705961
0.339376354203
0.328451826282
0.320558529491
0.360561552143
0.24620951751
0.362647263304
0.382935024241
0.270943256289
0.376061512906
0.319658769644
0.379641799242
0.417064386789
0.349815208092
0.256802427473
0.371821087821
0.40297222038
0.317829400296
0.274297013759
0.324852484408
0.302190282115
0.257946878893
0.319197857183
0.379729659288
0.384313105455
0.364334394312
0.306197464857
0.298856972398
0.337968682948
0.382845414649
0.316912365535
0.279862319318
0.260500954587
0.470249106526
0.338817089981
0.393650782602
0.363124081122
0.30017104062
0.410834171356
0.268565297184
0.317288908867
0.414973936998
0.40090630394
0.232214144094
0.347281333706
0.362622812559
0.295961167413
0.342302834249
0.242311195505
0.329649293653
0.254918998472
0.237545473079
0.268640347402
0.34103533072
0.32072958921
0.305120459608
0.261129233811
0.332485600376
0.310587617437
0.302143703129
0.261087958012
0.23296939504
0.211076059585
0.265251780393
0.260878366076
0.363528546377
0.28302127574
0.192899539933
0.308838337847
0.396697773737
0.454375963766
0.393976979547
0.240136666252
0.313393049353
0.233676978337
0.17785858743
0.234705456392
0.293771828672
0.324283779555
0.349471183145
0.228739522226
0.310611917841
0.241908096971
0.447700307039
0.401905869624
0.322355371716
0.324283778504
0.334726176798
0.268926817443
0.268545850762
0.293280717657
0.336618190702
0.349296127507
0.384344247087
0.370692610239
0.395140494805
0.228653152759
0.306631717209
0.224838677292
0.290198161626
0.266441516387
0.293824541315
0.423670175774
0.309296690793
0.278343292311
0.278427815162
0.181655381423
0.351764737502
0.496595815522
0.350757494398
0.31753208234
0.289274752894
0.311915104811
0.256583519529
0.383842262071
0.318705554304
0.286511912653
0.312985311958
0.23141831838
0.334560227986
0.266391767106
0.347741571107
0.293786759797
0.231004570112
0.236353059869
0.40209135838
0.367536930653
0.268854550923
0.241833191903
0.405427649255
0.409438512784
0.277993261987
0.317352238577
0.377051752021
0.332052888865
0.364430413047
0.284138656885
0.353654872638
0.293896577544
0.362427471038
0.29413670166
0.28721472452
0.309456844563
0.278994947607
0.249954426608
0.399855231354
0.26939505905
0.347688480765
0.367230597768
0.325005042145
0.299591026403
0.249471310236
0.395615672707
0.284568863655
0.309110109291
0.451614102563
0.38041257482
0.38152943544
0.276948307614
0.317513469746
0.330404836765
0.280396022461
0.326098063798
0.443836329262
0.340894813822
0.427488818383
0.28597418691
0.340046386708
0.299861714658
0.225554454273
0.303801979604
0.414550348988
0.448685081679
0.497998100546
0.39991296295
0.397779417546
0.319930626566
0.300860069922
0.335286451295
0.345636316763
0.355595643749
0.402836727496
0.278743238936
0.432694107111
0.378459600809
0.379878135113
0.325055001201
0.241440802933
0.344687572633
0.302866018409
0.336770141388
0.412639293558
0.398485002448
0.309607749695
0.301304654751
0.334040003649
0.330452101935
0.397864507714
0.264501289704
0.346942643636
0.455509744595
0.391192911015
0.363851496947
0.302012859133
0.252899850548
0.304397910626
0.272304539412
0.383849100958
0.248424481054
0.387944013488
0.306847915313
0.400281956758
0.285013110307
0.385013046728
0.25067264486
0.288282410677
0.402592176403
0.302171209179
0.33245839729
0.275268833815
0.333014411523
0.269785581899
0.304182243687
0.274269750406
0.274622718472
0.421824194493
0.380560228199
0.273288055651
0.265687246134
0.303015916505
0.275433399252
0.335553654536
0.24161881819
0.279994494564
0.323122611497
0.456788701265
0.186491491273
0.26701850971
0.344842678948
0.206339598213
0.270541799882
0.345842764602
0.306956828286
0.304986192281
0.358007037179
0.323049522303
0.233130575514
0.346445790907
0.280253110172
0.176595289437
0.292555909144
0.346644152905
0.267855269125
0.414476145235
0.348340971718
0.274446238331
0.315980264
0.194337397406
0.240495306181
0.308499303903
0.347688535625
0.300196622561
0.463427739412
0.315531625349
0.321064705857
0.274889754308
0.219434760299
0.275848694334
0.249990953561
0.258056578354
0.302298834187
0.268153568835
0.308225214731
0.239916886847
0.323372709378
0.243644317426
0.345888197634
0.289353178509
0.23486123068
0.303555964434
0.315630612316
0.258180504714
0.300789203908
0.296707698249
0.199157740617
0.356586762752
0.247693711841
0.200718245665
0.308150980504
0.258401027235
0.2929156621
0.367904551157
0.237282328236
0.369544229687
0.32166416401
0.32364134576
0.34493826452
0.237365305386
0.322605058557
0.237861509336
0.285813065173
0.388279031045
0.27277294975
0.28854868707
0.356297704906
0.303090084806
0.254956228774
0.22373583716
0.354068657498
0.328425717373
0.300312194974
0.256131696856
0.251879206194
0.315044389743
0.360167528949
0.319486958171
0.279195120155
0.266353882798
0.33101924869
0.323103347243
0.292648470405
0.231761776338
0.351365496766
0.252662302155
0.346621045847
0.271268919515
0.211847776053
0.325280683467
0.297003530738
0.374166979138
0.333905970372
0.258971224729
0.40711764315
0.281987648646
0.341495056974
0.235680695962
0.299675780751
0.284060059255
0.395970295019
0.336008723594
0.321165667897
0.232233417496
0.289129996864
0.326282931985
0.304406746623
0.341320708447
0.267020478291
0.240421475341
0.254918664692
0.267491263627
0.385272159987
0.296540988862
0.349071087217
0.233711705409
0.32476060869
0.226419945
0.302518115609
0.371790013391
0.242739761703
0.279389564296
0.214370505307
0.350978226065
0.428747918948
0.368535960783
0.221390069868
0.311196009028
0.381154521497
0.434744702663
0.305204668943
0.360730226202
0.182970406185
0.364096106218
0.310996497924
0.255361406362
0.311519541478
0.331310392099
0.273502823863
0.236723934423
0.29348311473
0.305764469221
0.288709907451
0.338075823404
0.332802554237
0.415444037891
0.334857717267
0.301946696343
0.302506994962
0.290412320325
0.361938368753
0.259935349818
0.346499257799
0.290756757597
0.279629200444
0.463681383797
0.205245899469
0.336250603418
0.343744145829
0.302057239461
0.213954648349
0.216597693353
0.317017360411
0.251100653016
0.312137863633
0.429053274279
0.306295149798
0.290318186289
0.340447983829
0.26462805372
0.286345036151
0.298200689712
0.306594202634
0.297514851337
0.290592246227
0.405926750689
0.318733705719
0.345280903782
0.31884522642
0.286694368167
0.315162103831
0.311157927571
0.300468550552
0.276014035015
0.335392523319
0.28245890931
0.263156669072
0.253420926457
0.363950839377
0.376290962888
0.39570332878
0.194189950718
0.314934970362
0.228255882999
0.461478871674
0.245375027969
0.303624371398
0.339835160297
0.275832538176
0.253326363923
0.321397772371
0.326172177046
0.273790688099
0.248955575524
0.384139045268
0.339416845994
0.246671535397
0.341709311839
0.274157597225
0.287756136136
0.298490286084
0.250603938367
0.217647543576
0.270382540847
0.266830319258
0.395836310815
0.333497305304
0.266934401762
0.351166497817
0.403476273275
0.273134368888
0.289784642356
0.257588466667
0.218955594544
0.358215791539
0.320879232704
0.27787133958
0.309226142843
0.2739979393
0.31224163661
0.342172112423
0.291740464818
0.414222691924
0.281921919762
0.315052021187
0.304688935023
0.289604513757
0.368707000045
0.381123991929
0.314434527944
0.333761913721
0.270601559104
0.373828400392
0.474191122522
0.332749977847
0.324062577426
0.302353534148
0.335799833516
0.242338873
0.316216230792
0.250981955086
0.291333310478
0.382950079605
0.229005652883
0.326610478754
0.329771650691
0.364796524457
0.180479406078
0.381494738888
0.399143300621
0.404873486714
0.432443594735
0.289319500422
0.345790589963
0.375200504913
0.362766514272
0.319936627871
0.208722738685
0.440746521221
0.357597226496
0.488097432586
0.345274880392
0.285962255526
0.353725045896
0.313769179472
0.335488096246
0.299457702301
0.198334430517
0.263250780981
0.235496909047
0.265647279778
0.304446384568
0.306461398211
0.209859338721
0.30611914262
0.286562987563
0.272952355999
0.354451601118
0.483719564586
0.323208407242
0.303945469093
0.302182398925
0.326629197816
0.337964284967
0.340947025568
0.338219260133
0.307448796307
0.285919513096
0.24422977349
0.274945767298
0.291265766724
0.355325248131
0.225938712603
0.247552501585
0.252035676486
0.340568688174
0.355532681848
0.439831111674
0.402041750954
0.359018464789
0.349342073642
0.391463761822
0.399136327758
0.295309035052
0.193724554748
0.429739894466
0.312332447644
0.371047512721
0.231902851806
0.334070962595
0.344877967258
0.330921348928
0.316832275105
0.407679343849
0.27270332755
0.33245431196
0.258204972977
0.279384208147
0.35517822958
0.343179549138
0.2620254221
0.281357002452
0.193135209791
0.258657948073
0.249056827171
0.270000371537
0.294568269037
0.370499323194
0.318583925208
0.407276806011
0.257619763993
0.35641187897
0.253571856711
0.324633033764
0.263341780346
0.505912327472
0.275148545344
0.311786421643
0.213152589675
0.279720483208
0.323287262649
0.345163045412
0.394475121822
0.326281014397
0.353518960997
0.298140883616
0.356017754508
0.254798636955
0.362457861428
0.227563151245
0.287922349907
0.28095029481
0.318010371198
0.333864995753
0.350736989999
0.205319427022
0.415676810956
0.346379199861
0.314969220564
0.321458780578
0.345326601109
0.2811531737
0.270516505804
0.302013691671
0.343768414016
0.229560242812
0.42856110704
0.32423511745
0.328833210359
0.356256835459
0.335945609727
0.269981445575
0.349111435363
0.26351839464
0.236283878312
0.239003281226
0.261075034546
0.360637827477
0.329253281538
0.178126863002
0.349553771272
0.348122633011
0.282354853548
0.314568445822
0.244435121503
0.288912048705
0.380502818239
0.264180076823
