0.29247941869
0.274063599474
0.359036500134
0.365486833067
0.28476473839
0.345324822003
0.292961806711
0.404145972968
0.306900491993
0.332893202554
0.217999321875
0.243191419922
0.378477554345
0.334072094079
0.260312627613
0.300833634889
0.328829171886
0.23064306875
0.218216912658
0.29041288051
0.26446336836
0.268692015664
0.263664528333
0.346820788391
0.33518367859
0.322287586805
0.333738367082
0.332224228434
0.252213142205
0.341166890555
0.304772223563
0.267071724199
0.310923246291
0.270707965392
0.251057780159
0.283392989983
0.268419213716
0.248387047477
0.457347873257
0.214522844138
0.338209514556
0.35091376032
0.322537266834
0.32327452731
0.332955494198
0.297991312198
0.34908410194
0.310309833042
0.309782807273
0.272748054249
0.196984527964
0.419328453807
0.484185782866
0.240110968457
0.280557463561
0.364274494841
0.176078335428
0.291764443262
0.284781886149
0.212161719655
0.327336037852
0.230172702183
0.279270579739
0.31407667562
0.263169904008
0.316355561026
0.335965695036
0.282030497398
0.382020267653
0.313164149958
0.304648133594
0.362515486518
0.365583900806
0.157227556416
0.35064212556
0.30561832761
0.216915046263
0.328593212038
0.246974349898
0.22098633157
0.377152300121
0.316960484888
0.196892180059
0.378880903537
0.36045265386
0.339755619799
0.266206096999
0.427283049187
0.321460617274
0.271444783472
0.274896599807
0.341500576437
0.32319447498
0.286031013124
0.266901364981
0.270875475323
0.336674326135
0.312414322452
0.296318342
0.312385717888
0.293395515959
0.3395117304
0.269683580867
0.340740476189
0.161732364375
0.383749960065
0.282513394426
0.259806971943
0.267776754601
0.330864258654
0.270878913919
0.303491383659
0.291363436105
0.342433635116
0.285587757071
0.248297609775
0.354255576521
0.274189919032
0.333460614642
0.299439805969
0.365230453853
0.435823106744
0.491872853353
0.346982032348
0.401899372348
0.384857885101
0.351329145902
0.341320908237
0.230553832745
0.398595962553
0.452666614344
0.324926727655
0.260974489488
0.275716153478
0.165913433906
0.260690368051
0.446699155335
0.433842385556
0.40009121923
0.255268182357
0.25161972732
0.341957680298
0.316476061157
0.285274463432
0.415316462569
0.293150207519
0.311765939408
0.328234180866
0.302418016943
0.338080533389
0.215879464793
0.502055283486
0.34714379947
0.357699601745
0.282170584773
0.282457384753
0.350863708108
0.297137216702
0.307374287294
0.284052216296
0.336803991712
0.300265421321
0.421655061524
0.316828579163
0.353471067989
0.344174909535
0.220299469114
0.345076834676
0.40430059977
0.240794456642
0.352730962372
0.382971811977
0.423524257562
0.159765277964
0.250261311606
0.221338417321
0.400838316087
0.347412797244
0.33451972116
0.207245232735
0.361557870312
0.332440841081
0.289494533032
0.277175466311
0.396430378466
0.256910550336
0.322365872534
0.207620492413
0.317230251542
0.286149609161
0.341551235677
0.474522031282
0.296275656553
0.27551304638
0.332326799223
0.259091576715
0.275169905302
0.364397246036
0.237562888708
0.230376265498
0.374676271138
0.409543997079
0.280247841865
0.303141982734
0.356576647259
0.278893032703
0.345875137652
0.294593795065
0.29818957403
0.270211080241
0.356981249871
0.312439728521
0.391385692301
0.343479236856
0.429588725697
0.254917659742
0.327764334452
0.405277888593
0.369824618451
0.362625471789
0.519713080088
0.41651603286
0.42532302193
0.437707233636
0.416752995988
0.288975432883
0.251172497392
0.270079776327
0.374573494607
0.359710350258
0.307723826195
0.337229879204
0.293163852797
0.407944582176
0.227615199935
0.287825856081
0.300012891503
0.300968027978
0.35814908259
0.204430601252
0.291043604309
0.276639384843
0.207106525049
0.434982254634
0.383585673551
0.348367847321
0.27280139441
0.292623469744
0.407908340393
0.328738229641
0.225364890474
0.44142808645
0.22994828582
0.417764268141
0.212641763207
0.427811295311
0.343858673852
0.251688426541
0.297954116313
0.1932910609
0.225295914128
0.274385071326
0.354736340574
0.27628185697
0.307890067789
0.307164026175
0.289187810605
0.297723811457
0.224843203997
0.288401086417
0.427914806676
0.272422010853
0.475342922063
0.17975222041
0.337809479843
0.249421893069
0.272719298968
0.325822476499
0.327139520385
0.357992415135
0.302958146008
0.374394637516
0.218137557305
0.246056208717
0.289692501233
0.432671093968
0.26914867168
0.354409779122
0.24985954589
0.363812037258
0.301600313346
0.369925683997
0.379346050805
0.520148230947
0.256648812631
0.419934013987
0.307581865498
0.351614002795
0.468598971086
0.16467165596
0.310240359523
0.406242831741
0.418356617552
0.301906761907
0.262913843489
0.471202747558
0.247659978654
0.188651970904
0.375986593143
0.298523278283
0.367176034684
0.275026586246
0.46454265632
0.376208234188
0.263672867997
0.270683097475
0.272170282348
0.434506290558
0.181394242418
0.372751808738
0.264732398832
0.325978765468
0.427776340473
0.16985948164
0.395471888508
0.302325904335
0.34268017246
0.207580129941
0.393289196987
0.350261725168
0.278254379511
0.204478813059
0.411505992304
0.360985161902
0.304475796028
0.350668419964
0.217880532304
0.290586997963
0.298557152559
0.342766056772
0.341850726408
0.239084401944
0.227848371503
0.295581820717
0.278615612826
0.37909478081
0.288609954685
0.237813865735
0.251511698169
0.134705105565
0.187408701997
0.272883988595
0.299239772788
0.410480235179
0.236544706137
0.252880368254
0.464048318102
0.257949858424
0.293727871384
0.514258067812
0.346978432256
0.255868644485
0.255802267963
0.293541838722
0.432016108059
0.390180421192
0.25071290713
0.344858359691
0.251951878163
0.412738348215
0.283933404261
0.346946814112
0.279441687808
0.299749898566
0.305646165628
0.535156597145
0.418735687747
0.3925431843
0.407064646044
0.386773881456
0.461916851095
0.304976871908
0.233626772582
0.589558974216
0.245269688825
0.33039113573
0.52231685031
0.378106556589
0.246853717735
0.212983380006
0.245400814765
0.358051957169
0.378189127255
0.366722762331
0.305895873741
0.300562542754
0.289163463618
0.254495788579
0.360548570626
0.221753805611
0.555774157718
0.457478296833
0.238973231723
0.401630216633
0.335270979383
0.330788659431
0.232238371421
0.124811435626
0.175600400876
0.418099092878
0.295733307153
0.190398541697
0.237848302508
0.142341937054
0.187572096745
0.27340371972
0.231889417905
0.145467289331
0.410570565411
0.397747222804
0.404152620568
0.177912861786
0.408952061836
0.395914492435
0.183549097832
0.274619781362
0.396613368197
0.402482717274
0.27429386398
0.280377822839
0.24201755891
0.414807357641
0.257532716872
0.217120474305
0.321130687695
0.509015287718
0.156709115106
0.365660747311
0.376835349082
0.361708117396
0.175662219512
0.540427628407
0.263397949932
0.456336392674
0.199385743889
0.41812877851
0.418880212573
0.294904287397
0.314447626484
0.29337036777
0.254387887735
0.405616941305
0.405639429983
0.428082681534
0.300593476438
0.411840874396
0.363248780489
0.248339455733
0.242724263892
0.300978603006
0.320455922463
0.533341464762
0.267883249092
0.306190436741
0.297176769902
0.306873453387
0.350376761027
0.259820538554
0.229437786527
0.357450373442
0.316613873881
0.369023378109
0.431999526292
0.254137190481
0.179109010101
0.227337052867
0.179663571148
0.315336868872
0.521510415788
0.336620045324
0.289123680587
0.26381902585
0.173512112108
0.388629466305
0.323175243396
0.261551538853
0.211180284955
0.49073928748
0.326663472709
0.286394149828
0.369657278923
0.423389578503
0.192166933414
0.354044794935
0.342212882914
0.21695053952
0.287384471604
0.324814608127
0.382452544535
0.310186447605
0.388028135686
0.430924444757
0.419160942222
0.329717691953
0.510723612764
0.197410259897
0.263932822668
0.468160339736
0.378358944261
0.361214098827
0.365756126843
0.268434580731
0.334817007014
0.366582425603
0.35883471921
0.297898349374
0.323818946226
0.310957712853
0.35944319642
0.320902559683
0.336138069474
0.436865569571
0.29034222027
0.261016083075
0.389034138291
0.304345172214
0.326451735907
0.255370903336
0.325160772811
0.456873267142
0.241732544922
0.375474251535
0.271506448214
0.29742950271
0.355213313337
0.236198807098
0.328967323096
0.292328631446
0.34543435126
0.353575821887
0.346211702871
0.265692639898
0.328814947441
0.302496631889
0.317682147927
0.336037407617
0.281501540508
0.292550064433
0.198870297408
0.245630596458
0.368279564413
0.314397281397
0.231082619237
0.336385693227
0.384112197648
0.329062998311
0.289254858961
0.306124010393
0.421580800757
0.227020144232
0.299452573999
0.253078033828
0.320844307929
0.30725034851
0.334318082634
0.52704072608
0.275311543797
0.249766594654
0.194123116961
0.265112832544
0.362828379245
0.362001482706
0.341783637464
0.332366298245
0.280435004342
0.307958362062
0.278740708528
0.356901174725
0.264573174389
0.43572593816
0.41913034224
0.464052009933
0.352953146723
0.262395965179
0.441631461959
0.272321663478
0.336463030159
0.288839463258
0.328937193844
0.225089765139
0.377019527604
0.277347595441
0.198237819401
0.345545428598
0.276984307559
0.29509015774
0.256244435363
0.337218511285
0.339032113859
0.283392645411
0.253487895768
0.335039530618
0.280824476518
0.287772154457
0.588983202208
0.391869003139
0.303471152467
0.389779433179
0.359882550477
0.343473759507
0.369349386247
0.217048932974
0.283266001461
0.424301987148
0.31692494329
0.37789143718
0.373982138333
0.27473276503
0.360504929558
0.411334540819
0.271960666199
0.401918173531
0.314917614169
0.406461957747
0.357112529853
0.354430966702
0.291444745642
0.277653379924
0.375086766676
0.252874374989
0.39187339927
0.329119277435
0.342837941029
0.217312657408
0.324638460285
0.26737044154
0.459100793202
0.493692620145
0.259559908596
0.315403385815
0.313748740629
0.37179920184
0.298095418571
0.315479842549
0.303244052464
0.246489060489
0.334655217829
0.285379156157
0.266142201019
0.36350970824
0.291322137093
0.314397511666
0.251271505528
0.39550471113
0.295534889508
0.345851982733
0.336606239833
0.334480332756
0.272926572927
0.367938777567
0.242959158211
0.21491226718
0.472813228037
0.310877767786
0.356726181097
0.346108023362
0.388500892614
0.281826233287
0.218864815149
0.337044580303
0.212743575508
0.228212160557
0.276279356145
0.307367368963
0.328820208292
0.372290620858
0.304819572673
0.359480360581
0.310080394907
0.400289126465
0.309275968178
0.25443483773
0.286058311202
0.292371813517
0.270882894259
0.278240425834
0.30366540443
0.267410676885
0.408714525204
0.309148392693
0.519996664149
0.454347417099
0.467033402756
0.268724282681
0.317927619796
0.315117557795
0.367666842759
0.292887092794
0.298422815057
0.298335713653
0.468316425586
0.293733138905
0.381080478144
0.355466437024
0.527831871462
0.252059783052
0.283750363184
0.444076476851
0.503334395984
0.304593429868
0.343742563518
0.421672107645
0.216138011831
0.264020706505
0.149688717874
0.188820682977
0.206433244291
0.193442979469
0.532588337944
0.184199822902
0.25060751633
0.335954067685
0.304619399774
0.209160940611
0.426563747772
0.349922405786
0.444144681499
0.256515515501
0.235447931039
0.361605503099
0.318954810425
0.278470461869
0.405403227187
0.344609194775
0.242075723313
0.251558665189
0.435204555365
0.402765792632
0.507423018078
0.320761471919
0.203469051238
0.557135484668
0.527744338136
0.19223503491
0.319833366372
0.262097517829
0.345931893177
0.492031151143
0.429658274729
0.361138107444
0.239134689056
0.306693338891
0.372343862623
0.474408215858
0.247590359419
0.380634173074
0.205765912044
0.352885281754
0.49965547047
0.202057861446
0.351786740201
0.294503709092
0.373186691286
0.301503689444
0.148754391198
0.526292095151
0.294264417177
0.17718093302
0.362429585505
0.484868037719
0.552170934655
0.383546973908
0.175601141087
0.205254151409
0.1638326382
0.243144889834
0.552526456642
0.440643040961
0.183080954499
0.264349975869
0.204814400379
0.489807130723
0.292944880219
0.369275272583
0.307373937018
0.499053983717
0.456986275861
0.305887151777
0.321043147531
0.435217318493
0.32755353743
0.580924486961
0.545627046903
0.236097651926
0.229597881712
0.212175170354
0.514572488478
0.309139215563
0.3771811504
0.396937816819
0.438617484827
0.524876308656
0.362858116523
0.487554296539
0.325916394157
0.21259319503
0.139918461127
0.419615042264
0.384559737194
0.445679640707
0.205288887508
0.159176955305
0.331788184985
0.407994092629
0.270752502076
0.266523089656
0.448323937533
0.374792230592
0.233908528823
0.373278665388
0.413338292435
0.307871878748
0.326353170981
0.293409657999
0.300423904075
0.300041774652
0.355676897441
0.318761246985
0.338059370125
0.230232482772
0.253168168842
0.279831238606
0.236546245896
0.334088034581
0.60752876464
0.352729139783
0.302285394763
0.427042431883
0.271772373469
0.212024506449
0.292065775175
0.272495334457
0.36876108564
0.361177152316
0.372020949557
0.313684899307
0.304129067629
0.350189644022
0.148755217824
0.32858091172
0.247996629956
0.339661715719
0.355902899538
0.319053839212
0.323407738071
0.341559695633
0.344769635688
0.43186788912
0.290605718088
0.254347198097
0.2835004039
0.241764661861
0.30169197288
0.377598219281
0.347678029396
0.227815983416
0.316843491135
0.391366986021
0.33775210184
0.224173951643
0.362426484255
0.367091874028
0.257671221498
0.216345244563
0.30424450092
0.442294963259
0.288294623133
0.345880877714
0.228488987888
0.279608442516
0.257595358992
0.390677988361
0.327829266722
0.269919079009
0.372840802118
0.263416235092
0.357280854184
0.267146615127
0.276325437439
0.334375514181
0.283564421421
0.4049229156
0.247196779998
0.360455521174
0.340515609292
0.311525970837
0.415846836706
0.446258130718
0.292264506529
0.41203595893
0.34889731136
0.360345919784
0.325249410913
0.317417697161
0.266461903968
0.333887126689
0.351679455066
0.412898414681
0.300967275572
0.27068281059
0.242083296825
0.263049232216
0.270712320107
0.228476028715
0.306623646219
0.296447597031
0.293480457133
0.200963592165
0.290774752352
0.342093210472
0.331702504417
0.226919463345
0.249463786259
0.363724227118
0.323265583003
0.217756437467
0.577271367657
0.259567654044
0.366676632744
0.33044987098
0.328502874792
0.153571190764
0.292049524679
0.467939335093
0.37221503395
0.201970311869
0.316413138613
0.296940921719
0.272421560101
0.367251563325
0.376125011615
0.423231379731
0.273827058367
0.29734037577
0.445273444063
0.227630117598
0.223217367403
0.346518457594
0.311084915516
0.344687318612
0.311385613193
0.396497944535
0.276512388344
0.28415281988
0.51381032108
0.435739359217
0.259111886818
0.175922039293
0.383996389917
0.310788585989
0.339663641285
0.211244770757
0.427402757142
0.307745468868
0.347330671811
0.2326592274
0.345110535952
0.377756860958
0.239167753269
0.394929022873
0.24180826657
0.395306853794
0.463814168442
0.580648289626
0.458532584153
0.131722542923
0.320438150673
0.275966417099
0.503607218276
0.212975446067
0.419148190188
0.372481722812
0.328918648682
0.193291224044
0.422581577554
0.4701969721
0.284263852699
0.224857304072
0.215300508702
0.383477002711
0.311043348573
0.477415994811
0.380592608606
0.284873965441
0.282640667121
0.476797029207
0.406048128491
0.438675624811
0.293241015018
0.351359913963
0.251827487732
0.278170533566
0.344127564202
0.24390569975
0.238808523915
0.347512639159
0.287213616177
0.432531648876
0.254052972107
0.287018523522
0.319594756271
0.265698825776
0.251705696776
0.466068901408
0.345440689125
0.229009035178
0.325793516468
0.246798782472
0.396406909594
0.528073195566
0.142901106324
0.176219901669
0.343681747292
0.292664561557
0.164241775136
0.475346045857
0.229340595896
0.250658691895
0.444151593597
0.462695302944
0.237983807008
0.353569227288
0.32594716159
0.128506039941
0.424011796168
0.45569487724
0.400755185752
0.414114534885
0.319572134641
0.372908574714
0.323700107931
0.286683450936
0.346711318131
0.327938123034
0.254951897613
0.392000583409
0.337464020973
0.274385073979
0.446643715255
0.330688423792
0.442897739067
0.352238549037
0.242844444281
0.272678950736
0.300767360336
0.330775533959
0.383778395068
0.366900568427
0.209837118331
0.369324421333
0.362321525239
0.344250298325
0.47661343039
0.352610957604
0.316170649851
0.367141010179
0.3757697256
0.444701083509
0.232498595282
0.306236808813
0.394233069724
0.405917001044
0.335701181391
0.486681418764
0.510944229695
0.331914271084
0.434387801249
0.407314491453
0.267465213976
0.340643718349
0.312075499894
0.372304879327
0.260835590818
0.335055822077
0.238964703745
0.191626327007
0.368764984133
0.314116440029
0.349824653435
0.367832904586
0.305518663922
0.271235562336
0.359573169609
0.318424731293
0.352960189858
0.383407008032
0.337106841399
0.254803377128
0.332929535308
0.308968143141
0.329148100147
0.321692398549
0.43009190939
0.326312277898
0.365821837316
0.212659833932
0.266123994813
0.420977977694
0.47418488485
0.338154175771
0.37363830258
0.428444727744
0.251157708979
0.397904125652
0.331578315734
0.228629658929
0.360581392349
0.284832287209
0.186924110032
0.345575520634
0.326054748822
0.352257910461
0.349188984506
0.380304700361
0.363273448999
0.221046951738
0.32420534326
0.418810187111
0.627678677181
0.27399614114
0.340739347703
0.25616510189
0.40405287575
0.437250910336
0.306330649831
0.270028205475
0.270329045351
0.263560218935
0.334450440931
0.35275204233
0.346465571295
0.35627481586
0.367427158288
0.3036472906
0.43742684786
0.291480509143
0.305477326897
0.457030772294
0.237016374833
0.390344107931
0.201206293009
0.253143462635
0.260681053088
0.292760720988
0.337063457394
0.317107245992
0.253614862496
0.295141772444
0.288682452091
0.279240121643
0.336489487131
0.29458158222
0.370291406853
0.339025318296
0.249365454378
0.274523214667
0.248724162337
0.231418046365
0.294631084106
0.352097866797
0.300222492107
0.30581185421
0.28300277935
0.378370687714
0.273426213794
0.267131470924
0.346567386947
0.269857448848
0.306839954617
0.36270316522
0.240688727958
0.307892692757
0.277445791716
0.404170274859
0.413566509848
0.319264359931
0.251199736725
0.341030833894
0.285068463129
0.316871959226
0.287170398921
0.264358623774
0.257755994168
0.224679107745
0.332764734101
0.252858554424
0.37954350908
0.199401037117
0.241395134435
0.314727448681
0.327327656022
0.26366756206
0.238904133426
0.288931217513
0.326309598198
0.268360010588
0.274088770221
0.278438670803
0.306104120776
0.236042502884
0.355382524018
0.235210746883
0.265583080002
0.264797320081
0.333644062135
0.353057638372
0.306546268894
0.361804749726
0.208072993123
0.225446380301
0.301522478734
0.260455214792
0.357082123151
0.409231321097
0.341898152301
0.338321397261
0.300320214027
0.403038498595
0.307481365381
0.432359834996
0.644595431487
0.246263537046
0.326987166094
0.368740649565
0.299578617693
0.297840032144
0.280592587547
0.292385671996
0.213453965789
0.295555766329
0.265994750575
0.314514448811
0.333036464823
0.39292505953
0.27130264643
0.281751683878
0.39987814341
0.294805725961
0.27133778052
0.277513115543
0.36766979832
0.354771347859
0.345305590789
0.288874177263
0.292915681401
0.268432705903
0.255606693195
0.332550500178
0.263793474954
0.361088591624
0.268512552666
0.426649862916
0.229823217905
0.309782998405
0.254972290684
0.285789232974
0.414937402511
0.279572992928
0.3016292827
0.292745875795
0.337556377804
0.279293871274
0.33171988165
0.373540807689
0.384251808852
0.28479430039
0.270759089985
0.296332296727
0.371462977898
0.392935796627
0.354031226327
0.262016948905
0.430243862174
0.379623062743
0.333637737008
0.24627203819
0.242996344612
0.298941096584
0.33405186036
0.303105179542
0.270528220224
0.316606005631
0.359740594534
0.270138167664
0.404552698404
0.285854569973
0.398976907013
0.357313302132
0.254134271987
0.390611506999
0.294972148456
0.289800074455
0.290854550367
0.366237962235
0.291591330671
0.285376793412
0.262589455619
0.301674938689
0.377438982967
0.188243342183
0.288492555034
0.360971796338
0.249064100693
0.353802088583
0.359551160671
0.269561689944
0.301457800308
0.286570711673
0.299495986063
0.407888580178
0.293812245402
0.340299727862
0.335879483693
0.385165162188
0.264536065555
0.252955990075
0.400564366513
0.393699512747
0.222754494519
0.27052174396
0.314522318265
0.2622874269
0.297457742042
0.386017090993
0.340425894522
0.404380176376
0.35146414929
0.330875356855
0.300833394109
0.253165056462
0.389129241777
0.328044253156
0.334777613778
0.338137257803
0.304101381043
0.344424838142
0.304676012354
0.310204178017
0.369028964956
0.321953956773
0.263693565274
0.311867581077
0.217903987047
0.422306393486
0.245554876421
0.358514915612
0.388459617528
0.251601027036
0.341681375173
0.377256339096
0.310749107179
0.219830445123
0.331788837859
0.21108919775
0.179514710903
0.23227565138
0.356545340435
0.28363360314
0.291112264277
0.313798474548
0.214125564352
0.352580498498
0.381287271476
0.320927000627
0.289728765157
0.252956576239
0.251053335919
0.343448962888
0.344261873703
0.412318995012
0.233712993183
0.309435299079
0.294747435664
0.399524206395
0.30697527051
0.281244918046
0.372220577032
0.329752390007
0.185689450863
0.29627565043
0.466452789484
0.330075017903
0.364762558051
0.265971295109
0.388929337042
0.452456003898
0.257868097826
0.307163109458
0.370792080277
0.303177276847
0.441740497897
0.352911683769
0.316035803602
0.356875571642
0.386906607842
0.330370261104
0.356352295749
0.299376386601
0.33118803202
0.266860922729
0.364234670122
0.310271270115
0.369501019278
0.28087452316
0.364363747851
0.273737448361
0.361411997059
0.323972225881
0.241368808324
0.259477334619
0.241842648878
0.341147211995
0.324964152708
0.360275155187
0.298844130899
0.245065827495
0.251772099031
0.319756301129
0.299252828302
0.313016613758
0.27419891428
0.339159240171
0.246313663601
0.300655203056
0.333034172441
0.45640628986
0.376299691185
0.235217009682
0.257567123206
0.32575421176
0.437962033219
0.345992492375
0.29318228083
0.326761748271
0.371853977944
0.345458071752
0.360019454746
0.190937553327
0.349477951524
0.339988248124
0.294225129244
0.296283455182
0.243382168695
0.31768591388
0.269698293368
0.360435315279
0.398504358292
0.288085612131
0.295878366381
0.314137096914
0.210598846241
0.343698688951
0.399923613449
0.326497164632
0.275906076312
0.220137543776
0.329842432464
0.375645082615
0.353238290199
0.285298016074
0.248644385882
0.32556725133
0.266208379074
0.362200277776
0.31072445899
0.287063978446
0.301042510154
0.286426536666
0.305934706574
0.37340378847
0.325639051106
0.269786067449
0.3018874596
0.394513638125
0.208702429664
0.388714653969
0.329100275587
0.354549006679
0.254611140675
0.291634115982
0.213828418657
0.306113793929
0.294917159215
0.383029012832
0.358779110637
0.357296637742
0.394518800317
0.376916462576
0.353503984154
0.299220784688
0.297308852543
0.338612623816
0.32578864434
0.258605207196
0.276083475881
0.375678012534
0.400342004888
0.313794200136
0.228667934661
0.293261864229
0.257956952565
0.351905174937
0.416671768004
0.356116124745
0.368197724764
0.303782262196
0.347538140077
0.32956650084
0.291828655298
0.328379135583
0.277393105978
0.276610518832
0.287289865424
0.397188473428
0.38390551136
0.444468781665
0.290812575873
0.286187096818
0.371548175222
0.364516341363
0.318070954116
0.283947224631
0.278043629839
0.337910914447
0.307094556625
0.271273471077
0.382049328481
0.365354893654
0.350903854544
0.292841729366
0.305910865543
0.307989905125
0.412915016621
0.304544330171
0.334953023311
0.316193219003
0.408064178456
0.344294488027
0.499748065863
0.320163996707
0.29838725501
0.284335600722
0.317709569455
0.306342794609
0.417255717521
0.350515496142
0.423781578841
0.28371333078
0.40644940918
0.408842283801
0.293513641071
0.265977067346
0.271709455397
0.353384804155
0.304949570405
0.321923470343
0.28947714804
0.297373837881
0.338494939726
0.285421764913
0.285174009229
0.267520955642
0.466444135521
0.346782006331
0.221762088864
0.350922685958
0.182520110256
0.394896816732
0.294897025812
0.331128970896
0.286145271092
0.368482213349
0.394209308018
0.337921287978
0.303870760686
0.277749632572
0.390940680793
0.394189549689
0.345445116215
0.350136630541
0.338446765774
0.258448573039
0.277801716021
0.233015803707
0.250424808654
0.328497205763
0.308033620567
0.438651090472
0.254198295588
0.342067051131
0.395824149738
0.271719189288
0.307664027904
0.358445620073
0.310826968573
0.243289760112
0.370120703651
0.32121443075
0.270541598504
0.312375743666
0.390100640663
0.297025251471
0.312693309815
0.347080043667
0.312339678536
0.399595196266
0.220828143249
0.395514954448
0.219508660195
0.336024375144
0.330490754892
0.344112641826
0.206458405335
0.36159548105
0.318571986817
0.375713231824
0.332673844165
0.362084745466
0.39775331953
0.304012546101
0.352611066754
0.334475923855
0.371927891435
0.364272457544
0.352387390595
0.332971740563
0.330225716569
0.353708806641
0.436336187618
0.312321459703
0.246897608183
0.317801833186
0.199708056749
0.41822724752
0.324375734648
0.367405252519
0.476485690763
0.37050061033
0.322560699174
0.283140443583
0.302408595984
0.23530408804
0.290072580359
0.306486553505
0.278985370811
0.331948512376
0.242323895551
0.251470805254
0.253891157132
0.309836937895
0.398625887282
0.404466447088
0.200001504614
0.303261128888
0.422173303599
0.4676546442
0.386971616348
0.457562985663
0.283475351984
0.376564867237
0.384270773943
0.388779438978
0.336189032275
0.403627439878
0.478464100052
0.382555334655
0.269898625818
0.393604049765
0.352087801093
0.293558262928
0.340526177559
0.390919222756
0.342392875328
0.200125878067
0.329753487661
0.380462689506
0.343770574982
0.376925904575
0.297786473505
0.389443059103
0.336617998171
0.253951216416
0.439315247805
0.403020678469
0.385345567066
0.321939302227
0.336913887741
0.373979118023
0.347767125613
0.248496170901
0.224237681879
0.250855448707
0.370318441866
0.385622701173
0.400761402746
0.277121906669
0.277432731373
0.326536304296
0.298142706468
0.303875439139
0.31918563234
0.484084082238
0.288516860984
0.353464204865
0.326032356136
0.325308264642
0.358414967305
0.420999388341
0.377765777867
0.424552015831
0.429033449405
0.243647180268
0.247720695186
0.283097104145
0.360691806585
0.296826809118
0.406569263824
0.39944843532
0.351506192653
0.33630994594
0.296296446473
0.389768526149
0.298440198403
0.279704653231
0.332082065507
0.34665338549
0.442934974875
0.488211740789
0.313804398171
0.208466900201
0.280611640456
0.274496854306
0.295280264492
0.315790485163
0.462202124143
0.451873590547
0.318624960899
0.290698445663
0.385801028109
0.244005356108
0.327506955915
0.264677849394
0.351576950496
0.307229850176
0.373003222307
0.387225419039
0.33680829113
0.426428478073
0.321319452202
0.310516199607
0.273601030015
0.276621959038
0.318185873139
0.309111240044
0.376613692046
0.308181659112
0.350239976463
0.291475082479
0.245146794257
0.355702257901
0.289700244184
0.262650232402
0.370170821149
0.295831747436
0.296033477817
0.498923014409
0.333039659955
0.237686001126
0.262733678225
0.447173601327
0.353796535869
0.291905848066
0.256680175218
0.382721309202
0.322269043322
0.244316146952
0.33027161274
0.375803803213
0.208108514812
0.170933222198
0.401835344871
0.416269274676
0.293848355164
0.291263403461
0.298648733124
0.257999150991
0.416401025925
0.345731346819
0.287272833915
0.328915889773
0.364464206788
0.246189768375
0.247483755769
0.226258366058
0.380364173182
0.384089785443
0.388530835651
0.306416643656
0.329654776201
0.222938385003
0.289168058014
0.318616947126
0.300985073613
0.311422541224
0.381337223851
0.370297257128
0.344168677896
0.227715149006
0.209788846175
0.401148050675
0.24907415215
0.195142832852
0.332752106918
0.387806414899
0.409802885154
0.34279247387
0.328415255282
0.325435698685
0.298507723496
0.418529560275
0.354855595467
0.244517108118
0.35934199212
0.341124497338
0.209943573527
0.260303572318
0.420201773649
0.277205530086
0.266477552911
0.345344181364
0.39850281341
0.330695011118
0.304128236018
0.414846760941
0.362697452897
0.252898715073
0.307004784334
0.320237053956
0.185693847838
0.261866554405
0.290604234235
0.329759824913
0.307916799561
0.286034782676
0.296858798802
0.373149014964
0.22847674698
0.233056992956
0.265439072843
0.262543199492
0.399656786044
0.286319594608
0.375593217781
0.269153774742
0.322035440477
0.273379721086
0.401815817643
0.199486855166
0.38352303918
0.34765576503
0.372339324553
0.447345259688
0.211549064384
0.258357899402
0.209945881398
0.259547832934
0.223513002852
0.286109660209
0.333424098495
0.37407198873
0.365402645474
0.435274606625
0.209840830711
0.299489346697
0.205705849527
0.251601042384
0.272972017049
0.315863616794
0.244169581621
0.304862203722
0.421619875318
0.231548789013
0.338185337865
0.280884539536
0.323875618617
0.290391803834
0.411656544833
0.39850822245
0.360821070871
0.39025983239
0.238173298025
0.209660629727
0.3108914506
0.380341753477
0.289295196999
0.257438748712
0.256037933766
0.239332162207
0.295695514374
0.344002318019
0.325590949373
0.317204368667
0.328803521281
0.275451762684
0.255258477966
0.401075893276
0.214372219651
0.236645873844
0.318186978848
0.308816184008
0.321273394629
0.309774772405
0.371714167264
0.366914623863
0.324383567682
0.291276430741
0.254430346357
0.339992629428
0.222979881506
0.365874894271
0.354098287513
0.277556333194
0.238259739781
0.295844835018
0.381059231507
0.355695274666
0.342424812138
0.409139114758
0.279023842567
0.257951733863
0.296935812781
0.304252321008
0.307386290205
0.301205679459
0.332176528072
0.339893374883
0.361384712093
0.296411592614
0.286925813602
0.349544719359
0.340025903356
0.261104967115
0.30213175903
0.350773717472
0.363295281171
0.336198873384
0.284500179077
0.197462036178
0.37734760311
0.407237725398
0.346059694389
0.277989536054
0.397033621863
0.349970348639
0.253277652559
0.26957999105
0.349410263322
0.459847478717
0.289794814296
0.361349727162
0.184074434239
0.31241614072
0.275240716282
0.277929945177
0.3449622388
0.29269006998
0.288082191777
0.396678779406
0.313139149227
0.344515118975
0.334220320236
0.321190773939
0.307548148559
0.381124812022
0.249970933649
0.336504717141
0.254728934036
0.289136233117
0.359999932184
0.408904471776
0.271061039564
0.327441214417
0.352883208999
0.330971010869
0.302602460079
0.29915817335
0.255263957858
0.312208730827
0.367161190292
0.251467270345
0.451949042131
0.349136522254
0.288184408859
0.334832007984
0.30249079671
0.375215937784
0.301916981211
0.275649063524
0.416758019749
0.289902424161
0.362024232579
0.35776352891
0.274512438067
0.453861478613
0.337204929662
0.276838931939
0.34645142098
0.250102472288
0.271530407962
0.287960744204
0.371105285771
0.266299333375
0.3672952821
0.350942099046
0.280861630205
0.302923812825
0.406688516632
0.295186388863
0.338034367236
0.235471949247
0.341914569427
0.28195366065
0.241683354044
0.266033866632
0.344085625432
0.347009758514
0.399325749365
0.307242265002
0.191523939169
0.375677277161
0.253612652958
0.311350878826
0.222890257461
0.308924697272
0.345444266587
0.270720019035
0.327791288418
0.340162885872
0.359522414646
0.326056713925
0.254768956685
0.335289447767
0.38477168301
0.308212910412
0.300537007887
0.399038540664
0.276893889584
0.300708383015
0.473800488217
0.317317120615
0.26474793799
0.270095100059
0.267621101072
0.262886524342
0.270629645789
0.387097153008
0.299579482074
0.251514004925
0.313081817478
0.353902136859
0.274577680572
0.377420347495
0.281939692237
0.265209216378
0.350649302362
0.268787360729
0.210810665603
0.325639450381
0.342276132821
0.312608530687
0.322307546329
0.532198175614
0.229680001982
0.537106173555
0.26864886563
0.269326532155
0.39310400241
0.228628054749
0.251772117333
0.318863643701
0.299092266602
0.296645674113
0.239036113802
0.443447039888
0.354194180036
0.358611226676
0.396156011802
0.316498037889
0.324586428547
0.315451602386
0.308388875883
0.287346244787
0.277355819688
0.321924250954
0.366641728554
0.228136794667
0.233241486612
0.256194440407
0.348072829458
0.273306952027
0.297339196518
0.350922052649
0.334187245412
0.341406692292
0.290772751628
0.311552170027
0.372654121734
0.340483585807
0.406722903368
0.319527070766
0.299549773136
0.374832670653
0.415187217764
0.290766650616
0.355349141884
0.334940300666
0.364353344479
0.261987988278
0.294213440819
0.380471769733
0.284064977913
0.311298967876
0.264353540403
0.37213091902
0.245449103529
0.396993087033
0.358066362227
0.355505383392
0.280512905424
0.33123820184
0.293229355413
0.233970284676
0.336524965375
0.23840770228
0.323841276584
0.316344252861
0.235860775287
0.363793051493
0.391485824966
0.324136701921
0.32929361598
0.194230801402
0.233883637729
0.317795123965
0.34803910371
0.256709695303
0.294670082467
0.357952721279
0.378945851749
0.324780877016
0.29482756585
0.366121083588
0.331549240553
0.380864557234
0.305322780392
0.351958090989
0.297485063707
0.284521110841
0.364091769504
0.333517513262
0.418934358575
0.283283735718
0.380798604066
0.309982894526
0.281989196346
0.254214669624
0.313919136825
0.39070601492
0.324425855117
0.289802699921
0.312781933192
0.326940060926
0.315443387654
0.267741625885
0.37048628505
0.407377341337
0.346673748742
0.336366882918
0.38819146692
0.24726595384
0.340153519087
0.32832686373
0.325856500833
0.361543367301
0.401036072343
0.28836529679
0.275262174546
0.270355154694
0.363720716954
0.355682000481
0.367454038383
0.338340706995
0.307992847336
0.313241415229
0.341403099076
0.253317735952
0.365069362727
0.32760411859
0.349902069245
0.344615990094
0.293222376036
0.328050485293
0.228899057419
0.334727601635
0.53388063251
0.372919695712
0.323887073935
0.266531901851
0.347171174535
0.334126754204
0.339584946073
0.399663830662
0.248739808291
0.351296595936
0.310411815914
0.32290552483
0.282074365147
0.317080132808
0.367544774323
0.331931289302
0.308375862513
0.384702760483
0.241571749256
0.384126853151
0.488285411811
0.268870537637
0.301837905899
0.193001473642
0.305652275622
0.377254175142
0.295351410675
0.463627740255
0.237376711829
0.290103922219
0.375733744092
0.309765870002
0.298339066103
0.409949086539
0.301544315297
0.449484443645
0.308519001436
0.265191877175
0.196761175376
0.345220705901
0.245054909503
0.314667276532
0.493581394945
0.322920741544
0.336793796443
0.354857435993
0.418495586834
0.234731597053
0.278209271869
0.329631404109
0.568596495324
0.416761499528
0.365803842028
0.344991175496
0.357953572527
0.381937561265
0.289880558211
0.246788541697
0.351978960348
0.333040188815
0.215696113154
0.351341307023
0.373769255372
0.310775371268
0.360030905133
0.33769751884
0.317478346884
0.434888529442
0.351846512584
0.294663912672
0.412755080427
0.260192724702
0.277280686735
0.400262258972
0.315816632633
0.331777584817
0.384697639771
0.29661373673
0.362411578155
0.314491537395
0.263025204417
0.281733987208
0.336803991916
0.323931070111
0.429175144878
0.246659066374
0.270860970765
0.420637510348
0.402614009099
0.418320047088
0.310508572503
0.243730884716
0.219791061091
0.384249204231
0.358563717453
0.211403717667
0.271888905801
0.231624753156
0.349979662301
0.345396941116
0.243031808162
0.327707978639
0.26931305229
0.284327330835
0.327164245577
0.197470322197
0.233237169075
0.390089729386
0.304496858905
0.35523701613
0.324753752339
0.201187478303
0.294037280431
0.248364231038
0.390197360474
0.313470398914
0.371864287878
0.378050245824
0.361037668831
0.328577210335
0.283324490449
0.246166234457
0.253681247327
0.306528038354
0.307891962444
0.293507101003
0.280735075823
0.359028542265
0.306034648348
0.365846021675
0.250403017646
0.221010061815
0.356082490364
0.318166423349
0.302943122589
0.269478555722
0.322154553441
0.360320792096
0.328553280768
0.361654468141
0.353378170838
0.259004911908
0.377062555398
0.274843566353
0.234148976112
0.31220083466
0.290904303165
0.367374709391
0.298546615567
0.298881816082
0.267145199833
0.344276565278
0.346970521096
0.459219767341
0.271006015068
0.300309816854
0.267750862235
0.397733805482
0.328099928912
0.330726027609
0.241902454853
0.239324779473
0.261766297229
0.283529863988
0.259599034004
0.298980976332
0.299413932934
0.332233328511
0.225086279018
0.315369755574
0.242181386926
0.318644008536
0.420389357486
0.339625292863
0.28053566017
0.329921013104
0.249554911744
0.261795669628
0.360280997127
0.302617764189
0.333059993357
0.317806202
0.322264835908
0.328143676319
0.329310382075
0.31553116372
0.391859505827
0.312725615695
0.315486518108
0.355587027771
0.323642191976
0.255939404235
0.22777035514
0.277355940655
0.272438384432
0.316727065666
0.257265670051
0.401156483011
0.312264082912
0.35925482486
0.187732068742
0.381516792047
0.242224124324
0.350440961784
0.316313918426
0.281416075351
0.366257960038
0.204514871451
0.23371740896
0.261589816914
0.265221390964
0.249202835044
0.379438884993
0.256289167062
0.337667312624
0.336822809999
0.354011714112
0.388001038157
0.355859815236
0.285832745888
0.369068518081
0.36109294272
0.383075677214
0.175579225131
0.306343992115
0.341435034203
0.291800643357
0.291749289757
0.436058831872
0.421231432858
0.280376981447
0.305724090945
0.32196598044
0.253135960521
0.235984587391
0.290265235209
0.372599819923
0.220148075354
0.304588112897
0.486536054097
0.252655922149
0.346361563813
0.260117109622
0.312179120057
0.35976677424
0.259025566299
0.299320339035
0.253905428717
0.381711514377
0.353616291285
0.224211092659
0.311131365801
0.256494434057
0.274713607064
0.293139977858
0.294071393101
0.283529588141
0.330659292085
0.357259929997
0.350122142951
0.466474946473
0.201774291906
0.361007112076
0.231642123001
0.366390527386
0.3982725613
0.277811512406
0.216287817926
0.292447305892
0.369650912494
0.354412953396
0.299074317639
0.362087783383
0.310281246008
0.267742616751
0.250126885359
0.331289136434
0.31245011583
0.328045715583
0.274794249359
0.241964059394
0.302799232465
0.372577378967
0.253931150139
0.345981365117
0.360455632826
0.369023155116
0.343516939401
0.209290950126
0.305446342642
0.287700751733
0.313540527999
0.347426596188
0.282653815264
0.336237988326
0.356288295485
0.253641267693
0.389116520523
0.373077414073
0.367175908574
0.328984404202
0.259403671356
0.339142233465
0.427753231
0.278428648385
0.234851807234
0.349381695717
0.311088046634
0.293226034163
0.35930327826
0.274948413085
0.424648714624
0.319543868703
0.306127053423
0.346059443542
0.335679929133
0.329615093711
0.298246276662
0.343217186884
0.369649642422
0.243538649882
0.400658612541
0.251060739088
0.280611525784
0.335691248137
0.313937886544
0.353005857012
0.271231571579
0.261009908056
0.24094026929
0.40796716942
0.25401904357
0.330401463228
0.270724067405
0.356519586715
0.350598347596
0.348656331291
0.400342516058
0.266391466654
0.238454677045
0.30919515036
0.444957511244
0.31617476806
0.332783835333
0.352820333161
0.335770331445
0.316531232248
0.242679997767
0.313189694181
0.307365774777
0.244039930066
0.327915816898
0.23914114927
0.41584701227
0.296282760954
0.398523876444
0.274692975561
0.336216822322
0.400059850006
0.43724723799
0.278835948246
0.304917710567
0.273014445679
0.341380916521
0.287070113688
0.193790103845
0.247616892893
0.361701406404
0.23137995473
0.358237295977
0.292186262751
0.289831394192
0.330432552675
0.272059105576
0.432818073512
0.350692338047
0.303967742691
0.348965001209
0.404614740374
0.374521134202
0.376660789546
0.179497560293
0.252462217703
0.245193632572
0.30750856604
0.252821305634
0.339663323438
0.312219962789
0.326575601442
0.429022596012
0.294684605481
0.315654742765
0.32502501138
0.28690967921
0.371930864814
0.334733376212
0.320736885806
0.256101814908
0.362708947434
0.257098040824
0.348879076798
0.280811641274
0.345775849991
0.279120524229
0.322343486148
0.377851711684
0.373657099798
0.337133255485
0.467848060701
0.35852475641
0.416481822529
0.368227074402
0.351387311592
0.345760540335
0.439941091814
0.244339447236
0.231383305862
0.331877456098
0.21995542501
0.273730416398
0.324147464545
0.311991234291
0.271565908907
0.175772562873
0.31894890803
0.416834209155
0.351686812498
0.352657017007
0.350569161994
0.263837354465
0.251336154169
0.437857755182
0.391964651985
0.346212778229
0.373427447452
0.361597913597
0.367226018488
0.259095598656
0.362649657813
0.271688542551
0.257749111285
0.319303938491
0.3128427752
0.314225661986
0.292878088822
0.29559086878
0.325898659861
0.370269728724
0.350876706886
0.419177438657
0.324323699847
0.369730459567
0.37048038596
0.25453917784
0.369272529138
0.29132102726
0.378673868063
0.333570502817
0.304731171968
0.274208650301
0.209473899415
0.357769412448
0.290680044184
0.358139191279
0.284881696988
0.28592395422
0.24222683503
0.397084890669
0.374769641298
0.38659383231
0.269337137753
0.303633551962
0.369707939163
0.286665932251
0.371443074219
0.276988821677
0.277213162712
0.257244210284
0.281363788009
0.305697988851
0.341340407801
0.322691059617
0.398182604524
0.36387240533
0.333471626583
0.322088104019
0.338762568663
0.287076661906
0.377755326407
0.352532243916
0.273561901654
0.261266481504
0.384178040132
0.262135193062
0.327871179541
0.32575201443
0.384100946675
0.367305071304
0.319537592178
0.308116188294
0.316969685002
0.480886724761
0.311425358274
0.210489987496
0.257228015829
0.255070501006
0.287091240428
0.25882219936
0.453925820913
0.351877672388
0.41062393219
0.307318120783
0.34066851279
0.295319155372
0.270929422581
0.324829865522
0.275636316176
0.320737175136
0.369353363522
0.285293725301
0.395402442361
0.224125532518
0.378650735094
0.319337996028
0.327476405203
0.375647634944
0.285876437613
0.313839866478
0.347916165799
0.307670507583
0.340009090806
0.307416504225
