0.289323025922
0.348728083574
0.313916344322
0.360106474183
0.277992077587
0.39701419351
0.297731245877
0.274300954699
0.32615546298
0.332270467402
0.284264180416
0.286616144218
0.403559778722
0.241474506663
0.274014571681
0.304128658453
0.204412055962
0.31195638134
0.3464257596
0.299411120676
0.290891101006
0.291180317185
0.284977379919
0.374063863901
0.332599863541
0.260572636442
0.357239722271
0.3365577324
0.410492804
0.274849894524
0.27802246072
0.283373176126
0.289447227006
0.308922614271
0.241629951036
0.307505914458
0.363955418934
0.301801224657
0.278924398741
0.261166627632
0.355445636889
0.354313920951
0.360951528764
0.366689948418
0.287416372999
0.303882753599
0.299395599708
0.267450267517
0.285017690919
0.421789562952
0.240776009873
0.285781830957
0.278523065138
0.228811521797
0.347489028219
0.250594614173
0.252950685735
0.219298800624
0.297892809635
0.340261107852
0.336507808335
0.18067176484
0.290156621052
0.314705280046
0.383052370832
0.257879041703
0.238783729768
0.320965609976
0.33401116859
0.23645774349
0.292964353781
0.28313295777
0.300153798747
0.268075501234
0.29611935404
0.327293244935
0.299483148646
0.209547844705
0.371294402578
0.389847268298
0.267939079511
0.261934327565
0.314034394207
0.285042692216
0.385081418395
0.257185636856
0.268387953318
0.298168120847
0.253291443804
0.430504293235
0.293374261293
0.273609127858
0.407509095182
0.293397498114
0.259526088281
0.292339281171
0.306476557866
0.278454397108
0.306407816046
0.282929815376
0.332690492105
0.229334146182
0.382402478658
0.305715076681
0.451791947899
0.306289393
0.290781842265
0.320167204051
0.280669397312
0.301854515372
0.314770450554
0.416480301268
0.315441121941
0.240232598164
0.221802952353
0.297146362551
0.27997757956
0.396771371101
0.35013888649
0.30460324808
0.211589035853
0.361085424546
0.291358954059
0.333341989639
0.245823574811
0.277770812764
0.3274547271
0.273935127392
0.336905480357
0.270811526832
0.273452202827
0.411145699948
0.229369266459
0.351481806702
0.294249851775
0.301783420262
0.289211103865
0.199449333657
0.267601575435
0.267571346054
0.247358518815
0.25936651693
0.263404221911
0.346106463091
0.331427996195
0.350666057578
0.262251435989
0.364145105597
0.314887035413
0.408443549593
0.353951585846
0.345082490006
0.26573623768
0.316003701098
0.321374370304
0.20227683873
0.311994748138
0.180911286894
0.30231038526
0.305106144534
0.246419838169
0.323485075476
0.314918356568
0.30086402505
0.305938393121
0.361434330104
0.284561747113
0.337864044154
0.382223889234
0.299225100178
0.253723660061
0.240411611107
0.319519064948
0.211409477578
0.325800943037
0.348080988717
0.309062512751
0.299366765981
0.301840854309
0.26182923072
0.23524880186
0.309062006138
0.280105245466
0.368417722832
0.280399991011
0.333163664726
0.305438158014
0.228422906881
0.326299293566
0.252949868039
0.333532460335
0.347944223561
0.274910069107
0.265412280806
0.321257639027
0.386266094217
0.306390136107
0.316494845587
0.391415968276
0.228488108206
0.324507631995
0.312023188098
0.244273216093
0.310133524489
0.30216253118
0.280397419186
0.282176845416
0.242907108536
0.305544862001
0.286594955837
0.242661288405
0.290694318183
0.279214797127
0.254406916819
0.226813955212
0.288865996621
0.266593302284
0.369481972336
0.326628689953
0.249424895685
0.254126032699
0.360100381552
0.177526783771
0.363232373081
0.323264787243
0.270200458696
0.311164360467
0.318081777839
0.369076533298
0.278862113732
0.320123449023
0.347481616329
0.276833158497
0.25455730296
0.364497763399
0.238771789583
0.345182391883
0.213566342461
0.175171491318
0.257123330325
0.286516559276
0.32569178592
0.235236717414
0.345708264634
0.254160366333
0.336947882418
0.27624330945
0.252983808066
0.251055765525
0.253904900339
0.341910042565
0.332659813961
0.324705352014
0.351539021258
0.390798038018
0.186742262849
0.293406266439
0.324328357693
0.353343389088
0.335453741383
0.254365070767
0.351123111858
0.31903462115
0.241200512193
0.350351469845
0.294444466525
0.291682289725
0.276474666268
0.352510790884
0.32742289227
0.310969036111
0.372685494297
0.355303054111
0.355407670684
0.27982828093
0.239441941049
0.300673825254
0.223176295164
0.381690530307
0.378844305412
0.324388106505
0.252467892914
0.333689079473
0.312219234722
0.262082826736
0.255860924405
0.285415897208
0.355820975307
0.268553586021
0.233856123523
0.298144783514
0.212975893982
0.295199434186
0.322127541826
0.304111760852
0.239423396321
0.358795393224
0.318266513929
0.243164531121
0.333437168291
0.338657511536
0.277613783458
0.318499744711
0.289621835891
0.334583526407
0.315139053045
0.291319688802
0.291065215935
0.319192743524
0.245279415322
0.270372521836
0.295429823765
0.382869158065
0.271497063249
0.368256607863
0.270263731672
0.273300674181
0.404021227337
0.321137553868
0.33657584194
0.33890374139
0.259151071739
0.292786904895
0.194571516573
0.282852927726
0.316669689725
0.317299765563
0.282578919544
0.377447524723
0.277026437402
0.306692233568
0.346985620139
0.218487840831
0.323478321287
0.299900281074
0.284582946592
0.362216824774
0.42419959206
0.35196027681
0.321160981736
0.256650026281
0.308176631022
0.2130642593
0.272008672291
0.286425182625
0.331660936167
0.276818718725
0.325385084164
0.249309533287
0.257435739561
0.232589651133
0.335458190205
0.228387689638
0.351131416588
0.279510924707
0.220903717258
0.343799651
0.215254904549
0.270537400466
0.264417334759
0.334891316766
0.279123854918
0.287911607415
0.344580084173
0.373352023177
0.318307147619
0.260481809827
0.312147921888
0.32771871088
0.304673096613
0.289728205599
0.333131931146
0.290114665401
0.269999954232
0.241274445316
0.300731934761
0.324416964213
0.32925026081
0.332371541295
0.26713601998
0.27691887438
0.282991873945
0.410324572472
0.274852604237
0.328790782762
0.32497020862
0.266544966853
0.361862697499
0.314638370636
0.346894517983
0.321981797347
0.250334249752
0.298202302117
0.367570879137
0.350966121464
0.359074826045
0.334489645243
0.305117387906
0.382870661435
0.342804455857
0.25874365847
0.338879704709
0.206002283854
0.331378964068
0.3109480579
0.309812550438
0.303165871773
0.297641600738
0.269251450258
0.297722063416
0.296227041552
0.346131134161
0.29053538758
0.256318055545
0.281340272111
0.230013508731
0.333301823475
0.258521386783
0.322929357321
0.195521713576
0.301515465664
0.285218212043
0.201615168582
0.306610901906
0.355930937625
0.253666333795
0.290266116899
0.351436802652
0.249118431376
0.228770004012
0.24349379726
0.379928714892
0.359915227639
0.341125084423
0.33818323037
0.347216907733
0.311574205991
0.292574408558
0.367322106146
0.216379697423
0.189369362647
0.206794370553
0.363819500265
0.237880190755
0.280494231013
0.332057578243
0.281407523914
0.350500469412
0.260134696708
0.323865197657
0.349533571847
0.284518173259
0.345744719036
0.344689518904
0.262818238145
0.376619836815
0.237241776055
0.320638111989
0.289149171523
0.350975547339
0.316900113967
0.26577150199
0.284213818036
0.261595179938
0.302157245562
0.325123792682
0.271631182869
0.219208813918
0.188097856565
0.261082341942
0.232218163143
0.313989996419
0.222984091534
0.249000826562
0.29127819453
0.459178284937
0.18427702513
0.314572502957
0.303046993033
0.305843068869
0.293267332604
0.25445205573
0.327006828643
0.321798374655
0.276901342949
0.311163302788
0.29110679067
0.292062135474
0.228832886313
0.26933135884
0.318380902661
0.247785224892
0.339395996213
0.293384853348
0.347972195729
0.313257586597
0.301348494737
0.270361704164
0.24953787384
0.226542914105
0.256835856275
0.267025683209
0.259970401785
0.261319858577
0.37410390693
0.302504672722
0.293812039346
0.364533686561
0.305347255045
0.385363878012
0.425326612335
0.341498191213
0.292905443424
0.418197144816
0.300893656652
0.346498800588
0.322348445108
0.365994065614
0.432770038641
0.263419622734
0.225223749101
0.287335162282
0.359319251589
0.317327232467
0.282003679212
0.391501318312
0.315271312171
0.323715736994
0.394304137186
0.383433007583
0.286874292573
0.36680795594
0.27052370787
0.366590503221
0.229503189111
0.289788134766
0.405842076608
0.283831825064
0.265951741187
0.257342061685
0.246385455788
0.344202340889
0.246122739025
0.289236234691
0.226564601122
0.310933762489
0.325080657852
0.30208650434
0.368983934082
0.215849135341
0.375958658045
0.276820574195
0.336216460174
0.358570020891
0.262107419753
0.279162801443
0.302931150986
0.372716535591
0.334558853845
0.329547614339
0.244023884561
0.324092616545
0.243713762574
0.347816991267
0.406405216492
0.267659285735
0.327817663763
0.413019817861
0.325526744148
0.350050210298
0.230659186665
0.382476233152
0.310852841704
0.395741138298
0.239077752095
0.278754008425
0.2857652723
0.316581439267
0.305536520262
0.364175577641
0.327166515105
0.623588988033
0.294985518954
0.367233699722
0.34778758728
0.280219671877
0.355708603077
0.310151483174
0.385965479178
0.336064200162
0.250488800701
0.370952081424
0.337950588176
0.283191754211
0.371963770375
0.255562298949
0.288787463392
0.339457045515
0.365228420917
0.311661519373
0.268510535977
0.315318202354
0.294203162136
0.224603899212
0.232578218803
0.288832386445
0.376393883086
0.262437642227
0.38964600152
0.398525072112
0.353868311395
0.36755684928
0.292740504049
0.233653905814
0.285205391316
0.279858345842
0.303592886641
0.336848530873
0.301781155214
0.327029028609
0.401404547357
0.357545586237
0.349453918487
0.374501558578
0.281556701925
0.278874120319
0.252997175577
0.309038528319
0.334818964232
0.312085547685
0.400601071551
0.311748232004
0.253329183777
0.488831443664
0.310081030212
0.34347097172
0.324286499411
0.348582227163
0.366240403284
0.159527472556
0.401068248635
0.293665235279
0.277495234611
0.260020438803
0.457400994424
0.419627081239
0.394550689971
0.252080163858
0.28428896319
0.278434951017
0.313237176503
0.333565734861
0.271660803213
0.286959299599
0.261774216886
0.370147068789
0.288083617825
0.33001798411
0.228756952222
0.415361530697
0.272386185349
0.288541249713
0.336088027229
0.247033533465
0.347934126981
0.29908437287
0.295555096093
0.430499078292
0.345070964754
0.305611749282
0.427437430871
0.363292806598
0.416273291788
0.306749601371
0.294463397856
0.317643727143
0.340908728091
0.26983156044
0.345846800383
0.311010162901
0.310278405566
0.382904246837
0.290222457453
0.34742980183
0.238656470111
0.420768132991
0.248757793278
0.216992771408
0.425212170823
0.256703501127
0.325328031451
0.292371461085
0.375847223521
0.339212825202
0.211967705669
0.483060381482
0.342313262712
0.436063000588
0.319535406545
0.388886112667
0.331237656412
0.340775417473
0.178635162775
0.223569066759
0.345999830492
0.236430784503
0.4290523499
0.360369240415
0.323842114325
0.362988552463
0.258987477931
0.223610834601
0.294578085063
0.271493425807
0.340804044037
0.216118166519
0.295644106505
0.350250491656
0.268266905137
0.335144418717
0.31160349109
0.327768559984
0.34697008758
0.289521393714
0.274707300166
0.25712187305
0.329670199526
0.272352299288
0.34606346513
0.218132707746
0.360187143695
0.249684963258
0.357496086123
0.347672452681
0.396827387257
0.222217361412
0.302480601767
0.343852753657
0.273019450609
0.357855340201
0.42205319005
0.368275120437
0.382849523079
0.300727900246
0.32654101795
0.587992084878
0.287403077289
0.308744153486
0.449504730198
0.353193690977
0.369751395924
0.227508516257
0.280043608968
0.263786290404
0.24452289049
0.204979439688
0.255818695988
0.25387560809
0.356832760738
0.338699262106
0.234027661426
0.342424320108
0.275379779176
0.306133175697
0.347689189638
0.283752994171
0.354388015355
0.288659375665
0.368512107133
0.331540398066
0.295230042239
0.345367159283
0.321601967768
0.320576781478
0.285627551183
0.321002932906
0.295725290591
0.314546731894
0.358088967822
0.366799997529
0.312443851187
0.206681657904
0.347786436011
0.314194353358
0.310869997326
0.291492382706
0.253760875615
0.273312648193
0.29090366745
0.325630598805
0.330490441952
0.317093705878
0.309544331696
0.342169477987
0.390558833345
0.262160591565
0.346322893571
0.335377240197
0.485239944076
0.431167367861
0.31085530313
0.34099978768
0.357067376137
0.303800927434
0.454094934867
0.350785681945
0.30164710266
0.330165590218
0.240919524453
0.294239425747
0.334544092972
0.389137152458
0.29411900084
0.325645061395
0.268078585751
0.367654601886
0.35756622316
0.236401440427
0.350195820216
0.364773473415
0.384099963845
0.233453631862
0.320877850754
0.330119237058
0.393261528213
0.272500501009
0.260739985719
0.346316128748
0.363537261223
0.307472843349
0.289501554652
0.342830753258
0.293437268936
0.300934885095
0.433568749169
0.34209838969
0.257583179603
0.340533467158
0.347014582374
0.323886320011
0.312464175133
0.312664071399
0.369199964011
0.364714776078
0.351520052911
0.335423592105
0.308797181832
0.20456191214
0.383737519856
0.361680869116
0.243306229028
0.316954773929
0.38358155017
0.343156631055
0.28722783183
0.351843122739
0.28488732129
0.242080386833
0.276878164155
0.311122053611
0.35501737004
0.338409132459
0.361412091477
0.339010608975
0.277869311407
0.314299378942
0.304121332564
0.280457989986
0.358285653215
0.322584526075
0.464071544357
0.488850834236
0.295045105948
0.355793710367
0.304914329358
0.383915705368
0.336314517082
0.241532830792
0.369402068311
0.329353438232
0.39558028432
0.268109731621
0.326492971491
0.371682594566
0.341574208265
0.355260020566
0.395692543484
0.208933520208
0.436784394513
0.280027169547
0.249353253734
0.245177887738
0.236903870526
0.291228904251
0.314236261851
0.394517739281
0.29127204185
0.308753187673
0.271935673944
0.265905842943
0.249110673892
0.29858927706
0.438080906308
0.242409130656
0.381834350111
0.278825694796
0.234018145372
0.178825026363
0.329080000588
0.306546886116
0.270822191004
0.334957224805
0.368320717602
0.359991147489
0.31991150575
0.25013488723
0.375618494147
0.316139883612
0.348250359164
0.359492972035
0.246778073322
0.219054781555
0.2213015179
0.239015606654
0.361674614446
0.34972379616
0.297539120331
0.242207843206
0.364731047566
0.322619162472
0.349370591024
0.344901085454
0.3716463211
0.454629223756
0.261853464845
0.33253159951
0.420631999762
0.352834536678
0.254936674204
0.303275995729
0.316624859156
0.208321822454
0.190415975003
0.268905370194
0.398979895376
0.187700347249
0.28407037448
0.213824101284
0.336060030653
0.283987297567
0.313254075201
0.316397984849
0.314727180295
0.246755768787
0.249079154498
0.236857652078
0.256709861909
0.298932550094
0.318683070888
0.283849913336
0.259881436419
0.292612258038
0.294880394679
0.274460998041
0.228043244535
0.291146718257
0.306059507596
0.359384141266
0.21233818343
0.345484139258
0.261963333182
0.255297241609
0.423053711594
0.289023307603
0.306975436705
0.303666402755
0.369889756393
0.333840511686
0.227187919498
0.322400461239
0.354737910707
0.277059025441
0.351946820965
0.465800651335
0.321986104652
0.398367932435
0.371915492198
0.244828343987
0.278106381919
0.422379099368
0.237150162877
0.243557691088
0.275628033651
0.287404813166
0.248348185785
0.426034951466
0.29614732701
0.390274872256
0.407506554175
0.423261720034
0.367647912126
0.346985442457
0.395945414655
0.368179503533
0.246442691332
0.2132475394
0.239864544753
0.356441224492
0.258675621349
0.268667874011
0.239080598097
0.34992627339
0.348490364842
0.277374733987
0.270072002813
0.264804880374
0.216945097835
0.296523059109
0.342937189437
0.308642296289
0.362385895498
0.329347591925
0.270239005587
0.28091288787
0.395218601293
0.293897711164
0.357457078215
0.177867817534
0.354018358158
0.350240646458
0.30173408562
0.442542279694
0.434240894076
0.388677314924
0.305431715886
0.269490421419
0.281585372387
0.328364055979
0.309643705179
0.322226890588
0.332348699288
0.312045734867
0.354776078924
0.268619506217
0.245022674733
0.290610151998
0.231942718522
0.287793659235
0.328230024605
0.235139463085
0.281916034885
0.367724427556
0.330604807467
0.243127646056
0.31273032419
0.250612812836
0.321091811302
0.303670211875
0.36100345297
0.33696120094
0.322143276837
0.248214482492
0.382632674671
0.341995862567
0.348354740419
0.348209741129
0.226045272968
0.315058924483
0.368521704069
0.209264461553
0.273429133303
0.318332265753
0.256233547684
0.268795225253
0.291599392403
0.369760698779
0.323771672704
0.393184697262
0.371023159527
0.405102677568
0.29529359911
0.304929838495
0.290769381381
0.328465903964
0.341314023892
0.172794820848
0.256514838884
0.216168109486
0.304173494157
0.2811841507
0.275808903566
0.369508282511
0.355285170949
0.280766949758
0.300239230876
0.259165445655
0.340842534154
0.340976553552
0.318057836932
0.291952307421
0.271500411103
0.324355525774
0.392966475194
0.284684679909
0.254930275979
0.403498875352
0.246860995013
0.287343978776
0.330035040297
0.200854569148
0.280068390474
0.244873546434
0.385154127398
0.341786506655
0.338410466507
0.467768415154
0.285746192528
0.25664548663
0.342227922655
0.267007344512
0.272935349565
0.371314257712
0.304215376939
0.282369008523
0.373024049299
0.359491228
0.242590949
0.180921963424
0.399824234662
0.312567026323
0.285331972343
0.309320077737
0.307862975022
0.283576949904
0.322684708168
0.235241469675
0.219592178239
0.272455241409
0.390868121293
0.292354339133
0.341418782257
0.349656827954
0.272280007242
0.241572122559
0.199803016984
0.300291336404
0.244818634137
0.337643758984
0.363147108799
0.354810781885
0.334402917871
0.3462910624
0.204300552106
0.253461754786
0.291823875566
0.279747565353
0.403050793534
0.311996170295
0.274027900448
0.251929179661
0.223561904271
0.256358362863
0.251445622448
0.400003922357
0.276921367593
0.212987448401
0.260226287658
0.22053835651
0.297347722028
0.23540846944
0.431793155864
0.304460086509
0.363468999538
0.307739493425
0.237211837585
0.247068974799
0.240479728273
0.255361254136
0.302575348989
0.192118351765
0.380667886886
0.202797267091
0.324842807052
0.274375786424
0.310380527995
0.205001192443
0.334509336332
0.364872364202
0.322505118648
0.273986025927
0.340064506808
0.479314145218
0.280713208226
0.263801873183
0.364928810967
0.313657270251
0.380321465481
0.180596022842
0.313237844083
0.322583133613
0.251604792346
0.27882415764
0.287279820232
0.260036756544
0.285537369594
0.232007246364
0.231053896678
0.301695745697
0.302070379436
0.213416898257
0.399769543425
0.343344130733
0.243570488645
0.320229024704
0.284739776066
0.257541911886
0.331234001662
0.262130888546
0.316980160325
0.325390413659
0.322115369095
0.217788670674
0.232603084638
0.27649068288
0.336790433757
0.31446277488
0.258105476441
0.307974415709
0.383573188729
0.294229909468
0.345222305679
0.265514206733
0.267106830502
0.381628303887
0.327371064389
0.243515027576
0.402313010687
0.305598707506
0.409587763808
0.657075646715
0.246323093431
0.244731876102
0.330034405877
0.216243455832
0.266771609739
0.328548425418
0.258732655419
0.239643815908
0.308159695992
0.199011946686
0.339281033422
0.370405188262
0.306130261958
0.344439843986
0.265606334806
0.364570944927
0.317542159828
0.375769771417
0.266603242715
0.210517821282
0.358315199005
0.344078250458
0.270426448986
0.140471514811
0.255557404108
0.254637651361
0.252123833279
0.233892029978
0.235762131057
0.239140086315
0.277878568337
0.251808058383
0.258537714756
0.309472658049
0.285068776711
0.327218901785
0.224050124862
0.33648035294
0.394095668196
0.232975458736
0.266364739621
0.26479247699
0.28305539242
0.278116904729
0.407460507825
0.28802339617
0.233816636684
0.263541852603
0.245579310496
0.287836714779
0.307355790474
0.338807995586
0.365810113518
0.384684507006
0.347655650069
0.44757616608
0.298104930893
0.264808296105
0.223985696883
0.297222861684
0.257740108768
0.360159429352
0.33656999218
0.296959066772
0.290084798759
0.270421819126
0.335079080719
0.265904200181
0.394058580847
0.308170794261
0.302877848819
0.251710254836
0.277384775461
0.343561862007
0.297182933715
0.294360171949
0.279351725175
0.401143570864
0.261850111022
0.444198370889
0.346364549666
0.236912110248
0.313133961286
0.224573695809
0.239430703723
0.244112393577
0.226270263547
0.346375729995
0.295501693081
0.200477497099
0.267665139816
0.329949433632
0.212641392204
0.351147100611
0.303146724735
0.302517597838
0.202335075481
0.236318276411
0.384334767544
0.249836296886
0.268466078141
0.305404488244
0.370248153866
0.293299050842
0.347251605188
0.323209553367
0.261888465059
0.395057893814
0.266467327189
0.317984543539
0.292448715562
0.321687573158
0.270284736492
0.317247670161
0.221358785046
0.336635361994
0.292156153236
0.355834215521
0.34317030193
0.208936181188
0.211977971099
0.265999931879
0.386990671607
0.270465925833
0.265188485438
0.327310930914
0.283141067798
0.322630147217
0.313145143675
0.284784783501
0.301217616295
0.359795419813
0.38132313343
0.262408540202
0.339577790157
0.292776189477
0.402342498281
0.377486432144
0.33205730619
0.327045563886
0.248112195274
0.307302368089
0.29118393853
0.301627852306
0.290672310199
0.244651040001
0.354007694641
0.28336207227
0.346907187434
0.310060778123
0.394171587504
0.239182337524
0.315293902229
0.287646871159
0.234536237965
0.330743954127
0.357300169663
0.237316990528
0.263049409163
0.265405172499
0.365881062465
0.288972333364
0.210108422917
0.293975659368
0.446945323267
0.353830995389
0.353433363352
0.297733459973
0.273741979796
0.320210632117
0.194142822576
0.368032685947
0.297845624855
0.329752343308
0.323454929916
0.357592966773
0.277102580563
0.21794831037
0.364429622707
0.256555317309
0.271457905412
0.334710388618
0.218606791345
0.203147067366
0.339900449301
0.270428744315
0.243219194052
0.439949324551
0.358128079379
0.412180059009
0.370859926189
0.28976259826
0.230923585316
0.328549834406
0.277307591606
0.347515689157
0.382155270291
0.342918788463
0.272370354639
0.339812118855
0.309976489391
0.304686618305
0.414445815371
0.264811303826
0.303143109148
0.293939877175
0.303209231946
0.2672846167
0.259383551698
0.44024069301
0.258950787511
0.190044732366
0.285436293389
0.317671370198
0.315269240721
0.248875398572
0.254376733213
0.302003440625
0.267514514783
0.237002434351
0.21722484315
0.331794516158
0.226906168398
0.320910768424
0.263252655411
0.361822261923
0.375596932173
0.293049767598
0.263894834021
0.356870647854
0.290361704538
0.371700500817
0.202820953336
0.377671869349
0.285528458703
0.290863568596
0.242953392468
0.340613604382
0.314261074248
0.392185452906
0.318356635797
0.331156888926
0.240794978693
0.324476656374
0.365457177533
0.333683891098
0.256444996667
0.301049729583
0.27299178794
0.20897617488
0.352241320141
0.272449673095
0.237962625606
0.195024323921
0.284425388063
0.192852661387
0.2807376971
0.336732354407
0.244228514403
0.330779812669
0.258869165928
0.450707902614
0.335081436793
0.24175393574
0.32857199988
0.267891019981
0.216983348852
0.328173945558
0.307412083977
0.255322596464
0.379662021643
0.367560485238
0.372984154526
0.244864902888
0.291328856098
0.250716494796
0.290413524439
0.303178298679
0.337663337324
0.323756131198
0.308941812442
0.271340728662
0.241133941146
0.280896274835
0.267306569771
0.223723224856
0.318117649884
0.371847050738
0.287214336784
0.26846618917
0.274361340447
0.246996572397
0.34351323152
0.327625352824
0.334762274309
0.321440215742
0.314359405049
0.304904840527
0.267406834376
0.439067564556
0.271394597584
0.257718457535
0.310288987905
0.293823895531
0.325402518582
0.211153620505
0.271876356231
0.318085343897
0.32840709849
0.238776638869
0.318053440471
0.304948671099
0.280000147297
0.328055766755
0.375481806852
0.280859068349
0.382047155447
0.344382589031
0.347179918412
0.28293954159
0.334888926079
0.312436420571
0.336839168351
0.269448578459
0.298979098774
0.382867636046
0.366579867117
0.31802296659
0.319989879288
0.21450333041
0.290033124257
0.270915892097
0.287708853067
0.318137051542
0.220364659978
0.2725526869
0.286815802665
0.483485435034
0.18758726529
0.299609515006
0.328870295465
0.245731875988
0.360448799194
0.338105804901
0.265413703391
0.383135112655
0.232561606681
0.316768589695
0.279192238418
0.283639152614
0.318361755421
0.333903615375
0.358022550732
0.219822627255
0.311011018054
0.25820521283
0.451538481981
0.329399779465
0.274582631329
0.321116825213
0.338949287007
0.31171748101
0.473326514125
0.316176496332
0.360746055767
0.25359430029
0.258951510185
0.361322049466
0.251752441392
0.396060409584
0.225821704311
0.328588259249
0.454270845832
0.266914046778
0.348902343842
0.339462074708
0.244419681374
0.263066651116
0.16200188169
0.190110166728
0.269955868108
0.286617148198
0.237894495867
0.377209340108
0.362593397963
0.324890988203
0.40934004036
0.256709710225
0.344244692769
0.321670708324
0.330476009886
0.313078765198
0.281130596944
0.330967840531
0.378752053964
0.357869322407
0.372133133356
0.329273688578
0.206952582645
0.387359407237
0.384181393155
0.325063220916
0.305639960919
0.191636875526
0.249286785915
0.300831285837
0.273648904412
0.354518747851
0.256688248678
0.301748933114
0.279234719618
0.230305807168
0.316106907672
0.241438040655
0.276191249531
0.340343924899
0.263784781983
0.44423605987
0.270415345767
0.319158100151
0.295896245237
0.330504974969
0.311817313332
0.215216369727
0.224460704706
0.314725134463
0.327213748509
0.214472130216
0.250904368936
0.281542714485
0.365827992543
0.369655071511
0.267749249854
0.303715616162
0.291216235401
0.238224024877
0.316199403743
0.335142202755
0.210806330522
0.382685667378
0.447376149475
0.248549978497
0.308916131558
0.323907824154
0.301088623145
0.258746907386
0.283810126959
0.32367096984
0.23542752183
0.354767577124
0.216279893564
0.255051460258
0.203851000729
0.241222757094
0.34259111707
0.295723617023
0.398454442681
0.324867534181
0.250071749613
0.316833776521
0.236187911834
0.290535055348
0.352170167343
0.234930463377
0.335698406572
0.291072136183
0.282795323654
0.218435942153
0.478577728684
0.347005479483
0.240416018911
0.269719049186
0.321028944216
0.175843590687
0.269662464096
0.254213869491
0.381363955977
0.286697317642
0.27760300902
0.305722837469
0.17859449128
0.205330826809
0.268799764107
0.309948457172
0.258800461189
0.267132085225
0.364921103998
0.356723062079
0.354000541809
0.222738333433
0.319575561921
0.258860271483
0.284875078826
0.232544754053
0.337883442287
0.214986645287
0.32247427136
0.316387666081
0.308147178648
0.28082471461
0.321772156691
0.238106513494
0.356006030286
0.329401476868
0.277320198511
0.210862316653
0.304949481497
0.464545702015
0.344986180945
0.212877858095
0.361142383815
0.339509211446
0.326170959351
0.316102811888
0.277368332114
0.357804557935
0.238500725348
0.191016240271
0.413560046768
0.345121646784
0.322384467497
0.32224946943
0.33164178042
0.279434364064
0.372780003297
0.301459033255
0.370299738393
0.224738274869
0.270095112408
0.206119877961
0.283238663628
0.296378740925
0.284780908886
0.279243307619
0.31604161672
0.247221440135
0.301278652618
0.39878570594
0.358416525271
0.310799735165
0.275315674937
0.43073539125
0.306957089407
0.287648853864
0.253245732323
0.25821751965
0.350554285769
0.278974499835
0.26701903076
0.269831654039
0.350585754391
0.267967022859
0.332044513791
0.241549319339
0.391709114973
0.328209089545
0.356119447934
0.203321783515
0.223971633972
0.391331339995
0.254419096468
0.343547181084
0.281965045189
0.258831950377
0.279263810419
0.250159906814
0.30401815493
0.238987945694
0.295507026607
0.245695853947
0.221434355772
0.369093056043
0.361669198623
0.298266217129
0.287191783824
0.287096446639
0.335074319413
0.373944081014
0.26582510678
0.338259788965
0.377580596181
0.247237020297
0.221491986319
0.247578253598
0.250805350138
0.292189858725
0.335284180195
0.257407558461
0.331721634708
0.297456449584
0.199409366207
0.247280175898
0.232564817001
0.143411651587
0.335472899436
0.298829145235
0.253863239716
0.383791110684
0.306774287819
0.367644912411
0.282432998131
0.258063469431
0.291954293061
0.30329558987
0.267731520539
0.194783101707
0.358204790171
0.177822970166
0.274596232449
0.296772432044
0.272581817402
0.274733919605
0.218622218558
0.310381753814
0.294244183067
0.30300047098
0.257654970028
0.247439324051
0.267403166727
0.257768567375
0.29866929658
0.277795658619
0.329944195146
0.260162898011
0.273621742371
0.337822348068
0.281488489329
0.289581460553
0.261203324391
0.340107998352
0.294026588081
0.337538913416
0.266153467046
0.314810391604
0.274659820774
0.269721396122
0.262571579138
0.399494553837
0.380335771185
0.310604434791
0.305662286027
0.451829784018
0.220906493679
0.335393246753
0.296922053729
0.24269343393
0.39272226557
0.201731341051
0.295341651236
0.287500625306
0.3254268191
0.361252185488
0.338925902947
0.27985728571
0.216819352138
0.317585333276
0.254882798447
0.219544943386
0.225102565405
0.193852339607
0.368175806287
0.323365646257
0.269461860504
0.251538395171
0.299205020657
0.214407078048
0.251326289773
0.258043832708
0.325268387325
0.248103434195
0.280744772444
0.251529049256
0.399009984304
0.317153554693
0.317469700879
0.309547666675
0.258696320682
0.211387914535
0.44648845479
0.36479425741
0.249543026228
0.284822988141
0.241683703266
0.268442904575
0.258895930939
0.282257579108
0.304302115049
0.361663252373
0.281165605958
0.362344810692
0.300541353843
0.394751058057
0.260976139493
0.229721213854
0.309593089963
0.226328028108
0.253505676455
0.277869852293
0.256880143705
0.237564023111
0.416492418563
0.300005307758
0.282098598977
0.26367991223
0.322790511025
0.296594352258
0.273760973979
0.234924329448
0.400498084033
0.226283738619
0.32639728601
0.351800404452
0.284083860514
0.251185928845
0.364630970993
0.316658002883
0.368376910006
0.331718149763
0.284605978642
0.241096536305
0.300827138664
0.22900495907
0.338132065555
0.256202916796
0.235938354803
0.309201978975
0.277970644352
0.362453099072
0.295782637767
0.307531248735
0.298304714538
0.263058598338
0.216583436975
0.297892039946
0.285032171659
0.179676802509
0.273130858335
0.207012121457
0.3268753604
0.302863591094
0.382849855486
0.42481229404
0.242190440192
0.231257657667
0.314546391352
0.302840694074
0.367029603657
0.346374032742
0.281340762813
0.320596771553
0.314551865131
0.304685276003
0.235107198075
0.236570655413
0.331037258953
0.223651742069
0.275449527358
0.338553077622
0.307263704517
0.310769366314
0.336451538129
0.22513366852
0.387716050798
0.220159439761
0.282430494693
0.338703595831
0.279136393697
0.330025224722
0.36397624477
0.270274601716
0.400718905451
0.344795182064
0.319218061078
0.408187166246
0.31826163564
0.372287831217
0.181321925504
0.363937127127
0.246542933118
0.299898017773
0.18456664224
0.259502995716
0.396498484977
0.304970145883
0.232788837435
0.240070238425
0.245494834942
0.341836358897
0.317119262492
0.463528100187
0.232867660385
0.335534218869
0.321779745227
0.241125479728
0.251367584158
0.294503128623
0.290632579112
0.231241403324
0.362695844474
0.319919713852
0.20745319546
0.269633866532
0.340492006284
0.375217680414
0.362987102509
0.324097928251
0.199879192336
0.327450597968
0.290619926641
0.318713149336
0.30206937076
0.413547735813
0.384373776612
0.222586396344
0.287281953481
0.297685586711
0.292722545665
0.28413159429
0.246340217526
0.240250761996
0.359558427758
0.251046210466
0.237572574943
0.403960977604
0.271020316461
0.254905384733
0.241731831541
0.300178058879
0.286352549477
0.333082088005
0.30889165236
0.323716616542
0.351334310081
0.301969506037
0.363983105818
0.267115428933
0.175016194695
0.323200601294
0.316592876987
0.40205911423
0.27218973373
0.346638505532
0.290420039768
0.290137491139
0.289020559028
0.291249475913
0.362067440662
0.251645044161
0.222752361588
0.239318032035
0.285382530308
0.31904764027
0.344177674105
0.257708747913
0.400803435971
0.301054552877
0.310287291835
0.269491962484
0.323738325682
0.340511010448
0.344778706605
0.291513040721
0.289905551108
0.312861328776
0.32679290294
0.323989389045
0.329054284745
0.288274909666
0.366883184347
0.294917099486
0.335470643703
0.330657972779
0.294481102164
0.369653506257
0.382353993245
0.276065118306
0.236655754462
0.316819846893
0.238410742766
0.293224127407
0.379745634892
0.301358005972
0.331274860129
0.321053412936
0.336350044889
0.216855495472
0.288003540484
0.311833758587
0.322262480001
0.311715400214
0.248245978587
0.390590976031
0.408396480583
0.245748961717
0.33469088303
0.312900190025
0.205199467213
0.289018065824
0.411682532714
0.335731381535
0.263575216773
0.262235796497
0.267739064982
0.177159293514
0.317378803142
0.254716989252
0.319158773881
0.343849364587
0.273279719447
0.359475605605
0.363024810766
0.309809145158
0.31235288316
0.24314098785
0.254007744042
0.234553351074
0.296968287373
0.263319462213
0.302661297153
0.280365160805
0.306206912006
0.326201738337
0.232143466092
0.273290068066
0.279015620284
0.309235531204
0.309569335041
0.278674172323
0.291665991834
0.282200546887
0.334312803302
0.283704522541
0.261732475236
0.280652082095
0.267031056997
0.26463271549
0.337214780017
0.331000472205
0.474439655276
0.365237662392
0.287118894952
0.278112602254
0.292548495297
0.293209885078
0.375899537846
0.325565756479
0.244512107688
0.386213149198
0.274061185528
0.391670377131
0.323595197172
0.218273349359
0.306157171138
0.288222292912
0.386585080048
0.349698316655
0.263072035669
0.207306695087
0.259709248673
0.251907266262
0.267955049526
0.206635037432
0.305012439334
0.296109945194
0.264593516837
0.333690173237
0.409206910549
0.297898445628
0.329125608829
0.3592504595
0.256917230566
0.319120844337
0.327859327146
0.258308362637
0.291711126004
0.318247176169
0.287265748287
0.362022897716
0.334468477744
0.38974159841
0.312121924482
0.340554839776
0.376679333926
0.215612959585
0.23263850673
0.255523923568
0.275823098958
0.258414413395
0.393570215537
0.467754331685
0.253330390115
0.300777899671
0.29578264437
0.376270816359
0.353854637356
0.25262679041
0.328699979408
0.255999406894
0.401427928448
0.312304796243
0.294162286927
0.332469846116
0.294809756576
0.337394232394
0.264404518869
0.394233390644
0.39715130129
0.236888692004
0.285787402792
0.329286988892
0.364929576213
0.361285117462
0.386970734752
0.253158794089
0.244181355581
0.297996304399
0.237463506167
0.251348307149
0.282550657248
0.274281572338
0.248405703363
0.305978879936
0.37045210395
0.315497850753
0.307683795436
0.307154928877
0.284645970502
0.255456035758
0.3776139901
0.200227598395
0.329735044825
0.390041233253
0.338457487728
0.245761103502
0.360992621266
0.204706396435
0.391522615281
0.377397526823
0.39938504509
0.351310858557
0.392973275883
0.283888661242
0.406964484002
0.363557152073
0.385698973214
0.340197364492
0.386451734515
0.269419095498
0.252183891623
0.351794133599
0.299013709618
0.392732047818
0.394814093039
0.284706453707
0.277464047634
0.359068724543
0.547474785579
0.316432901101
0.339295877614
0.260650783938
0.2985086989
0.29494301662
0.227250194008
0.252285964598
0.327298111272
0.309424480402
0.267302402599
0.338132450146
0.301791320884
0.348973770412
0.329358892289
0.274945350173
0.32054827806
0.344541240362
0.246590475643
0.32757545349
0.217170016763
0.286256147905
0.275487609435
0.327447791006
0.298743709037
0.317046362345
0.271512596481
0.403943362448
0.33400028479
0.241814255874
0.338793624897
0.470193892067
0.359974282022
0.31697592284
0.321485598568
0.377371024905
0.307295230327
0.252492949891
0.286292035471
0.245125382145
0.3217489924
0.371660462204
0.284948986115
0.390721771004
0.367204223077
0.294252632554
0.277855533367
0.383002797286
0.29407353797
0.368994053205
0.32886146633
0.252524541701
0.301441438812
0.276801597027
0.370368211119
0.24420080972
0.297908425627
0.373081693557
0.245963616558
0.244601895464
0.26293671538
0.30321788
0.259963529053
0.209397497938
0.339351445497
0.295729772373
0.314639248401
0.36297310863
0.27325669426
0.262547001382
0.22524582439
0.305984874928
0.365926387755
0.304716193532
0.311543784096
0.331262951205
0.328315896998
0.284970594946
0.270458898075
0.280082792025
0.337846742968
0.297101042895
0.329636641809
0.301725893984
0.251234777992
0.280282426626
0.337003004011
0.276606946442
0.239732609646
0.363886396413
0.302535536671
0.280287455765
0.294444217626
0.385368299238
0.205116813437
0.313059871614
0.273945160158
0.321841788957
0.287077503064
0.343700948778
0.289957950453
0.364808267679
0.242996060441
0.219677346289
0.371425064481
0.34984989599
0.339705515222
0.268351741114
0.276196220814
0.305171391424
0.340390266483
0.209830633862
0.416795391137
0.297275210527
0.216486005338
0.200640784113
0.224572042974
0.217337830592
0.297472110112
0.349180448486
0.261550487202
0.292454548952
0.313559378198
0.354515697244
0.331679525613
0.335900130738
0.337221540349
0.268075135399
0.32633459111
0.310241708004
0.255150206568
0.34010878342
0.237947038755
0.194190866504
0.221460456459
0.288941644443
0.223135105762
0.257705156509
0.395395590891
0.348889944377
0.306812793328
0.316970221277
0.314179150862
0.26071914734
0.297922153622
0.201895543403
0.227479262532
0.212090889684
0.267544220485
0.312244615431
0.331371142179
0.281907878275
0.246040218951
0.362660543897
0.245983236645
0.378197263509
0.269247601513
0.206302980728
0.194745244575
0.255158242673
0.320226265893
0.313385477367
0.259682821093
0.284841552625
0.385159189278
0.206809395528
0.225658592313
0.310014451631
0.25089531243
0.297718374774
0.263201175658
0.307945948704
0.324299461031
0.253863773784
0.304325881437
0.337149872486
0.226758914652
0.234192648856
0.335001012337
0.387705702713
0.257946356053
0.266715720711
0.280760661254
0.18667706526
0.319443856888
0.332896200588
0.283428195522
0.241653731204
0.348858081757
0.332666783914
0.304896620389
0.322675757851
0.303469916705
0.310312407526
0.363571265755
0.356191321676
0.214020335973
0.362658802943
0.346504397546
0.267353895033
0.19320887514
0.238153073368
0.190917314238
0.410178002825
0.263735906286
0.301957335135
0.304943966902
0.297057772829
0.370557595376
0.299909142189
0.306919316517
0.358355887389
0.290990875244
0.375065963435
0.275020339386
0.325775264552
0.254247115263
0.420246639174
0.270088108205
0.347036482981
0.282099546231
0.249059132887
0.274667676204
0.30557754014
0.285158061407
0.265135579423
0.287949470317
0.274435275933
0.403661313177
0.231522593731
0.235518717071
0.280918524561
0.29306446978
0.193658488442
0.315712157791
0.269414960538
0.346353649647
0.395890919828
0.343758668389
0.327543062814
0.311190021245
0.245965163739
0.228776613432
0.347721329125
0.274787588121
0.272908749142
0.298074102241
0.258994420019
0.307030748074
0.286311323298
0.274649559882
0.251593132365
0.315060021977
0.272121631325
0.379052959019
0.241572284725
0.35492449105
0.192699733014
0.302323719354
0.230716847984
0.436456910006
0.282717008883
0.316069264171
0.288140961248
0.243997515816
0.235158621762
0.39849725008
0.300905308634
0.185332738431
0.344123188232
0.330981451311
0.374067705241
0.366238658224
0.300987187237
0.352688332428
0.283182491563
0.200681542018
0.250714434313
0.270029980983
0.311054673089
0.242951018348
0.283955176718
0.331158348214
0.353681816953
0.193273127393
0.238247026169
0.218496042276
0.295569521337
0.292016744517
0.314961089334
0.379581910766
0.309622827932
0.279074269507
0.401067811891
0.346395895417
0.289094617449
0.27869576567
0.233778088199
0.246139559507
0.210909169498
0.278993674553
0.431685919475
0.311658530148
0.219544144723
0.204210664282
0.40993276321
0.270911981762
0.272667249746
0.295341328638
0.338208103262
0.38101287947
0.219081916277
0.33529492207
0.370374864504
0.28010230161
0.325304690367
0.241716001101
0.311277437872
0.326117887474
0.192531543007
0.291209303326
0.3378772822
0.243936859203
0.304303224142
0.249413546914
0.433658739408
0.314997049569
0.319754339776
0.358867105709
0.265225618819
0.267621239933
0.30597827806
0.290393031238
0.308718256549
0.373155918689
0.339196226016
0.290550221101
0.255419335266
0.222724746468
0.167869253034
0.193106530315
0.400776665513
0.468229434368
0.419057755583
0.268814657012
0.264461923922
0.21868870229
0.350752822041
0.240398747242
0.26861704043
0.318302946829
0.313183771521
0.238979929109
0.312228234643
0.242033181228
0.225561642714
0.258452412887
0.368237485299
0.277421622614
0.22918759363
0.268029921371
0.351779758827
0.387854906338
0.36059085845
0.342140430941
0.291616568864
0.30663936935
0.157004112835
0.280759333506
0.422352301995
0.33555995575
0.261110413156
0.357966233563
0.36544383429
0.418750405684
0.279939024259
0.392021985217
0.310652340086
0.296080796137
0.306107224927
0.389968871337
0.224499790766
0.241528296612
0.237690052617
0.306921868555
0.349865045296
0.285555637142
0.259982600933
0.403824924937
0.317686924194
0.402975944844
0.337014789541
0.319866007911
0.22094057523
0.333066004624
0.221685000725
0.356023516837
0.335740572816
0.258513590548
0.338448115725
0.297262920911
0.269376490269
0.377660455401
0.232409418508
0.307578798375
0.253081333419
0.284916557382
0.324046757678
0.269704001514
0.190454010239
0.271301886346
0.284351456412
0.403511158964
0.357518323241
0.226905973097
0.337391285992
0.274051743471
0.353325752956
0.333219577958
0.29248963067
0.285122416567
0.329543078328
0.250580821571
0.266434426435
0.377313798539
0.257494820009
0.25212473852
0.253247554845
0.360505189364
0.224283822748
0.290696801423
0.180505156301
0.253298635256
0.281026041976
0.330725485404
0.338800159753
0.314084818411
0.285347022304
0.451090183672
0.268939209165
0.307874731972
0.271417967622
0.29778522026
0.301099037945
0.319200362148
0.288953870654
0.249153376841
0.365115945624
0.363153336508
0.226559989479
0.274886113996
0.270811482924
0.217275298221
0.302451632267
0.343460937665
0.34901563386
0.292373411701
0.300425467451
0.267951622953
0.247364730396
0.310339123899
0.265234138728
0.308640433333
0.301989908
0.198217841485
0.360932849545
0.208788381054
0.332811101546
0.385383020507
0.290480709718
0.2485695045
0.263379157208
0.385176440451
0.350842317708
0.309623101788
0.284236939567
0.261578995026
0.244841690248
0.301654719057
0.43704415013
0.280442083463
0.342227587132
0.305757233964
0.191649097398
0.336493947077
0.239956224346
0.340528536594
0.333532722453
0.312376550177
0.234871014316
0.300326132404
0.362783879751
0.289807565483
0.315484254188
0.376519941442
0.350474993112
0.297333154372
0.330823171412
0.255879338102
0.31018232892
0.360649473706
0.408253594968
0.327564083175
0.325043966705
0.29269886167
0.346158648077
0.317498276805
0.31514992918
0.333158112288
0.355807956048
0.233476923554
0.245898423966
0.260374783214
0.204502079806
0.232067033271
0.415250085554
0.266916712068
0.330273091109
0.309881880788
0.274566069602
0.271571806662
0.203897225858
0.291816733889
0.258496067623
0.190117283745
0.353301972234
0.305271269138
0.316411273821
0.328955215593
0.354740720136
0.205597440058
0.3212508379
0.246208892458
0.355731659577
0.370162485514
0.290634775027
0.285021358586
0.258473003335
0.298396468214
0.354729406018
