0.423959676766
0.571299336266
0.491738701134
0.443765616723
0.630777644067
0.51243701871
0.532444519785
0.531428335922
0.434545092522
0.453174194878
0.438593713717
0.403471302416
0.588634459696
0.67412272444
0.539974975474
0.54716480997
0.550372258702
0.421041399757
0.490175902684
0.506485900092
0.60768727018
0.653375517266
0.582593908753
0.64323493829
0.572524157812
0.538967097715
0.641447199402
0.46845472992
0.405739130788
0.549322319101
0.624990374732
0.526015458045
0.616192708125
0.360751396408
0.589211878163
0.583027157167
0.665902093065
0.540790392684
0.594840293118
0.549484898624
0.476518993377
0.453469878597
0.473921701474
0.51489537729
0.549774653436
0.572558922171
0.457205223399
0.526455731196
0.535943209274
0.671163403297
0.564224045942
0.532071956391
0.604733492804
0.477870590611
0.749528268826
0.546797782291
0.354201954078
0.403064136688
0.472602136167
0.509600599201
0.762017335642
0.431395756749
0.447818310841
0.609589247233
0.417984186726
0.465821365855
0.56271719476
0.344175451306
0.493983962238
0.492514797116
0.497083008125
0.483860449049
0.476607376807
0.448640872159
0.516575140582
0.659233780161
0.546103556145
0.436621483772
0.618186594747
0.401115900465
0.571679489781
0.48182198096
0.684388716474
0.452173894049
0.545758330778
0.498190022414
0.557488399282
0.498603588254
0.528184209483
0.436927576829
0.706475519525
0.424893972315
0.446184318237
0.602952522335
0.451262013193
0.583680294222
0.502792595006
0.510642967862
0.519041639577
0.315569563299
0.585178083628
0.573201509858
0.5261786817
0.535533810757
0.414272934136
0.506692378007
0.525956236478
0.668126983969
0.475713095865
0.538672206237
0.643978312546
0.629702277208
0.429460189655
0.742727488818
0.593122807589
0.532823357242
0.449932317998
0.6431184904
0.612265056769
0.609955210571
0.4438803328
0.550459611049
0.365387984715
0.560175484512
0.536356677779
0.49836946411
0.545978194611
0.701725183674
0.583463165048
0.606723074538
0.446434883415
0.688100389105
0.432568239127
0.495072845358
0.666738146399
0.559547235322
0.587900861302
0.4776984191
0.487708936963
0.493227684725
0.508092119265
0.593672559424
0.356455854558
0.583604866333
0.551886554976
0.612958291696
0.471940091641
0.545084026345
0.660435274093
0.536637757795
0.57524860004
0.533840590109
0.443162328985
0.59421119282
0.383345489313
0.620984920726
0.697500330811
0.36401731475
0.591411518138
0.479163396093
0.382052869547
0.64411173036
0.418088140952
0.646293110943
0.574122896431
0.424091473606
0.49475957716
0.581945235781
0.628447060444
0.6891574752
0.420285406072
0.532123454203
0.513769159029
0.502743494175
0.494376297362
0.569547758514
0.48087650294
0.548369494377
0.566037941889
0.406045827812
0.644206657023
0.596777098425
0.57362902565
0.404242242075
0.488040062746
0.590643145687
0.605966752685
0.322981744612
0.61214126487
0.616131145804
0.398968964295
0.50964287126
0.632453541495
0.537118285983
0.432413061944
0.465440860676
0.537241580583
0.590089800036
0.632878594135
0.513739117455
0.474183595761
0.313740283775
0.519359787728
0.611074839189
0.597530173204
0.721581959233
0.563751704846
0.608059942558
0.429869790868
0.412225352115
0.567115789142
0.41472385802
0.453116237335
0.54018567297
0.672534635388
0.48269945979
0.387324148739
0.560341676674
0.520772572907
0.495015904051
0.504520923674
0.463916172253
0.5429064309
0.549101479798
0.497485960668
0.636415750538
0.47571365646
0.598197628701
0.491281666713
0.55770554193
0.528382054051
0.595355285233
0.593893988462
0.587770237027
0.462798181262
0.446488104058
0.626372982462
0.398602597863
0.507369114946
0.418004597589
0.3608311725
0.558966199858
0.466774679833
0.567884388408
0.487219768982
0.488569198273
0.533068940309
0.55258722371
0.398307088804
0.490718530162
0.655007641638
0.522727905535
0.601643916888
0.600747132919
0.720585629884
0.385606932069
0.693411390239
0.28627914655
0.384144324134
0.665368167654
0.581416773136
0.432706308527
0.618830812181
0.758760536581
0.427280755005
0.509831743182
0.679113210355
0.65846198972
0.541690905869
0.539273117341
0.555906910056
0.688160643028
0.488694525391
0.650833477598
0.761990948538
0.472061402507
0.476609091142
0.679809650327
0.456505207675
0.738814861585
0.683607367497
0.524245300792
0.477846616281
0.478568231164
0.418793096507
0.3591289663
0.557966308957
0.533633776289
0.503799611911
0.436146499932
0.517488438305
0.447225377473
0.491184644452
0.555957612723
0.608973318386
0.56126148609
0.50277341769
0.568945015036
0.404640749737
0.44676384123
0.594647375489
0.402416563049
0.476780954495
0.52360227352
0.555984017697
0.675987812655
0.505705672188
0.521373117567
0.480695380289
0.623217385208
0.275234505218
0.553425124359
0.657660258907
0.571825401253
0.560198161925
0.60962601947
0.448577431059
0.568634715696
0.698390198748
0.646037909653
0.548862100419
0.58387454863
0.397941181985
0.497306925219
0.479167309562
0.483563897299
0.542046666082
0.535234737859
0.435808661158
0.583746611639
0.421730330298
0.622461342716
0.424738363187
0.485700023876
0.401518816657
0.43970645578
0.427326856772
0.477829719088
0.432681249071
0.43787285172
0.380451266965
0.452531614154
0.302919659219
0.43546817984
0.65205867093
0.607458022832
0.444306713431
0.595830742238
0.449621508525
0.398945301045
0.51315724479
0.388983055012
0.523847286955
0.531447201311
0.456336992487
0.430839488437
0.505208583337
0.612360808997
0.643689853099
0.503769660825
0.400723060403
0.48203279686
0.562711161426
0.477252099572
0.618499541988
0.514867716908
0.614727618638
0.4793350269
0.679968667593
0.535486356879
0.496047412938
0.564737505068
0.503178220677
0.510619380482
0.518297605642
0.474625908284
0.554925124536
0.636062209113
0.589139937837
0.618855809459
0.451651002102
0.497240244901
0.607722806375
0.650588975192
0.524465458046
0.740041964224
0.790416350024
0.655097136955
0.480934265335
0.486036288802
0.44385239342
0.52577886809
0.392970035199
0.451153843718
0.568526416295
0.469268044937
0.707151806637
0.515903617201
0.423785964506
0.427785006693
0.569942525178
0.416018321203
0.467224705254
0.661164846601
0.566578935653
0.383446036547
0.43915588313
0.365199355994
0.519485833854
0.689063167319
0.360752250562
0.373739118418
0.397155361866
0.650242162338
0.46442241282
0.576514357269
0.433058651641
0.544459705513
0.410639264424
0.455155736809
0.524665189932
0.382853613049
0.498593765015
0.524147657498
0.432568544094
0.590740024634
0.341076633443
0.51228684827
0.609855368948
0.5238566232
0.412317917087
0.674446884202
0.675353778612
0.537242873741
0.563164680431
0.686933489863
0.400167002616
0.484027093963
0.439174207671
0.681588755097
0.602205628443
0.518065540812
0.342185001945
0.469451938277
0.538554684467
0.452744141815
0.497068380092
0.607080116008
0.513703197134
0.406173074598
0.473098860479
0.565965647539
0.528072098813
0.650698520503
0.461833931897
0.65302496016
0.442482852439
0.627692883733
0.655893871486
0.57971738274
0.517970543849
0.367086607483
0.388411586418
0.685050284224
0.584628843262
0.5063734783
0.522742032371
0.539116226454
0.535820047625
0.482925453217
0.460656235099
0.486440884107
0.346828396922
0.581924822381
0.453383075777
0.423314430673
0.559879855285
0.481934763111
0.415590310376
0.465728965924
0.631112671756
0.687227415619
0.643376889112
0.518729837751
0.602478602776
0.643868907926
0.397215912526
0.422129201835
0.357687852902
0.532016856947
0.368401635192
0.447120691481
0.356241148544
0.481990988707
0.555355707249
0.510969815068
0.59717094337
0.572086805636
0.414744332385
0.535827638241
0.539539685217
0.491194946967
0.574272343248
0.409690000518
0.642445772604
0.348527990119
0.368767232561
0.452409555623
0.438889358321
0.458975817783
0.474675113598
0.645833227932
0.541487122087
0.605813468622
0.315366019539
0.556094589553
0.554974648064
0.517915422663
0.451683309246
0.578553948044
0.651781970074
0.651554283804
0.461839824246
0.492741755422
0.41377388528
0.44202020023
0.490366730534
0.35370303591
0.621807254649
0.593587518302
0.635145709883
0.527148599079
0.524805652875
0.553077890731
0.48048774388
0.425530053568
0.528588204833
0.441801941828
0.610143262134
0.600051352164
0.68198401858
0.518014345396
0.527546552863
0.432541395652
0.435644637442
0.588690704524
0.485280792799
0.701699453265
0.413602417168
0.787901935465
1.02702453141
0.538280270115
0.515828760283
0.427209382835
0.587638737285
0.601391763532
0.57844602758
0.595644885077
0.401665980534
0.506212006977
0.37728964825
0.557560749882
0.478611833473
0.488866922798
0.412005667864
0.412548034066
0.544159944093
0.668879708283
0.482623749063
0.481896752067
0.483030668399
0.411907941344
0.657492804321
0.67544058898
0.569739335817
0.847839727503
0.608671298538
0.382055802496
0.593963381225
0.471004289234
0.562520108715
0.370938386713
0.612688832868
0.685541944576
0.535363525712
0.624831560525
0.558470140782
0.60613640341
0.53715572634
0.624782370683
0.537776475967
0.552202059587
0.466861218735
0.541728423722
0.477651420342
0.576467492281
0.565578982055
0.52529152808
0.421217472878
0.483878592556
0.615316660665
0.46729335785
0.522855992205
0.505097337377
0.537420533347
0.610827422681
0.410795504784
0.244345734863
0.52525411554
0.561536395815
0.35006523078
0.616207584124
0.655529337541
0.515212560974
0.699328773565
0.466995235945
0.557605955298
0.679668890182
0.601009959916
0.644579415921
0.51018076495
0.554396967651
0.30035138385
0.64223791271
0.584774023392
0.555044782424
0.771462021054
0.377301955769
0.567898175184
0.578572782862
0.555959979246
0.455904203982
0.614504244767
0.41198056885
0.38942306576
0.360072615406
0.811937003596
0.679030983127
0.643906900547
0.536795632376
0.423201921557
0.544391086812
0.390964190983
0.756543034825
0.700537716484
0.49403883371
0.382910201367
0.741957451422
0.664690625563
0.432108839017
0.439253286789
0.457484930863
0.532927248971
0.602044490572
0.364593641614
0.352183240925
0.622495418277
0.583198265605
0.633044334137
0.509188626641
0.555827217676
0.478584770104
0.544216996528
0.370588443248
0.540676466991
0.539249467951
0.657114983346
0.542971641706
0.526503872566
0.460117748499
0.454808240458
0.919625829315
0.400819006249
0.583709962607
0.617897762253
0.820623340844
0.675986957548
0.550838987367
0.43633482392
0.581310469416
0.41844127237
0.443297507921
0.710664134896
0.559408570586
0.402946013212
0.424890102385
0.715502627575
0.645889626001
0.584785032131
0.484885613138
0.380678109575
0.612717534975
0.503408141864
0.465972546421
0.599313881997
0.44106455211
0.522647640837
0.441989300553
0.764189664452
0.769592784434
0.733982752061
0.470009498168
0.548936340966
0.528321088257
0.436427693989
0.609806208052
0.464360539633
0.585296205787
0.569531684263
0.602108843738
0.717855989541
0.470214102294
0.579770827312
0.527258938288
0.588895003045
0.608552095616
0.511306719475
0.52147981764
0.476208944158
0.387210810389
0.359876524529
0.439742105705
0.564516429659
0.615584833411
0.563447433514
0.497280341101
0.525104477705
0.507855166871
0.720686764659
0.786451336013
0.712416902158
0.473797313366
0.530719916985
0.5021008427
0.713857311425
0.580872881502
0.556303443754
0.462902099963
0.539942430574
0.503571819152
0.457333081531
0.471728286472
0.671194122999
0.724674794568
0.626280554377
0.546167944769
0.469064093803
0.360163101071
0.572796955355
0.948647172382
0.560025263209
0.537161950149
0.589937361686
0.385373946795
0.656969045746
0.54667473358
0.509263498945
0.427836997977
0.528722521052
0.429675431523
0.648501180661
0.556772242056
0.747806383402
0.488762690273
0.585589058685
0.524169693415
0.387786570459
0.610264259184
0.55455922485
0.512304478732
0.439276810327
0.522519528551
0.410638362244
0.48188974002
0.494288853787
0.560101502501
0.496884663757
0.478935517648
0.419311352769
0.590830944703
0.589160778701
0.523258847576
0.527715004608
0.490493955532
0.718588190868
0.520953381023
0.510075322402
0.47736980909
0.535512915934
0.420298292238
0.64484896299
0.583042350151
0.392837470142
0.361283007438
0.662586843298
0.588713810823
0.516184416954
0.622397595057
0.503048960616
0.490613295759
0.55100259864
0.496838606351
0.812697705058
0.641284072466
0.593973391521
0.618153867677
0.479567214908
0.467016290105
0.48312909459
0.370674384954
0.417272931745
0.648177732055
0.721537535137
0.583681037367
0.605013655611
0.784972778183
0.561259103319
0.388411406214
0.551988557481
0.489419610658
0.789920783399
0.551478658501
0.429926522315
0.501115441848
0.602204202591
0.553133702091
0.747441150122
0.701230973337
0.391880944536
0.576621501487
0.660538739134
0.608910242712
0.603189035869
0.426049708296
0.392514306383
0.450523158397
0.53101782637
0.465837476635
0.945780610597
0.481606735912
0.510851370863
0.699642906288
0.53034904809
0.591680273969
0.501031983106
0.62885114428
0.576169000235
0.525633171502
0.476938845843
0.41738209568
0.467052904568
0.541736343844
0.605085072118
0.47644516658
0.47140747224
0.519724841214
0.575237731787
0.550528509967
0.709429510823
0.647544278379
0.299288886897
0.576778214948
0.48935106289
0.569433215648
0.599448887129
0.56579524222
0.590618259273
0.625463518393
0.381076248733
0.567875369056
0.453662311001
0.572863408862
0.422527316807
0.489124370942
0.723727488583
0.642269592775
0.465799531205
0.46191923178
0.338761323151
0.55231111839
0.506200019987
0.441720050722
0.498416406486
0.619418633393
0.54083107233
0.478551404893
0.631522412737
0.550778603573
0.454732437335
0.540908867929
0.456610101464
0.452390793765
0.638883949592
0.446832965276
0.523619604387
0.379577442972
0.423236446363
0.479930240045
0.536552383477
0.749360339377
0.45448497293
0.378127738563
0.625033632608
0.696224657001
0.498688676809
0.324139511912
0.757831242864
0.470577889074
0.647245208036
0.631494369411
0.549735066832
0.681934029615
0.568959532943
0.512249308694
0.404161382304
0.571906574473
0.5217760271
0.57005963121
0.48126835787
0.655813561712
0.685620794243
0.636121434091
0.671781734239
0.579853079607
0.554325651235
0.561405101879
0.498651610098
0.548188271535
0.692364674046
0.528192030178
0.633956530663
0.402717608279
0.583677872067
0.521046124147
0.708401981566
0.515512074299
0.479315917221
0.808713624238
0.40945196855
0.5914784549
0.630226942829
0.616834571051
0.434133134123
0.670380145159
0.365561282364
0.462047750426
0.435344999564
0.598998179918
0.527069478412
0.461631700436
0.478110069656
0.453958383741
0.560095491111
0.347251315719
0.503103840486
0.599553959714
0.48467837231
0.432051646098
0.507700955436
0.479076320029
0.447469554668
0.530094392122
0.637643678252
0.487342061009
0.463198514269
0.452321667112
0.616101004195
0.580723947587
0.432158808457
0.671008167186
0.648639959155
0.528196344854
0.488076211974
0.553076492926
0.649611733378
0.385867756087
0.569650680237
0.886424650616
0.41681431933
0.672965845379
0.512579211863
0.436064501309
0.404295377904
0.601329980584
0.538566364832
0.624842380301
0.407002959669
0.484757570855
0.537461032263
0.589305796966
0.708397423828
0.631710694114
0.452918833387
0.572184458103
0.643130175781
0.424842031234
0.570588776855
0.5570342668
0.39380466872
0.620536666637
0.704242284582
0.403326805037
0.586918039826
0.475151812391
0.664282686067
0.780447396128
0.501344979175
0.717903087294
0.755719649129
0.375738635559
0.637063635077
0.425899345654
0.547922039577
0.414721811862
0.546128384714
0.50153975278
0.471071738681
0.66523615772
0.473908688173
0.510470941503
0.496145805491
0.592644958904
0.490423998528
0.532126408109
0.641040009342
0.415136092295
0.554225787839
0.399577752119
0.542269363604
0.43475665883
0.475790954802
0.546827631354
0.567581285636
0.599501309846
0.521175449345
0.573489428936
0.858367450574
0.62230940778
0.610519299874
0.606199707457
0.515101806382
0.465871902466
0.339243908794
0.611300414669
0.401243475486
0.364151068477
0.516901644546
0.584328086172
0.372350845432
0.53890319185
0.467096062243
0.463806060373
0.426333701953
0.656696245831
0.701514286879
0.447391782756
0.453377599437
0.646098709526
0.597813335398
0.50068181471
0.314093505749
0.436931876552
0.572692246799
0.529432212554
0.435536037299
0.530490394955
0.462906573887
0.632715964616
0.656060429175
0.457354086834
0.432434122657
0.677342389991
0.598822592976
0.544009127199
0.6599408489
0.598605310119
0.648118728396
0.500532263194
0.538847971672
0.553419590756
0.597278833697
0.395584078893
0.645703058424
0.408546742832
0.622999226398
0.349979794346
0.552898535005
0.454184577248
0.74301632503
0.684553684539
0.867438061135
0.621681437288
0.792384400027
0.551720131924
0.631273070978
0.492283405599
0.573529131436
0.551420395084
0.536629726191
0.503847483069
0.687228630911
0.661150592242
0.852216764286
0.622653696755
0.6208545183
0.812939384863
0.604537934059
0.740825335274
0.67430130659
0.377615552698
0.334106592209
0.785892112189
0.664498075767
0.596502733661
0.566761169641
0.69406616392
0.548149312884
0.761448364426
0.602329627749
0.656237304771
0.670452056577
0.619570358363
0.811674475003
0.660365066039
0.751645330682
0.457119917814
0.441538421138
0.621943110046
0.546829304495
0.578602554363
0.540903400634
0.566062432296
0.653772446211
0.643613290989
0.734826195758
0.540293699365
0.862883202833
0.629403141794
0.997790164684
0.489033972268
0.535705918021
0.397710536825
0.837316975005
0.975064605162
0.693581952703
0.732551472887
0.904708738971
0.628983039633
0.440508171308
0.544596179555
0.409617975232
0.798656034525
0.353390664912
0.542681472887
0.943375323052
0.518369247622
0.651170557223
0.678506203084
0.96383986871
0.797623851891
0.718416889969
0.540803416748
0.456253146504
0.548068183412
0.606039134168
0.484499982395
0.949603817388
0.582884729285
0.491563889171
0.654591636559
0.492166385093
0.517384398512
0.456115474632
0.580206540708
0.523324079257
0.520817172222
0.42697844544
0.504067194047
0.616885036174
0.358800327959
0.755598242057
0.545587150208
0.707628229408
0.79886924137
0.600600687148
0.609302081009
0.613161764446
0.502309223733
0.575830974622
0.295453668983
0.448746740587
0.742899033292
0.515327465679
0.567925046701
0.371571836974
0.492830954256
0.920993500158
0.522905920433
0.584310378699
0.618150798024
0.813513431702
0.772496225469
0.568718830564
0.393594502794
0.800561970355
0.719881074171
0.587480767041
0.541063840401
0.813432962302
0.644047324249
0.622222945095
0.494994470845
0.761655660157
0.686950461332
0.724424483867
0.462982606476
0.500827856758
0.936230633304
0.461705228475
0.402941987838
0.530758639437
0.476957823048
0.587744822779
0.547369141612
0.767377505174
0.700797066023
0.59041841941
0.564628306574
0.663614460181
0.533726871828
0.647186148018
0.589184189294
0.498381036579
0.522866622746
0.678761200791
0.512949454896
0.730482323436
0.571176118435
0.675564297624
0.347927465813
0.537308467953
0.828905800404
0.662049355225
0.669115341191
0.809028798679
0.704814166462
0.680530964982
0.422739304641
0.483898929225
0.474047357599
0.751853424646
0.442774401626
0.573032754905
0.544201128856
0.709405062254
0.481577680773
0.675178637653
0.829792348568
0.607656034026
0.616170073813
0.742117722384
0.609646581458
0.428571405651
0.454170811133
0.627749661431
0.457653491644
0.439836031909
0.529067384355
0.415838178058
0.674056600507
0.558565328373
0.458722948026
0.59131883603
0.624202214845
0.397616153843
0.77314714402
0.652018220832
0.654294998044
0.867456234264
0.394720240856
0.370487345911
0.749175430323
0.527680751385
0.464376954549
0.529988182324
0.711020480267
0.562386328486
0.486965818615
0.623302393878
0.488722865562
0.665664740896
0.762034601623
0.546064276586
0.6726512505
0.560661150129
0.469579628881
0.59363552544
0.353082652797
0.465893070232
0.695081321926
0.859661844965
0.70076807354
0.813180159348
0.651707732849
0.482119660246
0.542628299893
0.410465210449
0.654193908782
0.703846037676
0.707427229962
0.634489694775
0.703769483473
0.65431900962
0.494437783575
0.59650186009
0.623092118963
0.635939855403
0.674873112743
0.540247075295
0.73248069374
0.741928134549
0.639976591934
0.572193950884
0.832814717479
0.718719191183
0.631171880012
0.989489754211
0.63632685239
0.862912067927
0.630693726326
0.928646976211
0.486760274647
0.529086678754
0.711254047136
0.637693924182
0.843456991783
0.714063935548
0.474671454132
0.725030980023
0.846890305074
0.888453035703
0.64192946906
0.496557226072
0.581727175816
0.555445773412
0.401813976951
0.855557069019
0.557006970049
0.823484720106
0.720383149588
0.708257560757
0.484900051364
0.429217971456
0.414971876774
0.662353481206
0.581039818163
0.427459181641
0.626605524565
0.582196459685
0.674102657667
0.687611496477
0.592648460426
0.545820710468
0.600448477525
0.455528919212
0.408634372054
0.505461453949
0.635933601494
0.625301865269
0.596880052456
0.739297462674
0.541839499291
0.6424955387
0.421752399264
0.524577111695
0.691832036886
0.65424424677
0.733289517121
0.857892526078
0.714769405857
0.755839207579
0.522031400008
0.618095606844
0.605893746235
0.66331362377
0.781870237721
0.530152611622
0.607171585587
0.592012485318
0.524340707026
0.502621098685
0.649032379678
0.529012493799
0.440801931194
0.727567645886
0.762407481531
0.509028987955
0.695909776821
0.580533862697
0.694886538235
0.451186852091
0.653776812876
0.822839365281
0.653156382893
0.79475795861
0.661473473314
0.649019852156
0.634244925088
0.480691096286
0.64348389543
0.726949139376
0.580645369232
0.457409853305
0.631402972422
0.526041343296
0.673048772132
0.660989076108
0.768418360791
0.475672839506
0.614887406917
0.560894106769
0.564991099024
0.51881081836
0.561731309246
0.851926889943
0.924970615874
0.434824539863
0.745754285617
0.684767659638
0.58439347413
0.680198451255
0.499456316956
0.592256363472
0.479115744828
0.728744422001
0.519090547523
0.535710882955
0.642040443582
0.554986811117
0.474675831825
0.586333190305
0.632604704259
0.436976306328
0.705461423311
0.532696796448
0.479771486895
0.548363630403
0.807339116079
0.527389828891
0.761837733935
0.600976152271
0.639017777589
0.498723289494
0.48519485381
0.445849241812
0.607415848002
0.545116652211
0.692461273437
0.776070654089
0.750324751221
0.806795509483
0.473295555373
0.51783550916
0.592122153264
0.675381659246
0.590860191388
0.838744696065
0.552318563962
0.504649528793
0.695772898062
0.469010501619
0.643448382129
0.546115393168
0.610042758198
0.486991072443
0.717000269467
0.801380476844
0.715342700421
0.49019027602
0.725642033742
0.51667894949
0.617361980914
0.714704322961
0.582994766238
0.573135991538
0.551153942593
0.606411641865
0.623668268155
0.569667301148
0.428966018802
0.494910793042
0.712531729801
0.472234878568
0.661805390249
0.6606204497
0.460931533013
0.632952038576
0.640594490192
0.657743055764
0.633269650273
0.507071141675
0.652311150907
0.587802162453
0.657930988335
0.694208695546
0.482146954727
0.75422833041
0.774786922936
0.785746479374
0.550980991933
0.465745269796
0.582040076878
0.430461355219
0.70435636409
0.585559000362
0.612213397466
0.644501509621
0.629746355162
0.926050025166
0.674377662519
0.659197055503
0.531535751682
0.54380373011
0.77330326078
0.729527335793
0.759077822071
0.836709419085
0.745440818331
0.735771291359
0.603801058824
0.6746488152
0.676053743805
0.665583691731
0.935695855005
0.74331423373
0.731370142361
0.716169594917
0.565011664292
0.638237950764
0.745677729117
0.660414057603
0.604631613096
0.489902714907
0.51974198682
0.587428295029
0.48162147277
0.694415722024
0.632867423564
0.481077729506
0.625221716114
0.766184585469
0.64782562741
0.463044327167
0.296341489573
0.612053220968
0.623453902577
0.561285968941
0.606168436435
0.481167725978
0.527114923714
0.713367498277
0.568776645669
0.538400334318
0.517572326936
0.529712092158
0.538475840132
0.693650260278
0.726995201955
0.772891301268
0.585365814998
0.534362780444
0.529879914326
0.518088757735
0.561646426325
0.583587423055
0.47764725116
0.578721799927
0.75736549899
0.747991344592
0.494904673321
0.536701970606
0.621681914043
0.492440318789
0.538129756317
0.725570467469
0.459922616918
0.597042589756
0.601853423679
0.47767147546
0.493313575448
0.468494671616
0.470234501675
0.474812911909
0.625549712692
0.659932276912
0.699783497451
0.498072333388
0.611860380906
0.56805685794
0.414627839996
0.400156576003
0.544755201358
0.648031654984
0.71156152884
0.452271486634
0.600478249581
0.560566831517
0.631626701403
0.558114734007
0.382878562859
0.591020183873
0.573680388407
0.441904144895
0.462738364008
0.694249605644
0.769069399219
0.363727349144
0.416008403649
0.584266860181
0.565087304116
0.801863016314
0.713156898963
0.532173363032
0.400768124032
0.487787590966
0.667314179046
0.358823420168
0.567488689517
0.586060081936
0.465788966203
0.765131256325
0.443361209263
0.682886115399
0.530854915651
0.579450175538
0.517579893706
0.577535714784
0.331356619279
0.371880450105
0.433308257382
0.508847248048
0.686885966828
0.406113415638
0.492870635352
0.599303587775
0.370921518898
0.57496458587
0.503341590134
0.548354641132
0.517925397191
0.510095415279
0.660905197211
0.529981410952
0.618242782822
0.596711887237
0.495698066016
0.445640358248
0.420853638926
0.489013423622
0.446788076352
0.491888341564
0.523677135923
0.453349100221
0.396420964829
0.542356240998
0.544182845227
0.421470803632
0.451182227994
0.502958267726
0.438952860427
0.514932979124
0.454267026965
0.493497394882
0.588044361202
0.59197629838
0.469709762035
0.555126240091
0.554063382518
0.458309079624
0.517440686342
0.495146632409
0.502770189405
0.658881590944
0.61490318063
0.648063245702
0.476542556928
0.671199514327
0.591352745775
0.406403400842
0.492088246334
0.559841894498
0.346631335148
0.570749781759
0.674573772765
0.601916218826
0.631720759283
0.635637197177
0.480901951978
0.584035756744
0.673087393424
0.400626836761
0.485193249245
0.617726756146
0.482484722373
0.469044932364
0.519879605971
0.497255980965
0.5608060304
0.481807209826
0.492217654544
0.547942293585
0.391185901876
0.485269370063
0.577403138666
0.306239749862
0.63463760163
0.48524086939
0.589995087497
0.671784996885
0.441286726645
0.419195441282
0.652910401698
0.380380015358
0.495732660913
0.626515532763
0.451780161499
0.588599348
0.590126228127
0.725668400468
0.50449560607
0.649755763733
0.547487499164
0.615898196191
0.646295357927
0.536879138324
0.623292519621
0.371289630774
0.650087032694
0.621224567099
0.437218691857
0.607994913178
0.648126910527
0.704563944146
0.434729532123
0.494045640739
0.59854141896
0.523602107319
0.441640077032
0.481917883093
0.448923945655
0.513892856628
0.568546199306
0.50283873191
0.472174481384
0.362580775038
0.599654197609
0.600049164207
0.581211358661
0.534449208134
0.594059312835
0.510518623552
0.535627947929
0.618405831131
0.47776649691
0.735783639951
0.490635868516
0.417802004844
0.660722755683
0.542328535319
0.58609756868
0.533859703241
0.578485040979
0.67834409379
0.588221785568
0.527440865407
0.532501192236
0.556573554073
0.301286643912
0.483362255765
0.545104035167
0.313233205753
0.526251492305
0.506643163989
0.553116726945
0.50877257214
0.486581489556
0.436217513745
0.478296200375
0.541895861762
0.567331577115
0.513628377071
0.459331186338
0.528252235193
0.418877436277
0.457121431455
0.57990925983
0.548696755277
0.356534194782
0.475154640855
0.530625090552
0.585379206346
0.53502594827
0.549422065194
0.516062716167
0.60163233713
0.580727866126
0.431274021222
0.6670499734
0.519567342859
0.453520417275
0.709310551475
0.563027408128
0.578462365716
0.533841268321
0.555088561103
0.540135357528
0.540598725948
0.482188158947
0.435742753581
0.510848756083
0.510932948881
0.551151132724
0.430179159209
0.460380631166
0.478642544913
0.558111711061
0.520397903022
0.649479700228
0.417066364159
0.450469667956
0.429284892566
0.594443670079
0.521731638249
0.511575843105
0.727707550845
0.681202734154
0.494755719863
0.526214942124
0.557828616818
0.587189839467
0.535795117717
0.428395706239
0.651547292797
0.453208723972
0.747669307463
0.485347043284
0.561671609368
0.409983990996
0.550493129483
0.546852016386
0.584204687068
0.520544276434
0.556591417038
0.740875036839
0.694414545408
0.578263790754
0.711601496473
0.482861896943
0.503804185638
0.616458365846
0.559286111553
0.457656845373
0.478229325705
0.541087699145
0.543554707826
0.723468331871
0.606314316664
0.615202172788
0.552848972594
0.613675650446
0.677183392728
0.408361849661
0.432820259762
0.345016177313
0.671129983811
0.504068288665
0.495590399982
0.564684050477
0.725104010182
0.645703300077
0.526966883926
0.521245828761
0.594868539132
0.586662611163
0.699372784087
0.313359009883
0.583734535303
0.514360916349
0.716004507027
0.658339136095
0.769323563725
0.706792029218
0.678961872661
0.716499323519
0.560408905135
0.728678452356
0.752008213024
0.740483463006
0.583209740325
0.789931961106
0.759135705002
0.382392661803
0.805903977043
0.512324933023
0.555081555219
0.718134886216
0.634653909224
0.583974070768
0.656612285951
0.605463145749
0.534152025316
0.532738453868
0.672090659303
0.525614587817
0.453089471767
0.458244653335
0.717383949272
0.571215503554
0.69865528549
0.670157676251
0.567924947706
0.637741508977
0.515855909588
0.587949695848
0.630503099067
0.43760324599
0.725904982862
0.633443063286
0.622756391405
0.656193275875
0.5159960554
0.73892423724
0.703948143525
0.573842169224
0.523055821225
0.762454936821
0.671085749627
0.785027458379
0.533016097083
0.66371962557
0.661316942668
0.394047690494
0.736571673
0.481364104103
0.621261807941
0.808356618652
0.570922043178
0.428140412531
0.633162238818
0.468647532039
0.499566394145
0.507857817173
0.583267759368
0.624863554637
0.764700699286
0.481289738211
0.579964807869
0.539201620319
0.776417434014
0.505608755908
0.704262511621
0.641581144352
0.539876680859
0.398068570187
0.385284099519
0.615728759321
0.687275722614
0.647330040662
0.623982793015
0.607840663983
0.550461154181
0.613662216853
0.582430658973
0.442614148815
0.452048458595
0.466270049393
0.79911985871
0.703332226345
0.60446846948
0.5975343814
0.660599262333
0.735522535124
0.598786706911
0.46146585967
0.717808799059
0.541810774496
0.702092020336
0.531938468493
0.564294710012
0.393540631784
0.560268060475
0.544894297605
0.75775390405
0.383594610587
0.523760577984
0.723693949159
0.630045337999
0.589408310545
0.63993399939
0.720648934044
0.583914678472
0.714561498682
0.81391573207
0.671891519479
0.58290380174
0.778138684226
0.600826032599
0.60787639187
0.727252864528
0.80358336191
0.59729803868
0.485420514366
0.584647228588
0.581649821942
0.630022764095
0.402175226954
0.49910307491
0.638503232533
0.573230539797
0.416146910675
0.61009206231
0.832888836419
0.429563086814
0.562017559789
0.62421797973
0.672064956914
0.51877023294
0.659152875771
0.54335894337
0.597828811583
0.670583861167
0.499265082667
0.466908316649
0.618782824606
0.496847003507
0.517500145762
0.684680659159
0.524778187603
0.406034169116
0.459825407567
0.591872094261
0.749410368116
0.600254567484
0.629512152009
0.569997395982
0.515822956732
0.695703100864
0.490127555828
0.486293723452
0.761642182185
0.625371142232
0.585959277539
0.57139101365
0.785312309735
0.687321937951
0.536566982033
0.489193521098
0.554677757354
0.548452103274
0.616737954452
0.739196973631
0.565925341008
0.620555255288
0.536096655584
0.738149523652
0.571669347663
0.399430056108
0.460655117019
0.650445455148
0.629160384404
0.554012738462
0.586377392141
0.389809481358
0.661739299356
0.421084512175
0.432446787873
0.52056942116
0.380132347586
0.514970945457
0.573212038096
0.493660044386
0.59122424659
0.478032593436
0.628313334576
0.559033830518
0.428091242436
0.627930462536
0.455904155234
0.566132847347
0.625255665889
0.571352911116
0.510917067916
0.638981919185
0.588140460876
0.57232215636
0.5485332133
0.402920135745
0.621113183106
0.662688147839
0.526217929453
0.571505514299
0.632034914794
0.633328535271
0.521483659089
0.672363522137
0.527364964151
0.394253754574
0.639470882987
0.528601549867
0.476155605547
0.387370271243
0.656133159921
0.416102185968
0.52822000331
0.445147157343
0.578731641797
0.53305470456
0.675976796194
0.651438660779
0.476178006832
0.484822017739
0.770897858462
0.424995723547
0.558034359699
0.600496068989
0.470261445965
0.44075090821
0.631987446863
0.471163193002
0.431554784121
0.335410395167
0.536391692855
0.569686183997
0.642108457127
0.586143220659
0.348326905699
0.560081778488
0.293786107413
0.515650226402
0.520192709864
0.479561895858
0.567341282377
0.475383818307
0.429196912606
0.730043769733
0.443598029765
0.516295234098
0.476033212062
0.366530165659
0.564857440541
0.502871836087
0.825474226537
0.588276453859
0.55120608952
0.642024678059
0.503120889842
0.604159340938
0.712201245951
0.546865280589
0.609477738829
0.400276407683
0.488749909975
0.513439824682
0.696704522906
0.478492746061
0.528494727289
0.400798153443
0.46501551751
0.466655505971
0.366584408781
0.431333345852
0.47425176185
0.529619077192
0.421989975103
0.439290184446
0.614780227523
0.637045347445
0.477765504781
0.588989560784
0.653781464424
0.613659808057
0.593098402892
0.561067319724
0.672520811734
0.633336744053
0.572423916386
0.576288087089
0.620366515825
0.629345815582
0.558674232328
0.345481355184
0.710117843062
0.747187995303
0.580077185606
0.700096489921
0.562306067363
0.616756885169
0.431638833542
0.611721685369
0.633019289275
0.474354365195
0.699649674215
0.426054608984
0.608022585139
0.581204686704
0.587279488742
0.556198484824
0.696676519746
0.623172456963
0.585019657101
0.525106328282
0.522492535333
0.538688017243
0.559324434444
0.53585781209
0.427344156336
0.593831383831
0.333409466174
0.399293454038
0.472780281664
0.572289875667
0.46375992774
0.547508346781
0.48563855299
0.500985820158
0.659208083931
0.59106603754
0.589150834568
0.555698461521
0.435644168194
0.438929740806
0.552907370913
0.376232980783
0.474329021961
0.500115498367
0.48492903698
0.67530932113
0.434820618958
0.491295399269
0.588781302714
0.484489380871
0.365632219757
0.651090540183
0.753059505669
0.537284082895
0.5032210142
0.519550659379
0.605557159731
0.591487708247
0.581824178458
0.527192074511
0.523164768622
0.502425462172
0.700765283566
0.52400843945
0.630440278822
0.609312740583
0.611695760228
0.46456700568
0.593964075814
0.600623216104
0.435277123137
0.509817407396
0.690955564307
0.727264421156
0.509040312953
0.603770354982
0.497291280867
0.487446312286
0.448720860592
0.413300178912
0.45062362001
0.52856496643
0.505991493952
0.514494737667
0.647723481413
0.363622481258
0.364239668128
0.446945286805
0.547614835695
0.728264105043
0.554480464104
0.584819631237
0.265288661096
0.734749660463
0.622436799046
0.664211921597
0.467434246285
0.509899050757
0.432840492938
0.794210534613
0.498611279209
0.366876619388
0.510080951654
0.682573890872
0.442634710594
0.432624520122
0.650044561814
0.293991084138
0.77978937691
0.692759946943
0.688176954692
0.430004893445
0.523951756739
0.645826899371
0.537066787289
0.639502929491
0.452165997962
0.573562042656
0.525985307086
0.720090253849
0.807624419646
0.571631885468
0.743933757629
0.533869067592
0.491059936508
0.433751902028
0.510125707565
0.594432387005
0.521413210624
0.440755646311
0.419927806855
0.541467249151
0.757257087007
0.71183140472
0.554472742433
0.537124053476
0.664586207066
0.591673212806
0.502633283564
0.54481008808
0.411073033468
0.61274440337
0.311331874911
0.428665384123
0.543898660711
0.478472337348
0.467725846369
0.694328256092
0.34165560881
0.533235651719
0.349772595252
1.01736207189
0.544280072262
0.621663206343
0.411242057163
0.571763095953
0.515993017018
0.655921593535
0.522089476088
0.568045590739
0.639048213498
0.519875749388
0.470755091331
0.616683682441
0.451173110552
0.697053243743
0.492827457433
0.654415259203
0.42065519422
0.681754890372
0.551215269896
0.52836893065
0.411639476695
0.392448046084
0.592911765481
0.46424349483
0.51461471455
0.465333447957
0.574841829436
0.555752956866
0.712578166333
0.609424536982
0.416255585964
0.467797412211
0.493124974249
0.655935982347
0.648275885526
0.629281523083
0.410081702615
0.506321636416
0.490638282586
0.625228996433
0.63583561562
0.523342227822
0.541478631929
0.609449190235
0.420443857377
0.671246765395
0.543754712323
0.651621884503
0.523061964625
0.503473550076
0.578783136709
0.426022030608
0.486360777456
0.571716431215
0.639120792119
0.506908262722
0.440094592606
0.563887287126
0.651414057871
0.613753796368
0.577428874756
0.59257282792
0.553582465585
0.52276782521
0.529730822196
0.365955894942
0.575839900187
0.75185163666
0.392818522153
0.667315620716
0.532566687606
0.585671953326
0.640445656813
0.400233820538
0.369152727563
0.446243995651
0.432965548963
0.536700070615
0.438279495932
0.541391947572
0.606415277714
0.591642838749
0.616901759556
0.627241772474
0.679929123837
0.617171976301
0.414786608868
0.429619039013
0.519278531827
0.652226757286
0.682045144528
0.527530233642
0.662267734067
0.547731839269
0.483504139751
0.512263146378
0.472397908747
0.606313223632
0.517976743887
0.524824633947
0.658448718497
0.569071215666
0.361112967415
0.693930935165
0.63733778993
0.502109426137
0.408161414639
0.658399282329
0.672497100333
0.560255409126
0.482548945583
0.629013667202
0.701799052461
0.50879093819
0.514601816799
0.664099824862
0.651486318944
0.370247329936
0.469261448229
0.587955075488
0.603546930907
0.393675168098
0.449109249314
0.517003929414
0.518390030553
0.564710787007
0.790663768591
0.496011187156
0.724749198093
0.446747472478
0.585924065863
0.350591081201
0.534625325293
0.540026367777
0.4092025842
0.525355626762
0.448562782363
0.43685123324
0.543046560513
0.683706303069
0.559583144057
0.569699748962
0.686470181599
0.464259614354
0.427687327186
0.646371344487
0.652661376582
0.826291193636
0.420878566921
0.491710892193
0.503532161354
0.392697829252
0.519472816958
0.556292912763
0.332914263973
0.57633304099
0.551826347049
0.442368266505
0.435640215654
0.619892329939
0.542089797383
0.454125342657
0.539322303473
0.465837393105
0.47698979993
0.680882036922
0.609219993401
0.516643796627
0.531281348362
0.409623938901
0.385881845892
0.7484740882
0.50375217267
0.445314994857
0.536566916566
0.445640116113
0.648100919729
0.337743478819
0.356121251713
0.455854860339
0.66370261575
0.513907813635
0.378035652684
0.58213498754
0.659668462427
0.725826834254
0.347603592774
0.634303176838
0.516582268071
0.487541772635
0.367675012978
0.438989703507
0.587170671802
0.595168263971
0.313385481137
0.446564786663
0.648257021589
0.43712606582
0.27421136492
0.541137633213
0.558953721389
0.467456887548
0.525212224703
0.391038646512
0.548629293363
0.497651484791
0.433105848171
0.577299318941
0.545431848837
0.451056536776
0.619721876209
0.481311634293
0.537137685285
0.566197305421
0.484622187715
0.582876168604
0.528620379666
0.501268635644
0.530807698012
0.615591140479
0.436879974821
0.55677285538
0.751242735645
0.405115830975
0.656951486811
0.326734131152
0.513414886698
0.456759530833
0.484476996042
0.465403070184
0.611652800708
0.375046051855
0.413004911118
0.432404499417
0.796748619434
0.489763190011
0.439287826234
0.546078085103
0.461095386263
0.381202220515
0.721827049153
0.543330833822
0.445707688165
0.389952098832
0.514520189013
0.364460042624
0.483851514358
0.356972592494
0.480769199464
0.43246497125
0.636206656709
0.606657424284
0.475574824591
0.523176545987
0.552758839297
0.727818194482
0.566037943243
0.575419748112
0.568594241904
0.554543428048
0.505630250915
0.802891509561
0.685354365855
0.600709898452
0.315036528462
0.339571986403
0.516324766981
0.5898271295
0.513086802693
0.466846527216
0.354811081045
0.663756464115
0.635070673968
0.553482829236
0.512772058028
0.443264197705
0.527599297748
0.475766645607
0.590513223079
0.506793014559
0.614006935741
0.513565675798
0.495919641103
0.510632516409
0.657864847769
0.494248423279
0.375595323511
0.452284159257
0.373455577387
0.468673017839
0.394483141367
0.483847299846
0.492820470037
0.499743184655
0.641868506682
0.456012139509
0.519317345178
0.531502723918
0.428313655891
0.425293236252
0.637751073125
0.476934817343
0.493507837588
0.615515443848
0.709419556927
0.365389468097
0.587613798198
0.394575845212
0.484524657475
0.586175116871
0.605148628896
0.514852298392
0.502360762697
0.468123534897
0.733920620621
0.652157894032
0.6340423075
0.591925578708
0.364753284736
0.55256418139
0.613110253445
0.607741467502
0.518505326378
0.433725668334
0.513635640386
0.683429381626
0.647646046998
0.77480026371
0.646413671625
0.528253462866
0.472660043013
0.598003722536
0.680966397111
0.571825686129
0.703334722879
0.437040122329
0.576123369415
0.484804108765
0.552818756781
0.367070806321
0.587958439452
0.547357077939
0.644924140812
0.638194935516
0.663992411505
0.41832224111
0.561739200132
0.555121609392
0.684026033444
0.540579662176
0.618013155784
0.463763492884
0.60517081679
0.63145727528
0.560598555531
0.468569840709
0.757234226584
0.585367115183
0.674869573649
0.675597747
0.455363876321
0.478532612389
0.610156703352
0.521358814277
0.42510891963
0.413329005466
0.656254206887
0.480175558486
0.576078859657
0.498913714807
0.745713548688
0.375238571277
0.573295956594
0.569743975726
0.631054947397
0.687232572128
0.617098243213
0.64375940542
0.478578424773
0.685296909825
0.719817256184
0.518768340265
0.590106964064
0.52442133045
0.494542650295
0.55451954113
0.46464526326
0.58685459616
0.511495398252
0.524082510856
0.460164431973
0.43318664212
0.526083723745
0.590198351191
0.526373865694
0.555966622876
0.426981786209
0.316686903773
0.463874671811
0.5062347501
0.538400086398
0.488615060549
0.502841503553
0.560915008101
0.52265127762
0.480965068143
0.455198919985
0.607065759806
0.60265827746
0.461456980073
0.418031009842
0.48386087001
0.57192238727
0.526185072807
0.524412798521
0.410186076912
0.390175170732
0.55137984588
0.680321576275
0.418758206844
0.413824484841
0.468907411864
0.689468879664
0.735002103336
0.564595023205
0.418313112283
0.364813288481
0.35554540378
0.462617970442
0.497046941794
0.586036073806
0.414093522691
0.414520005867
0.371872142078
0.547957156906
0.511199265319
0.618025304806
0.662624251006
0.460564281694
0.458314137134
0.405308016179
0.752100746817
0.48987395144
0.567651184717
0.477195712667
0.471421591926
0.492888649776
0.605710399163
0.708050281248
0.404606986385
0.630966190026
0.483434799528
0.502935863988
0.340765775074
0.503577255979
0.505137795156
0.668809583541
0.391661627088
0.636210466765
0.652237570678
0.536187641486
0.443849697014
0.480031135573
0.437457912689
0.438390488581
0.485883095686
0.472162139831
0.459551890332
0.540928740346
0.531851676324
0.635122318156
0.572831195132
0.546855370873
0.503275813354
0.602959396275
0.503428230489
0.68877244452
0.646902364072
0.47513857974
0.434982409469
0.437032387115
0.395087560618
0.530071478151
0.499963729526
0.76242859706
0.608208181507
0.519104781137
0.515540829286
0.516612933447
0.581693669275
0.614660919718
0.542874371044
0.489317976488
0.483583258394
0.504433905716
0.546409074102
0.445768406745
0.706316576444
0.440795454533
0.505388526213
0.671054449402
0.466214964675
0.612583640225
0.598942016032
0.703811375323
0.650101179508
0.517685158895
0.480472304617
0.441320808993
0.428695757482
