0.556644105015
0.655918338859
0.524498086224
0.340047420863
0.622883002708
0.577490337789
0.494913932519
0.616065769455
0.705858290215
0.334060733647
0.396074200341
0.699879786644
0.542044177907
0.537081836041
0.524312196179
0.6341093176
0.539932607027
0.69689700185
0.505425822032
0.457483900509
0.491089184692
0.56683731834
0.594901731743
0.594059417686
0.543508767562
0.603090061723
0.562369203605
0.434786207094
0.483683912707
0.519859509231
0.739982726018
0.601282428312
0.708814858811
0.704794551721
0.48157005723
0.687964925778
0.467244146836
0.493232721171
0.51992400365
0.624937364162
0.390928705499
0.552346504574
0.534061518898
0.402736891779
0.701663456606
0.55646848002
0.685191152893
0.487803846108
0.446734567305
0.730089047219
0.684242099975
0.568822024111
0.478884547322
0.375806735702
0.599597348003
0.378695671222
0.381260502227
0.700475087559
0.430049634241
0.432786054846
0.527002343101
0.321888041868
0.589773240926
0.389441918533
0.430410728071
0.380197908409
0.485882369832
0.592736433701
0.494098811252
0.518710789882
0.631052848931
0.48182953916
0.510065061297
0.582775154136
0.593488345199
0.536385370746
0.506292753162
0.517067817746
0.415825218284
0.549622665394
0.512902367762
0.661075104165
0.484770069851
0.77509257376
0.526933162318
0.40345383883
0.566988895012
0.487649591089
0.549927859012
0.398287600468
0.56240395261
0.661068684851
0.431779314319
0.337141552788
0.775629513668
0.61571508827
0.324743369998
0.493539677557
0.437921573965
0.506494183806
0.64328334952
0.564641493862
0.369852811227
0.59172009583
0.622424708546
0.400376519341
0.420177876509
0.589122476016
0.630206656991
0.544749395651
0.609573478646
0.512626893234
0.529594162714
0.549076107396
0.60583692561
0.604659208303
0.530204897971
0.526450319686
0.516782480854
0.615967588706
0.568361010694
0.503066888951
0.444679255786
0.489599913865
0.490711665664
0.589797390679
0.482217772565
0.388470374303
0.579627277454
0.628089985115
0.594234856188
0.516012463071
0.430613129087
0.568432628756
0.490294295026
0.449606304056
0.644386667915
0.422765079885
0.660433122003
0.667163656817
0.539472349469
0.476262063089
0.629423182274
0.547686043351
0.572949892086
0.66632040184
0.495767095364
0.575239282143
0.393719023976
0.487640539314
0.588263407379
0.641321071842
0.569424453311
0.583842928373
0.546049989243
0.505870987632
0.615267650736
0.473550711521
0.553712634558
0.445779599238
0.539237467479
0.48695093055
0.520078358903
0.683539605233
0.342959553326
0.657521528119
0.393591436543
0.504157484167
0.525598367988
0.637667457504
0.521446485675
0.493017916104
0.48108178385
0.540262149777
0.407372095324
0.542902958393
0.648212553884
0.508502481443
0.618473336389
0.53996773173
0.749512973669
0.609001168907
0.695245918052
0.439311051104
0.458562703235
0.388683223668
0.594555238039
0.652124073589
0.582302375342
0.550635140086
0.631981792105
0.614194580541
0.538065658572
0.672980549053
0.38121067423
0.581889095937
0.594233311765
0.379527666397
0.47365667503
0.426395609711
0.610939519343
0.551380199611
0.618234201281
0.462433177607
0.513453072169
0.47333722912
0.61207540756
0.572793371139
0.604692254502
0.505075578811
0.37799396122
0.583539232823
0.705473933599
0.395198692785
0.600008086591
0.556596090701
0.599199446976
0.582343324909
0.454578726266
0.552240317886
0.572165409019
0.559205842794
0.624960683613
0.623727976938
0.386055364849
0.55140742456
0.551400653177
0.4558963116
0.624341490532
0.603098806517
0.61498190906
0.409241676899
0.645550692541
0.70379804814
0.431133548578
0.517477205894
0.668019530459
0.663571686671
0.613098044156
0.588074920357
0.545634630006
0.439387556123
0.556357078329
0.508809167265
0.521969907901
0.638382956568
0.341981832594
0.675256253686
0.663671973862
0.372611608542
0.62072930852
0.494678841829
0.693856378639
0.602783586519
0.44713666328
0.619060469839
0.481547699847
0.47480401081
0.426586112004
0.471470460457
0.572547638358
0.575769809358
0.521183271625
0.366544543826
0.727451874814
0.543974850979
0.603792539277
0.667406334829
0.511976861202
0.653531941403
0.454234085519
0.467485177003
0.781673473755
0.556140624955
0.530080307428
0.590247786979
0.613408664494
0.334499102761
0.49538849459
0.366833441244
0.661744477137
0.517578658691
0.472410338901
0.566382418478
0.382718257293
0.457797847789
0.632643546286
0.509050281889
0.526673145543
0.402675195956
0.599238874985
0.598890677041
0.551573948978
0.557760445564
0.4280064959
0.507219091071
0.803006735861
0.472535704562
0.745958585239
0.509718026404
0.517024342679
0.479509502789
0.482829740526
0.536678628576
0.501848338858
0.565981843043
0.504897330822
0.622355641139
0.486302791348
0.580777335055
0.776455063024
0.388820836858
0.537337720382
0.554518710354
0.539779143528
0.59166465196
0.58324560005
0.390582241743
0.693409398506
0.51828929112
0.515991196337
0.332879752809
0.601985771531
0.396489228338
0.548287956246
0.676582984218
0.54135552891
0.487054105176
0.602942860297
0.420347545264
0.705941121864
0.523260500273
0.389095264153
0.458393400787
0.51748282704
0.584602652566
0.499630374598
0.67539054039
0.455429062501
0.512862424611
0.562995961795
0.508860924125
0.593403019118
0.563328874962
0.799105864779
0.546933973198
0.398710510005
0.497567941206
0.732694430678
0.699531723237
0.496327594332
0.688557392479
0.650678290802
0.469284871462
0.544870959627
0.48450026421
0.558285380188
0.840249921366
0.293015292173
0.551163408754
0.493178493968
0.566150585868
0.438691165138
0.563936594223
0.596856063675
0.631732967061
0.515813139475
0.643686185401
0.662424098173
0.470602305453
0.549757788734
0.46493665712
0.536767199098
0.505520525025
0.629442483695
0.626219980065
0.673968620816
0.58427596088
0.571504413684
0.557740891233
0.647496224855
0.490723660265
0.632634114451
0.613963421774
0.524781503506
0.674062876815
0.593464261421
0.625705217541
0.536436664373
0.736653733188
0.435087836052
0.537299146607
0.596865340171
0.752991231892
0.50848279631
0.576964241066
0.437100561539
0.533786409003
0.75408743256
0.619640876332
0.532562873849
0.488394705152
0.609588847705
0.47001706469
0.524268575604
0.554575087864
0.490651715819
0.424837267743
0.619914061549
0.462371754622
0.67997732985
0.566691084092
0.555928728438
0.723629853855
0.492917913579
0.376076321834
0.568224583814
0.463318046012
0.654841100733
0.679686052848
0.535515558467
0.472167174112
0.57158392128
0.559460373144
0.495126821922
0.525356932188
0.775268107129
0.574964053658
0.600516954041
0.696556918627
0.528183308464
0.662002926659
0.566462659268
0.515074250244
0.665406256628
0.437766342266
0.50685879696
0.488395320156
0.521228613168
0.55580532722
0.424141397951
0.510524684765
0.596727300441
0.452439242415
0.672392088345
0.449817112452
0.517833811009
0.560418284066
0.632124286151
0.686708806732
0.586950983912
0.690737292023
0.501413547023
0.375938312999
0.47475451369
0.600564015957
0.575931580935
0.464602809584
0.437213700674
0.634045809778
0.70140195224
0.692367626074
0.489792179633
0.371069287538
0.739238566515
0.474004808031
0.557980644074
0.728093937333
0.751745683468
0.522146165256
0.520325304359
0.540773802337
0.639418020553
0.624160142307
0.555736713906
0.563693168918
0.670092966519
0.575873631312
0.475817632239
0.60004508964
0.830658599319
0.535379569174
0.60228767873
0.456125056015
0.611437111324
0.515348979528
0.55651213715
0.676420388835
0.630995263541
0.47384978673
0.401817406347
0.410684623483
0.347022137334
0.657333824192
0.536609829993
0.657825049046
0.500748725634
0.595584399724
0.567342402604
0.592893897469
0.635396933392
0.438145526835
0.62869743142
0.627212558437
0.538101727448
0.537350626879
0.487541324216
0.60432356423
0.392082459174
0.534593426277
0.770070693195
0.597433816262
0.426037131222
0.513080888347
0.696418140116
0.714019348489
0.717013480772
0.468080559294
0.667648299666
0.527740644072
0.466551008589
0.460982763725
0.501996589057
0.492158986343
0.63712422612
0.563282328398
0.640073006901
0.838795155658
0.413036018793
0.68725268457
0.650380292211
0.395170243128
0.778154135187
0.549529136323
0.759089043314
0.566097701679
0.534132520146
0.765132997902
0.370711156296
0.449769120434
0.363979819827
0.438921158881
0.565550515024
0.628107018846
0.662280724114
0.545532935863
0.581246954174
0.44934632784
0.78388288014
0.584032518105
0.71699210683
0.666809531241
0.759730640311
0.613317234256
0.52497124911
0.432364825194
0.551772160128
0.632407549174
0.359050558648
0.573458605384
0.576241300982
0.766164234131
0.556197488455
0.527287229632
0.711397995087
0.488205147943
0.612368600498
0.459599074684
0.507303805791
0.616583350564
0.545169284908
0.371763836841
0.337470184056
0.861653999264
0.593705021172
0.597080951622
0.405084293286
0.516057973079
0.575200936874
0.620376682657
0.834063255668
0.685812982967
0.510418307065
0.695636437124
0.766154572242
0.554546955274
0.539771173893
0.571697142894
0.513096238436
0.38864946272
0.544176615171
0.615602059197
0.639266708348
0.546490750627
0.514225973255
0.40859619424
0.596340446438
0.687858405656
0.649550389057
0.495103025445
0.549819095724
0.53286334797
0.709763226197
0.499920255297
0.776132323642
0.628672980496
0.674707185933
0.681112230224
0.701043885847
0.520565035945
0.747939391782
0.464935841931
0.51561489035
0.445470172945
0.367958697532
0.497546562931
0.493488044933
0.587125613238
0.486162219966
0.630013787033
0.787256843109
0.614681688136
0.631872239853
0.591238881996
0.57818965138
0.655260804946
0.451018180657
0.52764687471
0.693878307862
0.71980203291
0.627831140759
0.833052202935
0.540816022973
0.747599899764
0.518161512444
0.548567069135
0.641308095139
0.51343132683
0.541638345199
0.648278148939
0.54877715453
0.649636425522
0.657020113604
0.397210652285
0.57434905808
0.507676470949
0.507726660915
0.539859211824
0.579044700604
0.670120311363
0.599957130208
0.610741456104
0.592169944736
0.666804300848
0.483786545371
0.407869426268
0.788169250753
0.891403005504
0.6646533207
0.602853811726
0.498357746066
0.496110422064
0.608256753441
0.635521248879
0.464800511765
0.587040889113
0.671820086385
0.59838179406
0.773182459247
0.615013088025
0.60512074459
0.561080356166
0.688471231618
0.478152844664
0.297816967903
0.898605574105
0.505638988875
0.420219811242
0.68402811821
0.437211585778
0.5202526491
0.572036986037
0.733271921339
0.594619936842
0.696684198399
0.429342659545
0.675748372085
0.723990066283
0.443264266412
0.552984888248
0.537161889094
0.672132311049
0.600901708326
0.724383306267
0.50117294208
0.590575514118
0.418070357185
0.395228567143
0.521733723866
0.750214810889
0.580823786694
0.534657888613
0.587687599821
0.483011367741
0.48846208186
0.82185937175
0.425166998231
0.743820417966
0.685448543807
0.58779054882
0.671331774518
0.539724210184
0.578641025431
0.597534555139
0.631087411511
0.570090747732
0.620204054512
0.512824483384
0.565197925106
0.622220977896
0.509143328266
0.558806927721
0.60516321215
1.07561810235
0.519100382284
0.553667393886
0.605340937356
0.641056768441
0.573155481916
0.643474845524
0.475959950799
0.621124184815
0.613319917552
0.405262980681
0.470489246301
0.886789636804
0.501412171182
0.498696351145
0.475848289528
0.640488501085
0.506053393463
0.620130598527
0.552105246821
0.600885376639
0.550579414702
0.567365995142
0.717394450235
0.529329836816
0.403584825638
0.559378899542
0.615558155511
0.655637994784
0.445722468445
0.661949310294
0.455326063062
0.879568581044
0.804173971049
0.557544412225
0.604257314438
0.518817591652
0.589812078368
0.484233319324
0.388203387216
0.727476909947
0.448078348893
0.351279426628
0.460563196426
0.711162278378
0.517213358063
0.575494175056
0.695943360656
0.642996159165
0.561849735428
0.569560072113
0.694912613459
0.481135296108
0.606232623273
0.600291422188
0.658826581273
0.381324677841
0.611914614257
0.510679231163
0.443880144592
0.477039548975
0.611600188507
0.712703044771
0.475668396508
0.575631200249
0.663151751319
0.830482514545
0.49822234706
0.683080704899
0.367462054931
0.746889193692
0.680617871752
0.46467420432
0.509620338577
0.446600747023
0.625462491504
0.546374873685
0.478235122047
0.450746222315
0.699411511353
0.452264803384
0.896539223673
0.641318061458
0.555249322226
0.444303594074
0.563232802056
0.591984362697
0.657462107412
0.746180855315
0.630225894247
0.428746316602
0.554741713219
0.541125717677
0.602331080145
0.758443566656
0.313273556907
0.583974258032
0.537252265991
0.450116424255
0.525769444885
0.600741355007
0.520826916376
0.759695479383
0.641691558197
0.644382865625
0.651764317919
0.575045471252
0.5032166214
0.567544977812
0.538187002933
0.477267034437
0.569870549555
0.534034686804
0.480827969446
0.56760204056
0.687546761695
0.700383911152
0.451778116765
0.524853496738
0.615343009287
0.609788113564
0.559009023465
0.919577914409
0.434477203314
0.507565100958
0.628611855872
0.532230685723
0.592382787835
0.361595091443
0.599574221685
0.440565569349
0.500626633469
0.58744581846
0.507360423984
0.742277420588
0.591396403507
0.702000144827
0.548888033248
0.518049253362
0.366852894183
0.503181592382
0.525121604461
0.483142349876
0.535593546214
0.748654957944
0.723848892321
0.48821326117
0.427211319623
0.460162083299
0.519329594069
0.518950721655
0.631811974644
0.505312808192
0.724163942768
0.478750422025
0.612235402061
0.404213485845
0.464279770204
0.72213882916
0.49510503883
0.44772842075
0.582973496245
0.702726177542
0.626048721673
0.616705161556
0.548963217017
0.465872480826
0.616239112664
0.656214914153
0.602777896034
0.596624488094
0.608707584183
0.515207593417
0.728397979265
0.446502316545
0.543649552455
0.613086237266
0.486038750565
0.430455276616
0.517609604007
0.46097878113
0.601949586627
0.657454645679
0.520630665839
0.644923034686
0.684569065929
0.51580083536
0.543878633667
0.605998782571
0.532966222779
0.519747207988
0.641500273385
0.713086683475
0.55374505161
0.430255144569
0.664301734464
0.553100483573
0.502837042174
0.424920113067
0.533545907946
0.39037944344
0.455938404246
0.722624948993
0.446629208448
0.707361361085
0.680626677171
0.522724246474
0.551812561551
0.669143136908
0.622726178615
0.477094181643
0.517830860907
0.579541118575
0.698641931743
0.389382538891
0.420686180312
0.399803636133
0.565876863489
0.360550282712
0.638059308441
0.450473405449
0.483424934924
0.342797323526
0.389804759388
0.625232112156
0.43652153939
0.45298265552
0.327015880526
0.465065054493
0.558034590628
0.458327198098
0.540684670173
0.77973418694
0.47995631716
0.702156856194
0.568374122634
0.51969279639
0.709503479923
0.613181837993
0.38371420934
0.509634381685
0.439955089039
0.399857126732
0.477492990664
0.538303887751
0.595556592793
0.568620617448
0.607053529591
0.475718920954
0.567209253452
0.507924194479
0.631315734515
0.466451349987
0.549890355369
0.753725983726
0.563867095416
0.398389985971
0.572754799694
0.522792815372
0.629949560823
0.532968147194
0.463316953009
0.704552630653
0.65180059212
0.656156413281
0.572858398413
0.585438872111
0.621756649328
0.50901778799
0.427791167457
0.470053930893
0.555335976278
0.587330710153
0.430293929583
0.599728588184
0.422885546984
0.568661193438
0.588537126075
0.783748813617
0.488202096971
0.475933663606
0.40907875039
0.591355237293
0.666433398744
0.594059352369
0.669742611572
0.646073867136
0.785084856005
0.488721960095
0.639449732947
0.718749096755
0.541212544135
0.554968381295
0.566569103929
0.537966950944
0.701883259113
0.429335402031
0.601341883811
0.349531905853
0.522281070515
0.330232838683
0.5176432885
0.744388010542
0.996445847876
0.572079635584
0.513917956988
0.511623722028
0.675654833802
0.646767351208
0.403380384828
0.696918045735
0.467250787601
0.643628189078
0.489261508543
0.533954009759
0.5043468803
0.449032529733
0.58958431244
0.523065053808
0.607286785253
0.658125732309
0.530979232246
0.618707793603
0.508999938102
0.484429999321
0.6426108177
0.391318381157
0.513630041415
0.667078590136
0.504809130457
0.504790900762
0.441249709523
0.538558721379
0.47697921227
0.491235462622
0.573165488435
0.57742078839
0.580703955801
0.472260334846
0.553155926999
0.620375090512
0.833597736177
0.566316129513
0.605366755547
0.444522126354
0.48288138015
0.496181669476
0.512023728133
0.554794983006
0.477886315872
0.579008408008
0.603893013953
0.58703179901
0.546311873182
0.431956701329
0.753828930376
0.65294202183
0.710041838392
0.611917642252
0.47965283198
0.54928711102
0.53300650549
0.505830723283
0.487515535554
0.673957192714
0.533680911204
0.549378883726
0.587457560088
0.61313699324
0.504709379185
0.453532667795
0.420276470396
0.568627563943
0.563471244604
0.648233220789
0.650576930683
0.518995033441
0.501126486333
0.458167940986
0.471445638809
0.795745542348
0.855292603872
0.542041026586
0.64018234462
0.522610493541
0.458585121105
0.670985381695
0.6024483396
0.670141491382
0.546174906844
0.420132106519
0.559053676475
0.63932982359
0.524320826088
0.370023318293
0.69438332857
0.668655504691
0.637980752392
0.533336361865
0.659943651841
0.619657858464
0.712173703392
0.633160491437
0.488999385927
0.578296738277
0.685475081798
0.372106550689
0.48160925631
0.627282972185
0.527339397974
0.467516935408
0.508416312193
0.636663927649
0.501822060335
0.721094233916
0.492222315535
0.616455726085
0.433616048148
0.509127203659
0.583476885155
0.630989958112
0.604537830411
0.546763149762
0.493361009996
0.329252549465
0.480432969848
0.51707196
0.496358097844
0.508848377948
0.448064161792
0.576870618618
0.482833425133
0.581175587657
0.476237688277
0.628400391467
0.484968233892
0.573760322982
0.661591234175
0.561154109763
0.542857021466
0.591907482763
0.549914782217
0.7031447939
0.599381904785
0.448674980056
0.600529440013
0.540411559138
0.565134098575
0.614056941493
0.737853090969
0.436892008805
0.56045259988
0.500284480082
0.449225854992
0.583554594421
0.734450131763
0.470528847562
0.583664227104
0.60169667972
0.43760775586
0.43463202609
0.379000342045
0.607008565641
0.708700421598
0.478464365806
0.471896579421
0.627284816358
0.383403083602
0.454300098609
0.504498060566
0.590265588701
0.60202685214
0.645590632391
0.649354769428
0.510791982736
0.57605191703
0.610840572395
0.519265235744
0.730268714063
0.773043870045
0.475354004129
0.433066708823
0.628128482587
0.789645272746
0.457056580805
0.507721358021
0.633616059165
0.644908678271
0.663723942316
0.594787107006
0.802520657974
0.493529548854
0.605428135092
0.399591773078
0.617628807454
0.571416973568
0.601603095873
0.52168151091
0.476368196637
0.614818844958
0.492629750546
0.544959858328
0.647604402929
0.562053180856
0.683916840952
0.480448303688
0.552862322991
0.508284084099
0.420367271998
0.503576091499
0.677857277935
0.797391583716
0.82775228404
0.674690599099
0.581600114951
0.499918794291
0.610939093351
0.514811313709
0.594238958041
0.436648855845
0.476668607684
0.578086412912
0.602123814043
0.816731013686
0.594562509646
0.562619763852
0.530591738536
0.578648957238
0.516926616504
0.625200509191
0.55377659739
0.463759393624
0.529053901648
0.711764944191
0.580071502604
0.470071520845
0.731371397133
0.586683152376
0.520407432917
0.401786786073
0.458104515523
0.380783170385
0.680239633419
0.582721199593
0.552066907255
0.468152958427
0.684857758455
0.679764770419
0.487551670214
0.697166579605
0.669262269588
0.486998132424
0.605899066689
0.666969756003
0.53776854689
0.484211682523
0.503657997037
0.55497564452
0.642488302612
0.578313793883
0.638338358846
0.53125419741
0.580979561465
0.616792968472
0.534291834072
0.597293143887
0.412530433009
0.386239553849
0.712876131497
0.667416916956
0.581901483231
0.53014684105
0.466101338575
0.471484413454
0.538843703639
0.733511179273
0.619728539411
0.637865880339
0.693578409576
0.593969217899
0.352704870633
0.558909590382
0.688386910016
0.556651353543
0.745041145233
0.634838302552
0.503556007784
0.503375234851
0.73685582343
0.658978680958
0.740390974514
0.432150982371
0.519894392643
0.633287984974
0.498574169074
0.482779682782
0.625487274608
0.596167292284
0.469753277652
0.531116944492
0.631214906924
0.531319875422
0.521618213206
0.621106057171
0.705930566351
0.644832333771
0.649414467891
0.516837191076
0.642108789922
0.564405539333
0.657084209543
0.563668171857
0.525517498404
0.674645646706
0.543098650924
0.601220797623
0.510904835094
0.586781527438
0.67796632686
0.566394138262
0.618839756106
0.557307170063
0.51067529732
0.693306510652
0.542295955328
0.508741584715
0.394827209922
0.682319188449
0.344399471801
0.606358307215
0.777407537043
0.389177414816
0.564739665748
0.618110017651
0.476022597401
0.488705375731
0.492239998287
0.627832028979
0.605750099972
0.63695100881
0.494136495517
0.539093239357
0.581287797611
0.649514777995
0.454941521959
0.64907807721
0.569849720745
0.926168179907
0.633283612582
0.528627368801
0.512417082214
0.51697219731
0.402876083995
0.575681683441
0.791446501467
0.413479595938
0.489890748538
0.488769556142
0.46444148447
0.366763265321
0.486109600545
0.828066025068
0.653529475555
0.497904149582
0.636473012381
0.449633738359
0.560813015886
0.524502345514
0.547880677717
0.595164331272
0.490231008068
0.58292217901
0.478819848722
0.576831536579
0.55651752232
0.610869152336
0.502361416711
0.430297278976
0.683388523506
0.642522369921
0.605825828454
0.496104714815
0.505178574441
0.505018176497
0.452326750092
0.600053953214
0.768399210618
0.572548928225
0.484316006239
0.666052853962
0.615605741454
0.400122594107
0.541607563064
0.484582694974
0.571686417272
0.600744452581
0.63840162249
0.459499284243
0.703688056115
0.594527448811
0.505948625946
0.607805403576
0.670123215584
0.372236268595
0.586714910741
0.627359754334
0.693031400277
0.549612127487
0.665442406194
0.547803832386
0.588837208652
0.502577899459
0.490196237094
0.655481664461
0.412313503719
0.644228975688
0.656644259182
0.557737835379
0.532682590664
0.569346649804
0.518093406813
0.494395682317
0.519684647073
0.503236295555
0.561841661715
0.523477588556
0.698125759265
0.604257215667
0.609195174727
0.667635105581
0.621653883809
0.621663087464
0.413481853025
0.538298144022
0.760467442145
0.673845368135
0.542345659377
0.64277480456
0.420003295814
0.590432061278
0.519001743681
0.427291720491
0.523163541815
0.42644543005
0.573080832203
0.575009555759
0.446657070443
0.433722655128
0.467314602654
0.521245200828
0.800379288172
0.61213721271
0.574663749223
0.682273848613
0.504378754704
0.379740267653
0.607606991643
0.513435030073
0.607091947723
0.55424345399
0.49325292449
0.588628181071
0.548802451077
0.398220946244
0.493701578644
0.539940607872
0.573163780251
0.478017919761
0.552162278661
0.438377487301
0.520935290313
0.639610456324
0.725115372724
0.616376611321
0.556466386214
0.427756379778
0.633781227903
0.522164071732
0.67818683314
0.461865602315
0.506867737922
0.573464052305
0.549939132073
0.628136094983
0.539645740396
0.556374663732
0.403236222519
0.65587289837
0.621519671808
0.466203105876
0.736104014244
0.535792373724
0.504387185935
0.612239015094
0.6277648492
0.686646630725
0.489560496831
0.431087857131
0.39652890614
0.819972950464
0.389196772124
0.537764244224
0.642750390535
0.462437852493
0.696407855363
0.54640162203
0.672778592443
0.498547645351
0.615162972218
0.488546885252
0.538649271326
0.600281950465
0.626266747242
0.518746328049
0.477820893467
0.519400416509
0.450286633234
0.566618725813
0.448709268202
0.534228543463
0.645313244144
0.683844225688
0.591493826486
0.596317313817
0.572059023166
0.775166812162
0.548724504259
0.519442168732
0.720134404397
0.56634228669
0.530713171739
0.513520623537
0.52007330827
0.571368643331
0.548320118104
0.508194118584
0.580773550258
0.664569428542
0.565589134804
0.575492967865
0.585523430796
0.573042741575
0.458291489438
0.592833657958
0.582220947664
0.457753642808
0.558995212551
0.663877218314
0.674385415934
0.73075743576
0.635387629764
0.646635626912
0.588750077603
0.688005058972
0.438175735653
0.493314178061
0.517562608955
0.448990531594
0.478914340927
0.729704956838
0.87205804986
0.491414899105
0.771551269391
0.468728899166
0.504913967584
0.627340619794
0.432045301048
0.663702442809
0.469339074221
0.554768231491
0.703877341867
0.756579556534
0.534061327472
0.46649600538
0.663337031392
0.702875742748
0.731198161785
0.600784059877
0.565264978085
0.48034749934
0.608370552119
0.358784479759
0.736538653663
0.465145537795
0.520025676977
0.642898125556
0.601328487501
0.588984042744
0.570177479504
0.560294371289
0.559871766451
0.648536256018
0.636386944146
0.635894042101
0.498197361551
0.460034008929
0.523190874556
0.562615417283
0.506439612021
0.600216799243
0.524616081478
0.50048155216
0.56602088506
0.525198321546
0.510324723033
0.595908972764
0.514708670153
0.5915007294
0.555311693782
0.690363996047
0.584078226278
0.483204779506
0.608285530812
0.696835956462
0.602663561571
0.485447264588
0.265022382732
0.28099959654
0.49848657835
0.437206705032
0.658387525041
0.54352223023
0.504126240618
0.529833949409
0.66464050958
0.500824746066
0.53691546328
0.575554437053
0.41551257967
0.770932079201
0.67269128652
0.532740158233
0.601031016679
0.526797918333
0.653077045766
0.642427964983
0.586500750375
0.776178442439
0.728134268466
0.526061651724
0.601797260339
0.515281857386
0.694423565275
0.432062282298
0.362845148472
0.466776943456
0.356945048085
0.636750531391
0.556684910912
0.489787622907
0.645573193969
0.549779679005
0.578844188373
0.555082371478
0.515938210622
0.568865575213
0.673524528246
0.508503889938
0.57377154499
0.509779255896
0.555423355022
0.459129274229
0.633728202544
0.620863952375
0.560273744258
0.539307634236
0.420903197848
0.579988140842
0.45806396856
0.698788252903
0.432859610058
0.481954132099
0.593248353055
0.637027427164
0.642023410156
0.675400281014
0.693101913185
0.453767830696
0.410265527125
0.500094500016
0.507602633669
0.410809371792
0.639108623817
0.721877754377
0.47589930885
0.553030846866
0.486285232429
0.753730194964
0.624867401611
0.403980928009
0.664432470083
0.707515360345
0.822228846977
0.692886797687
0.557577404606
0.469493481412
0.547325863157
0.630446365261
0.371731050654
0.491072083625
0.628157618159
0.6422829009
0.479004243133
0.603799386486
0.81161114414
0.39582072324
0.537159984009
0.468535079531
0.558792163379
0.521678663607
0.557623132436
0.654508578933
0.642105417343
0.608298053582
0.505200867019
0.556566056641
0.740975299205
0.750083490198
0.545664864966
0.576398256113
0.591355287216
0.524698204904
0.520482082703
0.511537493282
0.697899218081
0.51085170598
0.503400403644
0.692564609218
0.547612403222
0.543272721083
0.563812109892
0.762046559545
0.588941569846
0.705787762148
0.546649789492
0.56889517121
0.543998685075
0.584675060661
0.632672012859
0.565698973689
0.493742196146
0.550302834415
0.658016235371
0.490065976229
0.58796720465
0.5724852881
0.577983778054
0.725834848782
0.641993474558
0.64550841411
0.58206614456
0.423828744952
0.455669575087
0.695777676353
0.493522122755
0.578963312122
0.453354990949
0.581938418871
0.684972186008
0.670879585668
0.400766623596
0.46283511673
0.432303802993
0.598149337076
0.550809372531
0.683896767155
0.429170984153
0.551415973466
0.417076381298
0.509817876933
0.504458684624
0.523133504784
0.495025438306
0.614151141521
0.601554170493
0.638671437441
0.606875001
0.547357607169
0.484109572639
0.414436130708
0.550124477446
0.697545446065
0.474604770792
0.679812658955
0.567501770155
0.517571368049
0.4705801637
0.404054401716
0.586425342251
0.62905712672
0.48952058458
0.612711779331
0.508012669218
0.516250243014
0.449132580647
0.352388850604
0.506505610818
0.451257420347
0.467930509001
0.474581930141
0.644134607164
0.48122078873
0.451401152031
0.545476277436
0.632103354801
0.446733071097
0.5913043647
0.511105777991
0.345738382001
0.495126389262
0.505476907167
0.616606016516
0.358332801852
0.47493185932
0.489012507303
0.531316827325
0.63711373077
0.480925118284
0.521246488239
0.579096898711
0.520478785271
0.579731479538
0.497525345708
0.572036395772
0.595883458109
0.607592403277
0.511135204365
0.570740022984
0.642779454742
0.43698704438
0.661565239191
0.481598983086
0.49614050306
0.594176785945
0.438221539676
0.505181821909
0.487763835262
0.523768460646
0.509961000978
0.406907078699
0.636482911682
0.567787913598
0.507076370819
0.468446318285
0.535278126993
0.426776557312
0.650933552374
0.491137379793
0.55910735271
0.627151746619
0.523339234114
0.74187281229
0.601517420281
0.366658512755
0.400493765659
0.552123376002
0.612697825564
0.449199043147
0.575147284845
0.47913817987
0.534600673185
0.599601104544
0.56092614549
0.653950670871
0.57011403195
0.511873011934
0.564111067683
0.504102223215
0.587453869649
0.475271104877
0.493916527873
0.736575747999
0.609346454001
0.661955020901
0.803854533362
0.762160228031
0.612639104748
0.550078174142
0.58979031788
0.495691738663
0.731337112243
0.481859760759
0.514369377781
0.555724157429
0.490661195332
0.765169289731
0.611561386788
0.558434180306
0.548388060354
0.616668748605
0.459873532672
0.705921977769
0.65941557978
0.409543775586
0.428619300279
0.542602742313
0.572426451697
0.667816444388
0.495648950392
0.60610528337
0.557743743427
0.381473012031
0.631248356164
0.60156057874
0.53475152278
0.619048314669
0.597433233792
0.499541901816
0.631129071296
0.378275912638
0.722007692787
0.728787432038
0.655489419875
0.577220898582
0.923241373814
0.468747300538
0.68875689269
0.458480040153
0.576798937728
0.822008793729
0.443819929618
0.52541375409
0.453913582466
0.515963444517
0.758085793809
0.309721786416
0.605766337396
0.861078620512
0.543461110735
0.669849977129
0.489304521189
0.493484905503
0.617516201694
0.485136432224
0.394263769
0.432497858061
0.576695349045
0.597351202991
0.637038680506
0.690042208502
0.499235378188
0.739614663604
0.526650583049
0.341528616725
0.537449689081
0.634900480728
0.567480169206
0.382136805908
0.545684406771
0.633128458139
0.610088468151
0.708537039817
0.644976296652
0.915637617797
0.559915952347
0.577150500603
0.55972758351
0.524083615309
0.572044057209
0.586932802291
0.602790227648
0.441194426894
0.644416054444
0.455079935336
0.454273293242
0.670139550778
0.766344341827
0.648988882743
0.602984651573
0.607873143811
0.690896314788
0.496527857144
0.55157647833
0.583393561624
0.392347758643
0.697885800314
0.549774520482
0.445587395313
0.721417769431
0.701917122474
0.537228089437
0.636030950246
0.49843055463
0.407225427345
0.574386020053
0.468747997733
0.458522924202
0.584422149666
0.491181706521
0.539304575119
0.662743828529
0.613709365567
0.703471624442
0.794981299218
0.643835334092
0.703058832648
0.551070412816
0.559462530506
0.664344347457
0.557652150979
0.736595613853
0.501641327646
0.834083331106
0.52505613622
0.637680588202
0.554077343223
0.702381363503
0.534890393097
0.523543263946
0.666217075246
0.641700167866
0.533631456098
0.501868680144
0.739144799786
0.69570007842
0.672547483312
0.51537632666
0.679307936103
0.548968576482
0.48735305943
0.597291800939
0.593966321674
0.679379209442
0.377349986107
0.735077519303
0.504399473229
0.679913698999
0.415417493169
0.513701273361
0.488425087857
0.534877198244
0.782991629656
0.65662680991
0.514925778888
0.42684765914
0.415417455944
0.618602125147
0.587639611999
0.581781027755
0.458895984558
0.365006730511
0.593322760987
0.801063492225
0.661350742851
0.583136080645
0.695263294873
0.78180477433
0.640801113937
0.459767360224
0.45027633684
0.663942415386
0.630303931027
0.682948147948
0.588895853331
0.6739109905
0.51955062663
0.69146530392
0.373722913532
0.679301019578
0.675755189153
0.816610569566
0.902808408258
0.696814036664
0.536508935586
0.35293776268
0.545727040914
0.601816454772
0.639163762174
0.510850902546
0.527718362152
0.806600374477
0.661613353731
0.551620881687
0.645084418243
0.535357830349
0.434761248948
0.589312923919
0.377060444442
0.649803649636
0.717697909151
0.625153844209
0.581200479658
0.809458076334
0.632137692507
0.710156760258
0.561364950056
0.47152288346
0.54915993276
0.437838694959
1.04078194948
0.614215301648
0.492566729962
0.554034233088
0.623267997842
0.684075175996
0.583886021619
0.595174933383
0.657731325041
0.546260282163
0.439341317118
0.628224074896
0.507058573401
0.462206353549
0.582392404526
0.498238892405
0.383667742009
0.613914236789
0.521099007577
0.554948061238
0.471158152752
0.557662441533
0.437970169538
0.514487733507
0.516562272079
0.568676974891
0.556260237604
0.506804101172
0.54811300528
0.358195871689
0.556100242453
0.48678914413
0.744539159841
0.650215363584
0.457757807824
0.351798723665
0.424937920008
0.580784905082
0.610139800622
0.603661641933
0.670106573992
0.598251851281
0.494784704286
0.448467944678
0.679720363706
0.47247910976
0.453892755762
0.423094634913
0.33438756444
0.684739398597
0.675291733722
0.522690504797
0.510282002438
0.462240764749
0.375095248996
0.583619638832
0.600851329635
0.442981690732
0.52543521412
0.488283168453
0.562670954368
0.436580244772
0.458650545803
0.422076027456
0.537757821479
0.514158020058
0.626995067265
0.604364439574
0.565779917243
0.519226178167
0.546548575227
0.542758697747
0.375607559641
0.514690898536
0.413639038302
0.547420557974
0.632068023633
0.621096716361
0.653779736446
0.735724567907
0.349916920745
0.619903278978
0.508573805507
0.541861814201
0.726607437714
0.459237024448
0.567169801197
0.497427356461
0.560864293935
0.448545976961
0.468127151241
0.561913637321
0.574333359123
0.635877466242
0.584854697395
0.41446742657
0.569374367408
0.437358958709
0.716789313009
0.701637556369
0.508325213946
0.380491676769
0.524223527748
0.777925532242
0.463556945087
0.605824924895
0.582616520598
0.462410718822
0.571342426094
0.675059817999
0.532489955642
0.450164582854
0.690582612135
0.552521290933
0.63808069756
0.392678468644
0.44323335077
0.718452939747
0.447962029871
0.528380544234
0.485733286893
0.593458374887
0.486746684045
0.552787545746
0.584920364728
0.514509291943
0.536166484315
0.585042520455
0.574538020439
0.489572348787
0.543989786535
0.604406357837
0.518889630105
0.557153398214
0.42503599289
0.547603023476
0.472021067882
0.614473532412
0.577226091417
0.375643355018
0.605858516756
0.435982343339
0.558287958823
0.648546139144
0.478688674626
0.624786650684
0.655060659321
0.497382068072
0.548667007534
0.553631286753
0.481690177102
0.498331487866
0.552192249785
0.660431185991
0.526401546405
0.528372980809
0.553133669425
0.459696440843
0.660766283575
0.549847311434
0.607889175123
0.532403465598
0.499823189214
0.642435539038
0.44880671775
0.506880045292
0.599515127263
0.595462833472
0.328018010289
0.78679261718
0.528396486987
0.575447436585
0.772048784297
0.575746162091
0.61365852096
0.555337942292
0.435453050811
0.417729541582
0.569526804945
0.703802570799
0.3772256453
0.493372617354
0.647162821992
0.359957293431
0.552686735677
0.383742059288
0.444413649345
0.719184766172
0.785870643418
0.67930745487
0.545103862393
0.595940322142
0.562292382139
0.678895531321
0.412715037512
0.509993351152
0.371389987391
0.493142183344
0.509614756381
0.421704475473
0.435573774782
0.519983056349
0.461057887078
0.493360965576
0.49930543891
0.498845610196
0.834147859131
0.544623766979
0.524741845708
0.580415910573
0.381231315624
0.539111113547
0.476512997941
0.500636901892
0.55670792941
0.497264411056
0.440887055787
0.559897011964
0.637192052877
0.540654786335
0.622439762524
0.516741984161
0.58011490241
0.336748149805
0.65209476477
0.502453133019
0.712653783286
0.510660779
0.626695540022
0.561020802909
0.561766256662
0.572889687947
0.621027060251
0.626975664254
0.583561918377
0.429926128994
0.338625237231
0.542472826561
0.837530436249
0.804307854639
0.435973845865
0.437080129257
0.685937121837
0.478935375994
0.751761524729
0.479696915321
0.53048147376
0.524028367034
0.530580526852
0.528454520893
0.497821084638
0.458388192021
0.570223129821
0.569996658577
0.596287552358
0.775985925092
0.592559344489
0.402190587258
0.540974568143
0.56515337575
0.35094532313
0.477008325635
0.483776198598
0.544165999192
0.340855525293
0.410343556703
0.563768946267
0.578126673028
0.42971005076
0.437778407051
0.621513550659
0.598171960708
0.57842682573
0.474846698415
0.370647491704
0.56314243595
0.353767345594
0.462585265489
0.555694279721
0.530044976883
0.599297451514
0.609574221306
0.609176484594
0.720850072451
0.41448215436
0.635708028489
0.651425562178
0.599517500265
0.627948246828
0.456346660667
0.443138460148
0.449291670603
0.444896783488
0.480258681282
0.70941293209
0.393162039569
0.646015866994
0.502002792956
0.615609910726
0.579023542904
0.501436374447
0.621630575556
0.51872699884
0.534641221107
0.597097864791
0.640308664221
0.42099780473
0.602184150084
0.768738720212
0.625073603001
0.495839780294
0.557161332501
0.832711008132
0.557190493479
0.508826983115
0.640434509714
0.498057652694
0.560744040612
0.438245873486
0.628643336627
0.521628100276
0.601216881914
0.639590138891
0.578761599287
0.708565007985
0.729650669536
0.519394084658
0.509334428942
0.619320774813
0.59036746614
0.475298956058
0.510406612485
0.568795967216
0.542603433906
0.424152915786
0.528963574398
0.606810323485
0.549426130097
0.629310477991
0.474032812227
0.523112544974
0.634072905798
0.445510009257
0.676999707493
0.452610935416
0.581184378565
0.60576948199
0.56754348695
0.60830396038
0.617692961169
0.803286984328
0.484271402989
0.617734086234
0.568750310623
0.442644304793
0.66854001532
0.617519994231
0.505541490523
0.494534552345
0.525216657754
0.560756581692
0.661198083428
0.543244494142
0.590631756407
0.498095490688
0.531404835388
0.540731993377
0.511931887406
0.517388792056
0.603967137099
0.506665129813
0.697938784385
0.590059736552
0.642665860211
0.373285695586
0.561554026196
0.680898777761
0.531765813576
0.521077215606
0.589089592406
0.506787297776
0.458606547937
0.558964043052
0.650208918264
0.538184523675
0.563096311678
0.763104690799
0.531876973167
0.539068687287
0.412963905147
0.560247361779
0.602687331359
0.372018165605
0.445784479844
0.526954688054
0.536367601528
0.726403186465
0.542392951055
0.497430223813
0.574101483331
0.737201135082
0.71143314888
0.712389800007
0.497536231927
0.757663087891
0.584429974735
0.567633210005
0.717228618936
0.533160277683
0.567435440067
0.482145779011
0.565633782671
0.533128734289
0.469243894284
0.687472895635
0.671941160018
0.59990955432
0.515890010618
0.5720859706
0.657509412127
0.576987446394
0.50473415898
0.472034032747
0.641213036112
0.519492929876
0.429372781853
0.579524703124
0.571422054296
0.413346715764
0.673350971241
0.626513220594
0.431276102753
0.562556731489
0.682436809314
0.62276956395
0.50411415192
0.485832845065
0.522423826028
0.449719383815
0.780410971342
0.677770564003
0.553137545959
0.649668184112
0.601089713153
0.37060202799
0.514819866942
0.430217171253
0.573829958675
0.339355568335
0.643518235801
0.536514533085
0.673192056799
0.502067381364
0.65350454534
0.683621955897
0.603780805683
0.640784770474
0.606052116724
0.410367174775
0.486770956219
0.580884576574
0.500694953755
