0.61966007587
0.520777819704
0.583851210647
0.516990992311
0.528082901515
0.470677080512
0.594771400187
0.480622632862
0.640922871679
0.660559817697
0.551140383098
0.503583069885
0.605108216717
0.439278039867
0.460838096002
0.584046497461
0.617248018637
0.418964939368
0.611089534049
0.561757523511
0.514308707354
0.625071308837
0.616700909925
0.576551501635
0.629032520185
0.567642402072
0.348172342088
0.474973472693
0.57285560979
0.432302885339
0.631875820189
0.46718384317
0.609104805389
0.649348312322
0.552368822844
0.464560930073
0.542501377957
0.462793161898
0.394670228103
0.398367371309
0.721429112207
0.500629354666
0.427271030011
0.586674513427
0.60571273746
0.57551174474
0.551469992194
0.307227214527
0.594847766527
0.583143878405
0.547171941928
0.499549813653
0.338112600791
0.612686042993
0.756695247283
0.591473303917
0.525800853981
0.46924600583
0.618192956429
0.458114957165
0.468144632698
0.603718806156
0.470058582008
0.707214407031
0.418536092723
0.541576711907
0.465189590901
0.500553324544
0.51146386509
0.64858052215
0.318869615225
0.60409448088
0.510585985897
0.360016023821
0.439614747522
0.60122801267
0.462381291088
0.678712926099
0.633789886713
0.434167742214
0.561584421827
0.652932775647
0.532305850042
0.567029759161
0.550021421216
0.681150459271
0.442646152362
0.544503267249
0.51217636599
0.588649753958
0.583120313294
0.740728854379
0.668299028223
0.463214866494
0.572781890161
0.506108465962
0.453616053928
0.497284719372
0.438078949541
0.509049878954
0.611565702097
0.616579226182
0.467301679006
0.810597731129
0.509852542555
0.56597590363
0.517545633609
0.524879159422
0.62161927333
0.463996391924
0.617611932534
0.512521763844
0.530502439194
0.593702384583
0.634657326285
0.515732038252
0.712751800557
0.557482568328
0.599092456317
0.536317195906
0.50438974567
0.535613692779
0.490735725062
0.516564235274
0.520398529457
0.569771038981
0.671815620186
0.560309973481
0.428212732877
0.497320989487
0.609861172811
0.349096700282
0.484895662632
0.506756300618
0.586678527797
0.598938933025
0.519190729243
0.518028480432
0.498395713847
0.673277098563
0.549445690325
0.542272347043
0.655678886044
0.502132910696
0.597892348624
0.469340688715
0.691934469987
0.505511413049
0.462008210573
0.53503114198
0.448486945009
0.582824418896
0.520153587228
0.505999577148
0.568945206804
0.412376922364
0.53230974476
0.50689118747
0.559037060971
0.636990769473
0.439721050229
0.582726714287
0.578033574298
0.607597495398
0.509441709017
0.805132985726
0.52088283978
0.576020450091
0.525713292706
0.49151853963
0.552073620049
0.599774086027
0.491118181968
0.53671598748
0.549934951538
0.535429626875
0.50255870339
0.606952473417
0.330718526492
0.335476069678
0.49666941581
0.464421929953
0.423806664943
0.51989430944
0.479909042648
0.548661790675
0.397753150578
0.589767722613
0.454394937568
0.362903646419
0.536141922133
0.528173811165
0.378993489123
0.605487425892
0.389767166284
0.476708478507
0.639524954209
0.616940769906
0.601092361486
0.613455719641
0.473498596998
0.628433477689
0.600323651002
0.499183223369
0.427965969973
0.403702414629
0.639405980272
0.586085946594
0.464042445232
0.531863973831
0.441645536678
0.561584173552
0.672573577661
0.378642748854
0.462263172832
0.643169452048
0.456676657329
0.521803805471
0.452998935013
0.479847885614
0.536112925895
0.554911494105
0.487993008627
0.533613339496
0.398773614319
0.370361479778
0.487526747032
0.420507316122
0.417653640129
0.536378299629
0.331136034886
0.542194800578
0.577936304985
0.772601854058
0.455992460716
0.283364530866
0.517974739498
0.398863811897
0.562933213969
0.558844637576
0.413805502466
0.536258830431
0.546058750231
0.724209464376
0.501139681681
0.518928452929
0.476898717776
0.719019521103
0.358903820457
0.471947285849
0.494133691196
0.63613428386
0.551551939178
0.394748961774
0.465633371556
0.465404002809
0.570844845774
0.586783382142
0.588026165559
0.675737224828
0.683138699749
0.506279846375
0.387778549617
0.548975880495
0.495691806388
0.533136370997
0.465354037018
0.510367941794
0.61731877004
0.551643023916
0.701916909515
0.73149834936
0.619386577487
0.555131291219
0.482068162876
0.467404437356
0.734289339605
0.595946692226
0.509754785665
0.544789866791
0.599660660138
0.547574798969
0.628632147738
0.559723524101
0.600837607857
0.617284691884
0.763990702157
0.490055881186
0.621369715391
0.452377264149
0.539897679386
0.474383067877
0.549793058532
0.605114698885
0.445562886312
0.480421183648
0.495049337734
0.343307974389
0.476908072778
0.626443820649
0.504129021522
0.547730582334
0.640353512635
0.563463356443
0.281609636492
0.573736607073
0.688029212322
0.419676590283
0.477184432449
0.515448749781
0.466766500156
0.491363622515
0.648933132045
0.430259336301
0.545976437552
0.545584120697
0.638169949563
0.581626083089
0.600706729437
0.542270531552
0.639361838724
0.580992575036
0.50491753758
0.553372865393
0.392823979433
0.541579577081
0.635885648279
0.43197881675
0.596409760037
0.261688545404
0.496458719233
0.523571345262
0.401301260702
0.276742418304
0.762042458351
0.495931069687
0.579424749339
0.532275541913
0.487578791582
0.612602894334
0.649662679301
0.490868459799
0.563212315959
0.496887323374
0.642743342803
0.62884152187
0.546449360158
0.558981437693
0.427424980403
0.738445395495
0.502678104276
0.485532755756
0.386817138825
0.482133169268
0.447604229929
0.470139735309
0.491768101878
0.640209247101
0.84231909926
0.503916174203
0.621494737529
0.529319334394
0.560915864838
0.491231901349
0.557160991258
0.778509903897
0.615542156954
0.576071847252
0.497978121701
0.34883269255
0.513879930867
0.321037717922
0.414742977461
0.380528944068
0.642285012831
0.622863645967
0.676186699177
0.387176836024
0.65481069112
0.593987765302
0.299431881154
0.616041027015
0.75365936744
0.433060886876
0.545428082164
0.423700438016
0.622052796072
0.324968831903
0.698957605065
0.468496544173
0.598770789959
0.602328158536
0.547573100667
0.640352984727
0.409431771472
0.608338826087
0.431185377024
0.636242163093
0.496678882699
0.481990530348
0.605730804926
0.583420197207
0.596775364775
0.518675585606
0.438999216613
0.416318062788
0.536057179598
0.51222339515
0.484367079828
0.483871646079
0.675850810293
0.600007581297
0.49760585522
0.608663788023
0.554328794616
0.585010624648
0.571210446551
0.602681582252
0.539679957019
0.503977513928
0.474414291785
0.542015636932
0.579709908837
0.505220380719
0.49960408181
0.405971869924
0.645761245261
0.550180834606
0.614156209239
0.567808155263
0.705213923686
0.637490904376
0.658953275487
0.357126553841
0.449997701961
0.449221998894
0.426092694928
0.870518728086
0.504037075604
0.60999524583
0.391654533214
0.438821565398
0.51212771463
0.458620446951
0.607533302186
0.641558399179
0.647660768434
0.443178657055
0.559082430615
0.497063430725
0.593121142598
0.447069850935
0.551608253124
0.554888550143
0.587886024656
0.580998643831
0.354100331147
0.595468761715
0.471783511855
0.683379926872
0.542025620501
0.613094813421
0.688344416009
0.381989792744
0.430799510863
0.559587030018
0.476487216484
0.709487072959
0.592169996547
0.492801357895
0.48009682129
0.301595687144
0.575566939765
0.445954194329
0.567373755987
0.666145695398
0.587224450766
0.551806641663
0.429160153181
0.456523766572
0.40698784713
0.537591374506
0.505242653678
0.565901871059
0.438168697675
0.553202869338
0.439114294516
0.486374922639
0.556621459709
0.448623621736
0.682880164968
0.461283413514
0.497469742923
0.620968104856
0.452706232223
0.671797162169
0.679009576266
0.735255440091
0.57475488214
0.598971320342
0.398938807002
0.479972814478
0.578561662184
0.623112040669
0.591430156033
0.540626113413
0.693113152964
0.658509078652
0.566819356702
0.528830222411
0.730391221331
0.70924587162
0.564463537047
0.556888467466
0.5916266333
0.689171116159
0.466806925972
0.515298301414
0.35109933513
0.486939510982
0.400535979298
0.364740201227
0.55184922108
0.541936826371
0.664957991991
0.616057754946
0.639084275896
0.546588948366
0.831489162547
0.541755651366
0.472022795985
0.410430849762
0.388059428285
0.403831293984
0.502666658758
0.612267695507
0.631727323214
0.378349572129
0.612384746886
0.453128008111
0.556009354069
0.503441281718
0.632786676745
0.460881586178
0.528055999895
0.699396622532
0.476635861739
0.685849690614
0.611759603008
0.536819713686
0.499732117355
0.442641807475
0.454100856409
0.645788975687
0.602528873157
0.570993141079
0.612800829004
0.576319265889
0.435364431751
0.419773949323
0.778132571682
0.711800274271
0.55885150808
0.652002556444
0.505993564804
0.380107348556
0.577216698427
0.540629645908
0.561306636216
0.493620309079
0.63785166245
0.472765025914
0.608461990417
0.552380579327
0.407604572089
0.550707279398
0.684378020987
0.681611903783
0.938602972897
0.747234985907
0.519997474335
0.615464835273
0.548113503144
0.775273802798
0.421034423804
0.67791106055
0.520000297858
0.442974745219
0.601616563218
0.459492523137
0.524542057324
0.634544922405
0.489876560148
0.695094925772
0.444711122984
0.356226036338
0.522303435505
0.641036213937
0.600796540511
0.458798917189
0.45895172605
0.482359945054
0.415980224532
0.575571499022
0.495975134893
0.508299534295
0.626875000045
0.645564491693
0.742406673563
0.465396488895
0.391837616262
0.564623590544
0.619106959361
0.50251096955
0.421470319513
0.382745332452
0.30700797738
0.678890350715
0.60406045755
0.531808607749
0.698595508332
0.509262930661
0.427223571858
0.38947063786
0.476316891053
0.520289572095
0.486716770785
0.710771741035
0.532989125046
0.481891826229
0.701557580044
0.519258337973
0.644754899639
0.498906064585
0.486148754111
0.557168724759
0.509470645984
0.756878396957
0.592744952611
0.547420637374
0.425387220039
0.531218882854
0.774840296858
0.632325920796
0.527940236247
0.517472081064
0.699305701719
0.613727082974
0.546347497353
0.432296815185
0.546381310858
0.409105516926
0.702965251486
0.576366911247
0.556474066385
0.515704760891
0.696703996474
0.33841095101
0.497596581983
0.516862421332
0.415709502892
0.546462696933
0.681704104963
0.519908134224
0.817251769007
0.561428443589
0.615292812568
0.736751378615
0.542145062208
0.670913316449
0.615059930327
0.513902631948
0.600455496832
0.470443279687
0.744752882543
0.530849531491
0.505553100036
0.499715616083
0.395032249452
0.521599498635
0.708121222993
0.475441593688
0.757999175128
0.681192716807
0.790723551534
0.593799503045
0.407415430755
0.621613851885
0.665800195188
0.663419834443
0.523014160142
0.551988993676
0.867418173531
0.596211211798
0.583024773139
0.63993945156
0.660885210664
0.530899671845
0.709754291547
0.560154573655
0.64965488345
0.546879379138
0.582650314422
0.705863072923
0.483615407918
0.394458552419
0.550000966134
0.430150756338
0.570627943803
0.66848825549
0.571888729177
0.406865783254
0.470881710186
0.510692605862
0.410733054245
0.547914642424
0.502700039021
0.549026776001
0.493905808956
0.516595172313
0.520171748197
0.6990639169
0.855102418424
0.521599330313
0.499913755395
0.363390902307
0.55853618778
0.649495545829
0.619967525269
0.554864408285
0.397323451276
0.467610152056
0.736370716331
0.641836785639
0.6078809028
0.57842275864
0.663424385617
0.640867716906
0.520802275946
0.572098930388
0.623936908009
0.766017291399
0.501250681928
0.5749963647
0.533280570035
0.59793424279
0.577556803583
0.604613414114
0.486347830197
0.555723472959
0.557133832208
0.623768223699
0.384786400044
0.402469044489
0.721295248723
0.827075529421
0.569395465429
0.563983343444
0.568316071568
0.432941923931
0.637090224228
0.520229768043
0.483418732712
0.665735442999
0.472784299665
0.502262998391
0.593464699649
0.591204062228
0.664378412284
0.515622222344
0.488193520736
0.332345255676
0.702308539992
0.606008103662
0.575065723135
0.632965669385
0.499724485733
0.638581411717
0.518573709997
0.482368282225
0.639820698033
0.568617672433
0.53188733315
0.572561682248
0.554327107764
0.529078076075
0.69193438053
0.593690437277
0.621528782888
0.618690814465
0.554398726776
0.51210339973
0.655226848674
0.551331495036
0.940664798633
0.627377900258
0.721975875002
0.540865681444
0.548986799138
0.569118785902
0.582735739534
0.583303265016
0.705885603971
0.614554721869
0.43737182065
0.449489862157
0.658978796137
0.826595310646
0.502684560403
0.606799462932
0.448157289715
0.477082463259
0.49148767867
0.631490386667
0.617024733042
0.582865394474
0.76695490767
0.350792898404
0.563913470933
0.489234600348
0.44743907072
0.376257258001
0.681802878351
0.525210834142
0.634827593022
0.460566162071
0.480972640303
0.582456250767
0.41899150851
0.722653657545
0.899460446511
0.586999506947
0.536528352533
0.614560191385
0.551609970915
0.494529700296
0.448382317344
0.421128113184
0.652645949403
0.433387792638
0.444706367342
0.5592715301
0.498229872901
0.674467474592
0.491296040722
0.430056778227
0.522625154612
0.559860528055
0.511253017341
0.505539405009
0.545415360303
0.444151846553
0.380788813993
0.576762350088
0.470899553753
0.690642058222
0.504835083492
0.545658615559
0.549876463525
0.620671770367
0.600618984711
0.53119796667
0.549491863259
0.595677663536
0.565630708295
0.849843508256
0.621538219235
0.386583946364
0.530774829236
0.454119996608
0.692486012558
0.533212931831
0.521208198784
0.401030517512
0.617023554191
0.437974042039
0.387236991771
0.512655349925
0.703295862187
0.300030915061
0.548370155921
0.532184130535
0.453426541246
0.60422442033
0.492124691465
0.674107577717
0.496604773597
0.470377483356
0.738540348778
0.593815452931
0.677205664167
0.636009882916
0.603665166997
0.581200305762
0.613611724536
0.591510949191
0.70314940075
0.819622899717
0.41127455292
0.612772535372
0.473707740169
0.513556013829
0.59301263209
0.417919501941
0.651844555493
0.493471181763
0.697109828036
0.450605325861
0.608570896844
0.684495046719
0.624550095241
0.510639032745
0.689186232401
0.377031130149
0.555568377252
0.579841085852
0.498622865802
0.732801078439
0.440068502808
0.577039407542
0.545406201592
0.481780430969
0.462364402163
0.468391417108
0.337062570042
0.589657991314
0.522546911465
0.757715314833
0.624801365119
0.609591713034
0.689302789232
0.738584723534
0.453824634202
0.534232634798
0.384790683224
0.487462433396
0.516966053325
0.395628850979
0.430892384928
0.360490844533
0.447790366643
0.691561404475
0.60554377011
0.44115767199
0.599900788869
0.704378263166
0.494944437604
0.542489994298
0.747907888521
0.720201914464
0.717850453915
0.624463388372
0.651513927112
0.578007597845
0.430056602673
0.365662966734
0.491485706265
0.512022695508
0.418036160291
0.427752512529
0.631985590797
0.381254828265
0.59949500774
0.397852307466
0.649629015005
0.644911913483
0.653856992844
0.86350680436
0.646765499179
0.441071452443
0.58439057188
0.484375406395
0.381730147992
0.587686764907
0.42923299105
0.482252745872
0.514101390781
0.602866579655
0.614897785723
0.560652716513
0.760766395069
0.452483950689
0.47520546627
0.541126109561
0.713126392011
0.60553110497
0.409379868676
0.643853694163
0.494137113606
0.592485482352
0.553847061141
0.443208266456
0.528059857568
0.730008404687
0.406780528309
0.628686324134
0.482916290971
0.546999764658
0.573941861986
0.448704088882
0.316199497179
0.681278285079
0.641771227352
0.377427649377
0.573226895665
0.595153711025
0.49190793913
0.436870487159
0.630780168817
0.546022421541
0.508578717184
0.640568259993
0.497445742779
0.637638947986
0.525619802718
0.521298517725
0.462179500594
0.572082831774
0.371747922004
0.422599480941
0.512532529276
0.452449668528
0.569361980497
0.502634022671
0.611705487772
0.832657544606
0.865096667904
0.657615435657
0.617621398463
0.572247600956
0.37814780092
0.342182381556
0.586982358945
0.507181836129
0.612745831965
0.582411867222
0.648157604567
0.440921368893
0.566587892271
0.505805110904
0.415211179167
0.437347483476
0.521990064897
0.48211894327
0.35547999597
0.6767232853
0.508500914511
0.317928827013
0.522641070109
0.532955082814
0.417019370251
0.696377758169
0.718581998217
0.490032232879
0.610225158954
0.608738632449
0.440125993617
0.585183686065
0.477380952292
0.529947217871
0.596291462188
0.522337615676
0.474557035161
0.588268429859
0.528365989106
0.531945713384
0.514570357307
0.592237417302
0.468792975318
0.691680848858
0.465504580256
0.469374371256
0.54249123201
0.413095057357
0.471374962324
0.546415017781
0.805688945351
0.413471492068
0.670579142155
0.370803796512
0.565196939244
0.513357173094
0.567765538128
0.56432488801
0.493454728499
0.65894554786
0.664524621557
0.6019529076
0.371578632254
0.757647427155
0.552893910132
0.377832334401
0.528237923923
0.550757472246
0.568353446663
0.500831315279
0.51692694025
0.625993420348
0.472340498156
0.627039178763
0.468450801176
0.511765535589
0.629532251245
0.49493275969
0.575350586049
0.454965202748
0.576662348697
0.498397034835
0.441574692371
0.795541726968
0.492515960384
0.564636049427
0.59080707423
0.58475357385
0.453165446646
0.544667473987
0.474329832722
0.61525733712
0.519228560529
0.598751675614
0.445627630305
0.476683805925
0.731472977147
0.391573745842
0.32650893477
0.59767240934
0.501698546555
0.656271105143
0.581478147627
0.479830307451
0.616650843094
0.627685446157
0.490026834456
0.618321593364
0.64135838237
0.425984593699
0.504299746032
0.543436998922
0.48016115555
0.619294948263
0.433799658844
0.558469791817
0.51140764367
0.57442841424
0.542801523722
0.644445343129
0.559240946178
0.616669529969
0.7017714923
0.652638655261
0.588362633332
0.581431653949
0.45433856764
0.61328691273
0.570186282874
0.64675090902
0.546781059269
0.552966608947
0.559422327739
0.497317815031
0.585545025353
0.51741976263
0.668846291382
0.467202216059
0.506590498113
0.474778345871
0.398773564476
0.679852166589
0.537783954222
0.473414994069
0.394863025554
0.536300070496
0.443109624161
0.533944392047
0.450028764475
0.557430895213
0.581593358549
0.436643055714
0.358846936266
0.483016763478
0.56946815879
0.529442318521
0.409438075935
0.462850752096
0.699537528215
0.644021935961
0.615105511511
0.424365558441
0.768422854102
0.656340629055
0.530497706699
0.441914220118
0.44779967216
0.576822179765
0.605854256885
0.607124518119
0.529935982177
0.579328243973
0.475051315712
0.602047813172
0.509294909671
0.591973442556
0.593508496989
0.45794903954
0.589332183714
0.506976594655
0.413676576013
0.48932787028
0.580539267959
0.519004845016
0.578037040861
0.61923170211
0.609864680052
0.517411681788
0.625577035747
0.579244048979
0.576221029073
0.365412411742
0.516299827846
0.442949713274
0.367629053165
0.38561948351
0.417403953264
0.717657431239
0.591820663141
0.525314778495
0.464483915293
0.57281045109
0.587098770219
0.647355495677
0.655069714781
0.525090142798
0.768942985397
0.952045363529
0.480692565148
0.627000072792
0.64063408528
0.59747113611
0.630978298313
0.481040621988
0.633638686888
0.368012711954
0.340155646791
0.402137257711
0.557298281063
0.604050941971
0.620165945746
0.587338143409
0.432406141289
0.480474249676
0.5124627481
0.625663557998
0.380635248308
0.649630578707
0.631671552441
0.348711288362
0.452397897547
0.446741016378
0.660022447165
0.702112810727
0.439142581167
0.404129335317
0.631035187473
0.430981934089
0.628132401302
0.432996797814
0.624750525219
0.341266019406
0.342925500752
0.629297680097
0.541137594182
0.605614076615
0.592862680627
0.511942521182
0.448673195881
0.523970688174
0.438063839757
0.656461167234
0.650567774529
0.433179242837
0.463613777598
0.585605179031
0.491030137635
0.572743515033
0.489814163714
0.59161176319
0.552192315417
0.521624123409
0.592688245081
0.646044701601
0.693107996343
0.575212994407
0.592046565522
0.617066656862
0.561943619051
0.567359833537
0.402560761676
0.715865595181
0.600112489358
0.591800442544
0.559998420041
0.604313251278
0.594125597234
0.477419336787
0.463239494422
0.552572362048
0.810588489418
0.523628761292
0.405750519731
0.506638168502
0.427241265729
0.48652602729
0.465224342207
0.640379603386
0.584240037019
0.456967909054
0.689011858287
0.693979059781
0.534437159493
0.503646796528
0.502231903695
0.748603318466
0.643408814871
0.453005398953
0.587469731585
0.470734405489
0.448922461007
0.460373576493
0.45439236397
0.456728562518
0.61403299323
0.493478421019
0.412830371101
0.540615231248
0.568281971933
0.49423801941
0.651549413646
0.470296218976
0.508221881064
0.663819381715
0.551584115458
0.547257750879
0.423267280044
0.698788828857
0.478223894085
0.539740647338
0.530427612342
0.535039365795
0.436516980538
0.481794717357
0.532711795516
0.561538129081
0.449088507925
0.485622081605
0.392688716148
0.581593799709
0.606685621165
0.625853053085
0.729476663388
0.414360684733
0.417347866771
0.429033456845
0.580439396215
0.535863211846
0.54361876318
0.518090812467
0.558829760814
0.370365346379
0.461853862067
0.676726988132
0.776021652007
0.632640321974
0.508722984451
0.750360084159
0.5356013077
0.594042307026
0.47807819683
0.416668567276
0.584769913829
0.606945272774
0.398321908107
0.454694043249
0.742786380821
0.489969496935
0.543408609616
0.555042783398
0.530650348124
0.565736409259
0.394019688829
0.512851271657
0.695502238846
0.480527155468
0.662946524253
0.546887410324
0.564645129933
0.490879728354
0.579662728054
0.642832628421
0.446174945984
0.464352051674
0.686298164053
0.441861488609
0.504337563372
0.421696798962
0.517613469412
0.459011982048
0.425038792923
0.652312821774
0.6903286945
0.513288905587
0.640357866865
0.414816933637
0.39723433341
0.385782108027
0.588681965134
0.357364165332
0.436862461805
0.464527424611
0.692068157435
0.675544985903
0.460091414098
0.652397873684
0.481661051375
0.518189859896
0.36814743642
0.628564822513
0.547463426563
0.49629790141
0.489362232051
0.448899506893
0.647273002664
0.572266246127
0.583515444784
0.627358357393
0.469702698875
0.729832474978
0.665139930306
0.57828934885
0.471889592509
0.586488429148
0.617347734486
0.528252238148
0.485059313467
0.449459855362
0.5435451413
0.616496603117
0.508308666616
0.414449851788
0.647653388451
0.420263599086
0.671120482806
0.683072290637
0.461096445734
0.470636620447
0.535415306735
0.636068853591
0.584199973421
0.458770947825
0.62378193142
0.446456656914
0.642446440519
0.523505068128
0.570035355784
0.787576854266
0.59392111496
0.551293196312
0.625241649683
0.600588790418
0.405042498768
0.60640545362
0.490045014957
0.492059812909
0.570880803959
0.616302418456
0.43512621851
0.551906441825
0.434115521947
0.640254090657
0.414172958199
0.688914535499
0.591434190126
0.705887700962
0.573702332014
0.56256500922
0.574516587982
0.493821244908
0.411322398434
0.553227353972
0.418400915269
0.757875034081
0.632588050832
0.404271995704
0.409034900632
0.674448231546
0.51937190825
0.456518037949
0.577676064596
0.487190084399
0.621566679488
0.490650121966
0.551365588208
0.609050412124
0.643955274567
0.541499842687
0.55893969048
0.413569997634
0.700870614337
0.519251319831
0.490280887881
0.431788724661
0.596822287058
0.634936953223
0.644651997931
0.547612726976
0.505104550745
0.611421873239
0.471521687166
0.492037217429
0.438001176321
0.636399446331
0.570587654543
0.478961062124
0.474782497672
0.646895452926
0.498743279227
0.57786581162
0.661618728555
0.435334079166
0.438231427402
0.541130911637
0.771071620752
0.711000507404
0.552936889971
0.689801789021
0.450724200697
0.423538511834
0.444666075233
0.536929423057
0.591556292356
0.55456540277
0.489964632677
0.513593541414
0.667989089088
0.398436870103
0.641643413449
0.468931566586
0.547386290301
0.729536266717
0.373869279127
0.507244238158
0.568469011783
0.543377171179
0.434809415237
0.452488306442
0.61308595757
0.566572120269
0.547199829102
0.64007324927
0.709160982564
0.435090893884
0.634835933885
0.46634299424
0.500205368591
0.647155242792
0.546379230249
0.522118016402
0.504558506589
0.445737325845
0.695254691873
0.602323915642
0.561340804234
0.62674923274
0.674666816335
0.515633145038
0.543187387342
0.628874321422
0.559436373451
0.679300916895
0.383182879967
0.547522154851
0.686711098917
0.548779381114
0.650637801236
0.850266278401
0.570024286415
0.481298895113
0.442943186775
0.519003850067
0.640187830006
0.589914747402
0.552451565712
0.516090831243
0.541802807265
0.843116375273
0.679558373326
0.493995141445
0.655900582339
0.513350196719
0.415379855761
0.433175140789
0.39522417083
0.660045162762
0.623002259139
0.633917789041
0.74965242349
0.599061243892
0.497689873515
0.427389918647
0.458174785565
0.548127348715
0.682197819989
0.630025675418
0.306624659226
0.563961235827
0.478887742255
0.435587146272
0.555658044054
0.596942665618
0.58246274326
0.483860697728
0.552376414952
0.499786563618
0.369127615752
0.534419482293
0.68123398892
0.449205257282
0.491209626962
0.549851039502
0.499321458371
0.52777995796
0.530256431771
0.633975758998
0.571104050162
0.541434694317
0.524452035825
0.472165306179
0.571487194628
0.695231143213
0.558644279972
0.636305165276
0.551571318919
0.505806390736
0.660995155631
0.4628985763
0.477142907329
0.495286130988
0.755415221222
0.668040474174
0.403660917851
0.557065352818
0.540540444659
0.35789006045
0.568680698895
0.747194225333
0.760755805376
0.315632595836
0.590088670207
0.465486440019
0.534527516192
0.592427896995
0.741305800733
0.4769420927
0.41484397602
0.589824971498
0.504748315316
0.640755517446
0.604010661465
0.50503847296
0.389010379564
0.545726015285
0.57324496789
0.563878826773
0.537231039769
0.559914796309
0.516610892527
0.566915704079
0.646290501617
0.623333454604
0.555167993582
0.526948675453
0.568099640364
0.458736098578
0.576683488159
0.478312567797
0.513767255549
0.583953808342
0.450842913692
0.634514006179
0.431758242497
0.543997756685
0.490069091004
0.492661251336
0.508255483017
0.496471640447
0.502261725075
0.489814310369
0.41619230172
0.487399307707
0.664858653818
0.780700343799
0.649920094991
0.600867454019
0.588487579598
0.421559023474
0.598456938915
0.470209780863
0.582912170623
0.519980607666
0.569738429093
0.539126407447
0.64399914588
0.601142699077
0.581098803994
0.599335312682
0.622051516055
0.638760943126
0.571391058219
0.59941900907
0.612845748189
0.519293853145
0.691465136841
0.547754066736
0.522343809239
0.474569986491
0.460637113903
0.49847380659
0.477060836211
0.555429191044
0.478867508975
0.593814636687
0.74966779423
0.347852761755
0.53194513592
0.436512722486
0.410063762656
0.48975483597
0.592387762918
0.627848905577
0.6203448552
0.60376196351
0.692103516525
0.686727329938
0.562956652589
0.626878439713
0.580758048029
0.707288466197
0.629651700696
0.432467136376
0.735969980529
0.534617469513
0.430487864195
0.528185688004
0.696111114589
0.493127024782
0.504424488954
0.510302894428
0.739478177253
0.534651283497
0.43789392548
0.598169498748
0.311074475929
0.456765117616
0.466073505948
0.516110664173
0.666824102363
0.60430386702
0.591603258001
0.550355604725
0.566626543853
0.472491772284
0.506926773969
0.639848377178
0.570237274162
0.565113630286
0.484569751797
0.564531361243
0.587265976937
0.445296963856
0.537154365079
0.52773287396
0.618830884285
0.562018386674
0.544811147249
0.526277855258
0.604367847996
0.470264136725
0.557860856877
0.462817370741
0.432354960358
0.568407905489
0.421494385358
0.415681707723
0.396556947749
0.640345344428
0.562824947944
0.569026913494
0.558013990017
0.537941961917
0.476531133987
0.454097241479
0.563732439992
0.519274093162
0.449226252392
0.485542927461
0.597349721689
0.527265744834
0.557642330177
0.70718120358
0.350604179065
0.579596761777
0.590352946594
0.388683421703
0.470173777038
0.598501929732
0.505550492311
0.65337632083
0.653260806766
0.464254391859
0.670590986022
0.738578382948
0.352610445248
0.613791172029
0.488369158198
0.711257934644
0.562038045135
0.566148589778
0.599033500405
0.513686993745
0.440009828754
0.48545293835
0.616164901778
0.575515325962
0.505039286924
0.340398586686
0.678820006837
0.711058244452
0.461483470604
0.539209527359
0.532599590729
0.417917174566
0.4558052307
0.484477689014
0.713453927096
0.544547035237
0.560988704204
0.602017514185
0.564298602971
0.543010139914
0.603888042602
0.624780136243
0.596869955621
0.664399239455
0.601811719612
0.680991695381
0.655919576176
0.537321917396
0.458985891992
0.52326707517
0.687578180164
0.422799383795
0.815958954253
0.503259148957
0.687868464671
0.613591842397
0.635513342592
0.453675433385
0.54677891048
0.526774041741
0.471468003442
0.588102325548
0.414349805497
0.59201822583
0.66823279792
0.56711882176
0.587208031003
0.463750993074
0.454789055294
0.463253484709
0.461702501831
0.471504052734
0.415706878626
0.506965326127
0.573074286129
0.464247847355
0.47502733039
0.464462943746
0.379250061877
0.506556460042
0.385285109051
0.528370916042
0.54601105526
0.443708734523
0.549631392492
0.727283613523
0.458507306617
0.576147362715
0.67350447685
0.543421142022
0.41360899579
0.52990614714
0.549181146649
0.537144239336
0.634030377088
0.663809938155
0.390635902312
0.462619365639
0.468835263711
0.707956535107
0.536061573434
0.436389851306
0.57515125116
0.582573679691
0.654666445903
0.645969566611
0.495509235062
0.538227578169
0.505177156516
0.554797944407
0.560393264363
0.516967195835
0.548667803443
0.612023316468
0.513297699781
0.601487978605
0.604105168264
0.523639424334
0.524717627355
0.461387219757
0.436822191857
0.589433474097
0.519072293692
0.612595035668
0.531251577245
0.5516298456
0.372072972826
0.426760666747
0.438467140226
0.441793203339
0.447246906787
0.610023469978
0.571610209287
0.647180664494
0.598013912777
0.712214864789
0.631976604385
0.585351317947
0.464049474289
0.682580056305
0.628217050569
0.587023833715
0.62102225081
0.373246147063
0.509082872993
0.486918379173
0.573472925203
0.824819693919
0.768990147869
0.618590879303
0.599487906141
0.389811295676
0.406903694089
0.433619047826
0.531526188743
0.526743869312
0.626423066857
0.448818096154
0.603851332015
0.559583433523
0.563696562389
0.352976409665
0.550112469954
0.428388202205
0.603182245944
0.44634300787
0.648364853531
0.522460367249
0.709572638328
0.581141040977
0.482270492282
0.590816771169
0.451335184457
0.626351131667
0.424579903189
0.338055537614
0.613769726086
0.630274762635
0.65838079245
0.476573267556
0.544574219875
0.585521076113
0.633571960377
0.534066928089
0.44140986531
0.402319338523
0.56344217121
0.513295364359
0.504577010904
0.46166487115
0.500515452703
0.361956137924
0.481632301121
0.439547156303
0.492056941814
0.422809193725
0.593772911509
0.593896856685
0.624300562012
0.591221798447
0.553514882557
0.540428608847
0.533680052811
0.365160551105
0.443228724612
0.445209154104
0.586454979966
0.647059591747
0.527633927368
0.583727504599
0.60644202134
0.480077204172
0.449972921269
0.456796685014
0.551829072206
0.573978290182
0.494649181373
0.403968153409
0.53082233986
0.512182164186
0.493048773895
0.516947887767
0.683650725423
0.374813042791
0.537021201286
0.487668687239
0.500922061493
0.440915344739
0.540214148865
0.483833484814
0.851385335516
0.594851374443
0.488937208831
0.520239939651
0.609345551165
0.702110701361
0.482783140122
0.508234058237
0.430847788587
0.5401410611
0.608574963455
0.637709739713
0.778835155719
0.618796443264
0.415185705868
0.638360735858
0.492789163129
0.461002672515
0.564706490456
0.376274306518
0.665639384923
0.533466918823
0.452642512788
0.536922319961
0.553471527063
0.549859359083
0.421379307549
0.615752909159
0.550657717577
0.587479125516
0.59928906905
0.427713979458
0.54030930689
0.426101984865
0.559077170684
0.466508338139
0.523592152972
0.508733366838
0.437038512264
0.637491437203
0.396031940426
0.697025228484
0.622726511992
0.551631736329
0.387951176657
0.498632516263
0.407254427853
0.587874350474
0.527911631649
0.477222956326
0.538349097242
0.611943154859
0.68043296847
0.721885035826
0.632759350112
0.608559168055
0.557760877492
0.453949204874
0.389921189539
0.575597244291
0.550386726732
0.538157132063
0.729927864625
0.582254201631
0.698189664656
0.405409335555
0.694270929595
0.702570398446
0.666063227536
0.476811372771
0.502725182551
0.454086245609
0.605815425075
0.399980645301
0.574350376722
0.423899281378
0.67572534551
0.696847381926
0.456050953693
0.660280533123
0.750449851786
0.659876336365
0.594544322395
0.778956268106
0.647308544489
0.563371720447
0.721348479447
0.745290666406
0.694863849774
0.757994263823
0.379016333979
0.520593021787
0.560020936758
0.472518611643
0.624900337948
0.543343089277
0.469549690064
0.67512948645
0.512099441699
0.810988635962
0.377326780414
0.512185481377
0.350723193317
0.437719703117
0.538399933272
0.506172901887
0.401178076251
0.624585671416
0.526364273415
0.588874469508
0.436457664396
0.44434922323
0.408623919099
0.504787487805
0.657740500765
0.586171885298
0.55101102624
0.638655923574
0.626599638272
0.431227141134
0.467464122862
0.48444739149
0.529667534123
0.444828025692
0.437300803878
0.608413957133
0.827808206601
0.641349821287
0.483884326232
0.522709421532
0.489005804592
0.669827049486
0.643826676333
0.542217127362
0.316602682318
0.608963070233
0.654646411574
0.446277422054
0.418535871427
0.47413554366
0.747391832287
0.765429016057
0.666012011186
0.540983529436
0.474962189528
0.577232601781
0.55656762352
0.535906688245
0.539782617962
0.51080767148
0.539107372626
0.525752570089
0.339353057585
0.583899369699
0.743667696031
0.464174180999
0.417759062198
0.350016358608
0.740884558557
0.525661979796
0.490100506886
0.361781742736
0.439104892271
0.734079092501
0.527640151334
0.561680847109
0.588243652432
0.414044155653
0.62615037522
0.762921082121
0.766714475142
0.481234368761
0.479954963625
0.469207008905
0.725730071962
0.613892303964
0.515036032683
0.656737212438
0.461421636794
0.577961896402
0.61008951611
0.690751216736
0.713798329093
0.656751479981
0.720263751709
0.339100963407
0.381654293205
0.743135009529
0.474947320237
0.517616545865
0.607623365659
0.579379127514
0.599572530059
0.603826800483
0.71714827259
0.529945683205
0.626536676564
0.560204454817
0.506461641005
0.604536474792
0.497516873303
0.500284938597
0.573528054386
0.454205067043
0.537691997679
0.642249124567
0.529736550503
0.560359432824
0.46387121683
0.313442173241
0.612309507675
0.58059414356
0.579062898158
0.724606520438
0.541465713561
0.561235490227
0.609740315905
0.622410152489
0.485542099506
0.596917902577
0.471828806816
0.723870410237
0.496077105962
0.901309087493
0.598427242382
0.605270043159
0.648999632528
0.528114557872
0.600886234871
0.484619154822
0.409606246977
0.298294633896
0.730590285942
0.495501359406
0.74214700315
0.556573993588
0.447924311997
0.557678742095
0.437043520015
0.407500776075
0.558604408859
0.655128808995
0.632356576544
0.759314761973
0.716744774342
0.481146419529
0.729072711019
0.616390890588
0.592274523029
0.528882158497
0.511143550634
0.693240098752
0.407920577098
0.638394681331
0.841710214749
0.653012920409
0.601901475622
0.590344348947
0.530470275616
0.661511855535
0.525984000167
0.6289698094
0.616119029154
0.506560586397
0.742411426048
0.684238515853
0.544704619123
0.683803001596
0.641413792493
0.596843930558
0.507074912108
0.567499061858
0.328250747962
0.546633776073
0.8159641082
0.556770513783
0.605781072775
0.664257307942
0.534626945494
0.436466512534
0.529464158215
0.348553423781
0.36023189154
0.332369546825
0.555282703284
0.422001168757
0.393528191429
0.547652769658
0.563919242476
0.576796781176
0.703549228581
0.523944987491
0.473628103831
0.70411298505
0.406522142531
0.408632323644
0.504512618153
0.738336201069
0.604725774531
0.389529899791
0.508270497178
0.524966786485
0.650322367105
0.620183962392
0.564268558243
0.54309474816
0.470407517315
0.426558664768
0.527098896285
0.57678851009
0.626343412742
0.376060361077
0.600757791259
0.502053311761
0.557185510746
0.431978411086
0.636613550021
0.593570449826
0.597631475316
0.603322148497
0.687275876124
0.553604754724
0.497663768056
0.654977926466
0.431324068647
0.391600879873
0.509671126656
0.567145522205
0.432957030978
0.708665489011
0.404181529873
0.539303043232
0.682103492305
0.480523556948
0.619255821055
0.50589240151
0.546926606017
0.520527169559
0.460693948124
0.578223975608
0.674589056467
0.540623665164
0.442062414439
0.536638396152
0.434997435427
0.613385148106
0.552336958703
0.690857250179
0.550067970249
0.461146379659
0.541624207482
0.521750749031
0.451938534591
0.501566321388
0.73222908739
0.565756624199
0.641414232565
0.536559813064
0.449579414574
0.719962020268
0.392108780445
0.592541791324
0.570663263988
0.516206075378
0.643412065429
0.715566956313
0.475575247237
0.513949584463
0.613867399223
0.390818271182
0.458231633404
0.909762648436
0.608803209937
0.635243888127
0.615153749025
0.416787296632
0.553953235424
0.47307694389
0.628078409225
0.397765603968
0.664951866974
0.591014266578
0.582311821824
0.509770083617
0.537655771807
0.453871697649
0.552994937353
0.359128759424
0.547760647002
0.584723445851
0.60939552025
0.61102785465
0.578920416897
0.477371685365
0.666471167094
0.511949407094
0.6200561644
0.408516218235
0.563307366056
0.528154880687
0.450845728963
0.54778121717
0.36798896517
0.51274429977
0.548929223459
0.456239422344
0.368149854587
0.524959137599
0.440759970808
0.532222947532
0.457103477344
0.52186977415
0.560984212945
0.550471304634
0.573888483348
0.437331577768
0.623205967497
0.511695038425
0.464622927597
0.369651848597
0.614545851085
0.548350492062
0.557874706974
0.530961015087
0.414882713633
0.459149399221
0.596799839954
0.579588385873
0.510805477963
0.532953065568
0.695961382055
0.602474571601
0.724882480996
0.501820099134
0.522439832982
0.767226841064
0.588752427421
0.720280956468
0.443191434897
0.500578560198
0.56501954607
0.518541378053
0.523205063707
0.469829799914
0.538133870283
0.401267571946
0.53803445263
0.574550996775
0.614508530053
0.520478598607
0.299875771789
0.508071385232
0.469100629041
0.483630392266
0.5330945841
0.528176336986
0.569049971703
0.642372252715
0.727553539004
0.415042767841
0.739046693495
0.709637468102
0.516160013357
0.692941772907
0.373397783636
0.549678124674
0.451220787668
0.635031727156
0.658772032742
0.604521579002
0.453427778438
0.534374395162
0.524631346717
0.547324691843
0.446870243992
0.438204835155
0.661281449924
0.568879339829
0.348601199894
0.60895966801
0.553066266024
0.674653805015
0.596983984795
0.52607830712
0.388886328748
0.549547052129
0.571764031453
0.350086344626
0.521544871709
0.588505223736
0.439203581111
0.553895719893
0.516514459621
0.55038937579
0.534060283292
0.487754846933
0.788200053753
0.578105082748
0.744372164723
0.508752130919
0.67958315245
0.618201095707
0.416871959956
0.493311800938
0.512130532402
0.460010565133
0.436902178049
0.461033486557
0.705565776614
0.479272299141
0.642312987659
0.599118930517
0.508653617629
0.492392899481
0.530361388464
0.517064943945
0.330082692522
0.542702732413
0.447665940022
0.518771210447
0.660413945733
0.579988810923
0.611045910574
0.443488930218
0.492528700367
0.829192455717
0.44263043777
0.651071119798
0.51149508675
0.542211227571
0.489214741204
0.451467608047
0.567237495127
0.659743825318
0.701321857734
0.65724656412
0.633997219966
0.450700774575
0.503430022875
0.508927783594
0.481046844612
0.399527190545
0.553774348368
0.500715664938
0.626239450911
0.680506585429
0.657368758381
0.444965127545
0.768304588518
0.588433654717
0.550248170941
0.547350239219
0.402539851364
0.619751309598
0.578194206541
0.43363566134
0.522816116779
0.471927340846
0.552649169257
0.344901902696
0.672836259757
0.58437377576
0.503885463008
0.461234651919
0.390803354317
0.440890663114
0.55533259223
0.37838025634
0.507230987334
0.596034164139
0.613785179326
0.418270142779
0.504881049748
0.463197871842
0.536018351778
0.533066819699
0.443703470943
0.540441590044
0.50547902435
0.561037122516
0.496593620694
0.545295056763
0.441334740182
0.658250818223
0.672192812351
0.635209852319
0.731607438204
0.67459303931
0.679664748235
0.78398439604
0.636160666285
0.594458124132
0.551326866968
0.524315172141
0.707241606236
0.557979663104
0.547609401172
0.562194042223
0.573684576158
0.644685800507
0.539426572419
0.684765262699
0.614667103478
0.393567039432
0.590221466702
0.395107511548
0.699364249564
0.590986090209
0.600328614701
0.599654389759
0.671885324549
0.60883703275
0.419733231193
0.47316381193
0.487623751558
0.552945424294
0.509812768133
0.577914095277
0.602126893636
0.47905718606
0.493393175581
0.696833678688
0.551743826588
0.464893476698
0.534467235688
0.69697089524
0.429921727029
0.494090646587
0.540333957047
0.660935516562
0.622795275082
0.631602693053
0.549045399465
0.509229144869
0.39338136643
0.462314790251
0.660141453925
0.452808412727
0.612237186743
0.476549765762
0.568260131917
0.57499545585
0.529780315453
0.452211836575
0.738950052571
0.650119019618
0.70252937135
0.652835560995
0.602790023459
0.429628314937
0.520750070112
0.470177659553
0.563650268348
0.813412121658
0.546134524187
0.387661285817
0.437509528009
0.403209951157
0.600747359041
0.663758192019
0.670140321726
0.703711734521
0.486037171459
0.723665533718
0.56325996038
0.453788519882
0.500231850659
0.60728089844
0.528283830963
0.382731227377
0.609408796103
0.476643321495
0.441193027529
0.489518495969
0.760402393405
0.559700648762
0.774376487515
0.561747717908
0.745414027056
0.605493687656
0.599896305613
0.570507568426
0.625959341254
0.630949348051
0.471291353679
0.508692241643
0.74077041891
0.594422963026
0.491951706737
0.576445636037
0.425539134772
0.425468894941
0.644158906345
0.527707535904
0.598700099016
0.590199501425
0.507865125504
0.505899488842
0.468137191472
0.485244597658
0.590687809463
0.597640896036
0.506753286929
0.630669313848
0.469349878581
0.471153737894
0.532301454109
0.447496811228
0.579129270421
0.77585616199
0.571430534319
0.656546773748
0.524113457922
0.651799314012
0.485903008223
0.48853662881
0.470800549243
0.535404183148
0.438247960924
0.576765141712
0.88412572732
0.54093352984
0.648691177664
0.595205737168
0.650933786253
0.494011475783
0.6864250125
0.50335366055
0.673775225394
0.562353941492
0.635932757357
0.688071126706
0.503084495571
0.481389696519
0.654114487528
0.484186143869
0.554425422368
0.434404849533
0.482840639467
0.454088145254
0.501073194946
0.499738054371
0.653556429812
0.458272276811
0.660814601248
0.442069012823
0.471490841673
0.602040351853
0.582767652258
0.514538836611
0.450955360131
0.609107553224
0.643483626482
0.562407925694
0.594979964136
0.711497582639
0.677580240802
0.459781632512
0.590533956243
0.610082637888
0.52772520018
0.601709966559
0.775095136624
0.688531340327
0.40166543794
0.633410132255
0.464491174754
0.649057592346
0.641782588635
0.603724665774
0.432593521681
0.519088647393
0.539297652466
0.524968883642
0.580116566267
0.68461619341
0.633876714225
0.441995045962
0.571429216914
0.499395588962
0.387927034551
