0.299206961731
0.216164507767
0.271304065225
0.369593317382
0.368499677758
0.378560062954
0.3221402301
0.338790451443
0.402803844507
0.284029755055
0.267625233177
0.432743790683
0.360517362556
0.214043759201
0.326868123238
0.224294007787
0.184866578571
0.326757433587
0.431724813168
0.233345191809
0.275998831471
0.2825816237
0.265843130686
0.361159383797
0.350934632217
0.324024581892
0.332999859696
0.274049327325
0.371326651954
0.223402844869
0.299634908595
0.279351371699
0.27923877855
0.270154073531
0.214096272213
0.284711208733
0.306781849161
0.369085271861
0.280315009843
0.342051334229
0.27788876167
0.303695910538
0.235211370902
0.290843136438
0.272911890863
0.268516848775
0.317188143372
0.248962805666
0.290140058098
0.397446388056
0.394272904359
0.349100605069
0.438597119415
0.430624618946
0.279053630105
0.240728471151
0.348654472627
0.252638588937
0.202554767907
0.212479944069
0.286543910606
0.265044977713
0.239932837643
0.28826775155
0.367786144586
0.282839977924
0.29995704612
0.340096242479
0.338437426987
0.370245545949
0.386162919524
0.315830988988
0.431542933166
0.278036312683
0.246120638769
0.224543116521
0.279184843122
0.338741549678
0.332474378141
0.34135330216
0.272776773478
0.312793913288
0.294658115827
0.277218639005
0.272715273219
0.212641638205
0.251746793995
0.410794989196
0.243003218948
0.239688586552
0.417032774098
0.340164869311
0.239590300798
0.269264858784
0.265406462336
0.324267789327
0.245854251651
0.361008400911
0.269376356945
0.380855798815
0.226286966346
0.279010028697
0.212155277072
0.278119788742
0.264621947866
0.231669895717
0.300470039881
0.326461110581
0.398376840771
0.240287435384
0.32166410755
0.371486591605
0.294377285235
0.306454299814
0.275988610299
0.175788285742
0.263615037277
0.281317619259
0.264655553418
0.302910335306
0.299786521445
0.269389615547
0.334192219116
0.316409369039
0.237605101488
0.38387768794
0.280181443948
0.324850075999
0.334668985772
0.264827601816
0.227802018144
0.363266170047
0.343706148677
0.232708540933
0.391089112684
0.288849106856
0.270115597242
0.163059251466
0.265635457108
0.23688065062
0.305251792231
0.30443711704
0.308674422016
0.253975876465
0.275590422038
0.371528300212
0.270972268872
0.262693762138
0.299977684045
0.297144291774
0.333531923344
0.272830797388
0.320424565935
0.272632953466
0.215052542343
0.273327004893
0.268428059278
0.375501358821
0.292372950959
0.403555457901
0.201491601169
0.352191224078
0.297986367856
0.31783712441
0.328540419383
0.243548837757
0.387999833298
0.323165425104
0.266417474517
0.251701247213
0.24740166093
0.294749231904
0.437579047434
0.303685578847
0.442310811738
0.180903926009
0.355045315757
0.265135630631
0.340019597166
0.362467066318
0.296989911803
0.412553968494
0.286350801821
0.371591336828
0.345581740296
0.345848050897
0.371050618778
0.330918001267
0.28542652649
0.484297976177
0.275129903792
0.378821338095
0.347974859148
0.307611331433
0.317788852843
0.27018168794
0.323824256883
0.257472626591
0.272493470543
0.378716128606
0.288136011344
0.281251836329
0.328129771551
0.302433857355
0.310082090788
0.285310581167
0.287214314596
0.307723746678
0.250770002649
0.302803373327
0.345207396051
0.260766190301
0.320636412407
0.296652395872
0.256082475346
0.369306375065
0.282086973501
0.372853461717
0.274851212496
0.350990083489
0.351962574535
0.193177253948
0.289710750057
0.328935432708
0.236088667889
0.295510483332
0.349329187218
0.313965937174
0.398992616413
0.260500322903
0.281298229516
0.353983506398
0.269394806823
0.320096746127
0.271997631047
0.260858561099
0.29353189467
0.296340980236
0.321846320654
0.26993460014
0.242392425583
0.402548857479
0.230038641281
0.274919108079
0.371748305926
0.347584717487
0.346839867735
0.310042128051
0.35907917694
0.357519593915
0.281497399363
0.314174385016
0.321914650769
0.294208456062
0.288118204262
0.327573003087
0.341353084105
0.244119652953
0.291792032437
0.36432751806
0.295762932185
0.406243643888
0.282226947346
0.30167303121
0.342485951384
0.307164945092
0.373920997053
0.335857880016
0.289344570474
0.291014773758
0.255716614975
0.282061796095
0.209646064606
0.373834204854
0.257853621436
0.299633773199
0.351224769643
0.354315202474
0.214935258562
0.302694760076
0.302733265519
0.308205976507
0.233864652771
0.474189924868
0.294676652482
0.234109212439
0.328783769914
0.312458640071
0.327970769952
0.265616820881
0.2031844927
0.296572442853
0.418338733736
0.325741932262
0.281298761755
0.277772697355
0.327026845072
0.259424385612
0.232887258912
0.314581278474
0.190028511017
0.342374144277
0.235558559373
0.197894587534
0.430347122811
0.338299577768
0.44858525286
0.410996318476
0.227768522112
0.237546121197
0.300654650298
0.22063690712
0.322277063185
0.420974406308
0.365908444172
0.291166465315
0.354156581763
0.315985017983
0.347605751306
0.289685401868
0.222653192749
0.35387576362
0.277797431091
0.303828917186
0.32170387582
0.338564568188
0.336103049943
0.261081203497
0.266623478919
0.551927753664
0.287002134796
0.335317560458
0.333128647678
0.327961799682
0.296928779517
0.275434879976
0.173269792522
0.244892256024
0.266831522689
0.329922481485
0.240392983716
0.248897578946
0.393912529398
0.314213662582
0.287892932436
0.315198788234
0.336344797624
0.297996994062
0.271742944597
0.25655576558
0.272990836388
0.204702442249
0.24748519725
0.361761711583
0.422175955281
0.379241198714
0.314580033246
0.352914993276
0.274463025346
0.235224333701
0.328043141291
0.260284179768
0.302461836903
0.409986018049
0.325840826403
0.306436069572
0.272351004559
0.299587124479
0.250287742668
0.245956811998
0.30574036745
0.281645949891
0.238871202324
0.328020216172
0.305859952799
0.239945325016
0.379374676296
0.285910303143
0.302089783526
0.214891266145
0.318137881066
0.240881573775
0.325798582479
0.363730841941
0.248149922104
0.380411333555
0.22587524847
0.27919534127
0.368191898344
0.243350374422
0.262885090922
0.359524458757
0.221148438889
0.259955207355
0.378345767116
0.364752080136
0.321796957768
0.316895695237
0.302773757803
0.241497433531
0.333824408516
0.480045463364
0.262045471254
0.29919298787
0.249873011885
0.340185643643
0.345295581712
0.189428718998
0.377498226796
0.267820876399
0.28609129547
0.230181373756
0.283066935112
0.28642796871
0.276059681904
0.313943851511
0.331211662669
0.379738667957
0.260510442776
0.263742477365
0.274085933689
0.3590699785
0.239522936471
0.279333430919
0.374867622433
0.32835156101
0.273918193921
0.232207093285
0.262988066237
0.380412174631
0.403045655545
0.274661428789
0.338954534821
0.207545698135
0.327427274256
0.26059863239
0.235028331736
0.305275746047
0.346470026899
0.283116099042
0.26701989815
0.355340565427
0.314273772417
0.402531781191
0.329295913736
0.342373905405
0.329840199129
0.283458516098
0.356619956949
0.321176926886
0.350197280971
0.342498332584
0.255444444567
0.336955483205
0.214921916392
0.377878279344
0.24345322298
0.334558713205
0.353415072549
0.254404738948
0.365385993243
0.317973085358
0.364593772624
0.472703329191
0.290661307976
0.31477110548
0.255507883141
0.241995433705
0.240394225128
0.4183870694
0.380233926614
0.309208555694
0.262661749722
0.309655190578
0.298240184092
0.327113111899
0.391693184022
0.25359596301
0.281975320811
0.307746213542
0.258693666367
0.373299827234
0.293414937705
0.275641298427
0.297062201622
0.337963067271
0.187769126515
0.242566305688
0.300301025567
0.359771790288
0.382362287155
0.215617016776
0.344949633378
0.317155023559
0.2797612559
0.391740044731
0.383881125108
0.272454405234
0.301981848895
0.326273952796
0.300641681811
0.341917138522
0.232123708736
0.193876345479
0.314956766449
0.278009965834
0.269208801974
0.364074821651
0.271520788142
0.297307529403
0.314421681779
0.228951228558
0.351969447492
0.203258385173
0.325502824903
0.36235880315
0.36259917757
0.27938192593
0.391138054919
0.343759258686
0.285395547231
0.368671936669
0.340991213602
0.290538605096
0.339017920463
0.265453194294
0.313935676141
0.467338013567
0.385948402469
0.29367595524
0.330036732036
0.334955680293
0.310692150961
0.431037927659
0.370386815005
0.416913570684
0.247960078928
0.292272615928
0.281865928349
0.269631316172
0.46389303615
0.295764768441
0.189073279376
0.28224141935
0.363997400107
0.276889138628
0.312983556232
0.232762924812
0.294935641333
0.420656874771
0.302795231298
0.241648500334
0.369171283749
0.23118554651
0.33997302306
0.292794403909
0.202204536721
0.330452470117
0.261951563765
0.260326451633
0.41300789803
0.35648573181
0.394393359013
0.228347425462
0.313704826412
0.200239926024
0.39969305628
0.313864638952
0.255949698195
0.350149780599
0.315570208454
0.311809384193
0.368341808312
0.289527193986
0.358998319688
0.398567174119
0.375840314821
0.291073920948
0.259163369449
0.28906921207
0.306937378237
0.324159325691
0.212948962469
0.267225769052
0.357579892117
0.359291712898
0.422552561134
0.300536217314
0.269506273229
0.33671747809
0.332062882544
0.328821791677
0.329448682401
0.204963303464
0.268601698218
0.239188775033
0.360672212752
0.26338525099
0.208299338833
0.412359016635
0.37353597871
0.356080610134
0.257410245672
0.32651091533
0.266684105814
0.332687014226
0.411536902001
0.246869184598
0.375996581691
0.360434760707
0.289703773728
0.33435855776
0.395979956513
0.332730896259
0.279976057354
0.326259407962
0.264761858541
0.357181708279
0.372192111073
0.306751154847
0.328355735719
0.220886294451
0.244574832014
0.391926887397
0.29303348327
0.420171936626
0.435353679679
0.321052531367
0.268841840206
0.282870162721
0.299008480769
0.288284152626
0.282492644281
0.347799855807
0.345583978589
0.334212000103
0.323349359159
0.245607506109
0.252112466156
0.299339826147
0.356610135326
0.290307735429
0.462210581286
0.415016992181
0.228556704933
0.356095334942
0.309406576266
0.216511317265
0.307125678585
0.348726554345
0.23794078839
0.221202695306
0.348256763911
0.253680777812
0.337666704491
0.212087237803
0.369745785192
0.290233738504
0.315534767985
0.328372876882
0.353551232786
0.328319908873
0.382315575281
0.32281045993
0.260273499962
0.382172521459
0.430259359491
0.26193193095
0.234345756595
0.249243534159
0.3108830771
0.2701720178
0.211499519751
0.249901013415
0.317500569552
0.378516055398
0.402340873045
0.256793467783
0.296803148829
0.267054607883
0.340092090171
0.299865287647
0.325108107617
0.301680945805
0.249660572135
0.311073543405
0.307479285343
0.399927992139
0.383129317862
0.35620325055
0.282922655437
0.263580420842
0.244689606554
0.388234402431
0.32112761417
0.295856834414
0.343423869446
0.314300631763
0.36975836778
0.237262358747
0.22100467653
0.343724932328
0.312160370491
0.333617472457
0.326818755202
0.192219571371
0.2864104422
0.331792645865
0.393947983693
0.23454740806
0.299546218881
0.316184845278
0.260381338782
0.400124812818
0.257358899841
0.282650441166
0.306893058643
0.418511296869
0.20145463015
0.396871308951
0.379004107169
0.219125225998
0.282585096369
0.358810131108
0.275293483252
0.286259802709
0.305346189566
0.351467199288
0.313048329724
0.409782367995
0.262063338072
0.372589113144
0.310468851797
0.255927514506
0.313788759312
0.258806703186
0.316201149136
0.353640735643
0.290253118744
0.271999163641
0.27898156923
0.305609018683
0.334322500014
0.353105840745
0.306784600208
0.178388628269
0.305499865715
0.269201010873
0.326318840464
0.22399008425
0.358681733354
0.501364338867
0.312107481387
0.388847852639
0.206750174482
0.303363933387
0.258142041276
0.259161401585
0.265701520337
0.270922360008
0.312728245946
0.264025004237
0.343510548455
0.380952006101
0.35201010142
0.353682185241
0.256121635277
0.265595262389
0.269424074686
0.345595372153
0.365524107917
0.298567458777
0.27835578894
0.373190659323
0.357288535727
0.307808390037
0.373710937656
0.309631916314
0.228951899155
0.264261716351
0.225873782211
0.220966634683
0.311083255486
0.35428612521
0.294299469272
0.346182385148
0.220279045909
0.261025568722
0.338274088901
0.205635267131
0.331349586543
0.254465660579
0.335067035108
0.280416526457
0.382880351954
0.352483473638
0.28654296028
0.21171944562
0.343759110936
0.256844585474
0.269205640705
0.225519333088
0.279586417758
0.246675651089
0.296003002379
0.22742337543
0.311208471808
0.277308492866
0.357982816942
0.336298078808
0.298061119996
0.381175438331
0.351324979764
0.349479892681
0.341027789298
0.263781081979
0.362926744528
0.276854418406
0.248952018066
0.263182049029
0.294150138827
0.373537885767
0.337364370672
0.317209597858
0.406339721976
0.330176245438
0.312793959885
0.270815842424
0.330297193517
0.362162097013
0.365111151875
0.375643689114
0.353018099767
0.254360716346
0.233598405747
0.20120555187
0.278667270195
0.24617661414
0.27605458567
0.291447929386
0.26221122108
0.260365800125
0.350399377412
0.31994991949
0.266546001779
0.254094311025
0.314009955129
0.37198899986
0.237674652233
0.300021013019
0.409594842081
0.467326860752
0.229853706525
0.184975935049
0.469521427791
0.374511981804
0.276476636289
0.388708298482
0.310663686336
0.337038196027
0.26255024339
0.527357729218
0.382221375385
0.324053943693
0.388744709349
0.275544117086
0.395781206434
0.304568946401
0.279747056472
0.285486062821
0.221541051638
0.222514445649
0.191780304252
0.315718614509
0.325180290648
0.322677282357
0.486048247776
0.432723785352
0.369960230349
0.353347397598
0.360572248513
0.295203418719
0.35631927928
0.322489823214
0.501024608606
0.324223320494
0.522531798949
0.311821483186
0.473190193623
0.366733304609
0.4134062347
0.352147846046
0.327623819106
0.396664795073
0.377028136352
0.359217803686
0.338158191886
0.323851976704
0.378340344898
0.300777060634
0.326549719725
0.323493323123
0.393966415685
0.215158645929
0.360875714861
0.259033679431
0.468222749141
0.287327155346
0.326978909148
0.299821699939
0.272120551073
0.381437414302
0.231493835744
0.367894869159
0.317453023921
0.345259260865
0.369075957896
0.266839679725
0.433345772314
0.278753944125
0.323954895441
0.420996555978
0.313732949205
0.30372960373
0.321134442518
0.428256357894
0.399394768357
0.352986849297
0.196090771078
0.239121056774
0.428476364592
0.382769519826
0.205475495459
0.414259621401
0.25941892538
0.160377035676
0.162475272451
0.369038642349
0.201680385044
0.648107982918
0.270305448283
0.417474825587
0.29306814683
0.378593887601
0.188865128042
0.327394746371
0.339550572009
0.383829394362
0.225279881942
0.455403228973
0.342879785082
0.446990841705
0.389572923985
0.30099900259
0.276232790377
0.321245371526
0.269319242885
0.408879357229
0.282601099336
0.20529734265
0.200442238443
0.184207979886
0.357214370543
0.42213597942
0.394753839841
0.261804117118
0.37497930189
0.340184263211
0.395744260685
0.245508997615
0.395190773637
0.30120608419
0.481917204284
0.204431651112
0.252591991246
0.354637931811
0.334615957691
0.356579734898
0.230364122893
0.260009747241
0.342806912484
0.231001464297
0.420792805008
0.394740908556
0.360784402872
0.383728499832
0.380529188604
0.429717864392
0.333899996463
0.301549251994
0.396631890759
0.339917228117
0.37848810416
0.31665583873
0.392665825148
0.262109539437
0.483143327991
0.249991584041
0.288565046253
0.305353705428
0.49991933393
0.328821173865
0.225467249655
0.303808734684
0.277784767373
0.387246925333
0.269999439945
0.309792855669
0.234641099867
0.378517273365
0.375254136137
0.27761492789
0.269945490739
0.24195429847
0.295896908412
0.274863330243
0.329471010627
0.282638911954
0.147976640709
0.294338007618
0.197609261573
0.191888495083
0.356015761663
0.315711017215
0.30668532989
0.428116349918
0.288048206993
0.326859071345
0.345893462079
0.362703232762
0.444208441471
0.443760934543
0.297273567839
0.302201421168
0.293571261373
0.238680953139
0.268860548049
0.308043243101
0.353682576943
0.282389025317
0.322698266311
0.287968288675
0.291112796645
0.336988835914
0.344650711134
0.365959027612
0.273254302548
0.262689639134
0.299579032086
0.311405921419
0.281780089118
0.392648362346
0.207046437845
0.304967898561
0.305469956034
0.332903397492
0.358499157818
0.306109215144
0.391243394401
0.364156771551
0.409415896241
0.265501808475
0.433890461551
0.285521591981
0.195810369664
0.413507441264
0.220873021249
0.396019806129
0.249401051807
0.416234260003
0.205726572281
0.254351541469
0.315306978513
0.282473165405
0.349842460138
0.243035508049
0.275695796274
0.294996586218
0.384833154596
0.283695642926
0.254734891138
0.324537973541
0.341097185809
0.223365170993
0.342075101548
0.281415079929
0.281791457092
0.329640404944
0.331798552072
0.269829889351
0.316674777823
0.335188964816
0.296269472978
0.295354941625
0.333428217364
0.360887866253
0.310552005002
0.325405514888
0.257794960959
0.272438018706
0.360047439255
0.380709431687
0.230928572054
0.3405127223
0.279887765503
0.30268865913
0.254649692047
0.297458980644
0.275623417383
0.281570201904
0.27829450252
0.320967778229
0.211807718607
0.304771359489
0.335968054322
0.228885179176
0.351396908521
0.21103628908
0.36103883284
0.310379028983
0.337349778222
0.377955445859
0.325460406303
0.267763311519
0.261900116353
0.35346185432
0.342246237857
0.255997608672
0.396985111409
0.284149371409
0.30454568222
0.231367918951
0.286072744272
0.292675487399
0.270232629928
0.35659155299
0.362846757975
0.299562904425
0.339413882256
0.207373058151
0.273725647641
0.27368051165
0.320733509988
0.337259686875
0.26640531289
0.374787483429
0.271701838659
0.313056158093
0.334430286318
0.264324183435
0.286276492176
0.30710093326
0.38944863391
0.223862272326
0.415473737768
0.39067311761
0.331559519995
0.273740972979
0.321100159012
0.228812674173
0.263456729632
0.308152845623
0.412632766182
0.397092214109
0.289449721207
0.302228893762
0.310210730937
0.377731472793
0.239686407033
0.4084207699
0.316913867243
0.318425203674
0.384801979445
0.312061384939
0.322671753115
0.282965715309
0.26791365559
0.270847187635
0.284407690774
0.258348167557
0.408637698723
0.322155804413
0.331158711634
0.32692748943
0.342086166956
0.246580635048
0.304982326934
0.185204677331
0.348361838762
0.240581692153
0.228610717131
0.296485188948
0.277741867386
0.3114812348
0.312741178548
0.32307420897
0.415284067915
0.306129006625
0.351350491594
0.361245693232
0.336896076035
0.394396671916
0.326087220079
0.423336135045
0.282920653947
0.305185213533
0.342275227727
0.214344773218
0.272188719216
0.290242101298
0.223003250347
0.245372280592
0.308305497742
0.382334012892
0.290575260039
0.348983403067
0.277324249066
0.304917039748
0.317888061717
0.362395078874
0.253482822885
0.388827292167
0.400660724835
0.392747427889
0.429905973603
0.387190693981
0.23062670718
0.306141547619
0.343834604242
0.32691668825
0.273527520034
0.276080539037
0.347888581651
0.393938603289
0.357715025884
0.327955557655
0.278790307878
0.201442981815
0.335928536929
0.307397431786
0.259567942733
0.309203049296
0.330901906859
0.268238578776
0.319121016147
0.354987518496
0.348391942399
0.343017351308
0.329417693593
0.373048098904
0.328157769047
0.24459328239
0.217516815383
0.289781838521
0.214675547823
0.315942297773
0.371305490169
0.291016457517
0.473801946735
0.269152795729
0.282110692996
0.400328200831
0.275815891148
0.327524218345
0.379164583805
0.344776042549
0.290176209629
0.29553990147
0.284163883982
0.292434391823
0.260988443596
0.308890839124
0.347895503364
0.376195434847
0.316606773208
0.232203596951
0.218202048721
0.354351264895
0.316000794127
0.243268016853
0.407095813549
0.333760025878
0.293677615609
0.407291510144
0.319487145183
0.324123135252
0.341633581158
0.340457731747
0.369298627886
0.37284252664
0.367862872978
0.314736287943
0.233699119422
0.37589634379
0.306834650513
0.367916750229
0.389028853867
0.359165212678
0.317202306533
0.370571906171
0.27799635481
0.266400617484
0.309416964186
0.473045201922
0.29012313978
0.336922767038
0.335694145222
0.314378893765
0.284957100029
0.283334720986
0.248343650333
0.246801607125
0.445639910031
0.360341608772
0.370688776804
0.285222951992
0.218000362201
0.326087246504
0.389965651289
0.226968976149
0.363400321477
0.33343752584
0.272427286002
0.293427145075
0.391360729887
0.269896898472
0.259636208387
0.344709684177
0.339949913449
0.316012468479
0.361068943866
0.323029257407
0.318010971802
0.279536954931
0.359485381478
0.374863254603
0.287833032082
0.253785095564
0.349464911123
0.331987535524
0.454964959654
0.328583233896
0.334204400575
0.268585175764
0.361746134653
0.35619156547
0.283141404963
0.277427556572
0.279271089096
0.28560121423
0.29084327518
0.376835818899
0.318965143344
0.398613303629
0.34269577445
0.230396849304
0.357014874616
0.264185291687
0.354358716328
0.372299432856
0.348923949273
0.282073125746
0.326028316909
0.374016371986
0.280864599583
0.277530544113
0.3152713193
0.311026311227
0.2942770695
0.376808307167
0.281639470703
0.239204013691
0.380059551084
0.379623187076
0.313302096835
0.22032646316
0.351309033878
0.329826156812
0.349840896306
0.313857676932
0.296528013914
0.354839759151
0.277634010221
0.213736646645
0.425846836498
0.367976407194
0.208639331757
0.323371935868
0.321400407329
0.367417150753
0.268372576824
0.333170152794
0.322343687697
0.221618470421
0.409578324646
0.230451595411
0.265508627622
0.322866872785
0.238086299275
0.342258451806
0.230423863718
0.309642325435
0.360473315023
0.283349209492
0.275720753796
0.275424653229
0.330460714657
0.300469447333
0.388681570478
0.384275472623
0.373788267703
0.333356966132
0.278395628861
0.204879134499
0.410304827102
0.33373811373
0.260344794131
0.264257338421
0.257691711256
0.240375942868
0.30343284317
0.295006480688
0.259825363321
0.388261706499
0.310427011363
0.231718390826
0.291582128178
0.234349903244
0.321295079054
0.374543413646
0.3565623928
0.301004755582
0.397091685654
0.317379486967
0.359351418025
0.272193052539
0.310280129864
0.353044469963
0.344371237595
0.225188980823
0.364707312235
0.374685147251
0.352604152074
0.223576427505
0.399034403355
0.49390359629
0.42438061055
0.451475086384
0.534684425
0.242484355593
0.292648740206
0.363128070332
0.33691974213
0.38295565218
0.305136680325
0.379913725298
0.316069058683
0.300389148854
0.368416498782
0.26334276662
0.357256746271
0.341155503356
0.31916597635
0.284411977561
0.316324021458
0.350640171149
0.294731896674
0.443090964082
0.33478175784
0.333327604935
0.366733725637
0.261978648782
0.281963885813
0.359575881804
0.416251376138
0.461451174516
0.323254084086
0.338166266547
0.347982388568
0.342529290883
0.317204171395
0.215937058018
0.25150563364
0.36328657233
0.388137446127
0.465617397734
0.443272993399
0.347730815261
0.361689983478
0.32003205294
0.226496723433
0.230810458055
0.267167627
0.21588213725
0.309999619484
0.367192485617
0.282483761471
0.295246430723
0.272100383031
0.390526828835
0.36135513793
0.299788620354
0.294793840705
0.190947711747
0.374450011349
0.365050324375
0.215315337987
0.318644653343
0.381570602624
0.27884185366
0.221110774475
0.350166568401
0.25726043244
0.354008420798
0.368953227808
0.283135077844
0.307243326844
0.352648306386
0.254718434964
0.354492055652
0.369166563884
0.326170223888
0.29910348719
0.330610935994
0.227770329442
0.368802015213
0.321470847239
0.248237720756
0.296997451971
0.234420468921
0.275866586598
0.354642673021
0.197718416753
0.27483507473
0.395954040101
0.250793159869
0.272757555079
0.266831846112
0.335266528157
0.363446226887
0.302557314775
0.276636127024
0.315240127706
0.363070329307
0.278205882105
0.390910271619
0.300112583806
0.36186198593
0.276684523299
0.374718694879
0.314922507547
0.296040735307
0.314980700494
0.285904730128
0.435483272075
0.34450143931
0.17700575991
0.385252886911
0.330228927306
0.33146986007
0.368863091873
0.37913889235
0.301622575034
0.263065779098
0.353135463229
0.289154311446
0.279023532711
0.455021765419
0.326607181225
0.353138778401
0.299072232116
0.414089402401
0.341644614377
0.373804042693
0.299140497425
0.277481584812
0.298855176535
0.328811922938
0.306826101239
0.298508999985
0.289215542589
0.248575953834
0.265601980596
0.275469240299
0.283468138875
0.217757315559
0.342580777855
0.291409809427
0.315518082728
0.365616716103
0.410450012392
0.283066006961
0.255001988585
0.36125643565
0.340582337743
0.244190223702
0.2642470107
0.420300674606
0.337816124515
0.296008509939
0.283465341802
0.35519433457
0.245587236661
0.165112058491
0.292659694261
0.36487851987
0.210357667755
0.384780180107
0.320403062992
0.313219533976
0.300092865809
0.342822756213
0.281660216089
0.325180664241
0.356397963943
0.234851513295
0.451823841652
0.292619312775
0.220307707863
0.292796344241
0.344838983724
0.31627179001
0.34631258882
0.410478909686
0.552220462062
0.337971206186
0.360703964941
0.359126547352
0.479284098027
0.413908998327
0.323531078712
0.194391116052
0.283151988189
0.384671654121
0.357981689745
0.322472394682
0.292016349392
0.285830988348
0.456607419335
0.232303785638
0.312548042714
0.339129088444
0.344728150391
0.232693248987
0.356409167144
0.220935414328
0.299893349072
0.327310421906
0.256861427823
0.275398346369
0.302448933717
0.281402018826
0.292869131601
0.156867753925
0.37581236948
0.405241073424
0.361023085013
0.305246490406
0.311720235383
0.29477231515
0.37106458263
0.317890334669
0.284339255448
0.225374466263
0.23102499035
0.242684604289
0.457468037627
0.240336672745
0.301582532925
0.284427695096
0.283249988585
0.329759993332
0.351196872341
0.295693047917
0.297292519354
0.306930850356
0.238295231196
0.205527446904
0.306379914468
0.343821868596
0.264976410446
0.354315488447
0.293854417105
0.310284656618
0.249359455118
0.271627589639
0.358996813617
0.264448057099
0.220198034528
0.302503018512
0.27837644726
0.335162452772
0.247898745234
0.264126968628
0.319617002101
0.418171101084
0.316063862613
0.378946804672
0.336665206833
0.328957150051
0.250209298204
0.363003587722
0.335240540349
0.30526713597
0.273032740429
0.281856228791
0.356754548599
0.448304088613
0.303826526682
0.313961566467
0.255068055348
0.197098039944
0.30911315948
0.328271084286
0.414119986181
0.271591895729
0.305253656128
0.289851432547
0.286164592173
0.320070132698
0.305098357331
0.407033065095
0.284812653523
0.213744317244
0.265480994632
0.25889035284
0.358206388241
0.226495333651
0.284391313726
0.235323808876
0.251550896104
0.300509230442
0.295425360593
0.334973387074
0.270021002698
0.257336744385
0.270069395528
0.347582256797
0.374724630013
0.298403938956
0.334185701619
0.387846506336
0.328994605321
0.248031743627
0.360057145097
0.268173684178
0.314123629639
0.232307729239
0.359927584399
0.210287836425
0.254248510133
0.39915722343
0.254216437156
0.247024156862
0.262824740116
0.326415196795
0.425789786384
0.267999423081
0.318060403204
0.37897015508
0.239174952666
0.347569971703
0.381749423804
0.305213723432
0.414783287898
0.339522467163
0.413349441455
0.385217309838
0.279568904293
0.352761709697
0.260765244277
0.267834534341
0.311745333154
0.325798172577
0.286838755326
0.284034205482
0.214869269793
0.317708068859
0.360777800676
0.246446852093
0.413479613975
0.44822842813
0.289718926452
0.30456062162
0.243720670242
0.297832074506
0.314872419224
0.332873998419
0.267614359939
0.384258170797
0.236967904078
0.260533324271
0.351167229306
0.363133452699
0.284416110953
0.228096380784
0.238045364449
0.369501456603
0.338494223068
0.35003183441
0.27434406133
0.323525116251
0.264088033366
0.207683946762
0.242768526031
0.276608652983
0.399018976739
0.325260054597
0.360788176283
0.264087965913
0.286276749733
0.223465703242
0.298496276924
0.288973095938
0.322019626436
0.321103438075
0.323317251498
0.294394975643
0.285323099479
0.362102247505
0.336620328297
0.205394731155
0.366626641471
0.424022446065
0.382216480506
0.260537558902
0.297454424782
0.273286833012
0.264178439624
0.293235774111
0.335211733076
0.386485828188
0.254303007281
0.310239436167
0.285681121896
0.30397637511
0.338289486756
0.353846023867
0.263852030276
0.311393086139
0.334680142494
0.393239332942
0.203695807531
0.365689330184
0.286709496613
0.301734624953
0.217336817895
0.301431975874
0.265520672448
0.228222529613
0.290931448243
0.341152936102
0.27775358157
0.425953787533
0.283501245693
0.41858675999
0.391494425578
0.233943055751
0.218520758219
0.312422166917
0.288421154863
0.316552507429
0.413399667671
0.254865853911
0.454255740904
0.259777865877
0.384665061654
0.296395453208
0.369658178521
0.414390493982
0.366494310914
0.320354312022
0.346720833361
0.290065982234
0.280659173812
0.391055683823
0.262301504602
0.379358543193
0.361301589757
0.239058146635
0.302030781164
0.305955246159
0.221953242473
0.312164588947
0.262522362296
0.262002471623
0.329853804896
0.284888370318
0.37252112125
0.268894872175
0.378283531896
0.201009247678
0.354179113383
0.321728153634
0.256507657475
0.343786613574
0.371345007549
0.351222567171
0.211044883345
0.314668676401
0.321855860617
0.341374514352
0.351247916165
0.301842728949
0.341986623428
0.280013269548
0.224333178814
0.36382526278
0.522409216288
0.415312178922
0.275401905169
0.360879317988
0.262449133614
0.229212337288
0.35147021873
0.180880499339
0.320632202896
0.337001202158
0.268489817359
0.277585284081
0.401067361897
0.295105416982
0.210255155587
0.393655578368
0.358034512383
0.226849831045
0.374487171368
0.244915316282
0.352581389555
0.291047140771
0.327725184584
0.356563102438
0.317301622405
0.314266178425
0.42945565232
0.268618415891
0.45426642632
0.464412992011
0.27571183774
0.325141841159
0.322871407839
0.273226454027
0.30096750984
0.318198545895
0.27022293447
0.323712024713
0.301934576754
0.26744652419
0.35575729313
0.351538120079
0.271293542082
0.235148467072
0.241686049463
0.304145315143
0.229404208874
0.280386228305
0.298922983765
0.41503554304
0.325797909686
0.265455667655
0.277477258591
0.337792804916
0.320876778109
0.264315315694
0.278151029741
0.317845510779
0.239316758606
0.241225367936
0.244959966662
0.263646846383
0.3560298508
0.394273975727
0.327857418908
0.224137978694
0.281803306738
0.293695441346
0.326247499364
0.346878930781
0.293108541666
0.211036481436
0.363421912803
0.272874862301
0.330840166864
0.240562386477
0.360663625575
0.249257164793
0.355426435
0.325166485389
0.245440895309
0.258118206527
0.321946531751
0.367835698643
0.36699274307
0.275301579745
0.234938394523
0.291521895986
0.259689287736
0.298710196369
0.248041888318
0.277495767513
0.188431672298
0.326671711573
0.322758847199
0.376039419152
0.307283841
0.287581006182
0.220720725205
0.306869359199
0.386662272526
0.31319193379
0.228939609462
0.34829333262
0.263564473967
0.351791500242
0.300904541042
0.380731576506
0.342140970326
0.307073664892
0.281257866037
0.287960415701
0.325307393734
0.441681757548
0.278131519376
0.268681868692
0.236181906779
0.388625150735
0.375785219632
0.255258948439
0.303231152484
0.254094834082
0.321071175546
0.323511279993
0.193894311371
0.226044023305
0.239206293715
0.317922487488
0.210306319512
0.264151476085
0.347337754063
0.196375605722
0.346841223499
0.291586608289
0.347824631701
0.295328570349
0.320852894914
0.278119815919
0.319856114681
0.345688763315
0.376677864649
0.28513613152
0.430719462013
0.230581681282
0.349931534395
0.252217617131
0.380457583383
0.285552679204
0.325484578539
0.27368408
0.334715873414
0.287874342666
0.328983612227
0.330963695266
0.274024704714
0.253947752797
0.395990968081
0.328551300605
0.251371066586
0.311325451474
0.350276497069
0.365903367212
0.275200329504
0.235603497937
0.310768674972
0.300302823999
0.485432627047
0.376206184086
0.316125585134
0.226296465637
0.378020498349
0.304609422947
0.253486629904
0.260471690386
0.348102785921
0.372809418505
0.302367574175
0.394335883455
0.234145114453
0.252908213443
0.174942633437
0.241273117411
0.279847555456
0.276572419248
0.304939289766
0.227515068622
0.324139770749
0.247304409482
0.328859359303
0.260997102826
0.336085105219
0.275353501371
0.295942549011
0.290357598528
0.248991527038
0.244355181008
0.324095723958
0.248285694599
0.50731208374
0.434196331711
0.522254670821
0.350657274429
0.459423226422
0.298418257281
0.362166243817
0.294512067453
0.21384623864
0.251876996864
0.300861529419
0.231962725487
0.271272487693
0.390199362537
0.35804930784
0.209117568865
0.350322455992
0.249115580617
0.255342451246
0.333967102395
0.334947450754
0.363336836373
0.268706847684
0.24678397082
0.337367700822
0.393457405157
0.359339787459
0.301148618398
0.355354529227
0.344691504391
0.400144466298
0.360374309273
0.271965729511
0.311561498769
0.470122415469
0.223209533774
0.347587680019
0.376318956722
0.376791904851
0.358537825802
0.324005591
0.379722079178
0.343045146736
0.268033118677
0.372780817268
0.281190994558
0.280421534785
0.339139040888
0.247286158377
0.330681077318
0.458141438225
0.365986743388
0.34705495148
0.323494886838
0.228466752628
0.376357883695
0.435995521371
0.247583022516
0.341320000508
0.296118568142
0.267527615689
0.264305618387
0.201361493577
0.285509643602
0.446823224778
0.215929878002
0.365198124105
0.31075872641
0.467291785998
0.413480058025
0.196410682803
0.344880282804
0.385668455685
0.391048140631
0.437490422952
0.322242590062
0.225419132034
0.265978633394
0.411903020372
0.259580297188
0.275487796879
0.289807378373
0.33048618943
0.332278874242
0.331060627023
0.340203223295
0.236267013321
0.376132701967
0.294964102464
0.218202909905
0.309749169367
0.344142913575
0.344522824494
0.36040928687
0.244375261289
0.350945727526
0.389071692133
0.279448832092
0.233831721943
0.302226216323
0.299700221188
0.269870490946
0.388749096593
0.398414885707
0.307487216408
0.337452490427
0.189449833307
0.298834249837
0.280861366115
0.222099086285
0.351873584819
0.223138527905
0.333182793388
0.534814067706
0.411785041448
0.519412301964
0.384904044298
0.288622678622
0.255069193633
0.408220564075
0.279251794734
0.357767119955
0.382671604189
0.339694712141
0.311320962226
0.268842096836
0.398391881594
0.477561614252
0.223374231762
0.323593251465
0.296393631913
0.320838641685
0.229819978015
0.271771131234
0.326674978711
0.259219823874
0.502020528283
0.379704712387
0.321569624842
0.272099401706
0.272605040541
0.206976680149
0.359827982568
0.423663544756
0.387429134096
0.390272812374
0.265945519006
0.369084768648
0.348817547819
0.456098614366
0.231748753157
0.364942443685
0.338142536265
0.297667780905
0.405953921595
0.30092767416
0.24334438566
0.287670050751
0.23705910458
0.334022999953
0.475186081191
0.486661498458
0.402428646683
0.378068221354
0.299980799176
0.30260777128
0.449553362565
0.317294261071
0.269791571806
0.274972082631
0.258308965824
0.391785424553
0.297695454725
0.269656373136
0.232452365073
0.258029632749
0.409888062607
0.307310834827
0.332662259555
0.439909919504
0.342768327637
0.278737041759
0.226001012506
0.276879779654
0.263723073537
0.288059582554
0.338054320511
0.352853948086
0.354497976558
0.246907528565
0.394002946734
0.403886763492
0.306166434444
0.237529024584
0.327868766349
0.295142952985
0.296422141307
0.234301736436
0.241094953613
0.349441869375
0.322765431648
0.393975880405
0.308259071728
0.352676043913
0.384270926349
0.381577619073
0.292391966495
0.23865126669
0.30678755639
0.264690642733
0.3859092396
0.310641329566
0.33660304574
0.339546277656
0.275833942518
0.348046441025
0.261350348291
0.345323379874
0.298558121373
0.228189395049
0.287733333451
0.306025894159
0.268682044667
0.282374717963
0.292690205532
0.258563083195
0.365281185292
0.315967267234
0.295601277412
0.310853376574
0.323161064927
0.23997095454
0.143014003679
0.182763109571
0.275210166837
0.244898875763
0.223347673975
0.238348042636
0.331156246732
0.300749982991
0.326667780625
0.381936120303
0.269612494274
0.331237572887
0.314670647348
0.320503300724
0.280354863133
0.331715347577
0.297647524487
0.286458716407
0.35192511277
0.291629767048
0.275160077816
0.273269319654
0.380646651802
0.235829517305
0.35349698101
0.271602312445
0.270101569002
0.241797431974
0.42163746726
0.338632060967
0.364047570692
0.371359697604
0.306193157745
0.337185372661
0.332199284664
0.263975398843
0.222011351884
0.316815543641
0.256793289219
0.232213837091
0.34496371535
0.29050755663
0.352346345223
0.23509871194
0.251578436797
0.291693841303
0.381277136925
0.326843231581
0.281142608719
0.316218446021
0.348279283667
0.351372366337
0.256653273993
0.248646942649
0.286835727375
0.337533844283
0.208758633321
0.345392262406
0.263233332146
0.276251681939
0.327594013002
0.284568795021
0.341228278209
0.225723029574
0.227759174532
0.256477493283
0.26098782316
0.304228504415
0.321112474829
0.221165247353
0.277326265152
0.406407875047
0.248149449445
0.29275627462
0.30600819466
0.293236466083
0.318325159979
0.21483046763
0.395450150403
0.310305053341
0.20796134518
0.310557734365
0.181075552773
0.233483237529
0.306057655191
0.303656044644
0.360390002292
0.308974637226
0.391157485344
0.304551154836
0.362904877009
0.225744990171
0.306797769226
0.32648087693
0.27316492396
0.364161232408
0.280489058655
0.346876446747
0.319289765032
0.249110420074
0.288870806833
0.269335090817
0.363052381871
0.267261635806
0.24195899267
0.30052149885
0.357549715779
0.252879962621
0.330122903631
0.337924706744
0.339515361378
0.363258246427
0.27792778857
0.34152760477
0.309310532193
0.25390523875
0.32253425305
0.347108183549
0.189121625702
0.275728351006
0.249575832536
0.38219690942
0.407409927226
0.342087232869
0.324532314931
0.387468762433
0.417283781907
0.269446454497
0.234926316395
0.368099831754
0.287692480252
0.355441539339
0.178653803529
0.273496707674
0.329265476732
0.283375832936
0.245057114668
0.298763793789
0.261870595865
0.302273079113
0.196762473396
0.286514448317
0.272833762933
0.223104107307
0.332259773881
0.356260301836
0.304040024639
0.28978947882
0.301687247395
0.408717889016
0.283423890431
0.338212376215
0.284035681305
0.341154522411
0.230693501507
0.407165242825
0.233826531518
0.348613111094
0.217469216118
0.342755447196
0.316927723105
0.270116138526
0.334220166352
0.283685728102
0.318527228147
0.266039068215
0.30230638789
0.274588421258
0.365581985165
0.279694303183
0.234586429445
0.264548693133
0.318820319787
0.350014778008
0.283507426016
0.252453688796
0.275977064849
0.334800331474
0.332372752286
0.311837040467
0.204963346862
0.413609211961
0.252947843014
0.331446633544
0.269247581334
0.342520756876
0.306532927353
0.332046561289
0.322351369246
0.350725731547
0.211492424317
0.271524321818
0.393928460175
0.214151982354
0.247987443553
0.229056007442
0.325890208825
0.353010227159
0.358203492943
0.286745058692
0.299596016849
0.289512299213
0.239672438453
0.304753143899
0.405364138923
0.32608130889
0.310439296597
0.256860862309
0.241242597432
0.265014153909
0.281136463606
0.226321519376
0.253189867557
0.30098492519
0.351502597412
0.321540276012
0.374919673198
0.356776278461
0.304560079131
0.322720602821
0.216522422421
0.287319440097
0.30285504481
0.261722550074
0.374880635914
0.31732783872
0.284568382072
0.264359421447
0.338656867655
0.300019916884
0.312680220953
0.3745047521
0.367793695526
0.148643025547
0.356005273433
0.256097331123
0.258723926452
0.335044960331
0.191148993204
0.250525854138
0.260228499019
0.342969203864
0.397867850466
0.288388414314
0.341332069823
0.375026177199
0.217856204313
0.306790021537
0.198618083737
0.293209266545
0.26007600638
0.222028984732
0.223696223549
0.276077695811
0.280763750383
0.348329226385
0.34292238554
0.242812522924
0.185735449172
0.215358164408
0.379969713237
0.299387071193
0.308900127023
0.33623094809
0.275424403047
0.314283998122
0.346659656132
0.354485735339
0.347716785645
0.356256083404
0.267481620913
0.306083038421
0.270235461663
0.31655914737
0.33595637501
0.436404941577
0.363757639067
0.418056918696
0.254522315037
0.221044236119
0.361700986987
0.312334144155
0.374710007743
0.375572020089
0.432044927934
0.169499152338
0.239200818522
0.312729609795
0.267367984196
0.442245684089
0.357747884526
0.327889634629
0.274284125626
0.251721735977
0.274395074969
0.255019459852
0.305926599088
0.347821027674
0.286381640296
0.32717843619
0.301314795174
0.223654035865
0.256805729966
0.267845446659
0.253665265575
0.326669463634
0.291938481508
0.321617654017
0.347553226355
0.317370849397
0.289871538012
0.241141852503
0.334741677087
0.321388982764
0.26818430691
0.348791465869
0.270114742769
0.299953240552
0.239057663239
0.3136308088
0.395404805602
0.219759412893
0.315219111372
0.285304647668
0.247036849763
0.373045600578
0.357096602292
0.303122216267
0.264752940617
0.355878163341
0.367315472298
0.278910895236
0.194727599486
0.34274988545
0.349858870058
0.291468019107
0.319195407475
0.358322004681
0.270361641564
0.234513534992
0.288401572862
0.33354490233
0.236018044046
0.255963460331
0.249469319536
0.250348814203
0.330503767735
0.374993117185
0.292633163427
0.170441151595
0.354700853582
0.314076448773
0.209444025719
0.351664478945
0.298458392197
0.218444388535
0.353520151254
0.234783193669
0.239042627562
0.267835269319
0.32678405139
0.296770092361
0.302820767464
0.271693239937
0.348152982421
0.345793899768
0.30359926601
0.373081563724
0.398665231971
0.219198300697
0.287539444425
0.314121257186
0.257734161926
0.299480118072
0.360396035802
0.198238015445
0.25827775384
0.350658974592
0.331995350674
0.236348414571
0.326535127554
0.321315174731
0.262250134699
0.360175926037
0.315172528616
0.318791800315
0.345479681293
0.334389005785
0.236181106929
0.351432247487
0.309382716403
0.417242523883
0.412332551332
0.304323391858
0.259302657347
0.376157183401
0.333277713049
0.290496571481
0.244098534981
0.293156381362
0.230556967291
0.397573919579
0.39407946391
0.290492030933
0.307132577354
0.238318014503
0.263881774432
0.340858214767
0.31127711656
0.270521454102
0.323095513401
0.367865535447
0.28694252663
0.307510895847
0.250805067772
0.230144253723
0.279967861635
0.277595526933
0.403771588737
0.305292230123
0.307624961065
0.47365691881
0.36210716567
0.371066871506
0.347450658841
0.297517088493
0.355845768007
0.37667877509
0.260909770653
0.296815662579
0.371958731388
0.310342000474
0.378291063485
0.404968337357
0.316781508244
0.337828100362
0.289143543126
0.347220070669
0.310133856069
0.307232071815
0.28940091349
0.292728685374
0.22459809966
0.295560747637
0.287813919673
0.397224068382
0.265501520754
0.388063262511
0.285510079821
0.30636330195
0.160121115114
0.310810303993
0.285290315523
0.281991655611
0.279781782981
0.227902127715
0.355586695646
0.343488585335
0.365592239524
0.326567957208
0.295296428652
0.29658893247
0.24988735157
0.360707745589
0.201911367204
0.177098653841
0.271863136027
0.283089200556
0.311773447555
0.344953962183
0.297714734393
0.282292141703
0.367574627777
0.250355790896
0.372830826284
0.251730997886
0.284878448699
0.249234539397
0.247717249931
0.296835872741
0.385172416035
0.333292559262
0.307073475687
0.423089510303
0.338122962208
0.22760900833
0.302868659566
0.373309145712
0.352824792569
0.352295616119
0.293924565354
0.250589744445
0.400740577601
0.319036452117
0.237378857632
0.188135028554
0.247556057132
0.310456736342
0.297160092353
0.324186783707
0.221203044112
0.251056376753
0.185462805903
0.362782217901
0.321412832458
0.286535922918
0.270926884998
0.295576017651
0.291481207265
0.293930624444
0.328652703502
0.31633127541
0.411658676922
0.289456088548
0.297758793859
0.356258554276
0.270724264286
0.311940105674
0.239633489814
0.36062442574
0.279150348117
0.265984505777
0.311896120387
0.408252714306
0.27754911928
0.269964294383
0.297585355634
0.406628894134
0.349433400886
0.39630809559
0.227289772694
0.372684062084
0.318159056086
0.360294472523
0.250387372861
0.312988699607
0.385814896022
0.27593982567
0.304074154298
0.358946674527
0.233445741458
0.261533728949
0.22728147705
0.364269074328
0.28755616021
0.355910268261
0.328509053236
0.349538761099
0.298622223308
0.255765955358
0.3806460276
0.346017523233
0.242409605881
0.376567086706
0.284468632815
0.282477637898
0.247803551429
0.260419807527
0.223418912284
0.327002203897
0.298091959214
0.297362328811
0.254075005167
0.323478054281
0.310168253278
0.337848582293
0.291735877199
0.320430161693
0.267365253242
0.266146855192
0.332168974447
0.297864950378
0.306064156714
0.288828572427
0.413371807415
0.3662674128
0.343086225923
0.283254211812
0.382190576031
0.311812668674
0.291473741978
0.343667603319
0.319382195082
0.231164211196
0.268677160856
0.261746591481
0.256614854306
0.374178766178
0.30635356178
0.238557982782
0.288703899281
0.274984973188
0.253931103502
0.249957377465
0.331161531301
0.283068317478
0.325216239778
0.313482087211
0.224044342442
0.239406080714
0.389567424029
0.284974094327
0.376221885045
0.398906502518
0.276459172437
0.25855540517
0.38049568841
0.291580625379
0.285716614758
0.295800041369
0.277642865988
0.274603808298
0.219191889411
0.310652672403
0.387598785976
0.343045480319
0.28824715344
0.2796829766
0.350981705107
0.432647486522
0.267484865841
0.281079768011
0.249198444963
0.284812954164
0.388764969106
0.301525454748
0.306964032186
0.283188245426
0.220217949969
0.270319569643
0.277960089005
0.321368201826
0.381751176018
0.25450016181
0.325051776755
0.343753225961
0.280805764884
0.32335958832
0.277150676589
0.216207390414
0.356864084543
0.294372649498
0.222732906393
0.378429015799
0.400294780672
0.28791550719
0.269310020214
0.315776502822
0.231262475846
0.354485924757
0.232372062523
0.261233398031
0.262848647892
0.298160175572
0.332130380255
0.236366154573
0.291963338336
0.383817450757
0.347756690255
0.416539525347
0.26977435364
0.325887391232
0.167513628696
0.348747359282
0.39795394166
0.21303555995
0.262505634634
0.34612744229
0.205635441926
0.337953640478
0.307918368292
0.175403272096
0.223691132404
0.301433804908
0.323583304717
0.307513386947
0.29947836376
0.262150649124
0.359735650169
0.377961860046
0.39517570429
0.202648693239
0.311151619204
0.27818915474
0.328729173772
0.320840464116
0.244135014869
0.319012742105
0.191901958331
0.268257856184
0.315463757993
0.27124656107
0.369010359655
0.36856987457
0.348699195671
0.287597596025
0.216791960182
0.455485467588
0.353332215905
0.195524191941
0.293422011336
0.332587195581
0.256228447761
0.321076552758
0.307714121293
0.314287025229
0.239113122761
0.309312367156
0.298476547739
0.275411153952
0.210897291232
0.351228428763
0.275665546153
0.308348800998
0.328097572409
0.303448244828
0.437637915074
0.40014020519
0.304218496685
0.289018028337
0.275141835337
0.318936880965
0.383235603951
0.3555294713
0.25883633088
0.197589284035
0.338550183273
0.291856673302
0.33801152818
0.344175221889
0.27963837951
0.276010813999
0.318711707937
0.306168603481
0.300887530757
0.257568865255
0.317235273484
0.352958661312
0.182666106946
0.241363325204
0.373586061552
0.284770003789
0.276799109094
0.284808836624
0.437634273238
0.255331054375
0.351493182675
0.361515987541
0.241228475474
0.288849118685
0.289756918418
0.278001612604
0.282881216231
0.267608733598
0.258286733862
0.20155702755
0.327167899465
0.276279487794
0.402735018478
0.348734398664
0.321029948042
0.230512732689
0.27826718153
0.284400075177
0.226289628456
0.300494449976
0.276789137718
0.303833504115
0.322431099615
0.294128816562
0.282604867033
0.292115904911
0.281498284674
0.315786229532
0.251536568673
0.288957305578
0.210032376913
0.270731307798
0.242897709243
0.322252072339
0.237499343288
0.371007239102
0.31280029792
0.230475593541
0.288103281825
0.296979380962
0.24201060499
0.287390149922
0.330679386165
0.322007653466
0.523137838518
0.466195959462
0.442084975854
0.286433622691
0.371538087983
0.412449769159
0.359060803213
0.428032641474
0.392237885051
0.40846388714
0.311646183467
0.226332525834
0.301443549113
0.256193902718
0.265583838266
0.278407249122
0.377993543363
0.385154940388
0.363734245079
0.284068625545
0.32814119219
0.4472662664
0.280433971573
0.406408759332
0.326287937088
0.389807493461
0.280659665915
0.371998336499
0.346466096794
0.283021663493
0.275443008424
0.364805867694
0.368908570297
0.295388406461
0.319470678439
0.272306780511
0.277266421696
0.322118724159
0.248737164039
0.19161729284
0.351076461975
0.373364541798
0.395990448772
0.353620241053
0.446203749403
0.288249769588
0.30670409067
0.344717591933
0.330328075325
0.246111031118
0.267263705141
0.346300759072
0.332323589791
0.26101609916
0.365981425945
0.317258815187
0.342642113573
0.290219721267
0.417493620998
0.271685089061
0.397814778168
0.274223467258
0.252577496713
0.289037929579
0.426705217702
0.219083361983
0.320608476067
0.332870027815
0.509433906313
0.383538890908
0.352787158139
0.330543474201
0.393197727095
0.325430581507
0.435633762574
0.314553176532
0.391517520072
0.36864388581
0.313692726821
0.325980309293
0.296604338749
0.304236274459
0.341947771941
0.353832794843
0.237034302244
0.300477311522
0.220841127237
0.477753439985
0.284891575635
0.281082709684
0.340989941696
0.30621786585
0.370108462337
0.412128567774
0.307254468539
0.325174458527
0.347417803466
0.509222454006
0.330822759754
0.441202732129
0.474457705399
0.260604550198
0.361088589498
0.294725393791
0.325859944201
0.22460799006
0.257054617412
0.277059842224
0.430519016277
0.317772612985
0.237697856533
0.311958171216
0.363757816679
0.335643668914
0.282752225844
0.292317513363
0.368718959684
0.316377488997
0.311111369145
0.28340760743
0.280971610041
0.3060982187
0.379775295072
0.26965915045
0.325022890137
0.303105824934
0.305605668925
0.322429207693
0.414086141427
0.284619213249
0.265349224335
0.412042745701
0.294999528425
0.334893257541
0.33955692841
0.405224305784
0.288538372741
0.444707557485
0.285541577814
0.31801502452
0.402982664709
0.326419876687
0.492807974159
0.323583978274
0.313070543899
0.28784380962
0.352993577872
0.27384755354
0.365993061203
0.251674040673
0.273621018825
0.286195109823
0.353655812403
0.188259312247
0.430608445286
0.302185713736
0.255869894705
0.234224473024
0.306952527035
0.396695221359
0.305594177708
0.251934051529
0.257261590751
0.254870217903
0.476177341723
0.410169542745
0.299102033227
0.375157402057
0.272904783865
0.375293962643
0.332340284593
0.377773086278
0.381737885024
0.335535032426
0.311469134688
0.443940525361
0.298674444599
0.362297473118
0.281102115222
0.380988691471
0.420020320656
0.477725156396
0.378161119705
0.357241143741
0.407190348701
0.320560704239
0.276317743757
0.336697212328
0.346118141533
0.362028808759
0.28558569986
0.377683726705
0.245776369296
0.294769607539
0.36642818385
0.522575754011
0.295890496535
0.261300637353
0.243996911525
0.304196445311
0.360391494571
0.217544334353
0.371088080753
0.353559372637
0.33664397543
0.236119838234
0.220276075278
0.230307112076
0.316211647117
0.513312041433
0.334070384269
0.260428059782
0.530245928587
0.249798189225
0.363481516389
0.404603313468
0.398528857869
0.261300053493
0.279016737244
0.258891670052
0.356997569983
0.370242709005
0.339932730475
0.470028956341
0.406392435149
0.327829008031
0.360313317782
0.368643846446
0.455908146116
0.328393545183
0.304013770164
0.279780993663
0.587779887515
0.35193989044
0.43595013866
0.335328964828
0.298401332018
0.388763633247
0.507783149937
0.295421477224
0.349752153626
0.344220217603
0.298401175412
0.304310527811
0.383219086583
0.363213615647
0.464095108908
0.280353414752
0.31578480449
0.414544018144
0.275969297017
0.380217034456
0.409860336636
0.321469974973
0.276949025405
0.299154300499
0.30320996448
0.418291711871
0.283183971761
0.351505368128
0.331880128572
0.267650780561
0.390808557946
0.346745225913
0.256501759465
0.297498854156
0.287143286634
0.388487103694
0.318023879154
0.29641450613
0.252821545354
0.48764923604
0.409537984236
0.253956049556
0.253117497647
0.467805342462
0.367611563476
0.196778782464
0.406509871985
0.320963360993
0.298496292021
0.526936111614
0.36152850137
0.44034946498
0.285763416851
0.451760522996
0.257035197955
0.332526360918
0.287217112953
0.307360736397
0.328565058521
0.429558581427
0.378443258812
0.229411191386
0.430062050983
0.344468770675
0.196286064078
0.399716542194
0.418637646116
0.321941014427
0.3973872152
0.446039870813
0.287520764716
0.422428798497
0.280093254565
0.383568227261
0.311775045651
0.400429435441
0.440222079605
0.408416930437
0.367070452085
0.287465525446
0.3256346449
0.328723807315
0.417786688549
0.371022106965
0.330099882468
0.25715113416
0.357816225529
0.33977151309
0.295711279555
0.339275453438
0.362131252212
0.221736046495
0.306265049181
0.329196233828
0.2944901779
0.420697088502
0.509049458579
0.413262334466
0.362317094507
0.405927135539
0.503881476405
0.44238609194
0.44324501436
0.375384494831
0.492649342035
0.329197836719
0.425223025588
0.290048275022
0.415088940195
0.39250673426
0.343768238772
0.447934900627
0.492157363185
0.292442654295
0.203335802363
0.300286395026
0.224373406232
0.389737660313
0.26453826031
0.388072724798
0.340741100933
0.38288289593
0.296430808258
0.336293289993
0.33795462783
0.294431048074
0.349508451507
0.275028464599
0.227122631112
0.328630512599
0.262344832565
0.287215721893
0.270830291968
0.24110142406
0.357353740841
0.328012409873
0.302732698588
0.213796744805
0.278619603573
0.272185123852
0.255005192928
0.337268537259
0.319139849066
0.28995511432
0.293724503476
0.202530940191
0.367512079666
0.290187486424
0.360430395051
0.375803358104
0.187453834417
0.218868891001
0.296321362408
0.242911866451
0.230052705708
0.259637577304
0.369551686091
0.294456824141
0.323670873771
0.334287647875
0.228730803263
0.237952014082
0.310955393072
0.284636799115
0.390296181002
0.345159808758
0.218318960842
0.3021862026
0.264509647217
0.266183705072
0.290890300023
0.234785514319
0.322012469174
0.274741230727
0.257662111586
0.250816468717
0.28496116744
0.347070875295
0.397481455715
0.245524316556
0.328361622566
0.26431699925
0.224526594361
0.265645383657
0.288897500189
0.279248260253
0.291824018505
0.355829691983
0.300166353464
0.202369657056
0.323375932838
0.286462130469
0.343139482709
0.265263875985
0.372866885393
0.300161474212
0.374473616014
0.299144508069
0.334629520563
0.328059288601
0.292770290522
0.274704624371
0.284013216734
0.392550164182
0.232895470885
0.225178295209
0.267226973208
0.292647832246
0.291986984719
0.245559743024
0.257209667589
0.30122494785
0.41208911575
0.347473852481
0.282754267979
0.273165995096
0.247309030012
0.243639971107
0.272626013467
0.254049683579
0.332740921368
0.326488727659
0.22758876274
0.301164436056
0.269394399995
0.294118285637
0.335880609824
0.38108795748
0.257900704262
0.383639062054
0.274345072533
0.407914886214
0.291166068738
0.343410627891
0.22803263732
0.271020478255
0.270577522468
0.276905247564
0.260010457934
0.266204605691
0.307207890495
0.402927886469
0.339553657846
0.163957593659
0.338442352045
0.305706130758
0.302850427801
0.357752550528
0.30989317086
0.292165166435
0.415433042799
0.331959250725
0.273382761943
0.217984738356
0.336294593334
0.302454794481
0.320933900118
0.218908846241
0.313355691936
0.306493774988
0.282189951235
0.315964317314
0.308828114258
0.29264756725
0.302670125374
0.238074004784
0.212594936973
0.319212469331
0.321054151391
0.208196425604
0.345267543688
0.227954817446
0.307034790999
0.264548561143
0.296141284191
0.352960838159
0.354257780125
0.249681283891
0.288864483298
0.334454623338
0.306715835558
0.293821235855
0.203345824866
0.31797667418
0.224493580163
0.307951881463
0.200910217359
0.289623658708
0.278279611282
0.34549695918
0.314971452915
0.247389775031
0.320517857993
0.350147285126
0.309005275103
0.307432425438
0.40088861258
0.265154688175
0.250263108912
0.341542564989
0.262450480687
0.287440795389
0.286638408957
0.345608294447
0.273093038833
0.309477779651
0.147034312496
0.316830699775
0.330111718995
0.233660803984
0.350051901251
0.284195388316
0.226813626458
0.197672078261
0.292182921398
0.32111460847
0.292445655293
0.394516582225
0.285330778976
0.29667266736
0.267626211653
0.196926032539
0.422842072984
0.388064107737
0.328478763628
