0.295300606758
0.299927631298
0.26462989515
0.253001356279
0.26890157677
0.295496903086
0.281457227405
0.194206640599
0.318656585455
0.305236352064
0.287296640514
0.332419899717
0.345826272153
0.320017559915
0.253319788234
0.160938617837
0.194442536506
0.221681573204
0.26813704416
0.227570016579
0.259878090342
0.301478162694
0.287703098343
0.216435527272
0.319645591684
0.319014813731
0.306128156465
0.313416896185
0.285241162004
0.328515331731
0.279643819653
0.312629994499
0.32013783608
0.310150158056
0.26004164837
0.205871656028
0.295097416318
0.287276639738
0.350940524826
0.28655683632
0.203999531174
0.148518478038
0.346499911972
0.337888518941
0.373218157163
0.225600580746
0.237893142585
0.258253787758
0.251317208388
0.276968741108
0.265724992364
0.401007484724
0.289319455941
0.279272833258
0.317053437751
0.278830076172
0.20859589981
0.318583681503
0.313145574439
0.265716247702
0.363143855488
0.256339309314
0.219174652116
0.225224677579
0.237979858676
0.313568258065
0.260171319795
0.299741485043
0.285858504525
0.286614736601
0.313628591284
0.285325983712
0.28848617832
0.288668724881
0.248508153191
0.353157185966
0.247146252946
0.20005729092
0.289747631907
0.225559815819
0.294636780899
0.294424517932
0.34023799908
0.31499814199
0.319787959707
0.311963486524
0.256818986473
0.241013175362
0.258553372085
0.400641551879
0.240086619009
0.237845889974
0.23413692956
0.296949205552
0.285546371212
0.283145388912
0.243164386345
0.201157050613
0.256255962078
0.249334369917
0.400608117228
0.296469067834
0.317185835559
0.299898613303
0.348494809671
0.30070068892
0.23571671329
0.256015846852
0.182343503772
0.203399134508
0.353776350613
0.373464172277
0.244590750243
0.308225642112
0.340036086572
0.282111126687
0.30598930517
0.283664260246
0.365010613094
0.285017511733
0.354298454606
0.329276284736
0.29736522832
0.296933954286
0.293424456164
0.33949009843
0.224398888829
0.216785320331
0.287572533241
0.366374313426
0.348331004283
0.238346748225
0.349399830192
0.342416331121
0.287650332068
0.233257496157
0.318923810119
0.27288759344
0.276894508607
0.282253587201
0.26728867154
0.244208091921
0.368650934775
0.266254690585
0.271997069607
0.318424343947
0.271649820901
0.232448970884
0.22289003185
0.264107599636
0.217764243533
0.325235468766
0.196229881193
0.264785665795
0.299932055687
0.270285447197
0.268187405876
0.302679069024
0.30995796882
0.248689587731
0.292377157855
0.217094639744
0.345487922925
0.194872492804
0.282600414551
0.296615368298
0.190223540592
0.307897960371
0.261921918045
0.272287167953
0.302283008375
0.262812496024
0.328140737721
0.293780323085
0.346653501062
0.241387151995
0.195966206889
0.228650498373
0.273558305176
0.3570192973
0.368349505984
0.301075758424
0.313186489726
0.304327331606
0.37733050018
0.273040411012
0.31383217151
0.251745827459
0.207805773553
0.256108646915
0.307458748783
0.334311297739
0.319797575247
0.306648590331
0.224800048812
0.308890131392
0.2052465354
0.30294091246
0.31387434494
0.324208209277
0.259861535192
0.263087831777
0.178645967671
0.294898723082
0.253722529947
0.359342129011
0.152099285213
0.311938024573
0.382481422201
0.323670620458
0.289007287437
0.237017264021
0.270216581249
0.259746213648
0.262084609122
0.279823509198
0.285185032055
0.319905222234
0.255693704055
0.237936409993
0.22129034618
0.182824342006
0.248512419352
0.456943457894
0.303800822585
0.27917339296
0.392205761116
0.316248411321
0.205355300574
0.199836772489
0.295716151852
0.287870881017
0.219620186991
0.218601108107
0.237495412343
0.275575449922
0.278179942098
0.379937432922
0.185869696935
0.290535805059
0.299345371099
0.352964963514
0.296584118814
0.261508792142
0.336041589884
0.265353731874
0.321799271281
0.315693697672
0.26252829333
0.274781818765
0.210381040314
0.274515113066
0.353866972497
0.317476066235
0.279988438878
0.349515014129
0.355279988299
0.274078576634
0.359770309693
0.331704061761
0.33738535086
0.218217647985
0.262338502619
0.230506909422
0.321275403993
0.295802947499
0.322427842736
0.187688628231
0.226146440648
0.219823796837
0.342788850721
0.274059846825
0.317478718024
0.311064617475
0.253970478757
0.269915693714
0.307033165448
0.247228648367
0.315868032378
0.34795252524
0.298853260992
0.209881963534
0.224138018179
0.338440008476
0.263751084023
0.287076796738
0.286410699217
0.350692190751
0.272442463608
0.282770493288
0.264373580112
0.211212812227
0.341005379074
0.227739125518
0.264838137131
0.278540775983
0.29004093835
0.250329978001
0.193933763218
0.242608523212
0.156462309672
0.380474422906
0.210293520166
0.298939119207
0.248204167189
0.260274295638
0.274000600041
0.278653101688
0.324548016047
0.272748598516
0.244763593321
0.239819054314
0.348633379929
0.37447415842
0.338190500434
0.205755702842
0.327503699877
0.291903644416
0.298020445524
0.246243737607
0.295051703319
0.251209583734
0.308756777337
0.280449121063
0.345625675206
0.320886608605
0.316570299025
0.249836921687
0.24525710614
0.189664866727
0.339694965848
0.30876575735
0.185144919133
0.301464310565
0.305822832768
0.317755927
0.352631706247
0.216543046173
0.259778610798
0.367669845793
0.409912622127
0.298895586176
0.35425716101
0.254304681171
0.277338485346
0.261593106014
0.281625336971
0.210563785256
0.370181267126
0.433822444257
0.356665970292
0.362255766512
0.265452371615
0.321934751584
0.266337269072
0.288253273304
0.357528639151
0.229846870083
0.260827489043
0.341704133215
0.319270084735
0.275339500059
0.282911039868
0.229787885091
0.271057138215
0.271787322513
0.274078762742
0.307106678794
0.35816138123
0.280852617145
0.259197193569
0.211092200041
0.175880685748
0.303370878692
0.331555320454
0.249868051364
0.328352940244
0.221959399067
0.280786838346
0.363066415883
0.314250901883
0.290383340401
0.335698209779
0.191754398221
0.225389488352
0.345942173906
0.279960119763
0.249509595278
0.31515280029
0.217263925006
0.485841373501
0.291549927872
0.275055423286
0.238179047112
0.308686216516
0.269479821829
0.291775332226
0.283979570054
0.264198256699
0.220644317759
0.347198861217
0.277578682878
0.306680232116
0.232955033173
0.262550539074
0.341569155833
0.349996651255
0.248468818852
0.26717681689
0.331629414108
0.34492403045
0.259867034894
0.392095353483
0.234879598757
0.168285587752
0.237068490077
0.276802994779
0.277096215918
0.240978683088
0.267591368559
0.327104766993
0.321479237315
0.31167694917
0.336813045521
0.195028860411
0.265356032323
0.358490355066
0.246106108365
0.287011437534
0.317278790954
0.27933788165
0.27017385085
0.345438501568
0.300166052827
0.286919278468
0.30490005734
0.215197959547
0.240577527169
0.294291689939
0.328714246511
0.268574607825
0.22779346624
0.356911769784
0.27666534356
0.25837407725
0.34438015311
0.244912686051
0.216593218189
0.196106128223
0.387504947862
0.173988311699
0.239741594052
0.221442465779
0.282246796688
0.212681134403
0.323257432602
0.378951257047
0.32351061792
0.276174631237
0.21870723747
0.317119201668
0.320683684127
0.255937316437
0.260010442328
0.303499531596
0.333074586837
0.204249832008
0.351339185474
0.280256544237
0.183068303779
0.206981322663
0.384887480386
0.292600038778
0.278285950372
0.270919854479
0.344107428218
0.328692358467
0.133740249508
0.249856442793
0.28077794227
0.284508292082
0.276431851771
0.301026028989
0.325084802649
0.251674381763
0.254100127767
0.313633397941
0.335228109384
0.341100268478
0.253478322006
0.295692100253
0.278425349877
0.220228727337
0.38773960019
0.413942495866
0.322672973354
0.265600894408
0.203492920128
0.409788724273
0.391709126692
0.255051380255
0.294572727494
0.331876058982
0.272513346483
0.253738429015
0.379088372667
0.31677170045
0.366732712734
0.276783644017
0.26895682243
0.250848746039
0.304446228068
0.342670457013
0.336687446098
0.278085075923
0.32822875969
0.395544130715
0.294572195068
0.2718055864
0.244459553695
0.193374479783
0.319540019098
0.300454726054
0.318254264798
0.262627032599
0.332733867155
0.284361714021
0.310324632698
0.301967596794
0.343467832773
0.296494457779
0.286148042271
0.212381755859
0.253276942328
0.318615339382
0.245213531253
0.262922635922
0.298021287922
0.283486069402
0.0953362434778
0.260690026806
0.278428280474
0.244549597114
0.287744831936
0.269479698366
0.404252040837
0.292076562346
0.298454652605
0.32946294456
0.288654091218
0.257479001812
0.277697091763
0.23187875263
0.316447831275
0.329024494568
0.267310379064
0.279243266975
0.262243701242
0.354788679707
0.262407947182
0.203255817118
0.291861621176
0.387495232418
0.355229367693
0.296538394659
0.17030592586
0.358160004089
0.359925417588
0.357495953769
0.332174751083
0.286981176298
0.316607489525
0.241133848712
0.355430029165
0.211733558244
0.307596277539
0.31041668254
0.288005814536
0.2777363628
0.22011232804
0.190875179749
0.316837350063
0.320702679716
0.320642671613
0.262137517565
0.269259260934
0.320556643444
0.267029828766
0.407033821089
0.269757790167
0.377521892229
0.256899423282
0.301627654311
0.452958785697
0.334785839516
0.316965518573
0.250522585127
0.321559916735
0.308780607618
0.261770044998
0.292571846967
0.283556766398
0.210904839939
0.309949374
0.320639975574
0.312745067656
0.277801802941
0.384191811848
0.23799249665
0.396857699346
0.299059355492
0.196172603555
0.340822102121
0.288781508883
0.311498226458
0.376678703467
0.281889114992
0.243782882444
0.244504731498
0.272854910445
0.266491429113
0.315087800045
0.339972038253
0.292528956377
0.271884087656
0.278149166086
0.322628940083
0.264224431915
0.297041289906
0.260099053973
0.214326825488
0.240092595716
0.248590673039
0.234197055145
0.235320725114
0.288850289118
0.31585771102
0.392224020759
0.278688478719
0.37247488972
0.264649539646
0.189358875896
0.469430340083
0.205476827605
0.300013643276
0.284776970134
0.383007161175
0.367471415987
0.285221685528
0.289459929778
0.272301590352
0.30762461544
0.323964115179
0.193452677412
0.3557508257
0.398064385699
0.243379680155
0.331822566569
0.281174002997
0.305658791296
0.35387237243
0.322721575739
0.359771699947
0.326522729499
0.380821888546
0.330794631076
0.205389173833
0.294373869762
0.19442857448
0.311023248883
0.198437676262
0.3329963886
0.264800328719
0.264176125129
0.29971179882
0.287278955601
0.218716692783
0.328938559636
0.229973146236
0.288865059973
0.310507353754
0.30351009877
0.353574722565
0.29708819108
0.255034741371
0.354184613729
0.326783851439
0.305318849236
0.236005321146
0.295001614221
0.259088503046
0.286180482676
0.346773578632
0.304945145454
0.242663645582
0.319577413773
0.306206395953
0.244353140234
0.318137594076
0.209583083576
0.292158189445
0.369969181145
0.242448837033
0.191636467003
0.365328984214
0.258817637353
0.28869217545
0.259524316519
0.2865753605
0.309263798885
0.327481153831
0.262101486801
0.340057712653
0.301767937129
0.205461178564
0.311920458074
0.286113067268
0.423027739469
0.330219567557
0.301220857519
0.272906749489
0.266145437549
0.322276948242
0.36121235075
0.267681501566
0.320854696526
0.295428771421
0.380921709024
0.366228837063
0.230391415158
0.291561808667
0.321630047827
0.195020242384
0.343061802139
0.366677997916
0.311845920306
0.315239006145
0.302626814807
0.317027577436
0.345047851686
0.28460536878
0.298623786134
0.295663095831
0.316714795305
0.306494586875
0.286965928329
0.138720984637
0.224811190918
0.30152250729
0.357682652225
0.28367767581
0.264005279727
0.231315573103
0.27004803345
0.366984491032
0.283923403264
0.178992955354
0.289751568588
0.24067357435
0.363965200259
0.276686386791
0.331908292841
0.367435428088
0.273009818048
0.280380286588
0.218976192648
0.33521549876
0.295984138583
0.346274668003
0.240760753782
0.324898204874
0.283657635427
0.323291696673
0.247488151403
0.311628338674
0.26357761042
0.238799286791
0.283341590921
0.37338140999
0.340979085535
0.368610361371
0.241902838879
0.30761561386
0.255688624393
0.302519659075
0.223394159765
0.339345330757
0.284837301099
0.301572024595
0.219813404048
0.317839492951
0.224459996697
0.249473765347
0.253723342836
0.1640436932
0.364545094192
0.25987960862
0.284035905047
0.407412677242
0.370848794551
0.316098807934
0.350377846705
0.351314316058
0.302626044439
0.443603221808
0.257739918384
0.330555746865
0.197091084268
0.253544213301
0.308972038762
0.252889768733
0.322475580347
0.380069438543
0.287410424617
0.212759418491
0.326671478537
0.237908602799
0.198664069038
0.361742440106
0.284476439679
0.232981547315
0.33027657972
0.290998777328
0.255482764333
0.470448242255
0.313339715289
0.317581294819
0.242129173834
0.267586740485
0.309393987419
0.259179322971
0.272666485628
0.351713707506
0.28083174231
0.302988425319
0.237576644342
0.257236081058
0.359112595216
0.411325430758
0.278567735086
0.288269145193
0.281244608201
0.307395258366
0.290133731894
0.322240962787
0.29705708142
0.444172462603
0.317620035514
0.271675968278
0.321469008922
0.363952488281
0.237193471872
0.314983306349
0.341493100698
0.367427265451
0.261539083662
0.413832474363
0.263507596286
0.299787843964
0.261522128041
0.312335478552
0.328535866744
0.401068814807
0.267801472883
0.249241974544
0.308283881413
0.342856700919
0.250642163703
0.271251426389
0.296727031948
0.347233853016
0.374337164086
0.257103571983
0.399803731065
0.375202470074
0.334308641992
0.261224035331
0.365950040049
0.394997679267
0.33288068213
0.331914225884
0.322902749609
0.334471234349
0.301297821543
0.33081025499
0.302532615745
0.409425384924
0.338706490074
0.236462211923
0.30991656106
0.270105284907
0.286682612958
0.322568065624
0.268394002489
0.292410091106
0.177967997794
0.391062893491
0.268800944279
0.372430482546
0.296109322187
0.246322118776
0.286553915941
0.399676386785
0.268326884706
0.343369981556
0.254527143063
0.254552183531
0.237765589216
0.443424013944
0.320766646109
0.404890321839
0.279166002495
0.300941331712
0.351306798788
0.304356170463
0.243894777912
0.320083216145
0.246532661004
0.311063248804
0.281503252655
0.227690294731
0.236027976063
0.259526079589
0.297498049594
0.333605624054
0.238159432387
0.165371340832
0.266604838557
0.344073532212
0.327903180722
0.320969728503
0.285589514417
0.304391953525
0.359179948613
0.320100579496
0.197514582868
0.346644760371
0.304547188708
0.284709496827
0.275866309771
0.35557767764
0.331621456967
0.345145696907
0.343441082877
0.301814093266
0.336420479204
0.255513844642
0.409522326036
0.266678073691
0.250947419727
0.267626234655
0.25220494895
0.256138422839
0.317827293651
0.292025319845
0.296871746169
0.275263434591
0.275539210637
0.328325180699
0.22972149095
0.245977406556
0.270751879807
0.281926065567
0.292378246296
0.33741565292
0.226792940748
0.300246004282
0.353330039446
0.308841730132
0.272625136113
0.374917006908
0.231279125312
0.274373662238
0.236423263302
0.152577234691
0.220033997019
0.241961045657
0.196474904021
0.289895446386
0.213088579122
0.293869196227
0.335900535844
0.273767225589
0.255358253944
0.207729664608
0.206014992452
0.295317691907
0.386042282432
0.377558216544
0.289151786321
0.411600009912
0.355966642422
0.242306134711
0.30834644895
0.249988398039
0.242685209743
0.348521861721
0.309866101713
0.3037949345
0.266560160336
0.232148716809
0.300437779933
0.326537059603
0.334065073503
0.266068708345
0.269428704577
0.228109325007
0.245153600108
0.33337951165
0.316282879869
0.282983683948
0.35157401583
0.292198338714
0.309355840973
0.262319979509
0.344881872167
0.180288563641
0.262559699347
0.364038549642
0.263913799066
0.26844756106
0.268985235438
0.226104332159
0.376744636606
0.213714522153
0.416284342066
0.216965053608
0.236342983186
0.281565916009
0.287666240896
0.433209809348
0.290426217667
0.296907576778
0.291658252363
0.281338657615
0.31336344616
0.318341616866
0.253251314244
0.277039286499
0.257457575514
0.303224962763
0.33327962664
0.410966923875
0.298327011433
0.296801804828
0.24874100982
0.285902167448
0.250358516028
0.267597435072
0.203884717061
0.389677831551
0.310440086673
0.258846384049
0.364123475507
0.269340913685
0.259290950369
0.22445131856
0.251230460254
0.289749404967
0.351232103805
0.30967015347
0.234834597853
0.282523186427
0.241098769621
0.310796499735
0.303571117425
0.239317767715
0.266154995205
0.238289241274
0.309382290228
0.241099188571
0.32808922471
0.205486250532
0.299088428082
0.347884703868
0.30477650411
0.228998771961
0.233637146235
0.324189996417
0.202926217329
0.313655530678
0.289554805373
0.236521481772
0.295075840063
0.359524517712
0.387474257387
0.185772216082
0.334127345791
0.306604866297
0.263244345023
0.288802491073
0.320486145894
0.261016515415
0.171038486411
0.236699145794
0.259246045792
0.289245837928
0.210752254958
0.302281612011
0.322983988841
0.299840811208
0.239106616853
0.25625402182
0.24658865761
0.281677296698
0.349627545603
0.347705951398
0.324958498301
0.25434805177
0.209682543934
0.205609111711
0.166486730198
0.262903076906
0.315271099154
0.293813529093
0.245371767144
0.331600879443
0.354293593775
0.272426577395
0.279059519683
0.214843020684
0.328854782133
0.250900415287
0.388944914129
0.224463906201
0.23156522874
0.314866791179
0.264744787861
0.234028476096
0.298438574758
0.369635935724
0.313279454567
0.308050796356
0.199819294736
0.271886774617
0.254606985058
0.297495063435
0.195514767159
0.324834122273
0.253251211349
0.284238378391
0.248297491981
0.245960001179
0.372161041768
0.274481441966
0.260726225414
0.265511593025
0.284466779504
0.34719736495
0.196831952115
0.346357826335
0.243029219145
0.265969451132
0.211585841818
0.221183452993
0.271141827796
0.312733915248
0.316749318431
0.305465676093
0.347349603657
0.252292950746
0.209901088001
0.305739552384
0.304539265524
0.218077481913
0.402438556266
0.289094225808
0.291580021743
0.272355305952
0.239343010627
0.315507727076
0.290144950144
0.206370647596
0.27269830714
0.171841074387
0.295270161193
0.233089229928
0.206645462361
0.202600571622
0.259731155118
0.252146783641
0.338092972952
0.25459510315
0.264417422076
0.339548127418
0.30565545069
0.276965725366
0.347449929997
0.208558272684
0.269536792699
0.275126711171
0.26176236391
0.292500485777
0.309163155879
0.300274490102
0.274158104918
0.258885809523
0.306187900962
0.285340415134
0.328818113027
0.290870573481
0.203768041987
0.241051695109
0.16335010915
0.222765242
0.265040052863
0.252575571518
0.285376410446
0.266045858216
0.375272360468
0.306211607304
0.213699346407
0.386711014112
0.381966165428
0.301143916477
0.231229393937
0.211293088449
0.210107979177
0.387654694841
0.333210316062
0.251960673405
0.233260249427
0.404733764828
0.204124031088
0.251465056951
0.322724910092
0.265219859716
0.203617281706
0.183404444228
0.310599803507
0.307774890548
0.299022688358
0.282300632613
0.3037285568
0.199075613963
0.322371304554
0.276097076904
0.282055196465
0.37786610989
0.248975769124
0.292750805256
0.297943844513
0.326557071593
0.25344770006
0.266917054102
0.259176072307
0.347694661707
0.318387505596
0.312151744261
0.288771751759
0.271868715915
0.341045797595
0.353767179792
0.26320371762
0.331472885376
0.321671658491
0.28364476664
0.35952943349
0.370645963686
0.324556962795
0.289317718571
0.272207825872
0.302836532688
0.294625627471
0.318244947919
0.320663665303
0.400997202382
0.283668594208
0.331989363338
0.381650590786
0.340576593482
0.180204365011
0.256375389178
0.285985055039
0.300489110177
0.254986613976
0.367704093281
0.290673195842
0.328147941892
0.322206373335
0.237137453197
0.300263650801
0.321735684077
0.371239218621
0.276821919388
0.261074791591
0.188663440486
0.336354238995
0.280826780173
0.283618191002
0.244381502807
0.369885067843
0.361985603479
0.280575176405
0.348452981813
0.266511002495
0.272772935468
0.240889234223
0.25763453802
0.358876967863
0.342343250248
0.277006862878
0.371776618112
0.220440479654
0.297541427446
0.203753882487
0.309771682153
0.213251600779
0.287929376077
0.31403217186
0.255373561989
0.248754849666
0.278066495884
0.315742535521
0.251588724235
0.225675250808
0.230202771797
0.310695365341
0.287324518308
0.374172505414
0.349761764268
0.344500531051
0.192679693733
0.28278502679
0.328217976183
0.351107521848
0.279289888032
0.271571824989
0.267895506762
0.342177146748
0.376946423671
0.233828532915
0.375826116754
0.356820383154
0.235898922782
0.295660152388
0.237832585732
0.262274287541
0.23080960961
0.223396799006
0.333553439087
0.307553131241
0.284781309472
0.366105567386
0.258556036526
0.268876835035
0.251655011053
0.310818619801
0.352871390773
0.377292990283
0.251577172164
0.256036367772
0.381183026851
0.169447125446
0.311495459183
0.326796862618
0.364656214056
0.37642621428
0.318530231844
0.316297485367
0.345745227492
0.364452648262
0.341235428478
0.397826198221
0.246143093768
0.365982452505
0.284999331775
0.225458849759
0.262086252695
0.260571128859
0.249889171951
0.265188818894
0.255822724902
0.209202783712
0.338827299289
0.354359454412
0.28502845707
0.384103436715
0.264425860844
0.412291766285
0.293034808702
0.251847136006
0.246668239845
0.253549692992
0.245448075376
0.275654390743
0.314550656369
0.227666469223
0.334315606806
0.35758731059
0.326904162115
0.294286735261
0.271459108757
0.275653568578
0.33669199229
0.262754078778
0.323545169448
0.352561383846
0.343207513538
0.260148447476
0.248009804388
0.328899018737
0.222886659617
0.244928017723
0.337028483413
0.254150411424
0.26361194562
0.298738529733
0.258345991531
0.31164239663
0.304284686967
0.371518493233
0.358377228729
0.346674854204
0.298881158683
0.319626529741
0.228189837389
0.317368349347
0.393172400347
0.314670621714
0.257651434051
0.227044184379
0.293147665175
0.262206498156
0.3042178295
0.323256475505
0.275488351758
0.285802644661
0.244699339588
0.210190446337
0.255600328906
0.225620988431
0.294746027366
0.275203141495
0.290559964474
0.291842247575
0.289951633387
0.274473402789
0.288903209699
0.385490947778
0.371715510256
0.265630937017
0.293094105091
0.361272150943
0.272205731035
0.276622264673
0.26288278679
0.300558868072
0.289642911442
0.364914237535
0.29286321681
0.22629443334
0.309064014662
0.21635564381
0.379747272831
0.294520745623
0.283683884109
0.387820122194
0.248554653393
0.275449923127
0.20118624626
0.259935408029
0.353126913925
0.270776707303
0.25466170985
0.233688382352
0.302258182753
0.287874734816
0.281155886301
0.293236355414
0.173008232349
0.252257294703
0.34276112174
0.20783756337
0.236403198192
0.37189147629
0.35315359304
0.285595041029
0.296300872621
0.226419294652
0.236150689689
0.154827688418
0.331259940672
0.227806146717
0.35644158938
0.391859193051
0.207854844162
0.258707220136
0.271365281757
0.257955732589
0.238755010455
0.23324805548
0.206636630708
0.353823354439
0.209869089916
0.277539334401
0.328483567955
0.310886862691
0.223976496588
0.289413712998
0.225838084253
0.327199339827
0.286721808614
0.29900425112
0.218225860633
0.277270679088
0.325399808238
0.171684247863
0.217413702566
0.167479779361
0.305093779528
0.242684727885
0.233245096232
0.290931825608
0.300031063686
0.341515840585
0.375141825873
0.272938600596
0.228610300448
0.379427465793
0.264902803343
0.264786522533
0.328314117022
0.227889359155
0.176193345155
0.299345745151
0.214068588358
0.278628823073
0.290305565639
0.265533940156
0.27524765738
0.238628847121
0.238618491364
0.381345499111
0.31185758636
0.359234478596
0.209338290652
0.21865431145
0.242418018353
0.321241895269
0.282754696069
0.26674197361
0.293618550082
0.394733835586
0.280424711678
0.189354442352
0.255967937881
0.262950057181
0.231021983029
0.492862815147
0.263649886367
0.39646705026
0.208423683755
0.279442245377
0.2438822812
0.243535190593
0.281468621969
0.228634871397
0.22252707153
0.425563020212
0.317312351361
0.191786910614
0.197496218141
0.241376431958
0.318647195971
0.255263706076
0.318420359782
0.16553580885
0.270994033254
0.213240991901
0.313492593725
0.331411608785
0.303849591264
0.309293439039
0.226826240185
0.398802790822
0.278823551037
0.283937421181
0.264884652562
0.263744512778
0.346796690853
0.219188183168
0.326223204607
0.337789154817
0.233052905481
0.342648983316
0.252170160393
0.299391954086
0.247478851595
0.269473417019
0.275088663831
0.239873455391
0.232780573272
0.287273277177
0.365554944929
0.328862614574
0.141213095433
0.30089859712
0.351398278361
0.229068593951
0.292419630591
0.260930846099
0.259872787412
0.380896279444
0.21869932378
0.317835460926
0.260769542863
0.271228782265
0.268276311888
0.343911025734
0.291873539162
0.357824400013
0.24292359285
0.204527363515
0.22851590607
0.393962050395
0.355473453228
0.241395671283
0.312283203577
0.327007283901
0.288021341883
0.267758391929
0.234463442886
0.308400658138
0.238455263404
0.266968935981
0.311110505569
0.213393200323
0.253579411315
0.270001307182
0.256281893615
0.219972223716
0.277515264239
0.290700150349
0.258723762564
0.354622282229
0.33355320222
0.250055133009
0.312006629373
0.38356619223
0.363549844493
0.417449295535
0.336162137038
0.312917098056
0.295736248411
0.288125622365
0.348100705742
0.248944554463
0.213384766482
0.275268823283
0.252856995707
0.280272991314
0.310582435001
0.304750846403
0.259078031225
0.354164769684
0.316425129077
0.370726137571
0.268134715463
0.301885706702
0.353355369447
0.27181651632
0.252679878486
0.292350475743
0.378375947599
0.292765534594
0.247561086057
0.297755631771
0.2577419305
0.227573173155
0.231881979343
0.341229324502
0.233516624599
0.204232397363
0.233460166196
0.332255582719
0.260933708005
0.242506730673
0.227172274157
0.355920258687
0.221249872864
0.268894647385
0.242002036408
0.358092200826
0.32810276324
0.271136333378
0.232668682946
0.392286829561
0.253552831414
0.365718910185
0.240853891502
0.162779914881
0.310116982371
0.283475344191
0.320035461924
0.276614900518
0.335734171555
0.279513405119
0.258780024741
0.312627545867
0.269056973864
0.318702010915
0.237754404344
0.288816468767
0.38909312977
0.285414766128
0.233253675596
0.368200218081
0.245549450971
0.355695522678
0.316852017848
0.314536737783
0.299692307693
0.335334035711
0.286671150228
0.265197987461
0.291178718727
0.334332736155
0.296108557285
0.214992435664
0.193162543651
0.305979139845
0.318168866082
0.299557700424
0.319002559456
0.245952196179
0.231834162672
0.187273975185
0.315008099162
0.280553310827
0.344880634672
0.293243764705
0.248113172192
0.160583108553
0.209482524499
0.258714318317
0.40570742686
0.279036200155
0.255961312293
0.322590075577
0.318624709655
0.232169808441
0.268628456559
0.257064970777
0.306288920285
0.319993028115
0.3262291929
0.246079602193
0.296758098885
0.428198930323
0.34082630642
0.264365409738
0.268318327405
0.280834586557
0.245154810162
0.291158824479
0.323555377319
0.268853684653
0.273381936903
0.378250506602
0.306790638016
0.340748057889
0.316094330116
0.282611245717
0.339148438725
0.287827938509
0.274532599041
0.338716707389
0.322567019325
0.313762741209
0.325596230576
0.298234078181
0.294900044323
0.319204304005
0.328249808378
0.262865832075
0.311581047219
0.282611276854
0.301314437276
0.263427299993
0.287707000318
0.310180691625
0.256691909215
0.257934109299
0.279385860606
0.298411843134
0.24092872274
0.271421069267
0.326378773098
0.336187387019
0.276819465679
0.223803194081
0.322679195172
0.346494160476
0.360472979314
0.411599601377
0.327937908748
0.276734140338
0.330555029698
0.297103536371
0.349079310449
0.2198274139
0.211944427495
0.323172406671
0.341035904537
0.281222636305
0.25484938546
0.332145080327
0.281266219525
0.232623458542
0.295761501544
0.218787613011
0.344838047035
0.316528675117
0.254470712242
0.26628800475
0.304899442289
0.359011213117
0.296105389027
0.370536002752
0.392964366419
0.431706331728
0.378716440895
0.273054646314
0.364669106578
0.281053323732
0.322270416195
0.20556245079
0.319592441624
0.41973070174
0.295335605862
0.320320037742
0.32372043304
0.291432278356
0.285985720579
0.258288415411
0.253490424306
0.32777534167
0.302672828767
0.379699543349
0.237757914871
0.323537699828
0.397531368793
0.261082930033
0.339581530106
0.274784642137
0.236772763432
0.265892800895
0.221565979261
0.325829103993
0.349921375828
0.268691431646
0.229483474454
0.25694114726
0.295945946928
0.284253144302
0.204191802347
0.373073706467
0.364664498922
0.265628175455
0.312068418096
0.278240246635
0.215831679774
0.19980412151
0.326531118928
0.325233655453
0.25405751045
0.357529379049
0.225014767966
0.28148113375
0.314795040356
0.244560089124
0.337465084794
0.24265095833
0.350279408847
0.307836945879
0.320979367976
0.393992425812
0.269393547239
0.244982168045
0.30597547614
0.363197780398
0.358355560822
0.33327414362
0.347956547638
0.247858699708
0.277982737557
0.316816350634
0.318122839673
0.259553791015
0.382015119181
0.274660472284
0.34542032526
0.383324665831
0.280923913991
0.312590705744
0.32807069361
0.37555668657
0.28426455636
0.233880115713
0.316361938999
0.338013566558
0.319312582224
0.320531143107
0.331097729978
0.271334036528
0.206283273052
0.350977335086
0.242952918765
0.29504460202
0.243957324788
0.27666180863
0.381597181759
0.246053434996
0.287240717805
0.273300519001
0.319825092227
0.337378431824
0.279760856329
0.316854940979
0.25113378559
0.316668278618
0.338995302903
0.276643012584
0.398557717527
0.314271174703
0.283335373108
0.247453584064
0.271205529226
0.278002359382
0.279927273712
0.291344819316
0.261798081107
0.383050938667
0.267344594467
0.334296063754
0.340393730084
0.244341920641
0.372064954371
0.332728136694
0.332137112877
0.247118788421
0.318276668555
0.295393637754
0.227592393926
0.352106706447
0.359782481913
0.386882182215
0.326857557321
0.32401212686
0.264522903183
0.417838932259
0.215163494965
0.208940758459
0.250788735766
0.307383951862
0.310671877592
0.258845014134
0.281709506239
0.263964635111
0.278639839782
0.241423557891
0.28334787706
0.198315503419
0.282877059742
0.300508118242
0.337195747699
0.334476147405
0.231498625573
0.29101937668
0.227634510268
0.25990421441
0.303212150811
0.251334276703
0.232693097214
0.349326588535
0.346805132447
0.25236040039
0.293032770247
0.31530790323
0.221174780066
0.303229784642
0.308856183331
0.294548022244
0.273919790976
0.314115419034
0.308087304057
0.236543295776
0.265594916631
0.260275786766
0.2735906595
0.307036784437
0.301504025655
0.275415762687
0.345911990023
0.300096704123
0.226154986858
0.256411709619
0.340603581316
0.301786210392
0.28687502773
0.332567394675
0.331555788657
0.386954294085
0.27446500529
0.239646144558
0.203911712612
0.228714823019
0.2457296202
0.369574508345
0.260535167652
0.343355396287
0.213360632127
0.250869016439
0.403447331006
0.314795214306
0.319339460377
0.169242760383
0.299064053488
0.241959811537
0.31559097216
0.251872142293
0.305719171056
0.260254755633
0.345666796695
0.300584603845
0.221060812794
0.241088329523
0.286714369773
0.373248460964
0.314648352744
0.338223450426
0.327253651803
0.277068681145
0.351831643204
0.327792508346
0.261372460029
0.422847867622
0.24656459017
0.181996452629
0.275800354338
0.242016217706
0.295255804994
0.357817342106
0.174216667145
0.212373176819
0.284819753868
0.247027177183
0.256836630851
0.390255536836
0.267514149568
0.266625822097
0.293679077783
0.217756562468
0.22172739311
0.263772772054
0.323763554354
0.290388279223
0.273322316202
0.334991273205
0.229232014938
0.386629030305
0.30521908187
0.323621029727
0.260248302261
0.313480875067
0.349817565934
0.27001954488
0.488254965156
0.355396203918
0.320847029492
0.294735843371
0.354771179772
0.233135558087
0.319899339736
0.274659340754
0.25210758671
0.382138617392
0.237604179439
0.324842760248
0.413059355099
0.474909288802
0.291372369332
0.283353040354
0.280235106101
0.210508063065
0.286600559087
0.344243224021
0.289823610322
0.304090177186
0.298176686675
0.327826328384
0.255529749801
0.281823310228
0.276506553308
0.262647837789
0.198848581201
0.361996485065
0.289172373283
0.240379205683
0.242243285721
0.286841712806
0.287441964803
0.211256846432
0.212400119875
0.301748841994
0.300696893388
0.309969195347
0.235758336478
0.321384247085
0.271991563995
0.196174644865
0.391478472656
0.357062916434
0.24938662573
0.406839603077
0.172643838176
0.286950512109
0.343126472238
0.227592039535
0.175134852657
0.278925140226
0.322442244272
0.201516916476
0.256425798944
0.221351400495
0.335088007076
0.282925929889
0.258183488677
0.278983306951
0.238074684618
0.362311902192
0.273374926783
0.19587289536
0.288544846181
0.239232758736
0.279872141843
0.219958551457
0.251457073825
0.345237381523
0.352085697697
0.265688933978
0.244523926378
0.404443486365
0.27682611581
0.313385429392
0.299092996519
0.265769640016
0.274337748682
0.243760170238
0.239334416741
0.22465103532
0.28076586937
0.33818406944
0.332903961245
0.226878699748
0.283943050034
0.293702048379
0.174577591233
0.240959754541
0.23110000169
0.276221066894
0.337392749828
0.263060858577
0.286883270858
0.325022992423
0.324577294546
0.233161138399
0.276750878801
0.280621304681
0.178663487188
0.243953341162
0.370164099129
0.206726738766
0.252968028933
0.411215264028
0.358816051481
0.251936415654
0.334378883046
0.321839028943
0.366328319025
0.274566953122
0.185601993692
0.320322688333
0.31764174208
0.305104949564
0.228341230627
0.316504407963
0.265734824636
0.260796660177
0.281352003293
0.249345386729
0.216260624719
0.291074678401
0.352271639586
0.296972708808
0.339034791756
0.360901698387
0.306649436531
0.361170683997
0.315271030391
0.351225381135
0.323599656939
0.291034081765
0.30283534096
0.172766869885
0.2791181769
0.302798471863
0.3717410917
0.283997868221
0.275728585708
0.312248407443
0.292071216074
0.279738948511
0.241539083687
0.24906734805
0.348456310398
0.345453089205
0.294781775304
0.323713673694
0.224209887167
0.265511539098
0.323921808115
0.295546092317
0.266852335064
0.324504653058
0.253181364303
0.335903961595
0.240033776576
0.268048649694
0.293682760368
0.283565130597
0.304139930718
0.274296016558
0.285536365425
0.313045939992
0.398115507397
0.248780944
0.264473727381
0.243234107567
0.364578828397
0.374207759945
0.347251666962
0.196499592551
0.225817919745
0.20652812626
0.299272946741
0.262842451885
0.277257724155
0.348419703568
0.287720351423
0.273418651415
0.23449360443
0.261191466886
0.320223106721
0.317163065042
0.289357217545
0.342214894579
0.303414639401
0.236185271457
0.337980815708
0.285640966467
0.168266585572
0.317700992277
0.258101167735
0.367596664182
0.15587945686
0.226695676241
0.280966466496
0.255759603835
0.293216989701
0.307967893058
0.215224982209
0.346987104075
0.368360080424
0.321677820547
0.276495519672
0.267473900233
0.270456865845
0.279370027665
0.256420817391
0.24467611223
0.307109022001
0.227950350464
0.307366488961
0.322868866496
0.30061321904
0.32551636366
0.272945086732
0.212395534756
0.266225886391
0.287566284741
0.275716629887
0.27809377844
0.25388643449
0.329778899416
0.316200239773
0.304607873933
0.179830355137
0.262897797198
0.322527820644
0.372337870322
0.262622104083
0.280313807027
0.309170683866
0.307677486541
0.220444775197
0.251889448222
0.287185887798
0.386375154039
0.310644189272
0.315418055222
0.234329434174
0.250369669789
0.297724939041
0.290562996631
0.36093475564
0.320980811437
0.259501863994
0.200090131804
0.279894397856
0.262866852842
0.359442151937
0.380018897198
0.249502176444
0.293851899144
0.330964902479
0.321288052962
0.423555178009
0.217429309875
0.344594631973
0.253549212212
0.365022090511
0.218089532731
0.279725982667
0.304195147778
0.265114839339
0.280690096229
0.35279449114
0.246774570619
0.283487838495
0.298718689597
0.287612289965
0.334143853281
0.284398520169
0.330939099504
0.308675541425
0.2967925707
0.391125991178
0.277274238714
0.306805515405
0.295650217075
0.308889610612
0.268601318474
0.340738828125
0.322425638248
0.344727911576
0.277500222813
0.217339225248
0.322325224442
0.235901728341
0.33617683528
0.287764425848
0.269313965809
0.230901238364
0.360415091109
0.244701123066
0.200741768311
0.261949934051
0.296387913832
0.365015984009
0.372270403792
0.321916557762
0.269214422612
0.378945722453
0.169822821252
0.302338244375
0.293293550271
0.360873300748
0.305016759968
0.185165383853
0.264981991279
0.264644358301
0.337349507885
0.358885863982
0.331685293075
0.389404995788
0.264651810432
0.271710002265
0.301567009269
0.314503974447
0.268698899266
0.320848757011
0.333108662724
0.263969621875
0.274460837227
0.318042155594
0.316074791869
0.311575077946
0.279047610916
0.261445343098
0.234533993836
0.278061518855
0.289182045666
0.278440025233
0.293976832504
0.256085780955
0.313907807568
0.249343246111
0.295301849249
0.389770653421
0.270706799695
0.244986052976
0.206161767715
0.187168665714
0.32348257883
0.390665562361
0.280505054185
0.290126982612
0.266450072658
0.326270194027
0.293474955865
0.264367218142
0.237325473998
0.285271206621
0.228752434936
0.227816277013
0.367782193835
0.33006719533
0.401456466902
0.241568594166
0.284042562506
0.343510598843
0.227405236797
0.206580245902
0.36130710275
0.239611567759
0.31296676372
0.429670228619
0.261202566311
0.260293553434
0.362990434028
0.339809851264
0.304075922934
0.416828990122
0.299028827737
0.285127106523
0.263635026305
0.366303337219
0.284149214328
0.221409951831
0.288991704402
0.339595745284
0.282337480596
0.308570428421
0.219777935439
0.351310459066
0.28320135791
0.311558677476
0.257644428641
0.412705535165
0.284767147647
0.295590015353
0.314071774247
0.336155091747
0.317871452664
0.270609736428
0.287273218739
0.251800796273
0.215422078949
0.436065546291
0.26381940033
0.24550231395
0.283492728265
0.285578962537
0.179362252008
0.276347003447
0.268079943224
0.222585182687
0.300835023693
0.261991806921
0.256533995848
0.28696438162
0.346750970204
0.383485459122
0.307762620133
0.379372003667
0.247979362027
0.277152557627
0.335037485276
0.32039479254
0.319951525883
0.338664669365
0.2721166621
0.331144187444
0.260905479663
0.254337179845
0.455278463844
0.27963060128
0.279967226057
0.243603353369
0.339603508788
0.279499785304
0.190756669556
0.25078920942
0.251600762594
0.244639685127
0.415869656053
0.319901459504
0.214442619396
0.25288915947
0.243433439166
0.259337056389
0.219957696712
0.200690988545
0.166123679134
0.252608357642
0.254434639136
0.27349740953
0.253881645584
0.257633447612
0.261692010499
0.222402546254
0.312463635546
0.360794531598
0.29242813024
0.295285440147
0.273261210029
0.26286900366
0.287010720933
0.268742120592
0.215406261926
0.265696070258
0.310989171177
0.199204029013
0.314467075051
0.254433691371
0.299375122732
0.218929515988
0.285354352064
0.295313161629
0.255742275901
0.286901773735
0.255509884138
0.281802782895
0.342996082923
0.305979729011
0.288040435923
0.241213380116
0.255119950336
0.266363507666
0.28796426528
0.319959041243
0.317557157828
0.337873162371
0.338376959373
0.389724532736
0.216781411754
0.347867795069
0.261205239307
0.289228548339
0.26664775962
0.309709379154
0.352745548462
0.283255257331
0.220108830072
0.419791552384
0.342653850033
0.240696481146
0.222442388851
0.357241995374
0.352133764917
0.282095923134
0.348967405605
0.268887412649
0.346787876817
0.317350770327
0.271259455282
0.346478048306
0.171479865497
0.36554381083
0.329091916351
0.282310583732
0.232364912266
0.268974376734
0.256101603125
0.264630936375
0.325744021219
0.212744424776
0.3303205191
0.3269492809
0.267668609219
0.210345671516
0.310046621179
0.320298878126
0.351833092599
0.377899410549
0.419144014214
0.206208318788
0.352446429391
0.355358872471
0.34136832519
0.42828828042
0.30731351621
0.254125300205
0.246271013843
0.298800539759
0.250620862153
0.261762720524
0.237250082379
0.213460032635
0.229111422021
0.220297535233
0.32343232381
0.290556375798
0.284571782522
0.306118493932
0.250288442361
0.336720040369
0.301720030837
0.206737623189
0.256291155892
0.280101765544
0.313836693136
0.299631831215
0.23898028693
0.319579323338
0.245244606207
0.26593521273
0.274465592128
0.395393292178
0.323520193572
0.316459764009
0.262204772595
0.398248364761
0.18872999063
0.273345368423
0.261658484625
0.215266850696
0.284864065698
0.300143091136
0.233638401211
0.324161282386
0.232028827809
0.278740088932
0.31425998567
0.293533531946
0.250120057324
0.223952146384
0.201923984406
0.301451847658
0.31440485458
0.305783823539
0.238980328883
0.246854327944
0.315914335206
0.248237254078
0.339484314244
0.27223721044
0.312157043206
0.33089373379
0.308765080333
0.281735036598
0.255007253212
0.284612900552
0.359234366376
0.287893145207
0.358108957361
0.267858879498
0.275730378829
0.267538090788
0.207914376928
0.257955031523
0.298190942376
0.255069688859
0.266516157507
0.212609157325
0.276926166678
0.330675922577
0.325345805028
0.268271346286
0.32788062786
0.304954350707
0.215024858843
0.318981328506
0.253081720538
0.2823871292
0.301177294625
0.343806343051
0.236644187961
0.24009210557
0.302101312924
0.254368539479
0.268323789006
0.311643331585
0.268272245096
0.251847945768
0.349546986756
0.266372435397
0.336902041612
0.247953316377
0.390106447946
0.188081939628
0.32179991012
0.301493227498
0.268677936137
0.300786134561
0.202003712535
0.254501952231
0.284960034873
0.371864362303
0.306292119595
0.344101541545
0.35289376424
0.230765871899
0.2650949745
0.255784471651
0.307398543479
0.235401833681
0.245504563694
0.289366711109
0.254955230677
0.231242194001
0.26017397476
0.387205102285
0.273236021427
0.341261145624
0.284073289621
0.315826000579
0.357493310179
0.313482187707
0.336941882611
0.231295371052
0.213467532445
0.242330285673
0.263630808951
0.249408923464
0.29159375823
0.263468966118
0.266621648282
0.206860400561
0.270058181441
0.376608087317
0.362115960835
0.274583712398
0.344025983962
0.283135627691
0.311413169981
0.193835641688
0.295765883408
0.282508286672
0.294377064426
0.390450571181
0.344986868539
0.217968085705
0.340065985479
0.364982608945
0.348082745725
0.342093231386
0.323276101139
0.340916965924
0.286266175166
0.26781396718
0.319049306386
0.332529254696
0.335156386247
0.225054728027
0.260753988554
0.222028951522
0.282965597514
0.29445707274
0.247253343737
0.277498869541
0.309973773764
0.317896223872
0.271455668295
0.329687923659
0.304663897074
0.260550815855
0.236739030112
0.248633237906
0.201497780761
0.267113980561
0.290784699558
0.272275519354
0.290181753127
0.290121547642
0.220116011235
0.345780123061
0.304752578152
0.380523157036
0.227095924962
0.29274449114
0.289086345361
0.41033628181
0.308611055474
0.357602340401
0.262886502845
0.375794239474
0.231275480011
0.284692022687
0.263152677232
0.391942485998
0.189752934966
0.312296873752
0.25325795205
0.248767639241
0.278755328953
0.285747020776
0.247139240829
0.296415621682
0.336552453693
0.253199363168
0.269344741402
0.202879251778
0.303737667292
0.374764158859
0.318856117907
0.280704820923
0.267833807341
0.328710531217
0.289115515767
0.230101785343
0.190859528006
0.319466550041
0.232274543127
0.280891033942
0.19457667382
0.248186467918
0.382234155991
0.317448441579
0.289391665319
0.288062659945
0.315921700618
0.257476907164
0.296565818157
0.296061813115
0.264302522962
0.264988115258
0.277971269749
0.311145057913
0.310540448049
0.292405252295
0.23704650201
0.340977000051
0.266126540043
0.344195368137
0.205494716754
0.258877952182
0.233099764263
0.257752871629
0.248500617581
0.232915140568
0.24964351598
0.260873893976
0.30578743025
0.30644127666
0.274846020352
0.238562792182
0.298498944105
0.339439928446
0.309563124489
0.235371939239
0.276478410822
0.241897749408
0.236390792483
0.359040052368
0.267143030412
0.22581112396
0.321999045705
0.322325106479
0.258390176319
0.295639581198
0.312390296132
0.344051937424
0.197969625407
0.305755427477
0.251315361913
0.250410926314
0.303859185613
0.205758752673
0.308089029032
0.344097998384
0.341208830554
0.225951957649
0.345687484586
0.328262408045
0.195676539672
0.336796138692
0.393486597727
0.30577567363
0.290190941802
0.326863542685
0.189571902492
0.268345480662
0.323914182606
0.317976789521
0.335450083394
0.298590109886
0.300375366249
0.37042672126
0.236471743349
0.282927729306
0.293576751742
0.280825455714
0.224612118053
0.206063101576
0.286672116886
0.224288775152
0.312456703109
0.253494942613
0.385355704308
0.368736372408
0.293151625275
0.254569148792
0.340724125965
0.292554531863
0.272850800538
0.279949671956
0.266532544085
0.324849951579
0.383934851283
0.230594711388
0.299021067426
0.419424700914
0.342458006135
0.37876220794
0.185165715807
0.369982171446
0.303150712807
0.248723401218
0.272761903044
0.321547498011
0.274687795816
0.290301498707
0.250097618935
0.256612382549
0.246906560427
0.327195813962
0.251541795299
0.300618342408
0.328184350519
0.342119014123
0.188492901162
0.280992836254
0.22391579283
0.317615799772
0.340596623304
0.38100459836
0.3039317311
0.289566174981
0.307240831116
0.292198138788
0.286822381512
0.258775201465
0.258450400006
0.318178949061
0.363351789102
0.23314759376
0.231550741589
0.205660594024
0.355829495308
0.196413040499
0.375460293474
0.238774391291
0.391354325785
0.232765552669
0.342610541892
0.242639551288
0.402405742159
0.294427807984
0.286409152852
0.240321397021
0.275266984123
0.234651432933
0.278696268021
0.306487989927
0.334095186261
0.27889176546
0.295588947085
0.222508676725
0.297918574047
0.326847302135
0.341048933788
0.275147172409
0.334142491471
0.223989928489
0.242065873708
0.342546624575
0.317582782137
0.203974479192
0.255204990036
0.248752898722
0.301970567702
0.327182308572
0.251579822392
0.354601466574
0.318687567643
0.273185179909
0.350209025415
0.2713627528
0.217748426669
0.319949011076
0.268038185142
0.285747763962
0.232867249995
0.241719708744
0.2204053335
0.193494089851
0.340865645842
0.243297211576
0.332209894395
0.251816357037
0.296718635661
0.217586215087
0.308151522981
0.228414785242
0.348036449163
0.24186135227
0.262724096218
0.255826001319
0.284246709462
0.304945447158
0.201225830695
0.227491855511
0.340646472716
0.314062769204
0.262879658649
0.218959291373
0.254784150746
0.214516288261
0.370674645782
0.242178008469
0.23449833608
0.271664169322
0.287021703989
0.269044784509
0.410893704756
0.279628071128
0.3065977624
0.349390706599
0.278994596026
0.293086113505
0.382017366228
0.216778881963
0.337300893394
0.253933903964
0.298919103028
0.332195729892
0.1675923262
0.250539477726
0.346320311395
0.241515574072
0.370278085949
0.252674288469
0.316396733648
0.337680626478
0.336942468784
0.272684807064
0.307701525258
0.352253647558
0.167958525097
0.252483223888
0.283872185966
0.297792072347
0.244005433385
0.395621273997
0.318122257134
0.271681990471
0.280887826418
0.271766521978
0.349549228446
0.366483143724
0.327974583381
0.275701798284
0.301532674261
0.393286310136
0.230859407274
0.279373897327
0.360616403054
0.347988624182
0.186418208167
0.290012245602
0.288358898706
0.290163058704
0.305008076538
0.307398470216
0.196945236203
0.364691079353
0.307122754661
0.301694905116
0.248147058559
0.305013102715
0.314276884484
0.310293065297
0.333211035242
0.281988057521
0.417105762737
0.345536711306
0.211333209585
0.253278658935
0.287615457641
0.330192528317
0.385930853705
0.311093120165
0.32924295755
0.205062002585
0.382913111986
0.278723393724
0.335138392574
0.244409183628
0.394009575377
0.216376975694
0.265858610929
0.240431939282
0.238789184534
0.298378571303
0.345073922482
0.329920769298
0.26397127899
0.198545845415
0.220710083043
0.387517810135
0.367289474888
0.311363278659
0.224783759564
0.360672802313
0.264906761497
0.284614804289
0.30139866242
0.292363406411
0.230542220192
0.346378501285
0.2865746622
0.327403195092
0.243527241728
0.362975029965
0.225514310889
0.285969419061
0.327476372263
0.366735585707
0.322398194717
0.322595849933
0.297202979428
0.363936295827
0.320291203107
0.207624298108
0.309588115731
0.221955421216
0.257967589032
0.268737310874
0.393253005275
0.266266852585
0.267728113202
0.307690278395
0.199271667255
0.238388290728
0.251462626075
0.323108353119
0.355468216196
0.320672587083
0.331191576328
0.315543483186
0.361551165368
0.346542988947
0.294473095979
0.324703688241
0.332546536314
0.329649804978
0.270872350035
0.282418552733
0.385645060299
0.308463566847
0.380071417639
0.317681896596
0.296686211098
0.208413400405
0.149455294676
0.329660102095
0.274330293748
0.299379747185
0.296938135493
0.268064677659
0.297355194739
0.413768999638
0.275982037049
0.352046363013
0.343401904673
0.226290006194
0.323002936744
0.240872705466
0.475814838796
0.27926777768
0.336241428335
0.274409780959
0.159279239327
0.215461765162
0.353999334494
0.331692462578
0.293513603493
0.407687119
0.240517474475
0.214412157258
0.280759987349
0.33718739619
0.353420099861
0.28743058457
0.328911848927
0.299108978688
0.269374725499
0.349564902918
0.231179521454
0.250637198804
0.377601197632
0.187985118364
0.275593132943
0.289070733326
0.257600616027
0.279851460784
0.266131765418
0.28433293936
0.364060943458
0.254957343196
0.217943317931
0.320807468727
0.266930740849
0.275612481235
0.262558404491
0.251337275849
0.361708042079
0.380663878265
0.355790598433
0.225536690932
0.29613964409
0.433596651859
0.273230440649
0.225493757165
0.291947295015
0.321901923572
0.365656552702
0.21779752003
0.305287929336
0.285154945074
0.305141942168
0.307338028722
0.188187459988
0.347588903491
0.385082448639
0.25392698895
0.282062706776
0.245728091011
0.255523508979
0.390966821606
0.331970374958
0.242603576612
0.235350797038
0.224252829274
0.364935445152
0.393035968902
0.350804715839
0.25092158935
0.325993982406
0.275945722535
0.317425345318
0.318625531318
0.274278486485
0.225865862861
0.310189069605
0.295431969384
0.316229078675
0.320765201573
0.264832317049
0.355110506841
0.329473752164
0.280396170537
0.271038697627
0.305991993961
0.287197558259
0.434014703072
0.322883092699
0.223110975546
0.298693851557
0.232985185013
0.308201086007
0.370883400475
0.269925591986
0.286376930224
0.392979799264
0.346928524427
0.315370194249
0.305720794525
0.224034029372
0.346043496366
0.263219810588
0.289387113459
0.305036278655
0.303411269599
0.36489279654
0.363841135281
0.31332991222
0.289680188261
0.197388091009
0.254644671754
0.215031718662
0.251697895082
0.288313360759
0.236568721398
0.321867124208
0.297464546023
0.265065765412
0.220418086989
0.3026007552
0.214123935846
0.29957734566
0.33513566385
0.244300606572
0.337062828473
0.357387866518
0.242782343033
0.332060630377
0.247129585031
0.265197652465
0.298424337057
0.273100913244
0.266353958954
0.245781448096
0.32098824068
0.291295793165
0.254063231467
0.398497079379
0.207972989355
0.340481550147
0.269846488661
0.236421322975
0.187312547831
0.292357651471
0.394731902519
0.225961680469
0.320508560653
0.288729047872
0.289985090169
0.35815564567
0.211915812295
0.364139335339
0.220428616773
0.280789430369
0.343605869183
0.289956806601
0.368668786311
0.239497036316
0.285631242005
0.288042781788
0.30909880941
0.323879880227
0.225029066512
0.256485794678
0.33969082042
0.25889973237
0.31154443355
0.23716179847
0.316101480002
0.358507089325
0.265576812075
0.292055857107
0.285474460036
0.300734449467
0.302057777626
0.339311449856
0.365256887447
0.261124958983
0.3412721585
0.387921875368
0.267411854202
0.258700679283
0.312771790556
0.340125801827
0.32297877573
0.266471875013
0.297465224074
0.298240567266
0.413003741651
0.305927680698
0.415577555791
0.332225402226
0.248197598693
0.264887433181
0.312139442094
0.39696174211
0.260538433308
0.380052744112
0.295179254831
0.333580561946
0.314072319709
0.320330472142
0.233313081996
0.23274935003
0.205150968766
0.359472989673
0.342965790799
0.288296347852
0.251796860026
0.319209834616
0.391579727463
0.297936865179
0.200414141069
0.25518483773
0.264703100376
0.301650444034
0.300939386259
0.303098749325
0.264227316183
0.356688646353
0.314635894286
0.269431164502
0.340469495787
0.365573735809
0.300181722352
0.327505175842
0.327598944878
0.270667774098
0.213392302263
0.286969027985
0.330942807018
0.213194523919
0.420733151103
0.315874839041
0.291002675887
0.251083785504
0.213978025957
0.362896119917
0.254320744716
0.27331619511
0.243795246159
0.217530392393
0.272126227128
0.388479400882
0.358469263058
0.237344974953
0.307845818852
0.38660211111
0.303170435543
0.300217995141
0.25751304129
0.298769628174
0.210814242458
0.28305489767
0.28646178315
0.297985585654
0.303646953799
0.355072149755
0.292544534783
0.210357241242
0.187678286264
0.231375618225
0.288873582436
0.25184211366
0.377683779164
0.286511292523
0.259403827371
0.341692697224
0.267938877788
0.27729608012
0.197672073706
0.276107128967
0.310867494508
0.235007855745
0.298920599333
0.305626640226
0.248671048634
0.300625307803
0.415685090854
0.335983674315
0.310102350983
0.270722365332
0.358508080499
0.285553712042
0.309432615097
0.286987875988
0.207051816551
0.242440586499
0.339074545175
0.220417322017
0.349872384442
0.260823404633
0.275971382821
0.264868296009
0.349005256728
0.281889501208
0.313168286594
0.346862466792
0.264748757858
0.31127851047
0.339923996059
0.333881806818
0.186182094898
0.289856845209
0.273570397138
0.328330228007
0.323732120343
0.307120788077
0.273547286668
0.313110891897
0.357872035278
0.253543148176
0.23874904877
0.27696789159
0.402777575486
0.236176224239
0.341587316334
0.313281329244
0.269772338075
0.341515805087
0.218967054319
0.333113641756
0.308753856456
0.322798269978
0.220432447363
0.278296204072
0.430442851122
0.412547278838
0.291601952772
0.255038864184
0.257254426949
0.211272826249
0.299743204537
0.341617205233
0.27004602225
0.342839768723
0.325773630023
0.275342548471
0.268531091358
0.296634689178
0.321139856216
0.250069819958
0.318602898471
0.317951282363
0.293803250989
0.350284407651
0.220211341154
0.301102114097
0.393305137189
0.330818406053
0.303559877323
0.308496788718
0.26695498309
0.330042143967
0.321468872612
0.24128662972
0.261987888673
0.138644600912
0.311037840454
0.412170013903
0.286728728139
0.244924054839
0.212819063247
0.190484753507
0.33151147803
0.203961454687
0.345540530717
0.23794515796
0.352293513496
0.30541510044
0.313926532453
0.299275218574
0.321099979361
0.287500624987
0.342368359278
0.240037226734
0.402653728058
0.347382538037
0.4286610998
0.29300296403
0.341968475575
0.330753773719
0.278265006503
0.203313712138
0.364253269624
0.269652244692
0.254263889964
0.385825327911
0.211317569297
0.39395262678
0.384920359402
0.261149120835
0.291941361768
0.343781617219
0.17091772633
0.294075670381
0.274278945566
0.212180966273
0.316710412663
0.277611041168
0.319876697603
0.235373379696
0.408667924036
0.291664587511
0.348642566795
0.333218965859
0.218812637872
0.336516426974
0.295605736812
0.242751992539
0.317026075688
0.218983087308
0.387566209193
0.261328762633
0.256554348225
0.257613937617
0.283959263637
0.233575940479
0.362860153827
0.226421321597
0.235868553306
0.282588004864
0.283568775137
0.311824076824
0.258153170559
0.279961439674
0.331685700481
0.320969593252
0.255289392178
0.283835079699
0.273036622156
0.255654379331
0.220597391117
0.351418988336
0.325673925801
0.357186396223
0.322150331556
0.25826686226
0.304725882093
0.394655743458
0.369489971449
0.300566886379
0.267971583286
0.257826122917
0.392399380737
0.271048053894
0.240097804064
0.29158734664
0.233813848557
0.2596777628
0.337639318755
0.316570736656
0.232734925333
0.218839829876
0.411416354287
0.3007905886
0.258408914752
0.330013516446
0.326096949418
0.30380965754
0.273270337252
0.240995417436
0.23213692279
0.40399395486
0.27205492308
0.275010263818
0.279425365641
0.28358192601
0.252141010747
0.249839886272
0.219241642554
0.3190452032
0.321674269558
0.261250577985
0.223562813886
0.185002292658
0.285552177597
0.190840804789
0.345420520717
0.312785020064
0.214536637721
0.281672543887
0.273453183681
0.194538598275
0.285424869247
0.263639851275
0.270429344403
0.204125540545
0.282039839063
0.320481604099
0.226860556581
0.26144090724
0.342412577758
0.302137217835
0.28393014203
0.238060237746
0.399658175242
0.300295545807
0.224117973273
0.236093179475
0.241496832213
0.235740492526
0.228364084572
0.283666035721
0.317603195783
0.350314628336
0.300667620189
0.338440762218
0.294912965552
0.301527798336
0.241092234071
0.246119044494
0.23133487423
0.250067943634
0.266901946883
0.268536804312
0.300125048524
0.247438873054
0.282769745971
0.328578986805
0.320897607323
0.246072083561
0.304153050618
0.270566322891
0.298055210939
0.277260458788
0.345843846226
0.234081812013
0.421153771056
0.240873064167
0.298827864267
0.269392042805
0.230601889984
0.302112972837
0.273392878534
0.301702175027
0.247686026516
0.244829326175
0.246514067749
0.283484558799
0.300973207503
0.304363311324
0.295573511528
0.335826631704
0.267412568896
0.236158012433
0.241526089152
0.203541984246
0.30745602872
0.287961953574
0.275501131255
0.264488233634
0.248711696659
0.325635041948
0.243000184211
0.422353363628
0.226336625713
0.286428042086
0.197224326213
0.261454252091
0.342715635335
0.415644126174
0.251141555791
0.23282583022
0.213138291015
0.368348789893
0.245226603298
0.205836651944
0.259566944763
0.230970451555
0.270908807218
0.224977130585
0.248578326846
0.23786199254
0.3445692275
0.225198281116
0.245364787308
0.261751636716
0.286248219762
0.213463485963
0.325909258935
0.318373034602
0.356409737488
0.24467300931
0.321922750375
0.298403319686
0.261224038602
0.276959812457
0.225896878498
0.272869255789
0.254898394205
0.263914480445
0.308943908955
0.283247111543
0.32892822279
0.330794142954
0.254581135373
0.29317608445
0.221089256793
0.280061543755
0.324481641379
0.280813952903
0.212987774808
0.305348169719
0.2546233366
0.365792364144
0.221387579133
0.232261557938
0.185614586955
0.228741381715
0.195313252186
0.370630729324
0.367625343802
0.298887966441
0.309166988558
0.310471592576
0.246604988779
0.32365188118
0.286647450344
0.23983303247
0.232646775329
0.342225306207
0.306399101102
0.378589608514
0.33329210678
0.224567764425
0.220643298385
0.279021975283
0.257623331654
0.242973087366
0.336109645832
0.218843933527
0.280470868844
0.201017806712
0.403924371122
0.244869342487
0.334304975802
0.226321891475
0.401056509383
0.211009993492
0.279625220792
0.26184201815
0.263277366203
0.276610236734
0.220886617772
0.306020093671
0.282192361146
0.293948154363
0.225581362667
0.258031478109
0.290845104063
0.346926570225
0.362067261748
0.32584703743
0.302050749355
0.315706040378
0.273639339675
0.312257023679
0.287270544816
0.297162092514
0.340011460069
0.36755161955
0.315959635389
0.308240139282
0.288569074841
0.389975833721
0.28800450036
0.285247389339
0.351750058334
0.2034870503
0.292655190806
0.237059084827
0.260664791542
0.346952678422
0.296511604748
0.393127193122
0.387117828917
0.228763102701
0.203621730794
0.311339104322
0.293331776153
0.248873301067
0.285295610812
0.228984461416
0.299658076505
0.35079148554
0.331255562003
0.378316930221
0.262899160208
0.315766592529
0.337491934608
0.324056136407
0.281913142433
0.304403222757
0.205716363105
0.275510092141
0.272516392064
0.255835357832
0.188471133904
0.272550304559
0.263995675885
0.293058318883
0.342232321391
0.297102144347
0.352328106374
0.327772785063
0.298673461827
0.321364379534
0.278474268833
0.26073977872
0.21844121464
0.355205326179
0.271286069535
0.364115192145
0.236734894524
0.441274428669
0.224762257018
0.186089868148
0.18752114634
0.356819703032
0.28761546465
0.271196746505
0.253333389779
0.226761832358
0.265322246905
0.261695142001
0.257261075679
0.197259693538
0.346721702821
0.260950049195
0.334961813801
0.265682919322
0.294260814078
0.219747492036
0.25674511748
0.348363988441
0.286142467514
0.338175927446
0.315708670104
0.267345596331
0.281770126888
0.274271517246
0.381885460485
0.280923582152
0.230104461158
0.170059463386
0.290554777836
0.248500572071
0.161907282526
0.292005369426
0.269044681024
0.308877359346
0.198936296167
0.238924552105
0.349336103358
0.35089110255
0.30903158303
0.254016218575
0.224818773505
0.290364938998
0.380038675791
0.231696097796
0.292507506609
0.322345712504
0.277709428809
0.27110197775
0.371065515853
0.196984355276
0.313741603277
0.293202408067
0.268296860374
0.351552285758
0.271172263665
0.273590479175
0.264263821486
0.263526671863
0.359011034365
0.307347960676
0.308221033335
0.365381004973
0.361421071851
0.279429365218
0.248312446741
0.288175387115
0.295555686696
0.233391975209
0.294209649544
0.336568532419
0.266485625918
0.362761081763
0.219481824647
0.363351143019
0.304780427215
0.235660171716
0.265682066496
0.217510702443
0.420288171978
0.339787547194
0.226129219655
0.308261651172
0.275249029492
0.375121094862
0.350588841154
0.265899898795
0.337388656603
0.246305382288
0.249584269188
0.237317276054
0.226860379074
0.257112900683
0.305268084784
0.271155935622
0.368159486445
0.285573911929
0.319717152278
0.266851453513
0.277468326532
0.358364720956
0.317216714243
0.298480208884
0.320245139959
0.289267558864
0.343663494587
0.193744661994
0.297416538903
0.301643508795
0.240011960941
0.312630573828
0.240536395448
0.25876176932
0.309401041289
0.240620744215
0.3398994292
0.253589668942
0.325352361702
0.274840159714
0.302509754806
0.262289556771
0.339940654995
0.264549402352
0.327581002702
0.284578855108
0.268174846884
0.280864421548
0.285652126478
0.316097311834
0.298447037309
0.30703374426
0.363177756634
0.269690110382
0.260239395849
0.227946238272
0.241106728185
0.237099742797
0.285460749993
0.305747797373
0.296788123193
0.207537382507
0.274389996611
0.361633389836
0.300714182593
0.266107733563
0.197271523415
0.223436405357
0.273725821489
0.2261712809
0.32414773225
0.235319171091
0.282188283185
0.271751273576
0.244887202055
0.196598045665
0.287216221232
0.294858687287
0.372716825596
0.283685724826
0.288920238821
0.25201665437
0.407182440311
0.323182309775
0.297438207517
0.346462565656
0.286919902625
0.260600581386
0.289357102658
0.246766117719
0.360992723171
0.275823120083
0.368282100848
0.258106551174
0.262659617642
0.473713600081
0.294984767034
0.295587833816
0.303636695981
0.279956463874
0.252206600631
0.295359539839
0.28109227175
0.353999417606
0.199720047903
0.325465207534
0.327109626261
0.271292910267
0.358000437378
0.3116575406
0.320206636104
0.353438188337
0.266824385866
0.355087203704
0.380698009611
0.30668682538
0.361051459306
0.276122911107
0.343475335127
0.283883450949
0.228910542462
0.264214597024
0.213878033243
0.361422120799
0.26123274971
0.260869851354
0.16443456233
0.440828909693
0.361592201413
0.253453132097
0.312078260405
0.318429617054
0.371365302772
0.296347226446
0.273076352863
0.280197526389
0.391601516961
0.240218200868
0.347217642539
0.198141758264
0.197257645157
0.319552275912
0.312012938877
0.228127466051
0.339418963091
0.285654704685
0.349047974163
0.320108741884
0.294425462946
0.339676359734
0.361002306283
0.289782996768
0.35888250878
0.305616230902
0.290254191173
0.350308300023
0.363685273405
0.251225635603
0.259825796732
0.272408824832
0.197518839012
0.204489609882
0.321682200528
0.311971399266
0.184518057321
0.336801145811
0.256993189763
0.306678934324
0.336930519749
0.331773732534
0.3663635474
0.286410125407
0.381794262405
0.38590128046
0.261222274632
0.342209596359
0.404686021473
0.349987030613
0.333855963375
0.379289794139
0.329585007061
0.289425083266
0.268941505578
0.335676537417
0.291006426369
0.227335829346
0.274782117611
0.295430081947
0.370545578711
0.306027500296
0.317559471172
0.299235975738
0.235694338097
0.314241303845
0.232774314447
0.281758867728
0.341184237375
0.312310722946
0.30197773575
0.31882456349
0.237109956893
0.302485188123
0.30085235915
0.38442815432
0.266378401625
0.418205629894
0.334490078554
0.265096876561
0.360415662252
0.304082261848
0.276385713178
0.349194992232
0.240335101479
0.337275982306
0.270614894636
0.314023475885
0.32053252608
0.218542287642
0.302544329102
0.314185381112
0.335271177894
0.295123403051
0.26046714671
0.290796076008
0.300226660095
0.301938156532
0.291282731082
0.300259048026
0.293967112682
0.361370479768
0.318201467016
0.320798931935
0.268742778577
0.260111929928
0.301365466005
0.382141298701
0.368988301629
0.285457270515
0.345669256143
0.319505777079
0.274708999367
0.236569149825
0.304101780115
0.311554777379
0.266045132644
0.248470417642
0.333692141038
0.364924784512
0.242005301811
0.304830651776
0.342206236463
0.297873267098
0.360546430812
0.273593357079
0.296597523813
0.229634769516
0.351505343632
0.32530462666
0.314614008485
0.364276210879
0.259371041937
0.256115028686
0.290204841585
0.30238454457
0.274836777449
0.276978769967
0.283793662578
0.236463131455
0.236156989575
0.25060101002
0.350303130319
0.283760672672
0.219163381719
0.308505002308
0.249051340205
0.278387300522
0.260777779948
0.247462711281
0.348349187414
0.304138350734
0.291734333641
0.365080104619
0.30376215251
0.333609025544
0.256598783421
0.333985916492
0.306263628427
0.351665295155
0.251915455331
0.29324304303
0.297298971472
0.348135669666
0.284752030982
0.234457300627
0.249754081001
0.361549292677
0.359218574162
0.222921672363
0.309883406795
0.353518990892
0.353146664474
0.319133904994
0.320684781615
0.225810598002
0.244236023646
0.222545702921
0.347577922809
0.323666040968
0.255969137845
0.326152091215
0.291007742284
0.217276811703
0.360922971382
0.53470679911
0.252111901204
0.30200605894
0.327250534861
0.30722965504
0.322398840742
0.297637196809
0.261872244953
0.311886220512
0.276603568181
0.230908500533
0.298525124214
0.258736885457
0.259010412481
0.345202015513
0.297658594927
0.339132677556
0.360771110198
0.267957271936
0.25869807358
0.215822469637
0.295755793587
0.426175647544
0.372932747374
0.299632682673
0.218310940451
0.379594043412
0.35821088797
0.385785533432
0.221554638199
0.350983816886
0.239319331261
0.267334343721
0.365211919735
0.239139791134
0.30345817927
0.343670272865
0.414566052398
0.211506220104
0.26787091964
0.374620681682
0.353397889382
0.315414949459
0.211074435668
0.397151243181
0.342217042233
0.30163090137
0.296392091067
0.331385575748
0.31315940406
0.315279466818
0.361858119043
0.379573676234
0.370480711396
0.355624580854
0.266634079618
0.355991545231
0.215820335187
0.353266235446
0.266285952178
0.363172004639
0.20871492368
0.318272130193
0.208015363508
0.334393302399
0.274636556846
0.232445388583
0.247702892806
0.359359351063
0.237822258146
0.341524480273
0.298825575374
0.343821839223
0.306520837443
0.279980554035
0.324556986274
0.342242626952
0.315567648891
0.374562557536
0.310780899092
0.322475264656
0.296425831855
0.243968574906
0.357927835496
0.440570382645
0.259756552013
0.231693150387
0.282962487334
0.335504979467
0.281435131466
0.270165084339
0.275402434488
0.232041032152
0.390586967017
0.322135506249
0.336489430579
0.275848176194
0.390067704964
0.286793065151
0.296134367596
0.307447667007
0.337109467011
0.351487532852
0.393875020784
0.276037071254
0.239852107146
0.296419855751
0.276114593295
0.248754205041
0.362831372109
0.29053925678
0.424284871979
0.223340010122
0.346369921081
0.259538819615
0.365808278011
0.249383571892
0.392862308392
0.308628769471
0.356414660394
0.277277909692
0.363150744303
0.178264851815
0.281741513093
0.28391411788
0.270579416708
0.237123896001
0.305876255698
0.258900481597
0.254776367642
0.172847711765
0.382647086714
0.270200669385
0.340397987168
0.32373625954
0.339227239754
0.314124148284
0.344836132393
0.30808257204
0.245133757872
0.25749026127
0.294824570861
0.35355774937
0.327407243104
0.360132408661
0.337739781426
0.386734402728
0.243975903458
0.305012960883
0.486897690177
0.362498584318
0.233180631924
0.281041717414
0.280749330935
0.247758382463
0.2884880576
0.378977099007
0.276417098747
0.256182362166
0.214286400324
0.288648570771
0.41051236221
0.40550600386
0.30997082041
0.347604439701
0.193541245577
0.396004216629
0.398581995312
0.339795898799
0.313319509813
0.331792923854
0.294455870344
0.24294112967
0.240293159111
0.32991316337
0.322366040585
0.26889905789
0.282956537516
0.27281967595
0.285763050964
0.245465882901
0.263659668452
0.275855674715
0.31393547172
0.288250301532
0.307312997529
0.277004167661
0.329630236862
0.211403251256
0.275069267503
0.200720135261
0.228580479206
0.390040174208
0.167072417675
0.339572813271
0.282282863947
0.260410731424
0.293076678927
0.37452837015
0.224090010501
0.382398053009
0.236877096633
0.451628573203
0.238283830027
0.347471917634
0.295149775388
0.338968463319
0.286080059747
0.286688852729
0.334253748342
0.271361589957
0.203955037864
0.34314754506
0.263011082887
0.464552916464
0.311701209527
0.212590556441
0.322138978147
0.276637699869
0.249956295989
0.279520394274
0.324787162838
0.285498869099
0.309076540247
0.402832415838
0.265530037587
0.318849832425
0.347698767014
0.255431648472
0.301961326048
0.394039308729
0.267600247538
0.392357100787
0.406455350218
0.297481254826
0.33008273911
0.313543484372
0.300610350774
0.379811954172
0.356466504815
0.269596634879
0.227029108035
0.373089558526
0.244232652993
0.305291508238
0.296050497954
0.286350769406
0.2638504358
0.323905422255
0.26899221709
0.403267778402
0.316463759602
0.241909883587
0.262335562613
0.354685889162
0.449731692963
0.27480887545
0.288620800572
0.262243006662
0.312888325891
0.369907548656
0.218785946294
0.199887295528
0.203952403653
0.231569893391
0.261313116485
0.2871185044
0.233680384466
0.283714895909
0.258052788278
0.219932671972
0.276700884999
0.415759793859
0.282731189847
0.318124941295
0.305342750581
0.229241050748
0.237016635485
0.242573860336
0.295061101571
0.319984491695
0.384885454372
0.255230642297
0.304036289119
0.282047220097
0.280062358828
0.290667167319
0.245698939024
0.218805508254
0.332156055255
0.270939649547
0.136792385568
0.243078520061
0.351709866011
0.28530421697
0.399144043621
0.331937703217
0.2860906971
0.353001575866
0.317796533324
0.273892157368
0.275162286569
0.233832084936
0.295923516679
0.330628223735
0.290245696657
0.321121009896
0.331731480513
0.306859466087
0.231195328027
0.327073789814
0.273153207022
0.291504604146
0.278038118948
0.256143883818
0.409650281864
0.310558087095
0.296130111408
0.272984197899
0.211845410971
0.209740908261
0.310812154008
0.304831438132
0.368789180201
0.269953049566
0.218439662593
0.319274320422
0.210294943556
0.249179686793
0.293977766991
0.214873100382
0.308084902905
0.364409259297
0.341760881718
0.345536557596
0.22492363421
0.299685639418
0.336797070411
0.342572974545
0.28766016429
0.321980737625
0.292745633894
0.311731715103
0.400185887226
0.310403830104
0.302554525372
0.334027358393
0.237761969386
0.295867527493
0.300112119906
0.313862991967
0.267401877564
0.252144141929
0.25294281143
0.30938960125
0.233047329719
0.363329070153
0.32696088262
0.271211808764
0.288922951894
0.275143882664
0.330411120754
0.195984318724
0.253966609765
0.274155851513
0.342250690277
0.349286894147
0.215808393806
0.254498962846
0.350253547452
0.253158306592
0.272981088551
0.339069764325
0.27126534681
0.281692822597
0.310093561125
0.275934422133
0.265842501283
0.383963633626
0.32756286811
0.304138735374
0.240827860295
0.345133410266
0.252828529948
0.264106932888
0.35306057612
0.234367046516
0.377723537018
0.182430813908
0.245710723008
0.264802477506
0.329644823454
0.241661378226
0.289936146276
0.241423919974
0.205545807971
0.268383142795
0.291129832253
0.282995304304
0.26137147829
0.287174778302
0.287791235836
0.368681010578
0.253002296906
0.297231697295
0.272641625048
0.31502363324
0.310685817217
0.307531820538
0.243440302203
0.373174658052
0.28080537269
0.344445137854
0.240669545374
0.316434307406
0.248802583183
0.231049717738
0.309822476791
0.294993016942
0.258244947221
0.296985498927
0.320552381527
0.316294291279
0.314385394423
0.333917979033
0.386028208035
0.205822646694
0.234597797321
0.295916679757
0.235170099214
0.345399081273
0.270077839112
0.276417264272
0.252235626787
0.361520975305
0.322362849788
0.282242340393
0.238746179528
0.340650166014
0.274989331256
0.193600875489
0.254405797486
0.245613344465
0.235363431848
0.33602366354
0.382398715529
0.312458782868
0.309054318487
0.265762491202
0.240153502095
0.239504390602
0.262966366858
0.344399189981
0.238802351684
0.231691056553
0.187855451078
0.236334249557
0.25812168189
0.276584637658
0.313002376838
0.305932898695
0.308893913276
0.20406766517
0.3299357917
0.342194213158
0.341303179285
0.317697553789
0.237215130436
0.261239214166
0.28468573648
0.258786703217
0.314174739242
0.34459468771
0.243168546674
0.281709627689
0.308915074504
0.299658914899
0.411498067231
0.332202206648
0.26373711397
0.347731831745
0.318182223584
0.263421068234
0.288251233934
0.205708346633
0.308340585275
0.26338222513
0.187142142082
0.311229948115
0.383209986928
0.315768375833
0.279574766167
0.208541178096
0.353831394043
0.292210281693
0.273989304517
0.311214627224
0.345391272918
0.271570526577
0.242517320582
0.40053480361
0.321997558918
0.327990665711
0.327867367304
0.227981222446
0.288588848713
0.192086407327
0.3939699517
0.24295787731
0.25376675563
0.328072485463
0.273096314154
0.315917824861
0.222373015192
0.311466153725
0.272901414047
0.320963963646
0.351966212199
0.376578549882
0.229277703449
0.270920790826
0.336023138121
0.24304874458
0.240599911216
0.322400718029
0.325450276501
0.243331154711
0.290240246302
0.220027668507
0.222289196033
0.291739874389
0.278083022314
0.27710219863
0.265823623477
0.284542485854
0.248751278714
0.287179783886
0.209389789659
0.267424066948
0.282761288703
0.280338558381
0.333962807001
0.262198321118
0.254249789396
0.311067754221
0.267717161107
0.314095548984
0.338959633996
0.339236485753
0.208660059594
0.294465043656
0.236721864968
0.254365233732
0.299836312012
0.327395735858
0.272360660529
0.277575246283
0.181629407522
0.288457103954
0.353532355732
0.29875106308
0.252228334559
0.313587957269
0.262164946964
0.291604266719
0.196067600307
0.316642134586
0.273987503475
0.230450967059
0.214394641071
0.282618622469
0.21113117877
0.278966435747
0.276537225335
0.331396067343
0.242720091855
0.391730078471
0.201600462435
0.306268104158
0.227522028461
0.29568236044
0.339821612597
0.251185226227
0.251539207587
0.320074432234
0.267031289954
0.326611153016
0.21546886095
0.279366397719
0.269706328304
0.287319391711
0.36537794278
0.303046231126
0.336080297283
0.23672673194
0.306299851658
0.249109529674
0.250998319056
0.351055011098
0.282701891679
0.242444340367
0.295387433337
0.196343401936
0.360520784827
0.247610089272
0.286773876341
0.29152018379
0.348312224763
0.265812691062
0.352442896842
0.18856046097
0.302916595882
0.283590328503
0.213503289518
0.352211345557
0.310216548659
0.258963799297
0.332725644365
0.153554311396
0.384063130628
0.343515507898
0.251650153849
0.315092374886
0.25525574572
0.280468040944
0.291796673511
0.29961944434
0.366171024133
0.230497902294
0.283514473584
0.21594631013
0.260241756842
0.377841071333
0.157119315863
0.376426893433
0.304648046268
0.331491435085
0.218648275356
0.298114140287
0.342856206122
0.245700519993
0.258618032372
0.33333462441
0.33573049299
0.286238023935
0.288698322598
0.305643238581
0.253386375338
0.333805677066
0.274045886625
0.279781419469
0.31700602882
0.221479786839
0.29160989659
0.298080282734
0.340163036215
0.249601043567
0.287828658058
0.317598621399
0.250196014937
0.309049998287
0.224419509985
0.309785933747
0.369651632862
0.266501986213
0.368126473832
0.407429924363
0.258965416409
0.389448081589
0.221662552403
0.197935228656
0.335777377402
0.244499210313
0.310568523147
0.29654991075
0.300462309331
0.214335223697
0.303717055835
0.266089038181
0.353365312128
0.337344617125
0.320584822461
0.294246560469
0.33145809959
0.296759496811
0.307814008904
0.250543657735
0.356621856218
0.228471857158
0.361267461329
0.235163974232
0.279447051403
0.223917240444
0.280585880306
0.210471137585
0.217301729429
0.268091105462
0.339532866539
0.208522914134
0.303249067181
0.438092385497
0.274954104099
0.276073317619
0.274829889587
0.384419402624
0.23529664147
0.336173724067
0.27479754535
0.273213395151
0.268885787082
0.317173099671
0.225581551038
0.253433622597
0.308531597031
0.278695585828
0.296016095417
0.244235576296
0.29378829641
0.195063015236
0.322551979403
0.32364884782
0.334055406601
0.28639156429
0.176933456643
0.203841025552
0.31823470536
0.234967741133
0.219422608191
0.247540641342
0.311324694884
0.289296003463
0.27151554571
0.289213743544
0.260763575188
0.231825745071
0.302406019011
0.276042704543
0.320642748061
0.266100945791
0.228137987846
0.310595332711
0.345457987446
0.237367565208
0.359409859204
0.232625244592
0.229018068378
0.364832627494
0.290436418658
0.288638609377
0.228573071188
0.226137170807
0.164481189864
0.327949540737
0.327560259514
0.247994568273
0.354898188882
0.212859760782
0.288580370338
0.390937752731
0.249036828725
0.248545797617
0.275347792933
0.298800924097
0.273767986635
0.232433063652
0.238830104024
0.35256806118
0.290436228974
0.32312123254
0.324795940987
0.345802592479
0.313978351428
0.213414223255
0.296330439451
0.226860065965
0.264608839709
0.301275141203
0.258265265789
0.362683913324
0.259540740116
0.319299274077
0.315718500378
0.234559266332
0.248351564204
0.304289607772
0.312018630349
0.322230944576
0.322550324987
0.355448527079
0.340895959503
0.254236612188
0.387126488066
0.299205694763
0.186849925275
0.247788389861
0.265137296132
0.318825051208
0.258672388831
0.291058469283
0.404723892038
0.341627073209
0.311992565029
0.193949643997
0.258434747287
0.226955542868
0.301062712912
0.306249445707
0.199703027766
0.302918409516
0.301167045704
0.430809873353
0.321062600558
0.234065899109
0.286302701716
0.185466926988
0.234914465551
0.329225044518
0.321571942911
0.377708283627
0.212488350262
0.278499069346
0.215955320035
0.321097510145
0.400277117007
0.334159659674
0.202541955569
0.279287961288
0.411471818064
0.224805001676
0.273340028733
0.255723542929
0.262715435598
0.368416002548
0.306537871797
0.361113026832
0.273421837912
0.244275060277
0.352988663643
0.301830163091
0.290639934334
0.238689841089
0.272896085508
0.244963068048
0.230581502398
0.279742894329
0.311679188809
0.199004352867
0.260811867937
0.367134292036
0.31996505261
0.269302537996
0.290316604581
0.272752784956
0.203640627139
0.298511915506
0.36117798193
0.317966561932
0.335494451996
0.219992535797
0.217717814368
0.246865653866
0.223509434074
0.265519625884
0.364053675521
0.352079151918
0.234311332187
0.324253756188
0.304076349855
0.330477067234
0.431135029594
0.284674576038
0.215683408128
0.221845664258
0.299704803852
0.212768356966
0.3812249134
0.268442629752
0.238079774799
0.261422337566
0.261953471185
0.245526067791
0.328252922903
0.369368063486
0.258877198806
0.415855452494
0.20537605878
0.368856131858
0.301849571129
0.269043290585
0.280195891097
0.376292365974
0.374940652116
0.257603429784
0.254208419886
0.263359301165
0.332858217588
0.282382482144
0.309041900335
0.363250616586
0.39841336727
0.381791241704
0.283601769154
0.201928662161
0.243468688311
0.326717108342
0.313286968121
0.281889964256
0.208806682873
0.251148062
0.291935218876
0.288120525895
0.277896246236
0.334409503409
0.238118129417
0.324222002261
0.27817245843
0.271549645323
0.274665337422
0.280344403426
0.264643953844
0.30784624833
0.310285372215
0.19049892878
0.248005563489
0.258848149403
0.272373372837
0.269337738857
0.376644409918
0.286406255636
0.270831390433
0.26496646841
0.349613247119
0.355814423838
0.224210451155
0.276534998366
0.386210284277
0.291417702101
0.267295800694
0.263928460954
0.400697688973
0.249590148937
0.268707184648
0.253922562866
0.412129384229
0.339064280952
0.356639907167
0.288811071273
0.316191232325
0.333913005196
0.264450072178
0.279622127501
0.322346308548
0.251451132392
0.242947128302
0.301306684722
0.274235515829
0.306025128139
0.232725481319
0.347654629986
0.287169633577
0.186169941435
0.273661029448
0.222682950294
0.285137455755
0.281249604691
0.261945025101
0.245119625788
0.254370869884
0.335782821416
0.313787696949
0.339247759815
0.282982231144
0.237515117611
0.413190692871
0.328110424316
0.282605877796
0.313093639038
0.218745268616
0.293131027608
0.345734300389
0.307293566789
0.338600506239
0.319647043838
0.297409207626
0.384076435855
0.199850868137
0.251833011559
0.26224092026
0.32123910827
0.337218389709
0.234703914337
0.316285465636
0.226030812183
0.297232609783
0.281840289287
0.289264943567
0.34509296292
0.315873549363
0.316847749324
0.283381138209
0.325904948276
0.371141770574
0.307669952328
0.323158981288
0.295634373829
0.272409059204
0.326779226926
0.299761372836
0.28027826595
0.334973113038
0.242946480101
0.268036224294
0.382193454518
0.321343031078
0.512978091139
0.243205697473
0.192310272072
0.25076002698
0.253798843784
0.340183225616
0.344434631945
0.297521143608
0.225276996183
0.27462832478
0.301612646511
0.229822560649
0.241302995562
0.309710401281
0.303123065997
0.327055692503
0.234930103634
0.251685725588
0.305460374444
0.248151395648
0.27348772144
0.287322533373
0.351557349312
0.371328756359
0.221189896865
0.29736847532
0.244297334754
0.293366314976
0.218478602557
0.262029151647
0.276366012145
0.299793426888
0.31217971812
0.273354136541
0.242928612692
0.356569562192
0.312404491386
0.344887094715
0.226958801462
0.271596622316
0.307201810142
0.327024310557
0.380528734924
0.288837565005
0.256891917812
0.3066502825
0.216186594248
0.33144754743
0.299164182794
0.225088543175
0.271145012636
0.322397803273
0.210473864571
0.339701652905
0.301878375834
0.292850192793
0.262414030971
0.353320690427
0.313490300933
0.263887359292
0.291772792415
0.253630697948
0.275868429277
0.364592251162
0.355685703089
0.33971710287
0.286074727058
0.313455673558
0.225411937494
0.241734592207
0.279220958942
0.311257491777
0.250315421718
0.234068131085
0.328329723971
0.235710502675
0.385854813743
0.403340923001
0.353777692123
0.25847059023
0.25057349851
0.280134857339
0.318332662441
0.382118339264
0.277224842049
0.395373309208
0.238615378634
0.199936406973
0.279949836628
0.37936956627
0.22080501629
0.3688078167
0.215204361062
0.313616863052
0.268322741194
0.409246720223
0.255744433951
0.307973713618
0.283198051284
0.349467002178
0.384728163561
0.300852969435
0.307236515612
0.22524548385
0.298207221148
0.246629391377
0.278093592282
0.231539485075
0.217715425904
0.252636541429
0.289348169112
0.268178571771
0.353603612167
0.34369947519
0.298440670617
0.207270318431
0.288372424447
0.38348883214
0.390426562564
0.217052737137
0.345857068398
0.191509425234
0.268581006933
0.199738503083
0.286714840318
0.353800912339
0.258055472235
0.265832975959
0.231568941271
0.296441868948
0.421012143747
0.185839538755
0.247154578533
0.392200108155
0.229096434099
0.31233105234
0.268311066548
0.335561137308
0.201701553855
0.298744197438
0.283907440687
0.218751748718
0.316860249931
0.251099756509
0.310574807127
0.260014870112
0.355022041318
0.298003945827
0.281505204649
0.254204686052
0.246879019524
0.293274506691
0.381601613708
0.267953232254
0.242702339364
0.286704139055
0.23567990181
0.301099574785
0.278401130334
0.313063770106
0.221128867881
0.283821604845
0.321277742293
0.335281041958
0.387494738109
0.282557764149
0.325415904518
0.327002996217
0.293198032122
0.263772652294
0.311116665088
0.262842474652
0.238410502929
0.227684197042
0.288011579832
0.279607114175
0.25336560679
0.268688737485
0.243996227732
0.296322577664
0.291374681157
0.14976333576
0.216655001847
0.285666734105
0.283093210989
0.170681021468
0.348326643173
0.250692356915
0.244796103887
0.27441242817
0.263494377086
0.414859765693
0.245531021271
0.318483904124
0.322429359371
0.229313859038
0.337136385219
0.263058170679
0.290698040526
0.227477039867
0.347879120632
0.292669205753
0.306595369734
0.385908620739
0.270479970744
0.257951371329
0.248336710006
0.321695640109
0.232183375669
0.251373853764
0.269741077693
0.332254180578
0.242087587376
0.241658476701
0.202975533956
