0.33820110104
0.258929338385
0.220082875339
0.344744786448
0.296187866639
0.332284819509
0.330317672786
0.339918420153
0.220930890832
0.374382250554
0.465402905418
0.255620787068
0.345477307461
0.266416088302
0.268552792787
0.321241873583
0.403723164941
0.211681086065
0.255749325238
0.3408180402
0.240644127265
0.330399299161
0.273097355377
0.351408902921
0.288872890881
0.391560983374
0.352230088971
0.327197546861
0.194947322349
0.317975806635
0.269546968963
0.362865089918
0.305324110542
0.450398467747
0.291069691948
0.286116675679
0.275233254692
0.224115699746
0.261119200957
0.275390560699
0.319524303579
0.280487406606
0.312111147521
0.402345615057
0.285770090591
0.3854239003
0.233835144512
0.26758099843
0.325340098213
0.30210225309
0.241606381339
0.285374036946
0.240554622508
0.326314336326
0.315943874019
0.289736843167
0.434395949131
0.277252917149
0.320772239062
0.356573527167
0.25901943989
0.175563929096
0.371915951196
0.420847418198
0.176204041739
0.2765753867
0.223231488588
0.187096355317
0.364090831161
0.401472617054
0.267108921925
0.358618026584
0.430875022087
0.228386451154
0.341895774334
0.294228647955
0.319120419718
0.257611439655
0.317114995007
0.317611991042
0.335852052788
0.372549198362
0.308337257039
0.251750622354
0.32070660389
0.301184807088
0.371353907268
0.382641057404
0.298136223034
0.334844782176
0.299469859718
0.205347300881
0.313810974175
0.330974154498
0.263804853436
0.345144310315
0.286608058261
0.382362562683
0.310839018665
0.262947221879
0.306735844023
0.343651369922
0.265171672039
0.226810539777
0.295805271106
0.368624261272
0.302941088169
0.36905861939
0.284790945438
0.319278955742
0.275841339001
0.33656031912
0.288872929152
0.357672350448
0.321385015671
0.283024723051
0.32864466954
0.316695479095
0.22430761995
0.222273554472
0.302520933616
0.270619929137
0.305106678632
0.352221083346
0.327607661466
0.355793552723
0.208300151412
0.28119519725
0.348213095915
0.458903611399
0.28280591641
0.299684973156
0.310668675286
0.390268989365
0.251827747742
0.340179872613
0.44393515004
0.290563990077
0.279538634386
0.343208447169
0.337047792227
0.366815396936
0.26182426623
0.297858350365
0.274134225638
0.407788316957
0.312781307922
0.334090723352
0.329467377952
0.367028677293
0.252418668392
0.306341291465
0.382288705245
0.278362368692
0.370769973348
0.343586140342
0.251140504099
0.292665296866
0.32752463151
0.340321252261
0.300244405967
0.282686148786
0.282572114835
0.284835505191
0.288245937685
0.349338284393
0.344220754599
0.228372917014
0.324260219199
0.457219112413
0.387038221956
0.29260310523
0.406665969112
0.283841088319
0.299816107601
0.308149634969
0.270103896027
0.309185983849
0.274241511183
0.27795499923
0.240480073767
0.335670217038
0.292477896291
0.290042167928
0.271048286011
0.414372056331
0.190144593015
0.369330361115
0.30199435244
0.367550463208
0.242420584987
0.338960475857
0.317617023
0.22645504879
0.232284335897
0.247661949066
0.294424948374
0.330291156711
0.226198792463
0.271858627203
0.407600366182
0.365484551101
0.385428783146
0.192439163009
0.240621763471
0.250463094696
0.398693307794
0.285077933363
0.272004572726
0.254798633221
0.367137315059
0.37221273291
0.321945340612
0.340405456113
0.35072731792
0.289486951291
0.437578938685
0.348466642957
0.308919582363
0.24931528965
0.346916315141
0.38074413497
0.423288791744
0.287784856526
0.367960855235
0.291570895857
0.269189899241
0.367264584873
0.347025157866
0.299864946623
0.250284619859
0.395408914405
0.24255206439
0.238653922071
0.347121813337
0.189924490179
0.288878100491
0.370868692851
0.396804258515
0.276998920049
0.381877330447
0.424895566403
0.254023663511
0.298072418543
0.377794685892
0.317559317046
0.353752246714
0.270258603616
0.283220733955
0.356541449379
0.252398681885
0.393860068537
0.313911197486
0.232561125027
0.230978713878
0.252931753569
0.34449188597
0.23995393813
0.295198566515
0.29877415539
0.33285280846
0.348369808245
0.401306819481
0.235426551738
0.319194520511
0.296525986819
0.294357107277
0.288808276437
0.283413490342
0.321035616861
0.419831579131
0.353573873311
0.286591727171
0.416787054977
0.324183255882
0.327774081291
0.425056568463
0.267393515675
0.419933088095
0.435328519071
0.331343609673
0.431153233993
0.324184457323
0.359359911332
0.381006195688
0.292720369656
0.302952630161
0.354703467787
0.325901529086
0.265834049154
0.27446158125
0.408451960875
0.277951720191
0.352528007222
0.301243662754
0.403743218427
0.307429025143
0.36418604534
0.442766715397
0.383228286337
0.240698339026
0.254985977758
0.282240378018
0.318179980489
0.282470377214
0.264583097331
0.392230658059
0.311429119335
0.297207472565
0.382640288524
0.289169428284
0.306803071044
0.328999261277
0.273430446418
0.297829686674
0.394387848682
0.398063983901
0.364612195507
0.265728470198
0.276357533033
0.338741371069
0.414920969107
0.33398139503
0.262105410023
0.370266832703
0.327267776683
0.332254553908
0.340376667333
0.378685321911
0.2983686835
0.264205427201
0.363760071317
0.27311275745
0.393961351863
0.407987959052
0.418927260172
0.30593786065
0.361476577004
0.332343966132
0.283431783071
0.421731744514
0.385341556079
0.333401740475
0.271607549372
0.328111439668
0.356777279384
0.194353076317
0.286778807697
0.474304305338
0.396922365861
0.288343234439
0.355975680834
0.396194853211
0.24849341061
0.320235004715
0.358855539847
0.305965916329
0.291865195744
0.391999557271
0.297556923095
0.39071344978
0.307666880031
0.425421626364
0.256477301365
0.314190017447
0.391927418832
0.341854342039
0.303391432834
0.315565667201
0.409823117147
0.310712918082
0.40435530762
0.260864354816
0.241057140379
0.361964826132
0.196763022248
0.390863702483
0.374843334881
0.348882152554
0.359452423733
0.37310635527
0.311573743292
0.317423179008
0.391964361433
0.39927381314
0.310475806368
0.361631447087
0.32141212284
0.333148781728
0.354946505506
0.344845840548
0.325975637261
0.306634565576
0.298339089409
0.357619518389
0.376297216109
0.300334324683
0.414274054445
0.303498089299
0.289490684242
0.268017704579
0.274172958084
0.291262951995
0.460556807759
0.224996832449
0.347371276686
0.314418948507
0.288071439706
0.246760255859
0.241088374396
0.238923685678
0.284330952518
0.35862034548
0.313246322031
0.32814429333
0.346395664791
0.23183216024
0.274808973819
0.331126123133
0.259380265947
0.423973988887
0.327396431833
0.284831761002
0.256101988036
0.315408024872
0.30978525231
0.20691719584
0.276619015132
0.372716297032
0.374019717307
0.217714595567
0.372938550556
0.336193190496
0.281239790563
0.201193666293
0.359457845333
0.324619358504
0.272779083871
0.276549491251
0.28548863746
0.207730779091
0.354101563334
0.335424271969
0.339261833231
0.332731992957
0.326531857107
0.392693642357
0.388336573468
0.338574353306
0.246892002633
0.29072439696
0.332758522946
0.304255834655
0.284105738849
0.326246299963
0.25597406321
0.341979140292
0.277061391696
0.342818576206
0.338315159415
0.353848948084
0.233324830618
0.202535577194
0.293690784619
0.255661610283
0.334561706757
0.346156135197
0.273379715939
0.331772611603
0.348505890895
0.275211060585
0.340399496958
0.381861616905
0.396633533848
0.328824450274
0.342279339377
0.270548911888
0.329600814476
0.321934154267
0.345652978614
0.369905440631
0.233929665391
0.264640929558
0.350334613031
0.326473898068
0.288183331026
0.388880899216
0.279108095795
0.272215701808
0.364721546311
0.361847884825
0.327060804761
0.202121399019
0.187756414546
0.316544502552
0.219924896794
0.391212948859
0.344272580664
0.305919645381
0.21610052048
0.282610418254
0.285590551709
0.294753778236
0.381533880222
0.263314195248
0.350610130313
0.333289926594
0.340371456856
0.383610611964
0.250780706377
0.358020442485
0.342880504852
0.364642804906
0.255091912005
0.362206422238
0.264800804171
0.372509105995
0.274580227572
0.255395042691
0.365410469336
0.331067052082
0.280840408848
0.299640651683
0.2972053133
0.239563050661
0.292666473433
0.189304699201
0.364108030956
0.252266505948
0.336304945913
0.344641707904
0.391343260303
0.386752892024
0.388740308738
0.329690835458
0.293863467059
0.255448184714
0.346273763156
0.27726760553
0.384974469752
0.310180571495
0.329805377437
0.327343502901
0.302864432851
0.288982286957
0.230029901929
0.180409916751
0.38265796667
0.253849660823
0.307066863555
0.316540188837
0.196000816829
0.327765333537
0.245291119296
0.369819921332
0.370025937136
0.44645679246
0.351287760104
0.356278064786
0.266048645464
0.285028648536
0.338094041052
0.237242007074
0.307227049632
0.329787765969
0.305036118722
0.393244601072
0.424421582031
0.27035324487
0.259717319181
0.414281048458
0.307763374784
0.357456738267
0.338298995231
0.284069768414
0.295795217209
0.384177934459
0.385842953296
0.207479759382
0.27421880545
0.360675162919
0.411694771806
0.333169244765
0.318939048056
0.272328359953
0.308755409212
0.32745346073
0.253014956173
0.266967179542
0.266195256513
0.212658630212
0.305968934082
0.352531123804
0.335992899916
0.345866681711
0.370306469917
0.343297571038
0.340455869226
0.318590458802
0.258377402461
0.305830486641
0.270284290636
0.317610050106
0.347702944749
0.348644449728
0.192034580461
0.314075075264
0.224693138939
0.323788269075
0.355768582742
0.327241048248
0.364026560526
0.188187022922
0.328532578245
0.406184858125
0.315001488357
0.352538222108
0.338042254815
0.395599656628
0.360611994257
0.37114388918
0.322280832808
0.250125803322
0.291366700968
0.169935670794
0.283400031352
0.386399630674
0.404273084574
0.250010706233
0.195447750394
0.317711146401
0.258967354043
0.316187748144
0.418697778985
0.279169406841
0.337682873624
0.386228973955
0.267315143492
0.270947740505
0.306381289513
0.38786829318
0.40236899148
0.367821574058
0.27275276486
0.295387030602
0.365027309601
0.311034107817
0.30551996
0.245307925761
0.3722857633
0.249980360809
0.273147893971
0.311024268205
0.298121565778
0.377652410965
0.285620477415
0.328397138736
0.349883694959
0.289080376052
0.428832213925
0.224568355803
0.325454958722
0.25974982969
0.321856839823
0.392549409139
0.22933268648
0.375886279347
0.26193116354
0.323957021288
0.325923808164
0.297135079836
0.229829450608
0.261329214144
0.354544934836
0.262116936207
0.242938261011
0.350405339289
0.365339345929
0.348792544545
0.328298632137
0.287623365512
0.40807541814
0.349276433974
0.279477509515
0.291757788493
0.344125081956
0.209634838752
0.303816652866
0.379391569602
0.274856044212
0.31412522685
0.297170202652
0.360234224938
0.349207723735
0.462035806079
0.285316540095
0.262951195891
0.275626720045
0.284658766936
0.260847802075
0.266069842121
0.28871077796
0.358584078392
0.272366335929
0.293823162201
0.331308658913
0.338696942633
0.362403273971
0.275187367488
0.276999519268
0.244441495733
0.27684115613
0.313958818179
0.265033045613
0.305426518965
0.251953510126
0.237106443197
0.326343510793
0.287681759726
0.245764213443
0.245011124617
0.373615093124
0.390454253793
0.280456942487
0.289827826999
0.411432737109
0.385869696963
0.294005920774
0.381885075016
0.246057029059
0.299529052748
0.314186601181
0.306342725323
0.173708923415
0.292714167578
0.281150574176
0.40609936277
0.422768467676
0.275393659273
0.213505755391
0.29730335393
0.257464858269
0.219899054408
0.331491019331
0.262744477825
0.325832619986
0.30263099236
0.271178424926
0.288885089845
0.275190548429
0.30347194839
0.422411638582
0.379298318484
0.289771676371
0.330449654315
0.366476635385
0.281286757066
0.293575174179
0.334793551872
0.294876336431
0.278681651748
0.391974060793
0.260827622711
0.332330482956
0.22924520553
0.309344117773
0.442692605476
0.324464160198
0.313397276278
0.351156654634
0.368625042475
0.316874962279
0.247666230807
0.213295463955
0.346464155151
0.265449722649
0.32643811506
0.353821264088
0.377225531378
0.275340565786
0.294496379498
0.388406750077
0.423345146635
0.239843086683
0.364894723837
0.335818487307
0.272332000632
0.17715846644
0.33408294894
0.254414889129
0.390370419014
0.322259134617
0.299996818612
0.433247618495
0.329429814119
0.265658097729
0.268865499622
0.393495904563
0.254367372659
0.342439178352
0.295813359571
0.264236601468
0.349834590549
0.270128180775
0.278182547722
0.281519404442
0.413784380699
0.445202916731
0.492803685359
0.229264583709
0.266596504979
0.283424180515
0.307789519153
0.366904529412
0.291699882539
0.372312272313
0.39542716029
0.191565531524
0.261395092463
0.28917411656
0.382274130363
0.269108755368
0.286085612797
0.326924719317
0.324077305577
0.248964192013
0.27255210044
0.295163370652
0.408058754733
0.284850389249
0.266246208275
0.266085474189
0.320394852848
0.303290319231
0.308722432824
0.308641460976
0.315904620461
0.436847217426
0.307185978931
0.431452842141
0.340699118608
0.289207888117
0.330400271136
0.337987744329
0.24156960979
0.324330338843
0.33420239873
0.340922673227
0.202031981941
0.302061412848
0.311048020573
0.365541578043
0.225786852502
0.344153680488
0.302559087443
0.375916626996
0.471467047754
0.264683626845
0.325543086191
0.333870274443
0.324561999838
0.343325575498
0.429307942234
0.206255377889
0.25309585948
0.333726937806
0.244750449415
0.307517848652
0.357235338837
0.389446834038
0.205144894288
0.194618601602
0.302929766084
0.275341311073
0.372368213872
0.356221227252
0.297893600416
0.364489962871
0.278862169481
0.379471577123
0.340069427201
0.334207909856
0.264302204413
0.195166363571
0.344495351114
0.265754651733
0.281654848694
0.323000397796
0.388307751414
0.343339648654
0.413668488692
0.302058871704
0.351672329628
0.298436239452
0.362755264476
0.404863313855
0.318651201324
0.192873826847
0.270330590957
0.371086144332
0.315110421629
0.265166137774
0.411655781007
0.308349166938
0.306415768178
0.28992034958
0.189713855042
0.250838849143
0.323148241025
0.252939557018
0.296848743183
0.346618680932
0.282918378372
0.371151731162
0.260618057579
0.320739285195
0.216728704919
0.401146658451
0.260611341521
0.268832144044
0.241056519802
0.315481325164
0.327482279382
0.340900790981
0.243162820025
0.253716002477
0.241238546903
0.259282268578
0.461713869989
0.309097061437
0.324011193446
0.327039748438
0.353666776742
0.314721596713
0.303855829475
0.27799965877
0.427141557409
0.301467148946
0.373853507192
0.428047469813
0.333802969209
0.416129560267
0.420844923681
0.404225143752
0.293728594381
0.260477078169
0.306513542763
0.256603245495
0.342038597786
0.327548699379
0.403500795248
0.233049254762
0.400409432566
0.234858002353
0.355447121913
0.164567106087
0.36027127802
0.268467411468
0.354518183227
0.239017458104
0.256859485546
0.321034597304
0.382031521679
0.251852043524
0.253993564046
0.38438915926
0.249344375216
0.386174441594
0.449290382559
0.38292502816
0.245909415047
0.404932236071
0.340316937946
0.257619153376
0.262425587779
0.28756662699
0.376197787543
0.342634015773
0.356571657499
0.216834718858
0.319931360752
0.348514811093
0.373597891742
0.303556900326
0.30827823282
0.245394000457
0.358446487198
0.326922570576
0.416280321013
0.256823184295
0.413316228192
0.337236934929
0.325583542073
0.294681060942
0.237637773444
0.308514864681
0.367719997039
0.232544929389
0.283073007182
0.251149929553
0.282385823549
0.409895539781
0.300299795149
0.39677675396
0.24934465094
0.433609630653
0.33445238276
0.235852555902
0.285093166077
0.440726869173
0.327962380411
0.382792036858
0.380008920841
0.277169805817
0.19879225046
0.455301386126
0.369606775636
0.345043038545
0.397276002249
0.271541762518
0.39488431817
0.252587738392
0.365851748404
0.304456592789
0.209094256519
0.300414897767
0.414783359589
0.307360024194
0.246281078627
0.359227258102
0.39485539044
0.333307616576
0.329970345715
0.32658775715
0.324165194103
0.239836904783
0.231368619542
0.291965086083
0.371126911505
0.25686149693
0.209498181146
0.424599239006
0.263985278871
0.23965438299
0.370992237079
0.261377550069
0.279151708759
0.253364418833
0.323568226518
0.392151702109
0.368390051562
0.284353384104
0.249696291573
0.355030179946
0.306770683413
0.356162138244
0.461149944319
0.418585096302
0.388837385215
0.325127153091
0.337650612602
0.261773176336
0.342805555523
0.3628118986
0.258063442959
0.263213911738
0.340019675839
0.296608274672
0.439566197392
0.276553196636
0.280144509853
0.302612262416
0.318956256485
0.286046078281
0.310505907928
0.426774428706
0.25725464728
0.32598434208
0.303049324489
0.329798137679
0.306440090144
0.28167306182
0.352508444525
0.292417394741
0.262420811646
0.429356336458
0.302421694262
0.344505241862
0.177772146178
0.336218026588
0.280601622401
0.413417980799
0.342856935504
0.336557177654
0.279249663632
0.238450765952
0.30303239927
0.31282818052
0.32153628237
0.410375710461
0.440506394798
0.335471733285
0.298497791069
0.378420062999
0.377863453397
0.332838808692
0.302406643002
0.353265077305
0.247801827909
0.358132714727
0.385318038941
0.206336440791
0.242383613445
0.276403480727
0.278980283528
0.320665132277
0.227714056015
0.285295833521
0.383156949849
0.366319715806
0.280353020401
0.357253857129
0.318877060591
0.234439295055
0.275264350752
0.383636970048
0.271585709413
0.419408430453
0.277958757799
0.313656721606
0.248148642803
0.361098671455
0.357901939234
0.259414154047
0.282301993869
0.315669561605
0.271493971347
0.30823847123
0.281588842501
0.227792988216
0.384096180635
0.282206626889
0.283070360891
0.340771944186
0.36392353497
0.313405580321
0.317508288735
0.344080498244
0.344486370674
0.383087989595
0.394309639526
0.257615812322
0.407106208946
0.29460035774
0.315412420544
0.304327933495
0.330168973083
0.212212942894
0.286111739809
0.324137724824
0.316171303842
0.377007509545
0.192993053295
0.350575712129
0.433046033423
0.552092315262
0.372564341743
0.255768309435
0.310035462173
0.272725575881
0.331467973719
0.34963662046
0.374575472026
0.401363834093
0.28248563312
0.355282064275
0.353657238612
0.22765931057
0.368446128768
0.494948250702
0.223176071869
0.36087834727
0.340854279105
0.397869186268
0.318589161502
0.321233838545
0.360459170963
0.330064403508
0.323488483244
0.397322243418
0.36868992388
0.282546918926
0.383975782025
0.348066525761
0.314463568261
0.370898544053
0.210693387327
0.453650977157
0.393601620696
0.311814063396
0.320946280969
0.247654992967
0.398762602394
0.374281490601
0.329247631613
0.297561064998
0.401922606818
0.326407120133
0.346434104379
0.282533166546
0.250165411297
0.262942963124
0.362380570459
0.40983946169
0.343671149569
0.272629822016
0.246689340981
0.302383508799
0.228075251926
0.336517130647
0.259903977381
0.280093361979
0.339076605023
0.346644989898
0.380691793069
0.30244185882
0.300259971054
0.356892354194
0.261199126672
0.373263175813
0.347681368249
0.371823152923
0.306808924048
0.251391727919
0.301406448381
0.306213387977
0.219382383943
0.291938618113
0.366320665463
0.386365800674
0.292421785181
0.300671566955
0.369410282984
0.323872904588
0.265067776035
0.370069449966
0.322773137004
0.251221639022
0.196949557726
0.310005871651
0.270399515657
0.334581422176
0.405092474843
0.394516321014
0.303374805682
0.336716552111
0.328441475197
0.37046094569
0.315531501647
0.379153076183
0.418420457576
0.322648019598
0.290492686961
0.343098964403
0.34132968403
0.330999669028
0.236735818155
0.296386568813
0.281063815467
0.278597667962
0.275813042264
0.389754097505
0.262947925488
0.322395344064
0.279636920724
0.339585762666
0.377647271347
0.287975685947
0.314539945006
0.396955044441
0.326636133275
0.21806961019
0.36460778378
0.253754444547
0.29451166565
0.323612027227
0.389034509046
0.221952232885
0.397318097515
0.328344415456
0.288399878252
0.246037225157
0.346250882726
0.297022314484
0.233984119306
0.320398421622
0.316342172908
0.291054361827
0.391386950058
0.21341056153
0.254321256054
0.37414799353
0.321901130877
0.301561254146
0.246604166217
0.282048683307
0.409400130926
0.322962846169
0.393200574088
0.402923681582
0.265479852814
0.289775700558
0.436596677802
0.278546429089
0.307864565402
0.290770733436
0.354152740834
0.383399653253
0.297269605492
0.389421720985
0.324443942733
0.354673378732
0.317325936087
0.376755847543
0.199623233072
0.338484410911
0.451995688045
0.288367359779
0.434846651299
0.322988717995
0.278213350528
0.236889198992
0.242722602851
0.253553511689
0.319463480684
0.184163280507
0.211606331549
0.29882590945
0.302041839197
0.294140195137
0.283643421075
0.388766012366
0.410541905814
0.297459963357
0.402832897972
0.38805510883
0.28034803358
0.291254628899
0.281251984853
0.289208435237
0.400622218758
0.236854679811
0.342718629318
0.361705164917
0.317596215457
0.263987986363
0.269814255782
0.267272722924
0.280527006823
0.364973941912
0.291848933994
0.435918035463
0.30994677443
0.348749667286
0.286939369207
0.328539310582
0.313264300792
0.325957142205
0.342738030253
0.31297861291
0.279628340413
0.303762701968
0.374314009454
0.332511143001
0.37182371604
0.328938756297
0.360527116157
0.333118879381
0.23790425245
0.413182201058
0.289006392168
0.264064335399
0.278146723508
0.385037660848
0.400922879074
0.299048908067
0.270962789746
0.338769279828
0.330217156078
0.329381742609
0.24520042035
0.386824238979
0.327009831029
0.290741433006
0.239952303292
0.274767375098
0.363034788507
0.340037992219
0.21130645392
0.360178917157
0.292946420645
0.297070622137
0.308082641471
0.283217578441
0.308519191345
0.338902243722
0.226840885593
0.40933832702
0.395172247508
0.299614764197
0.350580333305
0.211819771081
0.253903858142
0.282793327047
0.263835019504
0.365735189591
0.291229645944
0.320395738041
0.304801129999
0.223949868657
0.250233553339
0.200542288963
0.32092382371
0.405316807269
0.249134160305
0.305012756446
0.302354895283
0.293131766574
0.310328748142
0.263081587457
0.24336923449
0.227169965661
0.334005687625
0.413208104743
0.326340611547
0.290485286518
0.367991952078
0.273113161045
0.29547976088
0.259828942335
0.418572725887
0.288210842596
0.326876047897
0.402467470559
0.349174949318
0.287714325945
0.295436706153
0.263510091851
0.252679291399
0.274316117139
0.257060331219
0.332489970797
0.217896627951
0.306823578108
0.326509593957
0.28619117331
0.300180979955
0.30054325633
0.270211438666
0.313209465269
0.3569483925
0.317507201871
0.373890172125
0.190377269065
0.299106054779
0.367966567973
0.336650677685
0.255640372483
0.280881140922
0.465996215455
0.240119852522
0.450778076419
0.267923255648
0.24188470115
0.368296499509
0.295265147819
0.228021836612
0.400147545577
0.389251304321
0.308192922645
0.220813259266
0.370595010041
0.322161495395
0.326408919632
0.291392338162
0.283080494358
0.331374874028
0.278732643362
0.461664024026
0.326402496777
0.250087511236
0.389974223436
0.251781409961
0.259141124183
0.264866085624
0.308571279874
0.355582594416
0.298792615572
0.301717366708
0.369869815586
0.296009714943
0.233170756545
0.35044449303
0.337367227195
0.319347769982
0.355384990656
0.25374181689
0.326761370764
0.242729938503
0.246899799366
0.385581500987
0.365760953509
0.30826285787
0.241288945738
0.218256714182
0.375735110717
0.370509963111
0.249124883826
0.346621183879
0.257679784478
0.429123856828
0.288481138792
0.337168256648
0.357285346724
0.326647096384
0.248936164506
0.268837429876
0.325262159213
0.280681249028
0.317052007299
0.317632660821
0.332076614061
0.335918841251
0.319897116699
0.399547799457
0.344696593087
0.354627797819
0.232570358384
0.373110840426
0.302364214069
0.291449010668
0.234150620526
0.298771389089
0.262575082028
0.309346478012
0.368593335228
0.269364934672
0.376066022675
0.317242606954
0.447978648299
0.404034979941
0.212970531576
0.338356955083
0.303600308529
0.274346046761
0.269542839306
0.247300316689
0.213810641074
0.294560430233
0.266318281912
0.310711699221
0.400441666865
0.290418394614
0.348749279683
0.30066922943
0.312565250106
0.269177475299
0.278537531967
0.330326975537
0.31147964328
0.248316762809
0.237813359509
0.260569065708
0.299487849211
0.384273062391
0.211155038279
0.320295564805
0.390626168707
0.395955543793
0.282998713184
0.206118335592
0.220576822473
0.30335321289
0.292759755141
0.258097866533
0.24701920515
0.298468601942
0.247633859254
0.298568425848
0.258349835813
0.276149628714
0.374583821884
0.314265179666
0.42909377688
0.339455506512
0.240462269468
0.254617327103
0.339046178782
0.322155530901
0.346847083516
0.27744381499
0.384189679852
0.372674367171
0.314800793092
0.318183055017
0.315294981073
0.362094381018
0.343643464065
0.323879451017
0.247017731356
0.342551693008
0.378947103298
0.352292057111
0.281671529659
0.275240731443
0.275449844735
0.284565797368
0.297197340547
0.230883273527
0.264221196746
0.235872401934
0.255070923319
0.277402741924
0.299647359643
0.310700797204
0.310430676923
0.300878976085
0.348275268099
0.296439118534
0.340942141135
0.326985852585
0.224637519005
0.343293064554
0.295334390447
0.316025237909
0.347744446676
0.222684009187
0.288100896445
0.328943225847
0.387217271783
0.277890624041
0.35832427217
0.346701361102
0.178357595645
0.342845591115
0.364372210951
0.342712458363
0.335004386226
0.35113147463
0.25139676636
0.300506271736
0.29699745209
0.305201935191
0.330439161809
0.203663362517
0.35862702516
0.256392744924
0.378698001801
0.261085014943
0.295109841661
0.245444739324
0.251328892993
0.38566314598
0.248775743853
0.291952300922
0.370991148896
0.25024635159
0.334930055605
0.231488403147
0.369576328648
0.255615364591
0.3679708491
0.358171708287
0.348468291106
0.379676436844
0.334085114091
0.284299753276
0.369041798719
0.321632317572
0.35328111708
0.302528171065
0.237672328944
0.350889734411
0.276876496683
0.349607285829
0.238091745128
0.339529295214
0.373650385266
0.416481577157
0.245404969588
0.332767671861
0.43527743829
0.380689528932
0.353045898063
0.307701364945
0.276021507604
0.278269801499
0.367362968882
0.332478139696
0.342056396701
0.445186712258
0.31269173475
0.261870504319
0.303903324817
0.322288025707
0.197366273064
0.333196622764
0.230111005721
0.343918540935
0.359571105742
0.415131697417
0.289436576475
0.384708336431
0.417042854726
0.243716126978
0.364405535454
0.340137454068
0.37476751861
0.425757478407
0.230091528756
0.367185143244
0.331256531684
0.334648304394
0.431590657524
0.38655721368
0.375694622108
0.399200738121
0.293716290735
0.330126962077
0.211396140454
0.345435719918
0.327900932209
0.434087337685
0.317124853616
0.316208205995
0.304548165808
0.423776747207
0.356771673296
0.302403899307
0.286923288205
0.421372774043
0.301518032493
0.350842136465
0.365253077435
0.328356873388
0.334681753383
0.254930582912
0.33068187486
0.331798914416
0.244552140681
0.29178393557
0.295277027843
0.428428011442
0.30579513889
0.292061893899
0.275236310919
0.424447543766
0.252372931135
0.322875617979
0.371875589211
0.280557919717
0.491778054539
0.310655453685
0.325044067652
0.324236179395
0.260339054567
0.273726236611
0.345985914676
0.348320702467
0.311315732908
0.227440293004
0.286126259019
0.307029662349
0.322411941128
0.262067809857
0.38026713038
0.331999618279
0.302742578256
0.299616794773
0.214346527044
0.352236536668
0.301216874114
0.542978585736
0.373419535341
0.398677373137
0.356876134307
0.276191958994
0.359828370929
0.335127182898
0.27431874895
0.35994705344
0.383069099943
0.373334737281
0.34256480108
0.263860826768
0.321460974139
0.423909208499
0.353082298475
0.429438909151
0.37104632039
0.258957142403
0.226526936005
0.339588190245
0.237101711203
0.308025473277
0.287147451651
0.251749804269
0.21187105633
0.277822606766
0.31303655026
0.225004297194
0.368313423087
0.294655174222
0.334209709947
0.340243593815
0.374189152643
0.40708542319
0.304423804546
0.446935036783
0.354561708649
0.314837857682
0.326760553609
0.485626397774
0.420952168227
0.34811273761
0.41522579315
0.359332975335
0.228454977505
0.246898021354
0.266846800534
0.205340398201
0.357926962274
0.344992743498
0.387745720995
0.351672369612
0.272050734204
0.332325564409
0.264415641839
0.272397220753
0.285608958139
0.217809754016
0.236501764368
0.382263789216
0.300688941261
0.394024071221
0.362945008488
0.265467427663
0.33713735796
0.28649135373
0.370575755879
0.317094137972
0.375689496636
0.325818502839
0.340315673692
0.376693832162
0.289331688435
0.349434574386
0.479932250595
0.337363387837
0.354564629276
0.178493014245
0.281760921491
0.260911280409
0.301593553032
0.353305048629
0.245284626365
0.352660286099
0.260327511329
0.397988842685
0.274116396234
0.251855059374
0.220226785512
0.329746816891
0.323013651373
0.258400552542
0.277113946036
0.347464300407
0.276457236712
0.318429333853
0.245123466382
0.350225549643
0.341949172845
0.24533469405
0.302499619996
0.355395412379
0.293541045572
0.29553759658
0.198093111316
0.265413394282
0.23719274826
0.281111761444
0.384343886057
0.296401481753
0.232528301625
0.285892758534
0.271727873896
0.34584540099
0.228905688126
0.27646505964
0.389463210827
0.339539833927
0.271516376255
0.29513069331
0.292472612469
0.281135913405
0.389199582606
0.335862474676
0.308672197303
0.297940359419
0.420330459657
0.242863425004
0.357080708119
0.392309953017
0.334571458022
0.364472931757
0.366140241518
0.344816043101
0.427520861871
0.305651895356
0.303771551214
0.400403624358
0.465512371807
0.342326634575
0.354878698739
0.305201091539
0.214689367106
0.310783201992
0.38160751054
0.344753869178
0.325612205209
0.328760625832
0.282454231863
0.288082393704
0.24987126611
0.336270694876
0.398253235073
0.252767201861
0.37075781201
0.248198735692
0.201976668684
0.333394616959
0.3115939684
0.260033858159
0.281641061149
0.305773930354
0.225307524814
0.284022387462
0.358338997006
0.312181213067
0.401698059774
0.342119537251
0.334826224739
0.273176188724
0.307882879765
0.40963357245
0.268529193543
0.430714618967
0.324329026736
0.277100213252
0.367602964904
0.358613669205
0.265992722893
0.361814137379
0.3236896931
0.302972239944
0.303983290889
0.278404167706
0.43164001454
0.314431550191
0.239496410246
0.363578712276
0.493512106459
0.296990409121
0.22916892666
0.433494773333
0.301005187211
0.347568548828
0.339823250468
0.386577382151
0.224092467693
0.367317312768
0.342347395123
0.383735757076
0.328589738565
0.303655189255
0.323726676509
0.268626496439
0.443308552666
0.310058231655
0.321814487494
0.363814114423
0.251725867577
0.212037751124
0.31542577782
0.376082011085
0.386562323903
0.283551315154
0.283926935847
0.29024538626
0.305216350472
0.371914980429
0.341802511732
0.366617681373
0.325716951913
0.343395507749
0.256353387981
0.250641308976
0.284674408113
0.390550786994
0.253978052021
0.309378919428
0.295663713572
0.300696777036
0.381966753276
0.296940753801
0.328877501852
0.254987863102
0.256613099493
0.358830595334
0.290934295003
0.247617461811
0.330200577432
0.388352835606
0.312047810182
0.316723856638
0.312272902171
0.368227522966
0.269831544065
0.293201396533
0.379523395836
0.260723280221
0.320954959242
0.276070953239
0.276698898899
0.252375227755
0.320892108063
0.371393138783
0.237522824406
0.331492168609
0.268688586328
0.354235752753
0.313763899122
0.301742498211
0.338896567483
0.328307236675
0.231984446722
0.350516455784
0.333627982327
0.25471217005
0.296506166006
0.265128077303
0.318306145645
0.269357488052
0.200223226452
0.265646700805
0.316666385463
0.328373353778
0.34926928269
0.369759303497
0.359528276401
0.305248904959
0.238815362528
0.334441696585
0.275129258553
0.292982420268
0.209098922355
0.391397660581
0.337135335408
0.277809682603
0.382777326405
0.283381381951
0.290032628845
0.337049052582
0.311630914644
0.273401167374
0.29401215801
0.330017782958
0.300932357693
0.481968773031
0.315288727403
0.470243354755
0.401156005642
0.307876002596
0.352551422861
0.353324083918
0.324209080955
0.303121679439
0.280540459671
0.274462301007
0.260210153213
0.308285914432
0.358762015894
0.344857833346
0.339590948257
0.322178888729
0.263557607955
0.341936091666
0.297919627286
0.396440744711
0.323976862553
0.272829327544
0.25767139504
0.337357792555
0.418220689566
0.34472346429
0.366256065416
0.32803197169
0.296137866704
0.419527690218
0.416497048748
0.325687109774
0.362248761091
0.28444251748
0.309315270838
0.29983700319
0.216541963657
0.354793411469
0.320263618132
0.33357453753
0.280231240118
0.257355166898
0.235764671002
0.244785254552
0.395455603438
0.426779080454
0.381141988215
0.320056504163
0.280605430336
0.383034234185
0.378830013837
0.296912909322
0.29724624015
0.246312666579
0.239020451219
0.321705638665
0.390006809704
0.40004825249
0.364897804639
0.247310730425
0.254716348161
0.314770168176
0.407031891926
0.28512722885
0.314719921657
0.392958241616
0.317861688324
0.31973830538
0.300765104282
0.363397772168
0.315202941166
0.329643436737
0.26896763428
0.263901501079
0.327080520754
0.311133430214
0.312484950368
0.234956274659
0.232145861452
0.322168910416
0.294773166374
0.319900115904
0.364088575689
0.282771778604
0.340153308352
0.380907966123
0.332189940925
0.195089425628
0.319064035641
0.363456343558
0.293653226186
0.406821769134
0.323136984395
0.417765920775
0.405359920117
0.251601877741
0.213448256011
0.340349902709
0.316165237758
0.4668172656
0.293757394522
0.326869471266
0.396148797525
0.360951498752
0.352881238263
0.25655957019
0.235852672028
0.301569040082
0.342234574428
0.32134322241
0.29257389383
0.368187525202
0.219228344073
0.421337188895
0.337465446454
0.415310290861
0.284752937166
0.381235137097
0.324127636574
0.325615080912
0.361982931995
0.301426002525
0.320735607639
0.332366010756
0.224650897249
0.452877149598
0.371651319151
0.3470590599
0.232177598784
0.378024429266
0.247448795723
0.318320627985
0.246594983505
0.4062691577
0.336029301102
0.350513892778
0.296737592148
0.288311297771
0.263821935978
0.336225115343
0.277526239826
0.292433034079
0.243099674078
0.296677462905
0.308601071869
0.339678812044
0.329206281648
0.261721304422
0.344480042025
0.343319267248
0.291648205553
0.427010593065
0.341854438782
0.386218417281
0.325791615685
0.263327555204
0.303589129145
0.299612445539
0.317103290348
0.363948757512
0.287601665863
0.410556304934
0.387562870873
0.33466900394
0.333947633711
0.406748461274
0.326356602788
0.199997642458
0.18964528607
0.319594709652
0.345354377372
0.233240528219
0.350870358174
0.327374584026
0.322612966053
0.354389282263
0.243995557816
0.42185615852
0.382897265633
0.289869099573
0.357326258475
0.288151212577
0.28221875328
0.368994923678
0.290078984325
0.394985261504
0.271695514476
0.340151280227
0.287023549935
0.372057853206
0.33198871529
0.275934694959
0.318694854224
0.282265369649
0.306375258054
0.318551608051
0.259150720108
0.294586094221
0.228110108391
0.332521436257
0.315493166054
0.249793031034
0.364008267548
0.270797111251
0.28503308498
0.263199935256
0.289821042225
0.263125483585
0.258307056663
0.321594642607
0.349467753168
0.346688353586
0.302348758629
0.245915276721
0.425286156781
0.355448074417
0.260997956142
0.315376713081
0.306055366973
0.361539985451
0.353393316429
0.287061134832
0.338805538247
0.272300019807
0.26682663159
0.272104996728
0.358755532344
0.304434745237
0.277953926832
0.235967095028
0.296684313591
0.210226541565
0.288665277452
0.265960257903
0.391254421755
0.316706291291
0.329037594146
0.323437018326
0.251345357875
0.303864659844
0.261996890843
0.331304544207
0.394468073025
0.208868838726
0.344523651723
0.336598536416
0.351673819455
0.341921938244
0.323275874716
0.353668671087
0.314577144553
0.395206892539
0.320686706306
0.242385065614
0.402702279881
0.329707189105
0.389243947821
0.223060327689
0.231841307347
0.337278525382
0.3144823134
0.380500813423
0.283086539966
0.354393912238
0.431334088286
0.305362943353
0.329629669131
0.336041464634
0.25834973362
0.255399654556
0.274004128683
0.370941614005
0.32198535643
0.346296177375
0.410024453029
0.298866173558
0.384636590636
0.3528346204
0.451987535802
0.302906142742
0.347821214173
0.31652935721
0.22021462049
0.316550659448
0.307254499588
0.333211931794
0.360437546302
0.415055387449
0.43643470081
0.274380638224
0.300516219651
0.307177079753
0.269236107593
0.235591872732
0.229270562575
0.408654614756
0.273386755244
0.38638118837
0.212808745002
0.443012523555
0.410264554779
0.305938579402
0.230368360181
0.289689603812
0.236603539928
0.295703204276
0.342756272165
0.428743271684
0.323024288502
0.254514098398
0.334419091582
0.376397147469
0.247131217349
0.394107409561
0.337857973047
0.426721326912
0.386209957804
0.295385407191
0.332891525326
0.270569701333
0.260068455359
0.289678034353
0.281659323587
0.216703937674
0.167389787985
0.205302197616
0.42645117811
0.308776627704
0.370823118378
0.233330019489
0.344357158135
0.288323502765
0.25393868699
0.286676864212
0.391409891047
0.325021525157
0.326297204659
0.288719487344
0.202420743641
0.280980672932
0.280006073234
0.325706247946
0.356423669254
0.190051118992
0.24280187983
0.379704255148
0.339325677886
0.218178789853
0.300963909942
0.358189007644
0.332262826586
0.347190959533
0.420843018046
0.378815492304
0.358035361293
0.317198486887
0.298632983409
0.292458053663
0.455671853842
0.337620901284
0.270220590904
0.251570977253
0.46167894163
0.319946633312
0.360559527934
0.358412988502
0.212620428811
0.348191272356
0.33549086892
0.289780063069
0.456700409873
0.273730317503
0.268569190365
0.277431216534
0.326387876835
0.406870879779
0.26292470416
0.332927246351
0.259537078494
0.29214029558
0.228551968638
0.309271262628
0.397878335486
0.391683711629
0.263159715375
0.251492667011
0.408247174172
0.305528753684
0.284687944339
0.326903171482
0.348307932269
0.258694399799
0.319558393861
0.363963688762
0.303292771482
0.320948189974
0.291249040182
0.33253097125
0.330616030687
0.342163093269
0.294169183977
0.359725103109
0.347842207923
0.383177331041
0.316203562623
0.289418418931
0.355497823101
0.29192932855
0.354891081061
0.316859854674
0.378728243256
0.319272608182
0.280203606476
0.306249194407
0.34009446564
0.446604995307
0.327520278119
0.248377245087
0.402233804493
0.337277037375
0.252506269981
0.374083661699
0.28705596938
0.262841266309
0.31428785288
0.254094684421
0.195867253174
0.408855276377
0.35666109363
0.404772024325
0.306452909597
0.336246574366
0.270433664444
0.33810955692
0.271163704174
0.3531979345
0.2507341917
0.335261132964
0.322186134493
0.254258179141
0.348854990971
0.33023079422
0.331305314256
0.302385781913
0.360300625192
0.234116516612
0.350053630041
0.288787316324
0.308614332563
0.234592558642
0.353212359563
0.395332833409
0.315111710268
0.320465107047
0.411587429922
0.318557847438
0.387955735495
0.241266085686
0.357337850657
0.222173722198
0.246952998791
0.299960723
0.378695684332
0.279672724815
0.251994423649
0.314645214871
0.328988896821
0.218384405885
0.36323169833
0.39385954299
0.324603197109
0.426141348091
0.262782407663
0.346488334875
0.346004526912
0.302878241224
0.304024177809
0.280239483443
0.314301727517
0.339184243087
0.332878082886
0.443611754536
0.324161998251
0.396766051185
0.30902027505
0.303195362434
0.327777689569
0.310715924547
0.283218993816
0.380057023121
0.305351115231
0.28304876129
0.333790940031
0.348911529892
0.278281460654
0.320358316014
0.265018806451
0.231150973472
0.408414047084
0.304814731015
0.329191303159
0.34498578677
0.310516302824
0.299428331749
0.280822706672
0.253450133657
0.273567149216
0.348478577324
0.381397914715
0.33370662005
0.412209333729
0.316828137033
0.319696783815
0.353737704029
0.367808236988
0.289339376447
0.378579431842
0.341827558304
0.274244538188
0.233948368935
0.324908085466
0.404331613112
0.33209262036
0.34682049656
0.291885341877
0.414029643091
0.372319888414
0.34082180437
0.251645902954
0.349888958166
0.289637811953
0.26718516739
0.216828066617
0.32298897689
0.244024721085
0.331618753235
0.321424237326
0.289609959687
0.328142930179
0.245681989277
0.419785687688
0.267780651058
0.243637768232
0.370507285954
0.287900232789
0.256804016408
0.23563329717
0.296611062781
0.389345852037
0.222625247906
0.392628486058
0.248863584709
0.227945105054
0.314902289575
0.202530233244
0.221291511519
0.294883689184
0.407751617534
0.22879682127
0.343131510764
0.315361644874
0.261955295934
0.327620927566
0.214400896046
0.270858010819
0.416148131041
0.303314288351
0.331609684423
0.298949156228
0.293425254795
0.313648649206
0.311003204459
0.23738739244
0.417451264966
0.362476643179
0.313119195836
0.424064521145
0.242226680956
0.265434875476
0.3111188572
0.35595976614
0.348081349881
0.282809198228
0.302806351162
0.233483009224
0.279017189098
0.361328370313
0.322329174666
0.149071524308
0.362613894492
0.36602020691
0.206558693497
0.323518815682
0.337153857052
0.360381465564
0.398858509778
0.284781674321
0.368771359733
0.412453675072
0.291588031489
0.216775815635
0.404820440747
0.245452043847
0.306131209944
0.271810608541
0.414368036276
0.397683831006
0.306706620343
0.300623452802
0.272016482177
0.344558762564
0.291793109323
0.357434762785
0.252565065325
0.285156344292
0.277446135503
0.334609179887
0.291606867852
0.313248881535
0.378985303515
0.31647351206
