0.254519436295
0.222842352639
0.305185143405
0.33760435121
0.305135956193
0.257536844687
0.347214015597
0.213338939075
0.318454043013
0.375511655195
0.304421362269
0.347584281762
0.401198082377
0.264404632832
0.259992041739
0.232665423484
0.405708905189
0.339425031921
0.289096489855
0.24021895047
0.230298030841
0.300936759204
0.292630731991
0.323987936416
0.356854636704
0.268394822837
0.286234255015
0.309082007553
0.292295607883
0.231287946117
0.211610586022
0.274405191697
0.365107702044
0.262522105087
0.253981315703
0.257674227695
0.249246874911
0.269407323278
0.287018946056
0.302646746962
0.310108057425
0.302424928738
0.246433842723
0.351388317709
0.231223433636
0.343516927054
0.257672437143
0.308662408383
0.180661899669
0.265149577653
0.385545018418
0.317071916046
0.335846479794
0.362838585314
0.25979084221
0.20962156401
0.258945198828
0.298995924083
0.310102941251
0.278555203069
0.262727360983
0.335095955275
0.246040596361
0.311443966434
0.314608941508
0.216240575021
0.234144247317
0.283514145514
0.256871392151
0.343744623223
0.343396143049
0.240281978102
0.320421939284
0.314558432245
0.31201511534
0.356237812652
0.232975230253
0.348727948225
0.365225392041
0.31951852286
0.270473428163
0.286924296283
0.251265622046
0.314970095196
0.313658781879
0.319889417298
0.259738272477
0.447736428045
0.25728124617
0.233597814755
0.309663054646
0.231906357717
0.27773895721
0.212781613333
0.244290453994
0.270542082615
0.178056100094
0.23013555904
0.292209025987
0.161531829873
0.296003350394
0.234488098421
0.263804403684
0.208634450816
0.282494370387
0.257171069528
0.293732532918
0.266713126592
0.321410136606
0.333139126721
0.337855051907
0.295591028378
0.278335965755
0.34146892489
0.313601898718
0.253479759617
0.262188981348
0.283101587396
0.295465267541
0.308133250173
0.289005278715
0.28170903389
0.378237214196
0.348948605234
0.294751630093
0.345338753501
0.343620999527
0.294876246828
0.176494502987
0.333438504118
0.314180061064
0.247748925223
0.245685651776
0.355709218039
0.318710550264
0.295112122232
0.386580494524
0.2897987192
0.280467663064
0.310159390349
0.334423213852
0.29252499539
0.379791473134
0.299503274104
0.236309978799
0.306508933378
0.288342261631
0.261540476979
0.325309948886
0.333021575431
0.309294532339
0.259436363445
0.340333533507
0.297708605988
0.181662684331
0.230459391267
0.236866507738
0.216341170291
0.25333402398
0.340213381121
0.220911152217
0.327132859731
0.272202054646
0.350900989579
0.358435282184
0.256090436131
0.292768050648
0.224076445927
0.297866828993
0.355387894501
0.274838595404
0.21158921023
0.329988939288
0.282342932643
0.427650369511
0.236640793239
0.421575733979
0.26433233495
0.299335990174
0.237199365778
0.270981594545
0.220099161479
0.241782235676
0.206320115488
0.306280258044
0.317427734844
0.247892996979
0.263852741134
0.378266215151
0.300450835756
0.261672104751
0.214468286458
0.354488697975
0.272016632947
0.342668996345
0.384395774771
0.355797029574
0.310238347103
0.305437142232
0.262254472333
0.278384729103
0.229197629087
0.325540185819
0.301136541497
0.293214039832
0.257130202783
0.289177805366
0.292357598118
0.299936726296
0.275657751712
0.410498574646
0.353221783859
0.411184187188
0.252443838304
0.311976258451
0.362392747202
0.215941522414
0.264331223919
0.333001035358
0.259126777482
0.237229144398
0.276010280358
0.298519864349
0.277250568702
0.313123034762
0.27780334597
0.206485188139
0.367527820451
0.23636221724
0.257297209001
0.326721354292
0.383145095972
0.343342555847
0.250488598454
0.38145603995
0.340246926808
0.306498672501
0.27852531547
0.328781643491
0.231566369615
0.33787187126
0.229560321206
0.322149478391
0.192573482478
0.225682589274
0.284062892886
0.338265249778
0.362220487288
0.411945714693
0.301502290535
0.33281730679
0.2081238403
0.305988782322
0.277383807912
0.356797925967
0.241645965505
0.255966054826
0.247358976896
0.312924035391
0.320423816067
0.269349846827
0.250020569699
0.28301888876
0.319067074309
0.301855385176
0.264283979571
0.319296226253
0.192863579689
0.333506829367
0.317473299539
0.312801379893
0.280864777374
0.39909092569
0.245561865788
0.293009038088
0.249927035793
0.322831717468
0.341338420043
0.282523283999
0.435351828079
0.370845210732
0.282200043315
0.331222815594
0.294736474402
0.33757641867
0.21289951984
0.258373826527
0.329948746825
0.302657489656
0.205460646949
0.167312024685
0.259777563781
0.286968313188
0.280251824734
0.248862383483
0.382651136032
0.194909815256
0.318104273064
0.348281205034
0.225589196346
0.32354934515
0.304970289124
0.298329073663
0.314828311882
0.378468280047
0.267335696372
0.413708490109
0.349369845185
0.372748223424
0.240724445614
0.221961045895
0.264965050722
0.349047429295
0.259247656037
0.222849486063
0.257828264646
0.220012941833
0.373943748005
0.286473924574
0.310741566889
0.367861219757
0.329470006833
0.284410909742
0.294496548538
0.325556788905
0.281062255335
0.317816133764
0.287954091769
0.323892802262
0.253785292085
0.24474223239
0.376484534433
0.233331377754
0.317077201642
0.358088172158
0.248155820702
0.34209573993
0.283426631549
0.336636533503
0.295338557272
0.273145452688
0.382849073875
0.314662949404
0.247916707456
0.33778576187
0.31608743523
0.261047735103
0.301881191965
0.39341653437
0.347279082865
0.262641513566
0.466239686682
0.308456514767
0.218173942362
0.213084009912
0.34921838518
0.448358928654
0.320541254158
0.255743635301
0.263888599477
0.33013412229
0.329462936066
0.279243925579
0.313488947264
0.277566372824
0.164007479756
0.257252165148
0.319692836243
0.231850538614
0.316012593138
0.291423057819
0.257322427712
0.379414556576
0.324419923483
0.352405289504
0.262524043748
0.281359424806
0.277138015155
0.300206953464
0.326681854088
0.292042215518
0.33907039129
0.461060297046
0.328619422105
0.341956278652
0.315879610842
0.27544367141
0.215699691034
0.29999257539
0.269080922966
0.266791926972
0.252049874836
0.271570495645
0.251076186608
0.227587972681
0.303562252995
0.339410700755
0.264013714289
0.303157455842
0.226999050679
0.33091380056
0.328110674075
0.369024892604
0.30437126079
0.383678586862
0.249597035811
0.295338200867
0.331600491993
0.358851238166
0.267722613815
0.300842914192
0.203168545173
0.238675889944
0.261265203852
0.272540345634
0.326853492989
0.260949086752
0.32103176213
0.380614078272
0.197398705691
0.242932021128
0.393071417078
0.252785653833
0.23124225353
0.233238505403
0.305571879
0.446951896057
0.326823139215
0.314774476473
0.277152394146
0.254890904758
0.21030222012
0.247632554224
0.317186842547
0.358350391219
0.33147712694
0.249065086931
0.358406451532
0.265694704766
0.384564378139
0.287328546494
0.253584446668
0.324361930241
0.320081585878
0.271229959542
0.299453574142
0.328171044205
0.298191524909
0.211728594573
0.269488624619
0.316659226907
0.298401413082
0.318040166793
0.154122751237
0.242908039716
0.221600965874
0.24038777032
0.338437454669
0.32303371493
0.25907844112
0.274354869964
0.343084300231
0.286561751177
0.252293230645
0.297312151492
0.270892144946
0.242069175682
0.372864892908
0.31383296634
0.215454978211
0.364481097851
0.344892704429
0.375736357836
0.260410860446
0.280819058437
0.333814234415
0.25541242062
0.356759571081
0.420341158798
0.327652643851
0.146052496679
0.267547531482
0.253090703018
0.287284421091
0.335842401889
0.317544865066
0.270366270187
0.270879614072
0.297577614113
0.390979880517
0.242452341437
0.358294715769
0.298247655588
0.300595403645
0.285160043065
0.280240109413
0.351531562912
0.368310023235
0.370531160579
0.252322060341
0.292991993046
0.271807965421
0.343457287884
0.323230280333
0.238755501573
0.36857084055
0.304837248214
0.313214157471
0.339689800316
0.348307974766
0.276683764076
0.173069709711
0.316800285974
0.353719296382
0.266840952444
0.311569840627
0.342213201285
0.28206562317
0.288181856484
0.31047219046
0.302567983506
0.33371961039
0.240818319234
0.261682454194
0.327735098646
0.281774921977
0.310460220764
0.262978528476
0.246323073733
0.361867461075
0.366161462863
0.350653192187
0.278784397054
0.31974214004
0.298848323847
0.206798756169
0.391953660967
0.188048602677
0.259680995572
0.298119818578
0.292552562147
0.353443953135
0.293892357644
0.353258404721
0.259687788745
0.329883899079
0.351941139825
0.235095075918
0.210596237209
0.30429145628
0.319695879678
0.276246646048
0.253037965478
0.27269425604
0.28141063869
0.323590319944
0.310434528299
0.322362903912
0.381550333098
0.214706072029
0.245128558115
0.294361501583
0.225201313418
0.217916680492
0.311485067923
0.271166155333
0.28702210181
0.202279426689
0.249803127746
0.201287802345
0.350941248411
0.273430426852
0.383150046086
0.305545553075
0.327956460777
0.315873190153
0.374894558187
0.222694064897
0.441815601847
0.307837051149
0.330147747109
0.166550590442
0.268501140145
0.28740689663
0.383625291255
0.30712061189
0.332114687077
0.289472622153
0.305710740459
0.334860898886
0.363917700274
0.289341907301
0.312174775623
0.294757584171
0.230305247598
0.331489448601
0.281637733253
0.379942292529
0.329145869195
0.295597749555
0.311753528955
0.242553873394
0.302226992582
0.273479565851
0.318581582594
0.290139743256
0.318453573296
0.370743902681
0.278940489491
0.25445185674
0.281390126112
0.30099247452
0.304677716606
0.22016836405
0.306581646485
0.32710259518
0.216951916842
0.250182404693
0.254177434523
0.217451616298
0.189514392437
0.233658064765
0.349830778251
0.214436056631
0.211778457052
0.279785588357
0.27284160507
0.378716618551
0.317827815523
0.268348290144
0.300812411591
0.400668167384
0.274542906164
0.401296612287
0.37137551278
0.359403510541
0.304049044004
0.298833695492
0.350682920771
0.32161155848
0.311654671945
0.255010162916
0.289554552571
0.379567200909
0.387990343169
0.22969093423
0.26689898365
0.289516062922
0.257400229287
0.28791350358
0.302779532852
0.374377681293
0.376367046594
0.321689573277
0.282913055179
0.259408102257
0.275447139164
0.244236694593
0.33744009529
0.292503081483
0.331110665624
0.234921999513
0.281800210523
0.281477842531
0.274501354495
0.203720008244
0.333804341304
0.376832714536
0.268144678761
0.293100409948
0.282510145313
0.353820456461
0.242127245689
0.246357596388
0.319349716158
0.342258816683
0.365566188188
0.367715203623
0.335966526671
0.309826245377
0.253057343441
0.294281344494
0.245641745933
0.264731568498
0.295008792924
0.422378302035
0.241104177952
0.225707692697
0.3016134602
0.320592001323
0.343378005361
0.310748375422
0.306694904203
0.266094103302
0.272211033536
0.311239156725
0.287965522327
0.257332209632
0.312408236362
0.328097050629
0.366955107676
0.288164401079
0.199590014995
0.352269470659
0.364408338397
0.323548871333
0.302121440894
0.257613656849
0.30713190666
0.31590752875
0.260657782026
0.333851997174
0.289656966196
0.399216490949
0.241755427058
0.298856916972
0.314895194825
0.240607052826
0.295185805137
0.352304742743
0.297306108967
0.278451157688
0.407051109282
0.241949796549
0.283921887015
0.309120581239
0.33795059243
0.353427985961
0.363941844422
0.368919579606
0.22181397341
0.296361494374
0.334516255122
0.313132836928
0.36943781684
0.248580909931
0.449481414759
0.287342699738
0.388906040575
0.249517984267
0.293871948696
0.318388810887
0.295729132056
0.320217026881
0.222721390071
0.298139281577
0.196360752472
0.242940686433
0.293667494637
0.306208206737
0.366207246252
0.242959882729
0.294192410946
0.19510098802
0.273418539128
0.33041024004
0.239230569617
0.333890683169
0.292201303131
0.406299232593
0.338063990617
0.243209535299
0.3388647975
0.263640572656
0.376382872663
0.316036688541
0.314448485087
0.323697294518
0.214492693398
0.281869162447
0.295192419484
0.29677361877
0.35290499378
0.279059110291
0.231883846535
0.265863542129
0.280206931249
0.286985366588
0.226335710933
0.30186058135
0.26828965679
0.310180751137
0.383428230485
0.328318432811
0.286998790589
0.323336396778
0.220989855097
0.382017083268
0.341550618102
0.282984847395
0.225477691809
0.248408015172
0.291707203906
0.380400629712
0.301560174255
0.271946500477
0.315155425146
0.328559050002
0.344322999917
0.362835830691
0.266417760375
0.309839600169
0.275377091406
0.309649192706
0.280355445612
0.232961294088
0.291436800387
0.251883556114
0.310802261269
0.352413894856
0.402435763341
0.268064291739
0.289278629485
0.345439966479
0.311286241774
0.28552991168
0.31369704729
0.319411253788
0.248538177018
0.255756262757
0.347140287359
0.290254642755
0.235997043788
0.227138076226
0.36650535181
0.267233090012
0.295471746479
0.357081709948
0.225112805322
0.255817681933
0.264244962638
0.244137030196
0.312380359461
0.287881021926
0.35841021752
0.232372551335
0.31617940121
0.314505309876
0.23445902897
0.329119290503
0.415746669572
0.260518169997
0.208655415435
0.330365263775
0.331757774416
0.261244903356
0.318875626822
0.362194685277
0.439918088058
0.376889966717
0.245442730633
0.281643035721
0.31957354894
0.255212655059
0.303214041394
0.182451499496
0.262931950182
0.283375172801
0.280567319941
0.25452578706
0.260285434734
0.275427353179
0.247253065483
0.24470424682
0.277773386733
0.225638533569
0.244599862107
0.358342420342
0.441331304072
0.258191748329
0.23035940008
0.362164206304
0.274023574962
0.317550244307
0.31394277908
0.292685718168
0.261530895216
0.225360691676
0.302583965742
0.254676020466
0.375827219005
0.320232721165
0.244132955115
0.318866969176
0.306128084005
0.298123805806
0.290215769584
0.228678287949
0.294076602627
0.256842846407
0.393612895899
0.310088672137
0.379803702111
0.293984985841
0.302544672522
0.393652793854
0.364371673139
0.319327153611
0.345213248264
0.31014155767
0.274190669997
0.285206194473
0.242823808357
0.345615249006
0.332588643905
0.38349075433
0.269019402987
0.311692551785
0.34063505598
0.361479145841
0.254312759779
0.262328814082
0.381192768641
0.345835351724
0.338688320763
0.310737347067
0.320911208355
0.226134793282
0.339972963215
0.222744627073
0.331226518995
0.30817308427
0.375610631528
0.310940015368
0.378026728965
0.211342647568
0.335991399407
0.326179342206
0.443637852682
0.340014789765
0.347266265702
0.316807458744
0.354147978878
0.252948933932
0.341292293031
0.341662033788
0.321894220779
0.332408918726
0.304563051387
0.38187948888
0.258314183057
0.315691767296
0.243359493211
0.290282553311
0.290861800961
0.262280795723
0.281900852879
0.334393595995
0.367202766679
0.388119794502
0.305110586731
0.317882112437
0.329008855642
0.387447657959
0.219927183193
0.263137299747
0.326277751126
0.377412453336
0.314094281644
0.300289681445
0.248392423689
0.24189865224
0.263078390668
0.269149204585
0.437876163283
0.287646675631
0.30169796286
0.282863915413
0.27568919708
0.302290561948
0.20172953098
0.200063946216
0.387442755605
0.315900930347
0.192092589787
0.270980081361
0.243330532733
0.341600816559
0.226117929814
0.307772532582
0.300748423835
0.349568552292
0.331434026167
0.388421014661
0.294745521265
0.321680102312
0.368237394377
0.253078956539
0.300461090077
0.270056524236
0.344080594702
0.321523746681
0.401537704711
0.323396146984
0.373673976758
0.239520228702
0.266130911501
0.213368667365
0.310739873027
0.336853075634
0.148392487005
0.305496717081
0.370074830925
0.420167606017
0.36845724454
0.312732567853
0.343080301344
0.262842093542
0.342230834731
0.303906068176
0.352846620865
0.216093768219
0.305348517769
0.348116971424
0.345546516515
0.216061227523
0.309614933795
0.255524034315
0.416185400671
0.354748214408
0.376255204939
0.219711527023
0.220452445469
0.301534932757
0.316095200805
0.318610283415
0.2153053335
0.315586378835
0.276357409712
0.199741911706
0.241984618095
0.253813757575
0.375561700315
0.362607742238
0.228225121252
0.40518147769
0.347614107146
0.357402564239
0.306602088576
0.358988836626
0.294785845342
0.261916133062
0.345702958776
0.164248011108
0.263295405774
0.331586869732
0.275405202534
0.295164017478
0.346870555943
0.386831097888
0.336854176075
0.261972496266
0.252798935267
0.322969767792
0.291471856977
0.226364513072
0.291381672421
0.281507555311
0.219785380977
0.211162782348
0.317985449998
0.265623066616
0.233699016017
0.306912735649
0.350326460219
0.334923233951
0.280062631986
0.305429643078
0.35204705053
0.291249165054
0.298498054702
0.38267609523
0.316727461398
0.421301818935
0.275861331889
0.281830620031
0.2966441344
0.240983742841
0.240330296294
0.245020820529
0.226986389553
0.292896909004
0.337689654049
0.263890664449
0.267255413691
0.354297927877
0.288878290136
0.32502470105
0.409967152643
0.242949250995
0.324789191808
0.280874492719
0.264720404814
0.324978742022
0.255302905771
0.368794021211
0.300812818902
0.394350714525
0.237665876384
0.264010737049
0.249108720831
0.346455931904
0.183522539694
0.247377095923
0.283845213794
0.338781036792
0.228448781062
0.276555250982
0.372249075861
0.265531112835
0.396263483231
0.432600632099
0.330351991438
0.306741749705
0.332451426765
0.284102199669
0.199728537365
0.287867137484
0.309018985034
0.312246424381
0.267960409531
0.2898389509
0.300770426866
0.14377025176
0.259273754537
0.304998928141
0.268620682165
0.353043269452
0.302295820501
0.386180319148
0.243710163257
0.430740661228
0.318501922947
0.292362931196
0.248324580044
0.259452139595
0.396750676267
0.375119749597
0.329894483018
0.274101070914
0.211629072113
0.304206965774
0.322803677757
0.223136239212
0.305949385661
0.289458576305
0.220133358392
0.267219848133
0.317532260492
0.403869149228
0.360319909594
0.322514916537
0.312834273224
0.298634663296
0.202219227957
0.255723750643
0.197944452301
0.325670718399
0.275007347035
0.243315641321
0.331739309477
0.3549567672
0.265576234805
0.236012468964
0.346125267848
0.295332037003
0.33127756706
0.344881840673
0.328389737217
0.270696497868
0.297744115
0.248786874507
0.408638461777
0.293419179741
0.271715244598
0.285210492791
0.266305494879
0.338063612354
0.281175908384
0.310019097377
0.278845474948
0.241126185934
0.306091634579
0.295481741157
0.280856245046
0.254457585014
0.293911736883
0.266077257508
0.224407307905
0.285239423367
0.332942755273
0.310324778614
0.420892007909
0.330164450091
0.304073764049
0.311244622289
0.293861958626
0.262846572178
0.337230488785
0.290804516306
0.233840733741
0.271324212754
0.397191838042
0.267654337024
0.254665552465
0.297411793348
0.343584550922
0.263022910519
0.343295098205
0.264026573963
0.294798558654
0.27813261312
0.332254804333
0.281022999302
0.252936832376
0.35158904508
0.331247393357
0.332158156941
0.441240607389
0.293256396104
0.223525017078
0.260194253372
0.291324286278
0.280849655857
0.378617431732
0.410778980128
0.207303886818
0.16455536929
0.297359592378
0.31734603105
0.280097839681
0.318546626578
0.456763933556
0.300686161963
0.346768089522
0.255434805007
0.184759087914
0.260513131178
0.241723791125
0.333682369981
0.360265672121
0.278441887004
0.339391449502
0.322932523705
0.381054571946
0.401373953837
0.273252377189
0.372695837642
0.311025234544
0.28633527683
0.327713991079
0.310742649561
0.274948787299
0.281214642345
0.215858619509
0.362264720423
0.283252875872
0.30654917558
0.34481734196
0.289858134255
0.3249572671
0.281140282362
0.365884004695
0.372458914933
0.273509980965
0.330191866118
0.350358592506
0.278862444737
0.331956363185
0.380103854689
0.334153409852
0.339490460833
0.233662262474
0.255056708414
0.357604447911
0.3211796275
0.250793698285
0.358807738276
0.360776618003
0.33378119386
0.337266229589
0.35843362179
0.377674632003
0.245523419165
0.358967353827
0.252572170931
0.379739076809
0.321832358278
0.32896458384
0.241050002778
0.272950555713
0.365394643748
0.263513377084
0.315578344118
0.260565207056
0.310596873129
0.305647979328
0.429068530371
0.301240467012
0.38817572489
0.451188204559
0.243593054797
0.328361853711
0.324923226139
0.27452889939
0.287999478222
0.323944162319
0.20731814903
0.328954537309
0.354757654606
0.393730482501
0.297220033841
0.321180362526
0.334593157965
0.324033099057
0.331532009665
0.255069029791
0.323251148915
0.279683596359
0.346364374335
0.234766430364
0.385293909123
0.27535401534
0.355912110094
0.369948741701
0.284825740677
0.317743916626
0.374420995657
0.200048516697
0.292613053507
0.306998913302
0.280009966321
0.294319471987
0.281176076797
0.394905789738
0.432000124788
0.335960372679
0.225775505096
0.396979841426
0.313455415221
0.290319638012
0.323440963828
0.28276132125
0.267232346885
0.361740134724
0.384933679515
0.28472028099
0.354652017618
0.336187860375
0.25155094659
0.28468085633
0.361424340286
0.353726364564
0.287433386721
0.241327223885
0.279195588042
0.269135416006
0.332203913833
0.197188463004
0.329172681504
0.309490014888
0.369893716299
0.339188276096
0.32886589103
0.335832288433
0.352121154996
0.2994418083
0.315073625652
0.315754794615
0.37374281863
0.319778808511
0.374864785269
0.237167973112
0.369369692608
0.350490569152
0.386749865856
0.249210029415
0.357637002679
0.311624966876
0.321348713281
0.334261320745
0.248935976859
0.319385667899
0.246258099809
0.272455404764
0.271107210164
0.281772593117
0.297104414524
0.325402545365
0.273019366322
0.349008622784
0.319557677334
0.26257961747
0.250428841537
0.364561255473
0.450987201162
0.37369637094
0.275837636623
0.238709494705
0.289791255883
0.238513377023
0.2898953914
0.316314966297
0.287174625563
0.318762103681
0.310686771855
0.266096931616
0.314660611756
0.271470528533
0.366553974167
0.261477112196
0.36915857807
0.374866981263
0.23772792332
0.240343840702
0.363071717876
0.244697137653
0.325060938688
0.331882361733
0.321585374278
0.334121010613
0.280055463228
0.317926237543
0.261594199082
0.310390180651
0.359575580081
0.318721734801
0.366516235823
0.310331858237
0.402711736478
0.241638602346
0.353482287261
0.217718135264
0.391994576152
0.216341491649
0.23137203593
0.23325734433
0.360031570869
0.386189149124
0.372984649864
0.371863147338
0.289666189704
0.347823463131
0.2886332935
0.330619826772
0.257610287486
0.251439389779
0.303904988816
0.35059140915
0.297372862661
0.300249863231
0.306444683783
0.224684250332
0.305179969543
0.25450046046
0.225260758696
0.419553567508
0.31527310328
0.238568803895
0.280175336101
0.333166706397
0.311897220664
0.31349741009
0.354028982997
0.307546866374
0.257687571257
0.182274339304
0.316819128993
0.298448250731
0.277426328978
0.331001435209
0.247713351434
0.182217258315
0.313265139136
0.21368575578
0.276265774016
0.244408026155
0.301757437523
0.390333571191
0.259925384457
0.221237500175
0.22454971479
0.343337819868
0.246134720116
0.210152591158
0.247030119177
0.437815586852
0.31846053549
0.295354015142
0.340465287258
0.234926029667
0.274774596948
0.292700393817
0.428118889278
0.297517511033
0.353467408544
0.293474289992
0.364146387191
0.237410830466
0.342682578311
0.28533544897
0.279196577881
0.267381362332
0.206111981059
0.273530304795
0.291983928365
0.194442858216
0.241159337309
0.322353371557
0.282871403999
0.170624111729
0.278497634659
0.287589348744
0.263608554513
0.32905216247
0.216454888204
0.348657297969
0.257357655628
0.26405543834
0.395268701461
0.325420693931
0.299967056228
0.265664477892
0.39851645753
0.262137879792
0.385224127927
0.243185772568
0.325373706426
0.295171405648
0.368106444327
0.259816442242
0.258134187074
0.312790332335
0.332638823941
0.297153511202
0.325310148661
0.311612836365
0.228200914758
0.255220982071
0.279831241101
0.283448164126
0.324524170626
0.362792293164
0.363822098617
0.301380786944
0.281841275845
0.219902318699
0.281943525946
0.285333241496
0.246423676694
0.325706283594
0.311400674686
0.234427004451
0.179918702116
0.253080319271
0.329478220323
0.208567162998
0.288234746504
0.37025360278
0.281071972112
0.284348264398
0.339040193571
0.348631469199
0.307191996016
0.301804885393
0.304277153537
0.30407765833
0.297670281443
0.356936445693
0.269620202983
0.279635618271
0.273449198248
0.317268090274
0.260711540071
0.417325129298
0.29124117949
0.260589834234
0.288976537947
0.268650492971
0.317195142854
0.205893798713
0.359641786473
0.31031023701
0.321262131741
0.216808848787
0.258091519978
0.238840679571
0.469993405097
0.301986852853
0.426451990067
0.377085386827
0.380768226394
0.342762869743
0.415897997785
0.263098472004
0.248594570214
0.249313998772
0.325128526281
0.283283034905
0.200031765291
0.304761608249
0.115914258981
0.315359003485
0.226799501446
0.286743265379
0.262756475801
0.259420930375
0.252029799465
0.343245665425
0.285885938093
0.301394406192
0.332576995911
0.360875965028
0.258977210054
0.313062854533
0.233410969063
0.251793674053
0.332347031322
0.280608995493
0.336962959819
0.293463116548
0.27714178776
0.307558623353
0.328359129247
0.289068340426
0.302150378886
0.249872319941
0.297083144343
0.259118282408
0.290955183028
0.269946455968
0.259961880659
0.283002381302
0.347061888019
0.228977834994
0.268861690201
0.280553449969
0.232565110809
0.230435273279
0.335164302669
0.335621568583
0.292586715494
0.282758117246
0.282741701421
0.217650034419
0.371655347126
0.433568614564
0.432094511418
0.344092169257
0.276893135259
0.254379675259
0.313562716229
0.254142410578
0.332781243235
0.261161298333
0.299816389716
0.287584853875
0.296159975004
0.335783831165
0.318718791525
0.370680090646
0.249556078058
0.282475515124
0.159916369143
0.305183002646
0.271057645378
0.333454196207
0.323193435305
0.280397279549
0.197581316342
0.266627506985
0.334021810238
0.20951664409
0.260929901384
0.328573089519
0.319003539476
0.364566248138
0.314949183117
0.382148793997
0.256741442577
0.358655107073
0.20551376533
0.339590569694
0.216920562501
0.442886358796
0.314006608806
0.27862735836
0.318416085249
0.252772690225
0.316928141044
0.432905962536
0.245131154783
0.265438444425
0.267264703217
0.234819047742
0.285338989983
0.316172897619
0.372591351861
0.344551291116
0.332649382707
0.207306977491
0.125825460351
0.288351438414
0.239689679339
0.20184178877
0.304777168597
0.296878802316
0.269903318813
0.309694300661
0.317696218063
0.339735680735
0.273129299518
0.352754440279
0.212563454017
0.33114210596
0.317988360775
0.259499734225
0.319866529182
0.348536135109
0.323598875203
0.349353452865
0.306474992379
0.264599904046
0.329424588893
0.42628117401
0.355845796815
0.260870184445
0.213580774293
0.438241173412
0.327916557546
0.372744402317
0.290114015046
0.318074383312
0.275378936532
0.279476331142
0.33494650221
0.210185256083
0.299172216964
0.282971113478
0.246331402287
0.209907903787
0.380407116186
0.346085284718
0.28474351387
0.313117502055
0.298077840385
0.202858578926
0.333195786236
0.383800709612
0.325333525567
0.214471267163
0.26272350454
0.303713787301
0.29510573772
0.376387659873
0.283287592242
0.273913249662
0.283820455186
0.315540051912
0.277423295287
0.244042706653
0.281924574655
0.250309739179
0.268127951867
0.398866396642
0.259862759869
0.376158214241
0.178046987054
0.290054060226
0.266469147952
0.274396625004
0.303927754892
0.266688910827
0.304911565966
0.309728304253
0.312879887128
0.254585078592
0.228758538385
0.357268165301
0.362302352675
0.316619408074
0.437530661087
0.180349076873
0.329815264369
0.316877370755
0.343908188856
0.3335296944
0.391710227126
0.331500871962
0.404552683504
0.36312256949
0.325137782199
0.446590963163
0.384946755396
0.308652392906
0.325596230052
0.269342292744
0.366283740053
0.376571417364
0.327354579891
0.328010700916
0.255716598589
0.291860646231
0.443710603983
0.270098155908
0.255321574605
0.337385958375
0.263164699535
0.212017468704
0.288279558488
0.375581046557
0.350803761421
0.235792573967
0.378686396913
0.30700847409
0.276946281047
0.268724478146
0.355658778575
0.300759830857
0.340311969373
0.220736153913
0.220191919866
0.280962306666
0.289521713009
0.340411106511
0.281738762286
0.309463369614
0.276933206515
0.323470474052
0.411507711838
0.364903840874
0.346251891122
0.264164245422
0.320280986686
0.293847767666
0.302434231322
0.287347880806
0.309153266461
0.355164520696
0.322202493436
0.358464306173
0.250297407331
0.282790624374
0.287026094324
0.24770989147
0.320963152326
0.315881999918
0.320368512683
0.331632811571
0.356461252229
0.230611590091
0.257617208024
0.261593566814
0.316204775021
0.253696902392
0.313328097436
0.272149866953
0.297586083063
0.31909753983
0.267702320358
0.355730477025
0.303407581018
0.277018023986
0.346566361371
0.251344258399
0.372726994903
0.282940101599
0.219701481649
0.263471595034
0.322738471615
0.277967631559
0.309754791334
0.404401981794
0.331452927908
0.352498744796
0.315625096867
0.275740249762
0.197763299661
0.304273944952
0.296684339431
0.420977483398
0.32339011113
0.341376588854
0.254925744261
0.280751879749
0.378217687293
0.306658632805
0.363642582641
0.370894475
0.297543592304
0.395395632469
0.334677042554
0.291238707277
0.302811749806
0.323440204975
0.211997341496
0.241637473763
0.256198545012
0.34984515406
0.326109646117
0.314717913796
0.259699668739
0.232867979921
0.294531486851
0.212692997373
0.325268622757
0.255380582451
0.289016150819
0.202134455181
0.294749290545
0.256173906984
0.260710970791
0.223292692234
0.224068904676
0.319450361871
0.235221820298
0.361516414817
0.339002098445
0.258437236364
0.259129704963
0.33114855239
0.324096465355
0.380883595964
0.417990654659
0.302552641237
0.252298021486
0.286145814593
0.300703136903
0.299656234832
0.197151371425
0.267751337507
0.319086003167
0.33581926136
0.295359593913
0.34467600461
0.272926080042
0.274488287883
0.285604397964
0.290344466326
0.232835028588
0.256699042207
0.317245854963
0.378651960321
0.224444149551
0.212828400425
0.216163044614
0.267434596345
0.279089049259
0.255237084601
0.327166081023
0.30306623221
0.294538166295
0.341371265371
0.308707519684
0.362777634216
0.239182740361
0.251894993443
0.354844059101
0.301121093329
0.278418815922
0.24451445561
0.376114100893
0.351442307541
0.32340867011
0.280690914474
0.305115986407
0.30312889476
0.313532349808
0.309207348397
0.231326058885
0.363819935958
0.229920351307
0.359055859226
0.317432707758
0.246617165614
0.259179198079
0.228401485161
0.367517733048
0.398647749924
0.385081742518
0.368864985
0.254047515439
0.239404571812
0.37592836119
0.351821049278
0.280312307088
0.333493232562
0.335007029795
0.296624613647
0.383295411167
0.437915909344
0.333933202069
0.28239615888
0.275186414187
0.264561960277
0.269362502322
0.242928701537
0.265922362633
0.20177797645
0.243635227447
0.287840970492
0.289100327612
0.322880055232
0.320985219123
0.341963096946
0.259583010501
0.238653052636
0.245608122255
0.25570912226
0.32102573569
0.222147724432
0.315910472719
0.367361585751
0.451585203287
0.257737817506
0.364987312458
0.264818052354
0.285020556542
0.311987758186
0.27448879025
0.414072855189
0.25525011039
0.374726356604
0.258824633771
0.304265199029
0.309552484855
0.368009777508
0.274254874086
0.291335937135
0.423045415192
0.358631743101
0.341995099422
0.227020980969
0.198485569289
0.273731084441
0.435730028511
0.344246670855
0.300035233927
0.321373888796
0.331497546255
0.368256163839
0.348241315818
0.452701881722
0.387142245794
0.247889700546
0.339500545961
0.317670581378
0.248354370426
0.340113891257
0.280874592843
0.361546603268
0.28260423686
0.26346475488
0.405385031882
0.380717016
0.396153402572
0.305316170264
0.391718984181
0.264833485365
0.291810027891
0.325218424259
0.230128772659
0.300586373123
0.282416107076
0.270226161541
0.330609949968
0.281478137496
0.152486297782
0.302435384813
0.21712478164
0.324647162215
0.249495528832
0.33726846441
0.340084210657
0.294319296281
0.355091770759
0.335268086925
0.293547720089
0.367143713423
0.263504633206
0.29379756322
0.401737071715
0.300185373066
0.324426123311
0.334992486216
0.408351789175
0.331328761318
0.324361162332
0.323372666776
0.405154560703
0.308090564692
0.316087073102
0.265858400877
0.312156683124
0.21331839684
0.293916136261
0.287001124207
0.378946190425
0.203329965324
0.319068197935
0.207466887949
0.379209297157
0.288084987054
0.296107354608
0.225877330862
0.282169817237
0.356450943824
0.306676094357
0.27984167645
0.372333506466
0.359410155065
0.30168149518
0.291715369371
0.352849133814
0.410661588941
0.374974276653
0.205038442748
0.284929235232
0.314673122512
0.353098625309
0.249995761824
0.309882125681
0.304805337958
0.331917140896
0.222480597616
0.268757227161
0.347851260069
0.342411470473
0.338767055985
0.281485378408
0.345006793007
0.285422738134
0.216073551608
0.406898272517
0.356549022402
0.390729334639
0.299946854629
0.363512961141
0.272354671481
0.180772430416
0.210675994686
0.283018684132
0.316426563324
0.329267207263
0.264250780903
0.344790323388
0.251011190573
0.290608909724
0.404808702028
0.299841799675
0.259727630121
0.367100786666
0.366987989368
0.40318586666
0.384887061926
0.275080236759
0.325178152263
0.227650207418
0.280892558674
0.265111727608
0.303920487715
0.283858597811
0.302579957555
0.280534751105
0.317738379575
0.246019010033
0.275266307455
0.340723614244
0.279294426161
0.236146068862
0.260811253138
0.369879266692
0.352807653607
0.242964621272
0.325829039642
0.384310151518
0.331084462162
0.244604790066
0.313984942053
0.317834604023
0.277762308004
0.270172558966
0.335012623751
0.282291503896
0.21000594142
0.282092585631
0.276954770189
0.256140342207
0.400880348668
0.364937493093
0.35650380082
0.219423558089
0.319228283526
0.321096438967
0.320223572069
0.326790998535
0.386103478632
0.316965564424
0.243952251878
0.330162990136
0.162633015606
0.229374824823
0.308117261825
0.333382976455
0.271720969138
0.329035708516
0.262754363496
0.285044643166
0.344627075525
0.349815854064
0.239671415066
0.341808530292
0.361613888477
0.309420367745
0.317433455759
0.258103375602
0.213042095825
0.382789896603
0.223673530891
0.228060603522
0.278900904545
0.280819009948
0.324081571184
0.243990100874
0.316135563787
0.295888035153
0.270758538502
0.220417826656
0.318184729836
0.34054885459
0.296991236549
0.298420979995
0.37208373915
0.35122433233
0.32220811414
0.265656103239
0.355757237864
0.236908276525
0.285094107731
0.340956710933
0.213439587242
0.242298486697
0.240794838487
0.255836221924
0.252246607165
0.38760694973
0.241883996402
0.200285660838
0.243967135999
0.335654148569
0.273523659286
0.366038622282
0.29422159294
0.230754313992
0.296017409898
0.289152803621
0.36427519328
0.387900771961
0.400367836388
0.315227934577
0.292294691043
0.265023628779
0.44698985253
0.291087310928
0.245393225356
0.397049231675
0.253174411201
0.23496747236
0.253748208919
0.255494416096
0.244706083554
0.302403815847
0.233535101722
0.259854368438
0.315751752551
0.288998013192
0.329871831273
0.277086112134
0.293485844264
0.253967339938
0.235776777428
0.276373225924
0.28079131929
0.271391136609
0.266190047365
0.300533783701
0.299515338205
0.284484567877
0.266801612272
0.392354107119
0.35858980716
0.221123918133
0.229346319247
0.281929176737
0.264918867516
0.278247707824
0.240684984643
0.310478198893
0.348281250121
0.312624471614
0.317131995604
0.393020115894
0.290806422537
0.319196358172
0.29182142142
0.360143586675
0.39070346035
0.343617116228
0.317828612857
0.318938771317
0.239491353347
0.409182041838
0.290121706375
0.233266427858
0.30337533581
0.203208236767
0.272448690394
0.278482463124
0.2944857044
0.252166610714
0.261272549258
0.396679544127
0.285850124538
0.226850506106
0.321783976922
0.457916133016
0.317696265472
0.38552540844
0.313311488732
0.289340981658
0.338209446405
0.294987753044
0.292220279598
0.304762188909
0.318695688685
0.192345809308
0.229448711593
0.271479660506
0.223463869303
0.364490558591
0.332364377815
0.263327709199
0.289536404349
0.245745966896
0.371304772768
0.411085487057
0.393265443047
0.279689586449
0.343428854997
0.33117695057
0.258227364069
0.230374861814
0.338686014248
0.253955817241
0.210661426386
0.250302250566
0.339505926546
0.276388281642
0.319764693817
0.336004028177
0.287800481345
0.372895772344
0.25661349055
0.271544783178
0.380004315371
0.316031549654
0.28765991182
0.40002839619
0.169528913217
0.293642110987
0.267897606733
0.356157761232
0.351957876953
0.330017981886
0.273340565362
0.238914496369
0.293198377601
0.313741190781
0.30797090359
0.266174227143
0.38742295026
0.272557981713
0.340661773087
0.314468929406
0.246484921119
0.347515961627
0.260426341596
0.351778143929
0.332466447686
0.299744044381
0.287730343427
0.30843249043
0.358255329055
0.204959317194
0.353671987485
0.278193584236
0.355593556841
0.327855697867
0.265163256917
0.187905356629
0.214716953828
0.252876336551
0.223804169095
0.189410022458
0.27858234071
0.227455582501
0.322724342172
0.365474369102
0.299986483126
0.246696252053
0.340732162413
0.214102754741
0.215244980874
0.258565083484
0.363130656115
0.315533058628
0.237439053416
0.282220656853
0.254561077335
0.32194809914
0.316181411092
0.234211084708
0.286643466116
0.250848041985
0.341381618642
0.283330280754
0.383316433556
0.339988206722
0.316922108109
0.23113561553
0.275975866643
0.341275722639
0.24133405535
0.338212838788
0.491215623543
0.363541107748
0.260394297795
0.221356863797
0.201586276703
0.301379362202
0.378969894576
0.343338403522
0.214010128482
0.341653281222
0.358921484836
0.308898689018
0.323449128475
0.145087915368
0.255292138085
0.206883129197
0.268943331678
0.251871220487
0.30172084314
0.350329483515
0.270788231203
0.305597777209
0.299651044327
0.262149086917
0.313154323996
0.273823499352
0.263896010631
0.334206843692
0.191493545145
0.315279537593
0.307742633062
0.370151336078
0.266416249653
0.302522773726
0.263342987011
0.299508983945
0.270898159281
0.296359303936
0.257264361235
0.298786450524
0.29999799439
0.320372343589
0.179076955611
0.276264011368
0.317208382729
0.348264509461
0.317679408273
0.308029159276
0.273973785133
0.369980385218
0.299931234117
0.306452947714
0.30052261344
0.338197544007
0.248598712999
0.271050869399
0.261113993795
0.261556223083
0.288398191521
0.270144743481
0.24060632024
0.27545843392
0.311108792661
0.330401687713
0.21976686343
0.307360786365
0.371384416953
0.264189087725
0.276025323677
0.340793052419
0.270204386297
0.292352730409
0.277179340624
0.338532588829
0.290615048647
0.315896516844
0.242925955238
0.32860154059
0.29908791788
0.261549538812
0.206593849017
0.362957699528
0.202472645111
0.348111340166
0.217400751521
0.371514238141
0.257163078465
0.309809958599
0.386219681103
0.310888258211
0.257337733559
0.285091065831
0.215888102552
0.294968646197
0.353564717685
0.310473900811
0.328592362499
0.35019455825
0.296510955621
0.354083318649
0.248570595503
0.190498694116
0.330085446526
0.221316422515
0.291536582705
0.34254497645
0.300487170338
0.319879847939
0.230697438139
0.349465547083
0.325559706725
0.301595613383
0.270459492876
0.259261770194
0.221606758081
0.215332204778
0.214160217367
0.225079055296
0.353360993704
0.254768004777
0.278739888412
0.366275637092
0.312568555603
0.450596697614
0.24096023358
0.320254718311
0.187087754968
0.310028517352
0.237842935769
0.301492419319
0.230713555946
0.41758507122
0.15383853331
0.363223597194
0.376667734815
0.269464090855
0.334782513982
0.356331420273
0.2557455853
0.370811458219
0.225522151933
0.313691488938
0.336710314806
0.201536843714
0.234288585579
0.229471804054
0.336099587497
0.286407078033
0.333898341467
0.246818987283
0.246142583971
0.364478414498
0.280932265031
0.246846006762
0.27685081635
0.200413345868
0.365300785755
0.261611130757
0.229261072101
0.217859392452
0.267718017205
0.305263144038
0.344062632586
0.387962478345
0.292218652349
0.278624927341
0.281590317594
0.386063988881
0.355086907776
0.303819937276
0.28978252105
0.332597767181
0.300294390517
0.252355561524
0.223858911793
0.186816351002
0.305649954383
0.251665232639
0.246891618431
0.224966041141
0.319589912533
0.273918185671
0.194375719915
0.243642453335
0.276139920755
0.284308261106
0.254674371156
0.363363473787
0.235410829674
0.309660298711
0.330637102151
0.358984423369
0.264870200392
0.278119567812
0.267341139376
0.183456317274
0.352227643226
0.233654618594
0.401477636338
0.326247969573
0.254798082586
0.316030058248
0.300361402197
0.339847381492
0.423207819001
0.304403819113
0.359323843319
0.255384675433
0.291496525415
0.335556956575
0.20780557465
0.391736080268
0.337445949374
0.382691984633
0.249942500901
0.294308309897
0.272627549725
0.235763710757
0.254957977676
0.349800275739
0.303622863491
0.300657235178
0.402976681888
0.276435748044
0.36484036286
0.210522902123
0.309945550587
0.286719233522
0.337029244676
0.368917276388
0.245797298238
0.275910834137
0.145260508811
0.40636123316
0.271285675353
0.338849281716
0.28253078841
0.364001297753
0.282606254812
0.360217177741
0.346514024469
0.237068293816
0.303644889816
0.207803865018
0.409953460608
0.400812960999
0.320228516486
0.289827333276
0.255030946625
0.21190719232
0.198505498245
0.343929562529
0.294856793286
0.259878292084
0.202958148458
0.223577528256
0.263196653826
0.319238419274
0.258107437195
0.305738973065
0.334033088128
0.33754976239
0.287276606423
0.247550638167
0.209890263492
0.283375859531
0.286376007376
0.265260537654
0.339395967709
0.232131382025
0.316719534364
0.261931859147
0.324120325983
0.260306519335
0.314676269973
0.385654742521
0.25333980783
0.29828183125
0.266749145323
0.322514466687
0.352744603724
0.227349931784
0.274513119105
0.283403336777
0.260095985168
0.188320712825
0.358119840886
0.381462646716
0.302465262065
0.343276453269
0.28782505136
0.267927675766
0.327868293148
0.302833311824
0.283831336608
0.220050649806
0.289850297296
0.240428904222
0.328382879162
0.208146512878
0.323235389458
0.30039522973
0.232656508934
0.258951155951
0.220322269342
0.332058262418
0.255881658938
0.324204420932
0.324040950623
0.338502726213
0.300941000141
0.329369589725
0.364148003411
0.218394195336
0.273190366188
0.298036012238
0.353241954061
0.328947867109
0.361981753224
0.322723560808
0.281524199754
0.2970977265
0.268284775016
0.315527014554
0.314157377464
0.411965341444
0.187229190148
0.305528566213
0.288817844452
0.375657081806
0.241602748252
0.304957163724
0.278190144212
0.234624137845
0.399058734009
0.421484504223
0.218086645642
0.330992216143
0.301875222637
0.220719073288
0.260854126298
0.250756070719
0.243558964014
0.324121262255
0.286064080826
0.432776249277
0.274858007739
0.370828546333
0.337707515551
0.304709546662
0.257849586238
0.286901084643
0.323053590397
0.45202422683
0.315552002947
0.251417990866
0.32394615209
0.365509471829
0.324916751697
0.275174670727
0.316803937412
0.364223777116
0.353432116876
0.236921002497
0.247697103489
0.303688806914
0.277600510745
0.358589089357
0.371140062726
0.373388186864
0.362769676711
0.3999262189
0.310411882471
0.334233329791
0.357609690748
0.249548520794
0.283287109395
0.321766401128
0.231245011461
0.246315211396
0.286192058399
0.359496718045
0.266808613052
0.184814162758
0.25392329953
0.257114016456
0.245843915799
0.310314370937
0.401426215174
0.308634853689
0.345493162765
0.215889229125
0.164474596799
0.358564622788
0.338432844142
0.264744681728
0.225197020994
0.271578095318
0.285655213306
0.269588731073
0.256623332164
0.357600294869
0.355264543975
0.371240316194
0.289184443067
0.316350656447
0.363292258084
0.248228539422
0.276794315676
0.268350739165
0.31802864028
0.279217403198
0.283443461331
0.363557146613
0.280788731806
0.226588232075
0.348209931516
0.329910553693
0.249094748304
0.27777293682
0.370418700587
0.250510768876
0.337235739254
0.367276321555
0.306921251264
0.345772867907
0.313877420507
0.350052947429
0.269813447998
0.393954223657
0.324014772143
0.353413669239
0.332270387303
0.23103649805
0.312825853117
0.338146135658
0.30677871769
0.238512389268
0.310778098676
0.361304584424
0.309193502215
0.284141587729
0.275886779082
0.281977086736
0.377811937844
0.290757741855
0.307879934388
0.244355239046
0.265884419049
0.262546768758
0.263019414291
0.338776949635
0.231381050817
0.237503486259
0.315422308882
0.25176325996
0.328977674729
0.301407454027
0.326647956367
0.274872134856
0.257406463253
0.297814001141
0.34274821028
0.367058908185
0.195146574057
0.336572613561
0.351220397512
0.159248541395
0.310210961827
0.260452643171
0.298902905166
0.268907648769
0.276300042982
0.232391228773
0.309051341607
0.228606296639
0.327040219921
0.334709287486
0.343940493046
0.331125581433
0.390106790673
0.27076814064
0.286678373864
0.350867422
0.234844431241
0.282931707838
0.253295453552
0.305634328347
0.284204476782
0.329122702587
0.346874780983
0.212708215059
0.293775914459
0.334285562688
0.251152410926
0.183498615765
0.27172687786
0.380526163257
0.264075448012
0.249235891824
0.28553183794
0.337011611395
0.259666467472
0.33755764199
0.31470294307
0.221231256709
0.230502580593
0.340873247566
0.200232668825
0.197134299677
0.298214453637
0.25336965368
0.256255934632
0.321262528456
0.328268700298
0.257482763538
0.351907635061
0.413326161485
0.2446088315
0.336890127038
0.200093629245
0.307503701781
0.330088417985
0.311267479554
0.318932966157
0.285209274111
0.277935805103
0.287302361331
0.28386403887
0.340704772659
0.283645542186
0.331921742384
0.338987798547
0.272746505361
0.312095489213
0.211776948233
0.330653631302
0.299244892916
0.298310508807
0.292167021243
0.315968555251
0.410647079165
0.378647753558
0.368975837271
0.287059549091
0.28178391144
0.209755833319
0.219849216043
0.333064607217
0.285814092587
0.316155633568
0.341703298864
0.276600586794
0.270505820832
0.340025305231
0.318377349122
0.32153078078
0.251501010323
0.277537871843
0.279423146189
0.34202077121
0.302615684583
0.322079993595
0.39340661167
0.305241648943
0.297123134459
0.344452952731
0.275781013634
0.325533115535
0.198723861058
0.215148118325
0.33529639779
0.302836198943
0.278237287206
0.347042882526
0.176062242027
0.281525343915
0.235778313013
0.303535168043
0.287342942192
0.347561669491
0.308546314476
0.282140776563
0.320408852571
0.239825640095
0.232767680957
0.317625413775
0.272097580432
0.270930118329
0.284336678831
0.331518934436
0.28150205351
0.319675936798
0.33438122837
0.316339903607
0.299227201266
0.278378550143
0.271264358699
0.248227353124
0.245289390065
0.358923442636
0.241709324004
0.271443433434
0.296028437211
0.303116454018
0.28344103589
0.315847638271
0.271579933712
0.25494218117
0.309910732459
0.230306867935
0.349602861428
0.396559222186
0.269723553795
0.358635901029
0.360644821678
0.309885171623
0.312755181729
0.2789074123
0.409366840694
0.271373116331
0.272880401992
0.370139131716
0.239154706348
0.226681268641
0.320156276399
0.299425695153
0.224781884658
0.335711716123
0.318296292105
0.296553595541
0.270844929201
0.284654537667
0.283800116775
0.308171472764
0.302700968788
0.241306922047
0.305382690786
0.287726945327
0.35260946134
0.244285314714
0.287451310412
0.253153230369
0.210466158936
0.201240565653
0.335960421143
0.239874783843
0.359827963082
0.40237569258
0.346245347534
0.17079098478
0.296071861883
0.306101576106
0.289135132428
0.197024752333
0.284835027152
0.281815279657
0.268211829594
0.340027194407
0.298070348937
0.244836352607
0.292263043632
0.378600169681
0.309233547295
0.217975303367
0.294510490149
0.23554429944
0.319330042573
0.333033661144
0.287473457524
0.199080073169
0.239831845464
0.311565681601
0.313579295327
0.401400326862
0.348060810725
0.295488829354
0.298255800976
0.223092401749
0.296588930077
0.324159768352
0.232794315617
0.269561238339
0.402655369979
0.245431045766
0.311388810711
0.244958788696
0.235666092361
0.358447288733
0.273930597241
0.330752215403
0.229629538925
0.326975304844
0.331733076168
0.304464184512
0.426761300737
0.272788421739
0.22109396223
0.18486571366
0.276506102204
0.274486693677
0.307467979757
0.400847646119
0.29553819076
0.312986540848
0.248786167018
0.246342028415
0.173468386355
0.177146767017
0.269865016279
0.307391890321
0.361323190408
0.284478075374
0.224510971694
0.308934596261
0.411642144207
0.311098317439
0.309077755186
0.229480210355
0.329542468025
0.34818534743
0.391659840529
0.312395769124
0.264953153811
0.320865982467
0.298553051756
0.362955705322
0.298174866305
0.316146505443
0.292320377488
0.283454215991
0.24214423287
0.221221304869
0.261448148095
0.365156212751
0.417030260652
0.311018728243
0.180699369483
0.347986020208
0.236808683309
0.31724927713
0.37762203872
0.300819608934
0.339836175558
0.373258995054
0.332169272426
0.289220956303
0.26271398641
0.298091813401
0.224214729159
0.248126544782
0.262297631924
0.236598661187
0.288835183216
0.265068368872
0.274213086193
0.304384931228
0.312241819874
0.181836087056
0.284924905728
0.338414469598
0.244258698495
0.300573150755
0.25922257177
0.362621382743
0.244674963081
0.353750985821
0.500866182213
0.341168129478
0.332806559742
0.296849309804
0.273331763683
0.409394171766
0.32029864057
0.30279043825
0.33384894727
0.307381584692
0.348808747007
0.285917318708
0.246888970073
0.306270806962
0.179856163937
0.3086520476
0.243187030772
0.335252155246
0.272157037179
0.272063584406
0.2957128699
0.371066609106
0.290539395282
0.260594394609
0.333886078015
0.310736888742
0.255930885019
0.335281139901
0.319299776103
0.26852222525
0.300523688928
0.325830365032
0.258441089421
0.32696042331
0.387673783807
0.283288138157
0.296030792527
0.317096977813
0.343011678852
0.31409340078
0.361520285351
0.344764123366
0.257001971912
0.392751474694
0.284199353142
0.302021051401
0.366670268469
0.379160831157
0.281056074884
0.290832857521
0.276466348153
0.356017144787
0.259648099511
0.245249965561
0.234240530277
0.267763960172
0.281712821345
0.281632068457
0.279563216222
0.294686966234
0.279374124679
0.394291202251
0.293915179583
0.328414719595
0.346349833504
0.281190711225
0.239674431166
0.254437826774
0.276318493958
0.290920736658
0.348041475966
0.335442164425
0.344115333688
0.298085505812
0.249729707191
0.266890593732
0.292687102975
0.319949050579
0.35703125782
0.250640282856
0.304396756572
0.299062379838
0.223834614323
0.291822868375
0.250236696421
0.328641285649
0.199352442959
0.224203414638
0.283480017029
0.245043955339
0.252547820276
0.336652372242
0.351368817055
0.323744166751
0.250719151166
0.27677155507
0.432676939479
0.273104635799
0.279881556941
0.267576973758
0.160654832641
0.338363284845
0.456440873973
0.239166089836
0.281128182407
0.283155714195
0.239880765278
0.21631200883
0.294717394202
0.271552151458
0.192728052448
0.326740024728
0.358606790128
0.2562466162
0.296692086847
0.26791632079
0.310894391288
0.243964176477
0.341373238632
0.269778274075
0.22734710307
0.307344804459
0.248310744
0.360933664115
0.29239262095
0.319566188454
0.273804857574
0.265799223483
0.36339173869
0.314300047926
0.354259820083
0.246452403865
0.36116334985
0.297964052117
0.224934430564
0.286058472505
0.190536954331
0.282690872265
0.293330226122
0.236549640359
0.324130986081
0.229115603038
0.210191468466
0.359266089025
0.27521740311
0.520351915973
0.243423522355
0.180674338655
0.389720182614
0.278453427333
0.264678141078
0.408643836327
0.266987559721
0.362467646292
0.205854077928
0.328430915584
0.245754985989
0.419687422796
0.371751021446
0.32888262683
0.184730856439
0.296143470078
0.308583452606
0.309119013995
0.241978334461
0.219488041499
0.290638129316
0.278294146829
0.201557159439
0.278150062225
0.247689394732
0.197563387988
0.238056751839
0.247384078778
0.288085932232
0.361316661021
0.329977279604
0.298317512873
0.263212659293
0.315114832164
0.208909815515
0.281939222852
0.347125197487
0.306038282604
0.248039512641
0.304449573866
0.218657104523
0.357295037038
0.352753484763
0.296274903721
0.271836684979
0.221840018304
0.274218913282
0.309915830935
0.365218918098
0.335311110101
0.281302694777
0.288393250857
0.271917477998
0.249295155309
0.334122055604
0.227144204886
0.293132797554
0.235895714308
0.299753246709
0.328034152559
0.311178143891
0.357098300554
0.295719835439
0.29218718627
0.383423126439
0.252256387048
0.277096124874
0.223906208359
0.260286007625
0.276633787202
0.310249953626
0.290425153648
0.382373430878
0.212884577718
0.241634708295
0.393156679301
0.225926922008
0.322127840363
0.32029123464
0.296296684482
0.2731075363
0.323469524072
0.296350837389
0.303260181507
0.266464447957
0.195382380516
0.292754278851
0.30686601435
0.302396222793
0.275666793312
0.293048932076
0.22444430902
0.342164315319
0.25170359166
0.303730032214
0.353475911781
0.35258959676
0.352009708557
0.220822567404
0.306931733061
0.269420107691
0.201383791301
0.318335762965
0.203949278861
0.378458458261
0.293592213189
0.27132394748
0.223879283576
0.284707080521
0.253003973583
0.366281011638
0.332423540155
0.384656847598
0.271659907543
0.232675072157
0.295063638266
0.216732132682
0.372942346519
0.283698216751
0.319583843179
0.246270297425
0.308263690495
0.280825617702
0.207449511448
0.350143918917
0.233404983157
0.391902487125
0.36913237446
0.270149085655
0.401310988246
0.178477733526
0.246921793082
0.304948470075
0.259605255044
0.394733859516
0.364745229238
0.34129903399
0.379737670557
0.343698018341
0.427265841789
0.31185883838
0.369865442612
0.33222655104
0.436937748403
0.29043603169
0.328498914225
0.287910512776
0.184272783583
0.456397752248
0.304645446695
0.300724092627
0.237507850941
0.303873507134
0.320415840597
0.3585659269
0.407304315466
0.335107530892
0.22895890832
0.29871039653
0.328921795916
0.309543255737
0.263706283678
0.314213632437
0.30840960498
0.279544711851
0.245061638722
0.29242370009
0.347520393736
0.381241041896
0.287088123096
0.277889334984
0.285004602835
0.317069031609
0.325827714742
0.321558933048
0.379698263259
0.246115025439
0.285822540461
0.302051253704
0.272106665511
0.237686089519
0.352307308776
0.229533250585
0.274900626877
0.305111469329
0.274939332994
0.23325153593
0.35526483821
0.309243540638
0.290907864477
0.243665780092
0.238465045147
0.273162788824
0.311443076587
0.229951879709
0.324806417669
0.25120116147
0.326809716943
0.337319815266
0.219359830084
0.296939551613
0.214848301856
0.269808903289
0.316686679548
0.283355459475
0.245095176034
0.284719656065
0.31845624698
0.241525467569
0.265183858691
0.33274803435
0.248506586884
0.253015916898
0.31938109651
0.263144491665
0.261070448108
0.311672113162
0.277006467208
0.252891417746
0.262692120852
0.339195261145
0.351458897838
0.254590823009
0.297816445068
0.298073244456
0.314072016314
0.307776343736
0.419281169963
0.300285278653
0.300691510477
0.342325219926
0.274618595989
0.252760007005
0.268888578979
0.357533673294
0.311025014299
0.382425026722
0.23510615732
0.330300302201
0.333666048301
0.33947734698
0.316899464613
0.318760139757
0.448284939295
0.243478073467
0.252411767822
0.199077555541
0.282204853432
0.304651124554
0.239088593412
0.306824922224
0.338321419787
0.375487646638
0.187169002637
0.195826643515
0.305387673368
0.33038685568
0.453944946573
0.294843427614
0.302881113499
0.285628409111
0.223855699673
0.222711423899
0.288570559116
0.2670130233
0.329437543668
0.35113358219
0.328238569178
0.27798277264
0.235856360583
0.239942914988
0.255611875346
0.294387170985
0.307682269879
0.179966063265
0.303416048272
0.305430636411
0.298059031162
0.286958462803
0.2878450361
0.216333099038
0.254045957667
0.251950979421
0.312134927768
0.350268425375
0.251873860034
0.396251463298
0.299396142534
0.410810458329
0.317805957696
0.400839167226
0.196618583296
0.278232636779
0.342504966819
0.243771813773
0.2942859996
0.316845477426
0.360413434213
0.303019885829
0.192225203973
0.328293196992
0.35037437719
0.36215701069
0.319091630968
0.300947163605
0.309932687561
0.330857242111
0.297471329098
0.374445610351
0.233429287386
0.313487385854
0.289042927728
0.18056500498
0.217386961041
0.235720857615
0.367083375791
0.351994527257
0.286847421189
0.26296113338
0.221677473267
0.341110022617
0.292518689583
0.26052196875
0.343228958684
0.359298294072
0.273298082232
0.242152671634
0.228399397171
0.32528841199
0.341749150984
0.23916897163
0.272751488154
0.271497478555
0.315865303788
0.364787870153
0.316409017526
0.303866751697
0.273777913307
0.377247224013
0.170923728301
0.222726143227
0.422343300869
0.299862400411
0.250939799528
0.299519579085
0.312988344212
0.411786968122
0.251044999492
0.288732275642
0.318182938478
0.286270164131
0.270031630516
0.282838871523
0.369685970629
0.303226699367
0.276761784569
0.284010786505
0.296227299106
0.228864026156
0.300518929268
0.421559915501
0.308321413267
0.294449297103
0.321866847609
0.249546240741
0.356505689414
0.275459741263
0.338141727282
0.296675468635
0.328159734725
0.159056365727
0.249943906193
0.41221223431
0.229672770841
0.441803456129
0.268573331104
0.376252122231
0.281734656866
0.273709569168
0.30598835718
0.263251188487
0.288349899309
0.228637353159
0.181315476416
0.220061140857
0.283878377731
0.226866377304
0.304788829029
0.225453141063
0.35839301501
0.280446942813
0.28719119628
0.257263770229
0.305490888937
0.211328041006
0.295774436121
0.219815675172
0.274491375347
0.348373846371
0.411925147836
0.252434209296
0.369052795962
0.333925299407
0.245459063598
0.297472082236
0.314359005816
0.27689579952
0.198100376401
0.325230174747
0.214730892443
0.224351870271
0.244351324253
0.303986966933
0.374241626645
0.245662761777
0.208382266677
0.309110391687
0.311795573837
0.417055404852
0.22728933829
0.309104608845
0.246970121151
0.315876692366
0.275832900241
0.202059513063
0.257111948158
0.371645588098
0.274297688266
0.252835712362
0.221715734198
0.358985123233
0.333342860685
0.263365760051
0.378046142866
0.310821749436
0.355658920314
0.278307066244
0.308080225576
0.366856752297
0.318402040749
0.321588704332
0.360732466567
0.260951926274
0.31783406053
0.368928256794
0.255364447087
0.227550936232
0.273835551188
0.273733497551
0.289653150375
0.326690681756
0.248216052161
0.343953806658
0.350167201828
0.275203044631
0.273287936852
0.31812132218
0.236312718171
0.412473318585
0.277199517942
0.34334126917
0.26219374475
0.217407423771
0.24886699675
0.257668841292
0.259771430415
0.276053636122
0.287989624826
0.334934423656
0.282187693416
0.288036146237
0.266373738281
0.265769337038
0.311826352109
0.246602311844
0.232428232397
0.291655611045
0.26166596514
0.237862827102
0.312490160517
0.277878263706
0.296106436639
0.291997953878
0.290088731681
0.286245111704
0.298678619826
0.336465459739
0.311827697142
0.213979094543
0.352608507674
0.280259173823
0.347809747991
0.335922342089
0.330450555197
0.214854249985
0.278436597878
0.259621092241
0.343755182694
0.291054258807
0.282498013069
0.238140490774
0.227863727554
0.381752854943
0.342484610735
0.266971534397
0.274205653451
0.373206636949
0.253711226797
0.237138868542
0.366104415
0.240375901075
0.163943472585
0.266811284136
0.32207998007
0.28067317044
0.288159457325
0.255509723782
0.296103484845
0.259776113883
0.328135372785
0.297155492926
0.290468926553
0.39435411513
0.374733546207
0.290320981607
0.296057700161
0.202494168037
0.231667708249
0.26752517869
0.330169927968
0.235978729603
0.314833500926
0.306105369235
0.358031997189
0.33680290332
0.261796824567
0.355296039498
0.286246180501
0.371022536401
0.349860678678
0.269796358948
0.289358753546
0.231317101185
0.341430746854
0.355311777857
0.182252519229
0.296185823868
0.339945463054
0.231463070167
0.285721922959
0.259913431341
0.383210893093
0.261772518711
0.257496815253
0.280025079656
0.293567479659
0.279564888141
0.333824013865
0.297275704546
0.355470905323
0.264422083139
0.270581958768
0.374729188406
0.323570617263
0.403222239548
0.286133076321
0.301657962684
0.436506800984
0.415320406774
0.296804100602
0.227179106777
0.252536838309
0.311407387287
0.348478526873
0.278150286935
0.261801608009
0.373046081363
0.367725785169
0.218443738037
0.273517935062
0.426411061474
0.269284984866
0.275567199564
0.339315877597
0.313290050524
0.314426901947
0.237083559555
0.369730662848
0.245531987005
0.39010820515
0.284256602103
0.302431467645
0.268660591368
0.252366144007
0.302084308691
0.313976408996
0.285159986835
0.260007503317
0.376099241831
0.267743545486
0.323182265933
0.353068357672
0.242789463618
0.311207426442
0.288993821668
0.237454048418
0.185633923553
0.237571959278
0.281436154657
0.321628414894
0.276692596273
0.378546670171
0.378651818344
0.277584553379
0.290173806927
0.246392029752
0.229854588972
0.298973532196
0.332300753539
0.204651861904
0.237662424243
0.233647242831
0.238746497465
0.334338601943
0.314605670964
0.30977157496
0.325309480817
0.341364900352
0.343289788871
0.343556226498
0.286989132823
0.323040916603
0.297899085842
0.298327039044
0.395439361826
0.334653982522
0.216276957285
0.197389577901
0.255132001618
0.228258914205
0.264647283136
0.309822600785
0.250506190715
0.249192278921
0.240186169052
0.350772842291
0.308177309127
0.318574430802
0.244152097307
0.326182019381
0.251441133511
0.289104118475
0.319961033684
0.288625386725
0.333665314077
0.25783424486
0.340014214925
0.372891629945
0.258086889628
0.340899406547
0.271746586915
0.326274789995
0.39947798883
0.279880681936
0.41977057007
0.212394041964
0.386822486653
0.353730032984
0.307931289852
0.322660534568
0.268303753383
0.267117041561
0.282763920251
0.354979644086
0.331486137369
0.306094902375
0.295268262485
0.275702529262
0.279205983905
0.384119772116
0.350768229584
0.338362992673
0.301022525491
0.311435173397
0.349860343365
0.379380476011
0.322856660202
0.281239680013
0.294904556984
0.23139369336
0.386242399885
0.309017407199
0.220401164904
0.314689006266
0.263295572726
0.304246162477
0.285938757563
0.292434150357
0.471157070871
0.249992630784
0.199153991699
0.309452601515
0.350708674192
0.317148162428
0.408570193131
0.33687809249
0.277838414583
0.30679387788
0.369914957953
0.329361925208
0.300680059471
0.281434452557
0.417566787465
0.37743591999
0.3705319149
0.340528242299
0.260264646257
0.265137928118
0.317553713443
0.226658717386
0.293803414882
0.260798590052
0.253554085062
0.294950338668
0.329464430341
0.232143519141
0.286575307707
0.291305332331
0.32708901384
0.307853320961
0.230700342739
0.278496802412
0.235170601608
0.260119465183
0.312677570357
0.219261195405
0.217555720115
0.252456279207
0.308821474004
0.280577279272
0.275055004371
0.33277419369
0.302356628399
0.351746820288
0.378817612332
0.387012897902
0.31901112743
0.406765712454
0.359925269831
0.29695809352
0.416902960386
0.305236066315
0.207261058102
0.372940790204
0.329696346872
0.23574779326
0.271985418292
0.32807557097
0.292882579437
0.293061748188
0.447608139221
0.29080020281
0.381175904467
0.285336223564
0.309760375481
0.363172371087
0.314403414816
0.341499478357
0.30707083417
0.343824093429
0.19606440198
0.220515715324
0.284272103685
0.319623527418
0.301336350586
0.311068494845
0.3094661678
0.35704666002
0.335957959522
0.379129354531
0.294175555339
0.375870163905
0.289223900597
0.324934651605
0.271868416608
0.375207449732
0.283968400956
0.407213114725
0.351828700462
0.308269449181
0.237857995922
0.422069159681
0.236373783559
0.29402444494
0.426384169893
0.314114109359
0.329696549414
0.270189109467
0.401943056046
0.281038903864
0.2902166668
0.249300983333
0.281436654277
0.339721269402
0.337828943974
0.298598270259
0.389464229659
0.351361972548
0.326548854636
0.376164275828
0.257137714756
0.287958816186
0.348314298273
0.237226698781
0.230607375864
0.298117363797
0.318346432566
0.28833528471
0.347168099335
0.251308426924
0.326691944025
0.266874123763
0.360694463146
0.320192583442
0.372929136455
0.329350410099
0.247198143276
0.311795063248
0.365419556067
0.323361345217
0.236821438832
0.271683270974
0.329256248454
0.380963186089
0.361341265761
0.345845745129
0.295668268618
0.216799104934
0.285905475333
0.27530250902
0.339443893741
0.346523040631
0.418316352981
0.35418921134
0.366193992303
0.245403814975
0.250209633186
0.314279935122
0.363716712914
0.267159770966
0.278802059349
0.291597797101
0.302837300714
0.281882360396
0.34800182134
0.318799815628
0.308576649312
0.332185734808
0.378365473259
0.378232242531
0.376192719294
0.263685630896
0.268611561287
0.343442797435
0.324388330456
0.24253450779
0.277083044291
0.229477406001
0.247695821751
0.330134948074
0.254291925448
0.276321757372
0.18474356267
0.410423730969
0.269167776005
0.316140540841
0.234524543756
0.284478714558
0.357380366489
0.337522932762
0.307538054876
0.30378982706
0.414956550951
0.291024225563
0.375866330923
0.22522101968
0.341237610672
0.312300849151
0.232924841905
0.29649295478
0.327791999679
0.255521724282
0.317041728747
0.365721077361
0.336902508967
0.30258254317
0.30466742337
0.339757806681
0.299014990409
0.377087146358
0.415548628316
0.209943054691
0.243004934669
0.24013781224
0.302601063819
0.346876769117
0.380528255763
0.390626300445
0.300087713695
0.35399162464
0.344049455378
0.251169285555
0.279911078689
0.25222808662
0.375663467595
0.274752330297
0.332044310294
0.302646979139
0.244024826923
0.29163055179
0.337339217849
0.350769295516
0.391506335101
0.319945072886
0.379140945677
0.318239684716
0.320615291664
0.202697019131
0.302193645972
0.305984765548
0.263293020921
0.38547973857
0.316755669393
0.252516379468
0.347926649657
0.389632249613
0.286245912616
0.320194464107
0.297152413299
0.19161535648
0.281241686764
0.261230398787
0.304939279726
0.327338645773
0.361744888714
0.294052000511
0.312123269868
0.257812602894
0.341118789665
0.272036756975
0.307106656715
0.273782291014
0.319612546299
0.30319721414
0.298433916796
0.386446312002
0.338824899134
0.34137363544
0.280049183113
0.276342699027
0.318078466616
0.279908307422
0.346771534254
0.329010310426
0.315205655146
0.388613982201
0.337628994493
0.358364979402
0.313971708434
0.362442350494
0.357371081818
0.281263178693
0.301402785945
0.29391378172
0.321327937548
0.312910467505
0.273646311656
0.330829925241
0.284378159435
0.290746469387
0.217044431903
0.267214468635
0.260575258186
0.218301943019
0.236082262481
0.280780812467
0.31432245796
0.287846199203
0.241958947602
0.351714795302
0.172969012113
0.385851654907
0.33951399593
0.406996341243
0.328035226783
0.324731799654
0.294442191388
0.30194524848
0.318590654509
0.388862412101
0.312745740072
0.388091206042
0.326816154164
0.31467287768
0.237979838353
0.267638624995
0.368048162256
0.322779849582
0.255960338712
0.29258940598
0.304566411365
0.352999496041
0.252260555412
0.312756856509
0.302193886735
0.252519043002
0.360893449586
0.312277921438
0.341083427754
0.334324423506
0.341868398895
0.325154410806
0.232766291859
0.232978439416
0.277283114398
0.310722832844
0.268140395161
0.286676585508
0.355371857869
0.338967842193
0.278442486531
0.349603786258
0.264193953107
0.282558329197
0.240623834725
0.38447650392
0.245189431695
0.263303564815
0.279107328869
0.286293789135
0.423371743482
0.401068643047
0.369449756833
0.27480889307
0.347978727861
0.337935554708
0.399510704068
0.40786482295
0.266856944453
0.268708571879
0.355610691787
0.31990360402
0.317692371564
0.265585375197
0.310892070673
0.342884930471
0.372249170731
0.338660600316
0.317084001239
0.420884043513
0.294436386204
0.374781828465
0.244851243237
0.32387877982
0.255514274632
0.390344657521
0.294966392729
0.294341137467
0.306256415977
0.343293013454
0.277129154965
0.359632097664
0.277850023099
0.306903877486
0.330081481631
0.302556450792
0.29887873371
0.371421272804
0.330713177332
0.359019888562
0.283707119454
0.315752188606
0.357019894509
0.365812658492
0.365095188384
0.287425863679
0.283158114872
0.35254928974
0.305107301206
0.359043013759
0.30646675551
0.272243936044
0.344933186969
0.319795430934
0.256787913516
0.366893163584
0.355965560621
0.279275369455
0.259824677821
0.253807946013
0.325134940915
0.271599722171
0.301217149766
0.421468262233
0.385030798612
0.392386357896
0.258682199292
0.250966424952
0.298929546302
0.305793330604
0.394361156281
0.238103281105
0.3857170134
0.334031117239
0.252482842637
0.250131300674
0.35380364225
0.321691497199
0.393328080876
0.233277377996
0.288382251278
0.333477729447
0.378199077103
0.199577510164
0.237893575538
0.323156727147
0.310882136006
0.314902319339
0.280303587477
0.24635195955
0.251579442614
0.329149492236
0.309947744151
0.272480917645
0.249617350221
0.247528485842
0.311912875263
0.337063260434
0.345490812084
0.300926399143
0.295948429592
0.283249092842
0.290718359716
0.324373927178
0.316737059542
0.234618823218
0.30845789195
0.312523986354
0.302224331667
0.274887940448
0.318248940173
0.226751622531
0.297347149327
0.321941615556
0.349352452595
0.362998846143
0.254456968599
0.377912514863
0.29163619084
0.294262233869
0.273298622506
0.378821670611
0.148533889106
0.325985491401
0.342652856432
0.332416774612
0.314524418271
0.224742876831
0.210785027212
0.322966024177
0.299572158951
0.189499653249
0.303425354401
0.277743593615
0.301183788667
0.379386416584
0.395162250209
0.311153125036
0.307092113144
0.278885325654
0.264515595169
0.296217557171
0.201568142099
0.282548934864
0.406948254183
0.354953334179
0.290199152909
0.319351950406
0.278185761421
0.417038424245
0.291448955087
0.328462736946
0.205011570816
0.290509310755
0.277549507808
0.291265484729
0.301324458057
0.310543141723
0.238003176944
0.264212424073
0.350542049028
0.347978930287
0.255392884297
0.355015590144
0.207280943687
0.255235965627
0.276505241735
0.388722762705
0.327540918475
0.229213296667
0.315737278155
0.237734336387
0.233766796102
0.287160034347
0.272991859247
0.305857361295
0.355329962687
0.286655926882
0.272911331405
0.220071833788
0.330887820386
0.241187624212
0.268386609506
0.297762917344
0.337820390875
0.321265228148
0.306191250188
0.237851612822
0.222595598187
0.414918789393
0.299142754987
0.340209724569
0.287684607347
0.328715114653
0.299648628763
0.251316892413
0.299255056754
0.277876136814
0.234095811609
0.232571806592
0.32704402703
0.325081982235
0.368480169598
0.305883122702
0.261602201596
0.328531396522
0.311213289534
0.327527088775
0.31388160802
0.251206634007
0.32127345579
0.297231833076
0.376500677751
0.240813132922
0.306785566282
0.221375953918
0.307403017403
0.262757017147
0.311367730104
0.366446085394
0.326430740575
0.379162207811
0.261366660498
0.292759944168
0.341770192786
0.220531364727
0.323002621234
0.267083181929
0.294325190733
0.307603310577
0.275473927025
0.292511683872
0.292577785157
0.233158400095
0.295377493228
0.358734706915
0.323009902128
0.342592138425
0.259027048725
0.346422002163
0.370852535239
0.185653664189
0.262206711138
0.246045420608
0.312258654016
0.233385763478
0.344171619107
0.236710276914
0.190760460595
0.287357191013
0.391360123801
0.225908858664
0.402264334868
0.218829380139
0.300340186532
0.299886054176
0.337863976436
0.295598578606
0.339182862937
0.325503694321
0.337426744457
0.317770091098
0.270761267041
0.328138287185
0.366037630189
0.344551748101
0.323800230925
0.33862083458
0.316414442036
0.28561338611
0.256909440063
0.366658556552
0.273815036849
0.309026902509
0.246574076244
0.289619077954
0.268447779192
0.374743625845
0.246457678541
0.308657820643
0.315089595811
0.327407943317
0.314815504295
0.248606578738
0.269898556726
0.247104138215
0.310257656105
0.275484502133
0.346809037559
0.152964408249
0.315178362152
0.302811419481
0.334082077862
0.257352973777
0.405379050371
0.25683947409
0.328130033032
0.280077720909
0.263126076916
0.338133952045
0.376803415612
0.294384911693
0.27275816604
0.273555419968
0.274848359225
0.215864116853
0.347441770676
0.274276276834
0.276177818151
0.287328202124
0.316978311999
0.34485975233
0.313703067217
0.290547456051
0.338152017814
0.393235950655
0.286767861781
0.261736205059
0.354565825832
0.351275990113
0.259569280789
0.311924603668
0.366851498895
0.180298496236
0.255848657368
0.212279024666
0.243685603363
0.302389530617
0.276341256321
0.328502975138
0.397087754861
0.254870365645
0.27626237949
0.23465393069
0.38184937409
0.408641824235
0.35339467645
0.25520206225
0.19906446782
0.251471590389
0.270555678164
0.302806879198
0.26701663004
0.279253639253
0.311275496347
0.230609371899
0.283371619876
0.324165770729
0.28716290365
0.243365745166
0.291835938366
0.328977859586
0.289275901041
0.312686133973
0.361970085821
0.211131547904
0.306031534765
0.290081546064
0.419642190663
0.259798708564
0.259435898792
0.185980572546
0.321586168236
0.267998199427
0.264600308383
0.38581356231
0.397320141853
0.478251740941
0.292690624726
0.390268042055
0.263132201618
0.309893870001
0.269523128937
0.325369081636
0.376439391355
0.233308529725
0.345342018431
0.305317325731
0.386624075038
0.297710049046
0.320545276778
0.353283997435
0.172126016337
0.313596779339
0.375030878971
0.231601555118
0.390794305545
0.330260309841
0.33308685417
0.268434946905
0.32969348927
0.352394304369
0.20216867287
0.338278433908
0.284301539768
0.345745999354
0.305347593939
0.270101065052
0.355445716093
0.276449742649
0.262461431757
0.294687935357
0.349930472837
0.344706052597
0.347227108677
0.250516433906
0.281909781293
0.334790594508
0.388000023784
0.205048623738
0.30260411497
0.301747992901
0.290280836489
0.249110266722
0.251215473186
0.166167503474
0.259459072635
0.332166893496
0.312073954752
0.273889924319
0.291946964226
0.311406604373
0.285767329821
0.224483026763
0.317926662543
0.281434005886
0.276500922935
0.226445811047
0.246376555937
0.344395634466
0.316141692244
0.29647513872
0.330615694483
0.343983390775
0.238453495674
0.288030135891
0.373003802492
0.304198870432
0.304993184827
0.248201847088
0.253879151763
0.226008362364
0.321105076873
0.280078348747
0.395633885623
0.305626634793
0.391139338462
0.372799676494
0.401900747025
0.311292699749
0.35321610586
0.261566573674
0.39169270257
0.329234780911
0.199328073206
0.281945406699
0.25855140183
0.263117914783
0.294070654367
0.281747497007
0.381759716722
0.193844149039
0.317826336597
0.318405711851
0.227759691857
0.375639948522
0.332449400735
0.250794686753
0.256239328118
0.299329321912
0.398028930353
0.270910908382
0.367860213958
0.305808073916
0.301768066437
0.295637690898
0.319539831907
0.336488806258
0.354901030411
0.299898474847
0.27081225472
0.307663729818
0.277351782362
0.245782763925
0.290203790985
0.421486889247
0.290674679602
0.28681721859
0.306106409124
0.400237151418
0.370634131468
0.323230076892
0.338401927683
0.28723826336
0.277208835555
0.315809980344
0.427148736771
0.357281893454
0.330502604359
0.347694962854
0.184140662709
0.272966794133
0.351080313588
0.242932981576
0.330091739804
0.329525794813
0.262165949996
0.462337634115
0.230650832781
0.263813218183
0.283503632327
0.279449238287
0.185843422187
0.282300052946
0.347563770455
0.407828092371
0.328654275264
0.316398527807
0.228698856358
0.227750704317
0.234391701395
0.212180402543
0.354246113203
0.25321251325
0.315176453167
0.379842290296
0.255118594456
0.26447745617
0.337311336645
0.25782586096
0.263175095016
0.305090869818
0.418166816158
0.240123083199
0.272293056779
0.282322051756
0.301331204353
0.271651332836
0.270486491592
0.370520760179
0.290866047823
0.210469424328
0.23651786039
0.289112164086
0.289178971943
0.291759143021
0.210049656548
0.318497705504
0.27178984707
0.218445335736
0.217627703907
0.370010894168
0.347938569736
0.345058264361
0.316153928835
0.299043391133
0.231848885129
0.352993192745
0.310446506362
0.298816763081
0.214149273885
0.239482494022
0.220400135938
0.262523605647
0.253311642052
0.275679280882
0.305263754633
0.32350058403
0.231634614544
0.338429645913
0.268335442875
0.35625097504
0.309522082812
0.312699372252
0.347484093186
0.242843576689
0.220058030868
0.263773725235
0.28207594474
0.317132489367
0.307188923279
0.288031391922
0.314833192758
0.283884519423
0.354364102498
0.267031128116
0.241127028565
0.207333023436
0.289224528976
0.349203467173
0.250650266562
0.178968651964
0.349894904963
0.350328928582
0.343247001887
0.241463108934
0.235282265032
0.293848222874
0.237530992197
0.240783111585
0.295295988164
0.23829037543
0.260969312691
0.262373030265
0.375554483655
0.315965723318
0.328711018977
0.401977581472
0.310264208771
0.376448037719
0.269194682762
0.311060375338
0.346738134261
0.390959790357
0.250917141549
0.295717541015
0.437018300843
0.266197566356
0.411681932124
0.339411750156
0.262488846849
0.258227978077
0.303594121671
0.270201666313
0.32658880296
0.276103555913
0.444794143057
0.287479221643
0.291930791971
0.245840659252
0.313828645687
0.34653324568
0.297420218796
0.276563100559
0.262063063798
0.334100192948
0.396657417622
0.379953725086
0.239337093464
0.251613229837
0.363327921159
0.34640074624
0.331247111197
0.20796686131
0.33941910438
0.330805065732
0.270296834923
0.281289914334
0.261733640949
0.263840607797
0.318880717154
0.341097244988
0.253933170386
0.282464148058
0.335940664328
0.222881391723
0.355388511335
0.276676822251
0.303966629933
0.287868760518
0.231698721007
0.349953431447
0.348755986909
0.325094469529
0.399890953487
0.35216747294
0.216476400289
0.285769799364
0.36648236312
0.257419913467
0.431249773809
0.334637659023
0.213922166477
0.30237164141
0.311083859404
0.276840167476
0.342477928349
0.235806473215
0.20918110468
0.239949171574
0.390224829364
0.214956042972
0.331569616248
0.285693167464
0.263095760292
0.255419150884
0.299023476301
0.310650344405
0.359634893992
0.395016313151
0.256317773524
0.268703654999
0.28347852681
0.371801176133
0.402213408018
0.289258335594
0.291747283993
0.241663236233
0.328040707979
0.23790890473
0.432445329817
0.261348083637
0.321191229307
0.298883079083
0.310681170173
0.272930900184
0.323274457262
0.319221445953
0.344274467483
0.238545471055
0.328291590998
0.33513307908
0.310366046549
0.244363868103
0.314193134587
0.296638144162
0.344242068358
0.250197644993
0.334109759543
0.307816400794
0.320610005945
0.289805779301
0.281934384023
0.383868821548
0.360143988045
0.301927139886
0.262529667127
0.298453629879
0.277172741811
0.314122557126
0.258704066898
0.239621165468
0.233166845593
0.303958419258
0.21355191593
0.25073007114
0.295038027852
0.198040927742
0.36454681546
0.354700495635
0.290097149748
0.378047953095
0.465308358266
0.202517589128
0.446948292745
0.303399222609
0.229712435487
0.376629256872
0.262216458559
0.293837563144
0.370496090467
0.347561167258
0.301361410968
0.315726686209
0.252425950447
0.286835205288
0.268832251676
0.330380921476
0.424340638548
0.340002267946
0.267079972385
0.213066572738
0.320233905301
0.333707359993
0.393112495065
0.214629498737
0.334867850514
0.272414131078
0.340381478143
0.253277319293
0.372652413492
0.320428368054
0.318980418102
0.377344035832
0.304837632171
0.34034700623
0.349896625114
0.185150141294
0.234262371024
0.348256875311
0.322984486514
0.317876947321
0.344133213108
0.360873595375
0.272025544216
0.350381839585
0.220218141819
0.315598862244
0.347163530825
0.321474923973
0.343310210595
0.317315616146
0.259752976736
0.280676590796
0.271976765098
0.336792748665
0.295628923316
0.294343850549
0.329793649715
0.301630150942
0.368114121832
0.320616080377
0.415183705336
0.355885389397
0.318622108993
0.315975541888
0.377710261347
0.324882171667
0.232924257479
0.329063190919
0.362792918356
0.295851649207
0.312100791894
0.265636775676
0.253708412537
0.304331589784
0.319090633873
0.347211584325
0.35834237366
0.230613920274
0.321153786317
0.27916225073
0.263805491695
0.291651083931
0.345686952476
0.375622075145
0.324963285657
0.359076413569
0.247871837529
0.316691487082
0.286604729756
0.217658315344
0.284525586167
0.349165710141
0.306323640223
0.420454249077
0.351198739
0.224053534463
0.346686402736
0.242614571122
0.250747679745
0.271159376179
0.2833437782
0.26072520323
0.287026940488
0.244485727952
0.238119166047
0.289314179795
0.246233843824
0.391052609234
0.284886593608
0.372453896811
0.306271413371
0.270919439888
0.283738309149
0.298587068476
0.305513176861
0.264872616302
0.282430552222
0.337701317016
0.249849643126
0.174441431117
0.267941073465
0.235202435001
0.324579967135
0.239512259775
0.260914503378
0.322289817436
0.277426046131
0.277146643397
0.287785604911
0.300045583166
0.374442573478
0.303394062074
0.223015204415
0.237573869144
0.330902599875
0.368579584613
0.262400068855
0.280171126826
0.270723394174
0.300892159318
0.296660442109
0.314413051685
0.2589476703
0.334517754984
0.360589754821
0.39059627832
0.401792257574
0.40370410011
0.310603575304
0.290796733832
0.261136680144
0.354394836382
0.264388015298
0.263431612175
0.236413678703
0.294123870611
0.360445917917
0.359643271247
0.229792368581
0.4055985818
0.344591672009
0.394608291678
0.243400000989
0.328579479997
0.32848829399
0.288996321203
0.319603430892
0.281655334907
0.331724735693
0.291136060971
0.323936067037
0.229073401231
0.287229353172
0.256408896504
0.260985370224
0.338944903936
0.332160857511
0.401662324714
0.274753032075
0.364050036361
0.227785820383
0.295236181272
0.286090744228
0.367865262752
0.374054307537
0.251610901243
0.316448015717
0.345426371976
0.321530192562
0.330989515725
0.330377245709
0.266566480008
0.280339979363
0.384407484813
0.48453674555
0.249493585392
0.224577205281
0.398714256243
0.339712646704
0.176431870408
0.264058670412
0.438698053699
0.362593388497
0.378695752706
0.290514849871
0.253748306733
0.266142803632
0.253666244353
0.214943581469
0.353358527345
0.294122006794
0.197725828172
0.35135641599
0.357334904044
0.301013266708
0.351081184164
0.391858895071
0.344437380551
0.306482812893
0.300374748765
0.360636121907
0.269914976299
0.286428121038
0.313276447634
0.348675820932
0.258456314667
0.363624093488
0.303535314689
0.383689231485
0.36675447254
0.217614910034
0.357014007895
0.22877337089
0.231274451389
0.338748891321
0.270020453219
0.276798054349
0.26299791702
0.296665002035
0.299368578603
0.442233918616
0.297514063269
0.310196922666
0.370560198494
0.289110398044
0.415918018429
0.304351105194
0.286711351004
0.437298731529
0.339732588454
0.203414127098
0.261951394598
0.300954393549
0.220889059851
0.417463685267
0.268031193335
0.3132711523
0.226139657859
0.297917139212
0.295928031137
0.403334892622
0.394561601236
0.299562808724
0.286549282967
0.268429634411
0.282531867247
0.300196529476
0.331176096569
0.258132371799
0.308423535702
0.353167048794
0.267999474837
0.301823532238
0.282503586068
0.246508287999
0.295222856308
0.278539036511
0.314310421595
0.278281464709
0.278828377923
0.191788636929
0.367084014176
0.230891450719
0.430308725282
0.26934082413
0.308606827518
0.324444305589
0.36713989629
0.311276721052
0.356466846584
0.33229576037
0.401991416703
0.321135115432
0.294233165689
0.447443534939
0.294704696653
0.224100783935
0.25325243726
0.259250552385
0.237621891577
0.351225029296
0.210388739277
0.321646644705
0.340542180352
0.383988180241
0.292281346011
0.207253982913
0.331611858806
0.289163188878
0.239425079608
0.379780713543
0.207713260858
0.299489849044
0.247093244227
0.245189384222
0.349331094463
0.305035710216
0.246117953386
0.337279880598
0.233878550693
0.307594166253
0.342584939425
0.304511027879
0.268127402218
0.310449919858
0.249172398848
0.256841474226
0.23548105623
0.360496606268
0.278000228196
0.392529033763
0.265621389404
0.244597142131
0.221345379077
0.301086925199
0.296275163601
0.287295946725
0.305632148865
0.283274535826
0.264042551207
0.46259191257
0.289563305593
0.320515140972
0.37766121692
0.356863400739
0.28621918828
0.321631419935
0.291381387356
0.174530004228
0.340885773551
0.331943328338
0.252598271848
0.308350918156
0.335846606499
0.290417089053
0.286858118906
0.383580578917
0.284860020375
0.336826112509
0.296992082817
0.369808571573
0.38721795997
0.257266451196
0.27453915944
0.291097464716
0.288829269007
0.327820107561
0.306692714283
0.346872305259
0.282975475298
0.33741791055
0.213216705206
0.387942673706
0.34782688181
0.297372961549
0.295367599351
0.275796308511
0.243713868494
0.257796533774
0.249958903143
0.373100057018
0.306478993398
0.248172777878
0.303905629536
0.338428196318
0.253204844865
0.229586611111
0.415597557221
0.364685417347
0.381968733128
0.182255158005
0.276327363606
0.24567096904
0.234250417147
0.265670207441
0.247518090929
0.345413857268
0.218144884032
0.36311023827
0.317865367372
0.293258169258
0.302930895225
0.331931666319
0.230080865249
0.412769392823
0.315806310431
0.24739696472
0.321527556768
0.291836619511
0.288358077809
0.270776849538
0.330400495255
0.296316026637
0.307090050353
0.294672738247
0.252288446243
0.284478357372
0.336950521001
0.328720567093
0.354502602846
0.348675609388
0.205167098179
0.32206024024
0.269416759289
0.305402120558
0.334995864871
0.3839978821
0.323827627876
0.33365935478
0.28196110161
0.255247482151
0.270695661821
0.295208679238
0.231550654627
0.276525793396
0.325849588235
0.283081759904
0.259569501563
0.187590093116
0.231956217256
0.338867181621
0.341878268288
0.220719678952
0.361282893219
0.330277950193
0.452517734705
0.297955774501
0.19870216556
0.282821423357
0.28499412364
0.274617970866
0.36439991035
0.345686071933
0.345046934299
0.359171488971
0.29130541943
0.271348066321
0.340919399899
0.320199552234
0.28485705432
0.341045345687
0.262274947746
0.387166771562
0.286302282087
0.320888182972
0.319397745963
0.415437384307
0.310041922356
0.388207374336
0.349816087415
0.313879969955
0.376587565428
0.352257082896
0.362432826407
0.320859733995
0.276078098522
0.290042555595
0.342337932404
0.330209595662
0.386855911082
0.37512702623
0.239477970225
0.319935589021
0.294137322595
0.238244256477
0.269563559911
0.368293294296
0.301359427244
0.355447740951
0.313697634017
0.239719438286
0.396638852766
0.332293941007
0.325116161614
0.289672307179
0.308455025349
0.378575030414
0.29390000674
0.357334412638
0.258962800475
0.286437265425
0.251692504574
0.352844825564
0.27063989316
0.314639625242
0.336149686917
0.280003794522
0.3075528101
0.357650292711
0.309177202026
0.287432800255
0.328120473721
0.335947798589
0.376660824468
0.307421065203
0.264949523833
0.317456378292
0.332268400841
0.295072166083
0.241474364205
0.267633904118
0.207661403162
0.340107971426
0.321847549384
0.122758147797
0.276239096749
0.223365447813
0.216181624759
0.2502159705
0.317731147684
0.343195519039
0.252103009048
0.267820826683
0.368976301887
0.28256213917
0.385723746368
0.335325665299
0.331945512278
0.159074299516
0.246834560462
0.309829319135
0.395169853026
0.249768421001
0.210385640515
0.264013883394
0.308739541326
0.225897396515
0.278530796479
0.380614226836
0.275693420637
0.238310477233
0.313485076094
0.216173355852
0.405429857025
0.247067922906
0.235447192309
0.315552616732
0.366838427128
0.311610312539
0.328551974428
0.262964998924
0.285341779368
0.224588703134
0.254796445723
0.237897629487
0.251933737034
0.336794372124
0.243306103379
0.285695865674
0.377928229407
0.321917574939
0.338131776091
0.267540104316
0.2918104744
0.228359149887
0.411442071384
0.238865288376
0.18727689391
0.307526540017
0.279414003145
0.309830617991
0.381537072613
0.36941254633
0.208272012805
0.334671935589
0.246283247286
0.25478815611
0.260492706689
0.287792913191
0.229958012888
0.38601209873
0.259444602368
0.307594946414
0.294103666873
0.396347522933
0.25801978008
0.480215719316
0.369751162899
0.317883043468
0.336093588147
0.270123242921
0.264230811998
0.350652878638
0.37341161882
0.225323980785
0.453389725113
0.248063019453
0.262687861979
0.31937873379
0.307244160113
0.304285807242
0.324488706445
0.292199873568
0.294690384629
0.277568355599
0.225817928349
0.241394559752
0.349417851153
0.399942434106
0.216730795153
0.293042267859
0.39159337076
0.324223688947
0.359751492234
0.286846150859
0.27499131783
0.241759254283
0.249266994629
0.31602933509
0.365104204
0.273486338783
0.229268492994
0.332954562487
0.336090643168
0.255685668792
0.370761299487
0.361181711853
0.290264974004
0.273661130405
0.230637219598
0.24580827482
0.287106316213
0.267611028273
0.247901218041
0.276127600991
0.36742987711
0.339374864307
0.329216700701
0.224012506032
0.227457940181
0.29122163648
0.367383100177
0.273840969223
0.399010084165
0.293561919257
0.237554176954
0.31351082633
0.208276063366
0.36804996896
0.343846845332
0.267491991654
0.327399678507
0.220912599715
0.298654190258
0.254257293723
0.404145802069
0.281598221189
0.237789261399
0.288407617698
0.235998604756
0.272291919617
0.235188151816
0.267278639286
0.238668088994
0.244942168052
0.296316908389
0.300710282549
0.28184543992
0.414131155195
0.267465249866
0.344820345496
0.265875570299
0.247267693122
0.333400266447
0.290472265756
0.269233635617
0.330143450921
0.37024907841
0.230633411158
0.334743714236
0.292789095605
0.307174884676
0.325024499521
0.355880243816
0.298492652898
0.233236548672
0.211678176878
0.296117166993
0.316889462764
0.296578220266
0.240197209658
0.324562724492
0.299633167669
0.271646852479
0.296422428336
0.247707458896
0.226131627848
0.309216551184
0.291399662116
0.298699958647
0.456394087659
0.275712747057
0.365381802406
0.186696564412
0.251827335741
0.252621015286
0.36630489718
0.312135061284
0.393230188834
0.332524802346
0.326451592329
0.328744636955
0.274778304663
0.32475745205
0.270018784852
0.262552394849
0.340707015788
0.236637448665
0.450324090615
0.33785611101
0.257861671696
0.288512438225
0.217288370779
0.34605398806
0.233436604516
0.351895359291
0.336363327322
0.252388332936
0.412090934811
0.263765597891
0.331970273579
0.313028620937
0.25259402256
0.253962290723
0.254877154763
0.315566366145
0.297610039169
0.288162392142
0.209579734175
0.246547939319
0.330704356963
0.298206010857
0.201714796856
0.270245067215
0.189737417461
0.252460542383
0.365362377686
0.266866924095
0.311853375566
0.340298629666
0.342494949615
0.298198928447
0.321982461986
0.367103185111
0.262765763745
0.234053530693
0.258518268887
0.316525597711
0.331409933657
0.27595478281
0.220050401215
0.354685739216
0.316302944884
0.249964221225
0.275261096822
0.38476099069
0.265631604468
0.330129665813
0.301267806593
0.300004038617
0.267573878038
0.300561845325
0.297934251753
0.299323476943
0.335704633289
0.326263640164
0.330659708179
0.24475122482
0.326868280313
0.227888593032
0.250352431717
0.178478279976
0.410868935788
0.294577861788
0.258968125397
0.305982767341
0.429452663979
0.356262230404
0.357002339592
0.20764154303
0.18411044438
0.363788765489
0.302824405827
0.285669557676
0.242473937075
0.321253108962
0.318742553662
0.252012422818
0.419954468949
0.269512493415
0.259936711028
0.319128682412
0.223713697832
0.282827068638
0.199536396003
0.298800381198
0.239373615622
0.274661043239
0.379588148203
0.298185326332
0.277920378017
0.280521348602
0.280584424217
0.337318638678
0.241409723317
0.342438089565
0.33707518351
0.377401391654
0.38382897658
0.265567173956
0.36135428967
0.34735455247
0.239137314069
0.314660419586
0.344657096769
0.279860442424
0.266152805355
0.305878633213
0.229206252341
0.359790326195
0.360400389785
0.301002097132
0.333731756571
0.309677083204
0.256550152696
0.318488809304
0.23573109407
0.417224946065
0.287161969788
0.306454579501
0.18966307825
0.328476771229
0.347172772301
0.268300778031
0.375954734683
0.335968095101
0.281617874925
0.396113603414
0.325394971594
0.253451182496
0.254578768415
0.278400963344
0.322458777206
0.260231894532
0.32450474997
0.212070126533
0.238444697316
0.293920607751
0.387044904917
0.252213154575
0.268190224725
0.239740405502
0.320701635323
0.295258017692
0.298523501725
0.318779562769
0.361914401673
0.230091116718
0.318248970978
0.240096891534
0.29924486474
0.267303682378
0.288164048153
0.356773070019
0.344704957338
0.245112306271
0.311294313466
0.411870490973
0.19362017071
0.245899604261
0.24892550937
0.41234528553
0.235013929958
0.358061612377
0.274729655029
0.3331878465
0.246587208959
0.242487513701
0.370282468421
0.287187075957
0.319374494509
0.401049057005
0.348710417156
0.310127861471
0.266688314159
0.244771224808
0.245059141042
0.313798641366
0.276172031069
0.281246272485
0.326466105813
0.405132274837
0.287492281312
0.294527790731
0.300707289912
0.229124901005
0.351320373233
0.310805467538
0.362784601944
0.306859880128
0.25381181036
0.312511528804
0.201525241897
0.196847387521
0.335251006307
0.311493869748
0.346817113788
0.379297126777
0.237291092132
0.340106315066
0.251025102567
0.393260329821
0.264258558716
0.322506463532
0.332934162671
0.279119081344
0.263612559264
0.333672165671
0.273318144718
0.384068136648
0.385621444887
0.293319693077
0.492419272221
0.240896202078
0.358747925118
0.274084523207
0.326335468354
0.29877332839
0.328535796017
0.345083494068
0.3023146264
0.282260796393
0.258990240951
0.298855753336
0.264521385058
0.319695102537
0.360181747199
0.271398913104
0.334201200067
0.251129122281
0.394372176168
0.281950160327
0.305953752427
0.199885282024
0.28618590164
0.29116679226
0.311465067662
0.335740336969
0.219541676825
0.364687955438
0.406318720217
0.237886462336
0.351347105683
0.258118993181
0.335929044166
0.229638579647
0.270367149676
0.305884549529
0.306930229719
0.242818175567
0.220640112523
0.456752192292
0.348604135655
0.380410737472
0.23996302659
0.289494512385
0.248447574515
0.280832479806
0.299598302306
0.274265101468
0.340323157637
0.314647221335
0.230242067253
0.320590641255
0.244196202826
0.320054356684
0.259553273056
0.319224663462
0.27288690215
0.34159682103
0.256608876283
0.256540984276
0.335466029485
0.343209990954
0.28277827235
0.23792733503
0.255565153786
0.301330121867
0.304450468994
0.288365583608
0.305116020593
0.310640475203
0.35256559385
0.344377166884
0.33353166781
0.360904304767
0.445068869785
0.387684056012
0.183437622861
0.270886366806
0.355230503922
0.343508279065
0.35243431951
0.388252376121
0.300442838744
0.369807289897
0.313429998436
0.268352024103
0.249369427613
0.255828200143
0.361244487814
0.291209544983
0.291003265664
0.227075173486
0.228636195651
0.32832153367
0.306005091604
0.247407173542
0.349436890901
0.297544040323
0.29542369247
0.292781340396
0.366722517932
0.287284001845
0.301581846886
0.314619950964
0.300198840806
0.247987152672
0.319181437749
0.289602624998
0.336392025495
0.203697242735
0.244485476495
0.310354899797
0.305068541464
0.296146605886
0.343163115751
0.352770927597
0.276492850631
0.406633381832
0.298185098318
0.284282144745
0.2750649167
0.357075641341
0.260755866876
0.273740116029
0.290244115209
0.356750115901
0.262351670462
0.300991308256
0.308109091171
0.206570807286
0.23009139786
0.390493815793
0.350801232848
0.236049430204
0.301814618277
0.250484108405
0.32094145239
0.191431827729
0.312954357378
0.274263554191
0.330714010093
0.301479353423
0.300805418641
0.230243537584
0.317468206708
0.350323584994
0.312324662283
0.297727788703
0.345864465403
0.336287353579
0.287513768637
0.349520579135
0.267932962098
0.254196474013
0.376891945402
0.329881779116
0.331184290507
0.15691671511
0.201032112339
0.268719381499
0.436016616691
0.303939305564
0.291502664532
0.321809554387
0.297315266895
0.287847304971
0.244088070151
0.273463851586
0.24167776492
0.310809625522
0.272617899632
0.285626560403
0.270098209294
0.239224802076
0.201723463451
0.254065298326
0.203542224667
0.317590947325
0.282813888492
0.311254688194
0.245480753522
0.353886688187
0.336607561271
0.318765408413
0.233639839088
0.349718592424
0.289578690975
0.25798044341
0.274545796829
0.387238759765
0.286210553811
0.353324678165
0.230392697146
0.309450492434
0.205292509611
0.250100671794
0.191860146477
0.269465026387
0.319719730012
0.301860825094
0.219614780998
0.279131733536
0.22199975896
0.24407672214
0.254376448751
0.301413129411
0.314892025595
0.330635139649
0.348196843854
0.255243432393
0.250080189786
0.254256636458
0.359963350288
0.364466727284
0.337868418362
0.347272689703
0.302003183195
0.287328107568
0.295504103092
0.290654635859
0.397023735001
0.281036367362
0.3309680376
0.350626241913
0.248832268777
0.265365955144
0.413866502453
0.365462418231
0.296527998265
0.32310146772
0.212900614754
0.337440492961
0.259066315486
0.280429000304
0.262489483133
0.2336738236
0.262956315487
