0.598328078262
0.457529911672
0.436232777816
0.431694743098
0.402936893425
0.511648503458
0.435551586374
0.485247555445
0.320849347529
0.435493939413
0.557875334203
0.484902626819
0.657262386786
0.485245102443
0.51028397788
0.480626190376
0.486104282186
0.484138971904
0.415116758698
0.336681064191
0.287505677035
0.374380876878
0.409991018432
0.396103277213
0.586405419049
0.477981044722
0.41542033823
0.380902683401
0.435074859413
0.502224388772
0.6209571743
0.493349830301
0.313823586427
0.39428520319
0.367307523279
0.568647977986
0.565331168891
0.406360885723
0.466282311394
0.449555747424
0.584251635356
0.308771890083
0.485576231355
0.353887811258
0.443053071161
0.461053484598
0.30279958376
0.465920315861
0.48640055014
0.424736627877
0.540064748134
0.493780784457
0.577100963524
0.451712417581
0.416066124616
0.32843290018
0.482381952303
0.379625025928
0.457239440142
0.542863106121
0.376740968453
0.490868382805
0.607890529061
0.396130835807
0.516321935558
0.392566135376
0.379975237434
0.546051472794
0.356320084499
0.442409635476
0.50748441476
0.41833680735
0.57873226636
0.365792707343
0.469362111227
0.387753005804
0.63813186768
0.503638443795
0.414925310756
0.428168196729
0.561056935768
0.516586856857
0.545363161014
0.398043820218
0.501617168029
0.404927521306
0.541794684044
0.389317107126
0.562282171518
0.536744093497
0.523823790703
0.502797402492
0.421664600422
0.596251686884
0.329616803517
0.432099802015
0.344629260304
0.369473387042
0.598949132072
0.65788294398
0.382472856991
0.605427351184
0.554671276874
0.508261276015
0.408623445113
0.348838869645
0.464467555455
0.535301206946
0.497154592959
0.420309531266
0.653316537344
0.550270337611
0.579739274334
0.397195253451
0.629955487861
0.489930456746
0.409276881563
0.57674439011
0.374441744069
0.398862129378
0.39144018381
0.412215690161
0.533753181277
0.546417657281
0.478454148671
0.420978835002
0.383659316669
0.517484091828
0.392005581585
0.550920461788
0.451167938255
0.403987573001
0.392337255549
0.559324024749
0.445602448553
0.386350368801
0.401838109635
0.494929899584
0.484570842591
0.541470488891
0.374196001537
0.457766196972
0.378143602329
0.593326780791
0.343323465251
0.390392481691
0.46804614413
0.406076087596
0.519856424618
0.375241421369
0.535363419779
0.444666071595
0.377223834198
0.480492866852
0.511961257442
0.298912452534
0.36960582445
0.572782330479
0.543773227209
0.306685212336
0.454721037415
0.444678312947
0.449680507994
0.37279201452
0.385342377749
0.432443971397
0.447351438814
0.429251570732
0.506157176393
0.436867644318
0.440216859896
0.5624082459
0.314137808914
0.45282555118
0.412800860106
0.540639684042
0.440505862818
0.369285225551
0.471368191201
0.426661431139
0.443091529805
0.299248229612
0.47443568593
0.46217966954
0.484712526507
0.434567235551
0.599578431085
0.534788392549
0.519986069805
0.391033426561
0.425213699482
0.314873525992
0.432556482483
0.406194328929
0.503840588254
0.400764266799
0.555621943103
0.575472218592
0.454579721424
0.458502647769
0.422628190254
0.359635254042
0.55955056053
0.608738641428
0.430794012604
0.41427263025
0.518651930997
0.508364500001
0.323476743435
0.424865333986
0.458114426167
0.493350632397
0.385109779899
0.47248512763
0.374172557116
0.627201032263
0.5227200867
0.420590913281
0.472180403864
0.584723658477
0.447980311872
0.361826992438
0.544396333242
0.514996979853
0.619107819034
0.436167895983
0.542986227045
0.581070079626
0.539705202294
0.353960173907
0.607142048631
0.41689987628
0.504902995895
0.454702641969
0.504606208132
0.529932995067
0.584772117668
0.518898295293
0.506859950987
0.682760744553
0.400054845844
0.501692537624
0.637661919806
0.332274282946
0.373070986405
0.565121271008
0.502439336739
0.397791765687
0.430705661393
0.441736174792
0.520045944942
0.359229421595
0.450534010374
0.371808116441
0.386241910894
0.288252296838
0.294096607554
0.512081815796
0.468038300074
0.53812269079
0.518222793277
0.408541948202
0.450887010173
0.390748799107
0.342961933916
0.45401558501
0.459684491628
0.363138880052
0.456653702648
0.505062870734
0.493817767903
0.501567608333
0.600612819296
0.539386230976
0.396494046461
0.514514245777
0.479757678236
0.498947225371
0.360624868511
0.541261110512
0.57844893487
0.4243820138
0.51957937656
0.475978953286
0.52901254351
0.4982115145
0.399637901858
0.489821811885
0.540562507274
0.516623225727
0.454307563422
0.379263343553
0.613120152101
0.464191475027
0.612729817818
0.403973158141
0.280113294434
0.494410600649
0.332056354017
0.484095527738
0.433466955298
0.414082714048
0.536750261583
0.587019143952
0.51686594276
0.491791735846
0.500595896208
0.473374406121
0.37917813821
0.286464413831
0.533244306487
0.432928220961
0.396684399162
0.320738183053
0.560150403435
0.510022261401
0.334807371809
0.408967173142
0.473697730136
0.352797526453
0.398111311872
0.579112617103
0.518290277332
0.43555976149
0.449022465427
0.584598668392
0.549638676152
0.490560669264
0.455558585952
0.584664143632
0.529415980424
0.537680476706
0.493016977457
0.455627916623
0.521494128737
0.508856970233
0.395401760426
0.429819613696
0.331737318031
0.383582477703
0.425723190571
0.385311184578
0.396666751191
0.29743561576
0.441838124086
0.483654191022
0.354473867201
0.392591493586
0.501757024792
0.415026532306
0.395775730285
0.510984986327
0.538814282305
0.397203166849
0.4052589315
0.378885274756
0.3801278052
0.380325287028
0.515901619649
0.412306837679
0.447974124508
0.486253204927
0.563136373121
0.373344921454
0.286439755153
0.440093689654
0.454370228202
0.480793211163
0.330914321518
0.543634057922
0.60346908698
0.567645134694
0.462599091291
0.499124244063
0.515173515059
0.425327372519
0.388444351138
0.418865748983
0.39934802901
0.534720474179
0.466382087402
0.439219684453
0.575331721065
0.471610041022
0.422431472907
0.463196615953
0.547794819319
0.502684024464
0.549166058019
0.456930215689
0.399663946753
0.541643000613
0.449528071706
0.569964392995
0.437657709697
0.592957212557
0.346085890285
0.53801601295
0.492759981137
0.502953147341
0.378026403955
0.404713621427
0.48778154138
0.487927561414
0.257623439651
0.587635721272
0.587978895766
0.493893917511
0.599023449342
0.466438271077
0.485576827575
0.503607165222
0.545590286878
0.376436547989
0.368119702421
0.397086026791
0.381561265216
0.558777578799
0.512700273311
0.501050269955
0.341843317052
0.559299729327
0.457161757528
0.609868034665
0.457768923153
0.412019571938
0.487080188666
0.627305330793
0.434567226246
0.543252552708
0.438492177146
0.460235094861
0.682825430215
0.752591698768
0.530693898848
0.446347894552
0.44044864644
0.614201753388
0.633827280401
0.594626483582
0.452065677039
0.439670715964
0.365100397677
0.659618218022
0.626614974413
0.566991328978
0.405775969777
0.366109270802
0.447873440109
0.476002498407
0.432765036045
0.456994578243
0.410075407864
0.389940086129
0.467734021969
0.445628830885
0.428579843346
0.619440435558
0.432041263763
0.3621508896
0.465019968923
0.370750930491
0.401677801508
0.338440622365
0.40854395146
0.403993983608
0.489058932758
0.454926322224
0.498212025652
0.399765527618
0.470148292828
0.370941238457
0.346647134756
0.394857415359
0.45063611842
0.683452644658
0.431462240572
0.477599448258
0.616900502706
0.596311216495
0.38781806302
0.461622000016
0.556679002512
0.600821301455
0.489586072666
0.624689564447
0.427826062053
0.465105894191
0.396346688708
0.597483231947
0.267253390504
0.427166023099
0.485584549558
0.610783925135
0.476472404156
0.510954126384
0.422873026784
0.386889603713
0.508860128516
0.452091974791
0.358573943199
0.39382898033
0.629720592436
0.309251078466
0.560940662939
0.346206539763
0.422644224593
0.342855436795
0.423076603775
0.389167638234
0.670748307117
0.503581407968
0.487938019373
0.51645558987
0.678889297894
0.439476386512
0.439575742282
0.48944444771
0.449996856512
0.703312150019
0.404159285009
0.364118905015
0.592158708992
0.415099392235
0.488092829095
0.44313951854
0.432758433794
0.46757210897
0.59068752716
0.398299535633
0.407670451782
0.437956086688
0.57314127185
0.5271546354
0.437565144701
0.455649437186
0.395230949894
0.30247457092
0.612013570988
0.297133848367
0.534553189691
0.373904891287
0.382451188188
0.390045207963
0.351990085296
0.423286223346
0.305751731372
0.335123729734
0.461421920129
0.519146863718
0.268328662284
0.356551043378
0.74032465946
0.596289869797
0.514533456749
0.332448752672
0.365242070889
0.510302127886
0.468313283526
0.447382428507
0.416346080176
0.423988826614
0.415096695549
0.465439258185
0.476215505503
0.505146629293
0.598218115565
0.408802676533
0.438066046363
0.591860274903
0.497455376623
0.346054428775
0.460242607793
0.532302879349
0.636013971532
0.532987396019
0.569028698681
0.550340216947
0.361895031067
0.395042234129
0.322817667781
0.425589473878
0.533884844114
0.37137766528
0.565677403241
0.513796904969
0.355345450195
0.460188191107
0.74457667287
0.649662161851
0.362131638853
0.599294611242
0.579193356868
0.394262064855
0.538082181095
0.370737816431
0.40162437983
0.443719639323
0.408150053358
0.555835973598
0.456650876605
0.3808961308
0.509517575824
0.442166171504
0.370842093304
0.397109408027
0.442474790444
0.515670783437
0.49770314581
0.622991701583
0.536911236881
0.590482462932
0.451326472243
0.442347886746
0.591898209966
0.584673359417
0.582205004481
0.655577025218
0.488110545699
0.438414412595
0.539446414628
0.470460450972
0.521108159549
0.45168823426
0.335860736589
0.814249852127
0.630682758503
0.43532153196
0.449106137
0.308602275767
0.448257974775
0.529189681164
0.492700683563
0.39827707629
0.418685020052
0.410676299584
0.71951332499
0.459194004946
0.556082399112
0.492025902114
0.636738286159
0.420498801236
0.409338725422
0.533859900871
0.487686813089
0.539112366365
0.40830676505
0.511939257635
0.464110966136
0.509136912094
0.405096747464
0.640429145861
0.38177538131
0.680111084725
0.470207620837
0.641721495595
0.476634965425
0.556213849007
0.345967966004
0.333798662397
0.458815740174
0.696658368429
0.542327325941
0.415572539771
0.379392098144
0.606114060399
0.454330662065
0.422083556135
0.607007044752
0.593204258786
0.470841004388
0.466589850767
0.508059599007
0.615845130187
0.320828596797
0.550204905362
0.633241553754
0.518162581318
0.42365181818
0.471750243496
0.443439181787
0.679834416776
0.559745114819
0.456165176234
0.55081925703
0.745705174435
0.449849157398
0.466474822953
0.615161591053
0.510557347805
0.533524765319
0.464554344035
0.398583749195
0.478370059799
0.387629467885
0.471948746383
0.389865100881
0.516037073591
0.513200616757
0.421366915894
0.479609115994
0.510501668611
0.555341381958
0.463154141081
0.355420902504
0.468909908882
0.48122976524
0.627943772794
0.519680227662
0.411862236627
0.440589447259
0.384366165425
0.467733229032
0.433016765557
0.459654608458
0.437224045637
0.458681086587
0.400927629108
0.505073044882
0.527516450907
0.532503887454
0.448275160686
0.328746747842
0.404577448291
0.502342186553
0.445777719616
0.604996277209
0.60803026709
0.649025257689
0.394156544336
0.423909375024
0.474298066073
0.430789616093
0.357777401116
0.557809579101
0.760090725445
0.481741662947
0.5063227051
0.454402556287
0.48956723969
0.313843066412
0.485567828078
0.486076882546
0.480212795524
0.501847520986
0.478641274317
0.446622222635
0.44210132944
0.37729772874
0.39565647848
0.449288349619
0.374222336003
0.543395416749
0.359630934346
0.447115086972
0.499323635103
0.49239661706
0.511885893513
0.383589605609
0.486788982493
0.567960417747
0.398905330196
0.518164224429
0.61552439483
0.440055776356
0.563198420048
0.391513649579
0.462182645457
0.437658745198
0.478113692062
0.342018209943
0.459322573894
0.555272280486
0.44685536651
0.439406875095
0.444294159305
0.486719308385
0.470524198515
0.468658533779
0.341218579545
0.566299632612
0.406628381606
0.440583461976
0.44273549038
0.504602212818
0.535890859598
0.530150776657
0.513483889947
0.663027980138
0.434938422249
0.451718286801
0.381102454145
0.488555874207
0.520744087491
0.472833805321
0.456139599998
0.451926755036
0.459018649214
0.465436191362
0.546493771814
0.434724072427
0.533509016043
0.512712777643
0.519833933975
0.583004416433
0.488855075595
0.468434972115
0.434799913847
0.571541693062
0.554873002117
0.404984990176
0.494609967052
0.348054378171
0.476670761678
0.530868850082
0.367150588129
0.47725279644
0.501389852349
0.504989777669
0.389982116706
0.422709720539
0.439237126469
0.487482821232
0.572028044794
0.503465719753
0.369916277027
0.449933433376
0.621716633513
0.575611734652
0.539626615707
0.399483507484
0.63793311363
0.514519500788
0.328425335706
0.546078881486
0.505857362309
0.407862875274
0.371068184648
0.531993159621
0.561111946419
0.583313673811
0.541922243625
0.51783206184
0.507315999939
0.30519862715
0.392957862248
0.586778164343
0.446775206645
0.350100823671
0.337362598309
0.454742020487
0.425987076928
0.575840196033
0.466725749336
0.464585446576
0.510751950916
0.484390493825
0.495331946358
0.479273755895
0.609765671277
0.415328712398
0.672593314444
0.462362052901
0.575242246624
0.545334872781
0.45117718441
0.429212217867
0.336828515364
0.505107197707
0.536279816394
0.485867464243
0.455757464127
0.553416316298
0.58020880688
0.449336951036
0.346422766493
0.364441592651
0.475455124086
0.444373060288
0.613196227867
0.464516997582
0.47258806485
0.591494430406
0.722886739811
0.352368246783
0.444046471857
0.570425272761
0.407260747331
0.406849020889
0.479292348918
0.442305240702
0.52654962628
0.484270766366
0.507654883166
0.489321709491
0.411027993111
0.542397559117
0.349143673175
0.32518231918
0.433931578143
0.603016899492
0.494293458111
0.509483061925
0.486130991907
0.450285718829
0.576430904018
0.279202717697
0.51849590508
0.48967865094
0.378193548574
0.594477433066
0.434304586467
0.384776142567
0.348270429797
0.673210247922
0.39849915381
0.416451330596
0.509386605252
0.523554749474
0.405770478269
0.335103085989
0.549275867888
0.480225599094
0.351007317193
0.434874760149
0.394874668666
0.44048283323
0.338827919958
0.348483726478
0.296380768562
0.484542830761
0.348969288599
0.52124188761
0.558771377529
0.509715579921
0.482941452589
0.473772526561
0.462207809775
0.395284469284
0.496227215824
0.370613583305
0.431016770664
0.412361312181
0.466752470898
0.528919676102
0.431947725054
0.45635875178
0.602409273866
0.384495199086
0.586889914951
0.413954871181
0.483654553888
0.578872601525
0.357443150525
0.527904473338
0.458980284652
0.491909175152
0.373052972916
0.43272999728
0.516905337294
0.469965393616
0.295262538315
0.288927532998
0.424271150929
0.236918408929
0.461887234236
0.524654244846
0.597323814028
0.435339076237
0.573866325744
0.475323914162
0.481766764118
0.472332608358
0.529318466616
0.367428540505
0.478570411992
0.497995500658
0.518708281034
0.521626256023
0.499907933652
0.413422976129
0.37114616669
0.255344120053
0.626272253459
0.532251695518
0.554158458446
0.425149063444
0.434615108378
0.544003954539
0.403315876153
0.448453528542
0.502436694331
0.571222148052
0.483577111932
0.446171271758
0.475370734652
0.599512759997
0.569866083723
0.491651211519
0.426732163011
0.533621822293
0.694702896569
0.444732507935
0.488058520777
0.60803873382
0.49795352996
0.424294127946
0.572993756012
0.425131939551
0.649488525134
0.412519942837
0.564539431564
0.525847971475
0.327357053887
0.554813739855
0.399481672724
0.422125653162
0.516627801121
0.415740692766
0.55129299166
0.510242465362
0.373158483875
0.433119008147
0.423097872212
0.361097719469
0.569749395906
0.390830309
0.362318847749
0.505462973791
0.398003385232
0.34398737249
0.482657752751
0.594573010518
0.42056837277
0.505758630666
0.435252342734
0.606768513023
0.594337087571
0.527104723991
0.55504088469
0.66267437767
0.384740348019
0.607029585183
0.345584828996
0.434704529387
0.516251524927
0.519466403662
0.44815512841
0.47303861657
0.612568216671
0.492906238206
0.352228186818
0.512998948604
0.525027119797
0.391025687635
0.381164966657
0.433197714048
0.44844559216
0.36394420177
0.483216166706
0.436241952955
0.65191951721
0.476261748666
0.487482215565
0.426626557277
0.36027715333
0.368366280396
0.345713601673
0.431036071808
0.362157351579
0.514984893138
0.478612949632
0.416799789338
0.507714112641
0.526832750804
0.459347264886
0.410800016669
0.4415276265
0.449464408321
0.435358503415
0.494202173036
0.440531469755
0.36111335821
0.677821350892
0.554001111589
0.502553920911
0.574369329258
0.368750628933
0.482984119416
0.338729501874
0.379278665857
0.448547062981
0.636009571148
0.465382706873
0.460147133082
0.511791897955
0.529380528767
0.611218224378
0.563506317706
0.361023033808
0.374310625712
0.637252576865
0.736271114758
0.56541057969
0.437888369199
0.399497835386
0.51088931326
0.587861338847
0.376233103657
0.425251360194
0.388883620147
0.483100938353
0.486085729281
0.333289642998
0.432038871718
0.582133407021
0.490825659242
0.464308834683
0.540759166512
0.542591787206
0.320389621449
0.489130959844
0.307372766687
0.304688649401
0.558084862588
0.322277434696
0.358346877668
0.560499345554
0.599413683346
0.373307348528
0.394010630529
0.457665926112
0.5092850574
0.444816176747
0.447486564552
0.434550368859
0.502438499649
0.526114619123
0.517750948287
0.500272597411
0.538244333016
0.354264412268
0.499700269543
0.39054454088
0.396245294101
0.557329314016
0.448587823722
0.521876726645
0.465785254646
0.495351875978
0.423467454436
0.59522693169
0.434848206528
0.661680140777
0.349349706833
0.517652859351
0.419251245005
0.488651717284
0.294968759243
0.41554669112
0.585378899203
0.414014647354
0.412851328009
0.634398580532
0.38567218618
0.480174379057
0.501658032925
0.317235976447
0.435055152548
0.534319581494
0.410600532094
0.328844308996
0.415841336109
0.386373496985
0.610004099016
0.436632474279
0.407114637148
0.345141964918
0.533554582536
0.519940994137
0.468248321688
0.426440469525
0.476127592144
0.406999665331
0.619940318008
0.332766416995
0.411911491065
0.394368203611
0.419717439335
0.495344656735
0.41501436445
0.565273561688
0.401845600087
0.388655420064
0.621541868461
0.52540755296
0.669203445334
0.450266267409
0.501720484522
0.377119575198
0.287861982905
0.450155645106
0.440755925369
0.412115784607
0.328791732133
0.583644830502
0.59096604099
0.528422398251
0.469562407568
0.396372871325
0.579347097887
0.454003100954
0.404334365425
0.443847273416
0.475208859608
0.654643306024
0.353465838002
0.42353782586
0.434311133936
0.489015550474
0.493323076596
0.47782070392
0.612247216264
0.375159651597
0.448329847515
0.432852576922
0.396640582077
0.425957477987
0.480678338894
0.574739648631
0.468096823393
0.335280000221
0.568304579392
0.447648734331
0.567034656797
0.414706431424
0.479178347881
0.473155941196
0.487008754133
0.30952937934
0.502516815775
0.321049348418
0.480341575521
0.41980893504
0.537892069764
0.37230269835
0.477897661116
0.476847664743
0.556467439112
0.378636875441
0.569090266378
0.561530125316
0.389247568665
0.637447903992
0.510775676999
0.462303002317
0.347706885033
0.498305005009
0.428571247341
0.460137319159
0.501650021454
0.580529265373
0.352193052712
0.632065684723
0.448381841231
0.716959063075
0.468776873457
0.474118392867
0.580422310589
0.513519298146
0.600810513225
0.444657188277
0.525376683949
0.270445463051
0.408984029899
0.432886843344
0.353472071475
0.354192721234
0.51833779342
0.472284722744
0.473140009094
0.603500765751
0.457548098789
0.392505911296
0.538622434325
0.360968038044
0.465808434946
0.593005380998
0.406278201916
0.4495447422
0.455890255768
0.41693527874
0.528553820734
0.44152797981
0.534215250795
0.521580943488
0.499282653306
0.520423948978
0.472237140768
0.653685689333
0.34502808799
0.510151967988
0.438725461956
0.531782905913
0.481877200629
0.456224683549
0.482742638103
0.532970703804
0.527196930381
0.455108861604
0.559672458663
0.396627683401
0.234448807268
0.403814206459
0.373524287994
0.352258191932
0.40704597849
0.446251968317
0.475474163023
0.508318431444
0.578970760055
0.38596921214
0.568157553521
0.307069987853
0.514635945311
0.515138386679
0.463310664208
0.639509331443
0.350322406813
0.307354839163
0.439792023477
0.387655699856
0.608619268734
0.449819144313
0.463976291718
0.446734301006
0.401329747635
0.516079612044
0.635477722742
0.548305327473
0.510163432078
0.542331736792
0.623839602811
0.397767289638
0.573988601158
0.489781689066
0.630141253397
0.421290799328
0.385705876304
0.512318997999
0.548490126599
0.40800678754
0.453363896701
0.522935988609
0.426646377055
0.322241246581
0.389429753658
0.428247824038
0.368606368584
0.466334501253
0.378055697367
0.481893272732
0.633124226708
0.608768090792
0.442459993554
0.328538187557
0.605113161922
0.746659978326
0.537387861374
0.589127159903
0.378747601887
0.485312037301
0.518765060024
0.57720378251
0.515057564264
0.393379085119
0.652573777905
0.562212911114
0.387110005221
0.395453420143
0.491284571036
0.515397753626
0.557219259252
0.555129324532
0.629384652099
0.424010435114
0.49094829989
0.368070064552
0.548673664627
0.698147029874
0.442877442899
0.501505654087
0.489550334371
0.492362939477
0.662213155779
0.450773483023
0.601693384146
0.549252845987
0.649043168828
0.339299371681
0.649971803853
0.489652652128
0.290762150123
0.583060328513
0.518202455722
0.445629889442
0.378928344994
0.582252994701
0.475461451096
0.561490475563
0.400122563612
0.441129670356
0.442009872227
0.455620579258
0.319164295627
0.681687130317
0.482636059224
0.611170804404
0.520654018931
0.460315350004
0.665424194914
0.551759052155
0.497281201716
0.504154373161
0.41757641209
0.408428925385
0.62832672882
0.553809068374
0.528173446732
0.493385485762
0.392630752565
0.380766773969
0.532051078206
0.506947185769
0.511534583067
0.42873256464
0.422880931538
0.48705676268
0.528963860871
0.39684846527
0.445962518652
0.554793900612
0.436059438947
0.381832162988
0.617064687251
0.351148397047
0.578144502391
0.513414600045
0.456284161263
0.549112409385
0.587263509079
0.505031784052
0.405922962415
0.54309498629
0.542144245711
0.72248986698
0.42437915834
0.506266748707
0.601966134633
0.309402697175
0.602377032664
0.436640423561
0.460163007321
0.528354956843
0.710916106477
0.666221684018
0.434306523439
0.603045070997
0.373501387064
0.563795254947
0.688589940978
0.712158821528
0.583915006596
0.354420869441
0.552234598128
0.387519257046
0.478783597298
0.398000761976
0.545007820231
0.333330573517
0.567283722195
0.556154114062
0.528005312857
0.58068974179
0.516554848219
0.371813577682
0.424000479698
0.415284915744
0.624897790157
0.425161249946
0.542740195964
0.47230979669
0.448087980614
0.376775617374
0.474181657058
0.503902456246
0.335984565435
0.380467995581
0.324730536736
0.380197708523
0.484411426191
0.537027591313
0.549415234044
0.385509767181
0.49506490822
0.558945108532
0.395542982906
0.334882277535
0.33756429944
0.364043902028
0.38645047264
0.493721378366
0.557854784398
0.520549289234
0.41833679172
0.507932971531
0.472056591347
0.37106422145
0.571199816072
0.625389245064
0.431524736872
0.26607707614
0.378344994192
0.649472083562
0.600943926014
0.481184956576
0.512204083673
0.426480092697
0.574307493547
0.554309409417
0.488615837875
0.464707128661
0.502724945964
0.364485274149
0.639489767757
0.501344380783
0.530357648027
0.501860236688
0.446825126016
0.453445290746
0.557180495996
0.516110738225
0.577511520814
0.573385843423
0.422222414541
0.521211658575
0.508494375735
0.499389115811
0.447813174373
0.542436805921
0.389869498068
0.481655313091
0.444989892621
0.667354095428
0.471591187971
0.514109193782
0.427561568399
0.532678428104
0.294541506609
0.515404773708
0.709294738422
0.430389975996
0.481067438003
0.442684441113
0.389350150285
0.552209486837
0.643291201156
0.353204875582
0.395286828483
0.403385028315
0.550985440967
0.44978976626
0.419771457467
0.569228243143
0.454586535
0.505534206952
0.436595176596
0.47769343904
0.519905651509
0.277500248202
0.581783767801
0.492525346826
0.539596516429
0.392656181761
0.496224413315
0.448655444561
0.482828552519
0.521966705715
0.529330758148
0.379839085815
0.353221097105
0.620094507103
0.392368773671
0.528213438826
0.669789450604
0.483468171244
0.583389398267
0.671452771173
0.540292491834
0.621332893063
0.58382771052
0.505974387171
0.527017430493
0.479085115813
0.440115986568
0.345930351514
0.544622640594
0.424824381485
0.70088175002
0.309719271989
0.469124398092
0.579580665797
0.507337857847
0.392138599385
0.667601106665
0.577519649074
0.397566950407
0.50354883132
0.4942955897
0.431475704967
0.448750972084
0.503295895767
0.492874740749
0.512550293358
0.588013460625
0.656669455013
0.639496176946
0.566000746546
0.475161098197
0.371404316658
0.481471086938
0.619654988191
0.374445445
0.572852330456
0.438277879752
0.348559710943
0.560911351259
0.474024823684
0.608846516883
0.58281386529
0.39311349154
0.475265633985
0.508035806066
0.773037783429
0.367987100448
0.521248272693
0.651017132264
0.487557597178
0.646729252565
0.400101391271
0.563083128715
0.36523362299
0.386941713071
0.393682114407
0.599713390885
0.324020364435
0.598692207456
0.476484657213
0.531254650269
0.375706967832
0.505743591693
0.522950788042
0.533127097319
0.432532631242
0.46052098649
0.398624622299
0.295675518162
0.56472337273
0.489094488121
0.354209939797
0.564708160214
0.574224516452
0.310047449779
0.416230212359
0.351867766517
0.581646388436
0.697298290806
0.611041025225
0.415297566111
0.515181482147
0.386046111142
0.430862257431
0.714368962169
0.488309279964
0.455818439718
0.364215644849
0.402918134037
0.412707128514
0.419602591848
0.33302224946
0.52534266663
0.519229514807
0.410782043078
0.374563258411
0.563589445739
0.491297042482
0.617134995183
0.692487884487
0.533550599455
0.494003835078
0.475818824976
0.437500763605
0.59007667531
0.347525852596
0.436271715865
0.366333433454
0.410953119886
0.440338813764
0.597478939612
0.832312918463
0.534871720426
0.541000157822
0.527865929421
0.524362939578
0.438034790647
0.553362733915
0.311420383796
0.54753621781
0.549888036514
0.478444886617
0.556293928716
0.405940343498
0.291208486151
0.474774672274
0.53457854789
0.533806313622
0.655084427917
0.388620039893
0.504413801196
0.514561452368
0.393546623611
0.518614360373
0.565435214392
0.480685566815
0.595683074949
0.534848097366
0.366405715484
0.36111322567
0.481544627559
0.319157056209
0.506108139442
0.393794281896
0.467200435941
0.488041716344
0.412560680875
0.536891823293
0.492700661217
0.501428091607
0.525791173735
0.467394001755
0.57915510931
0.571966620939
0.378299729047
0.43369593198
0.495809480988
0.53211334357
0.555428754401
0.500488250428
0.485071952583
0.513590854676
0.533801802218
0.293199318313
0.437846462902
0.508859070555
0.507627617906
0.588050204668
0.402640095135
0.566780668199
0.478378271249
0.512587554047
0.403160241654
0.452107029639
0.439398447725
0.548443297527
0.518684128072
0.500297292818
0.426326298538
0.423271009913
0.41394934227
0.442094840177
0.426199716005
0.295493444914
0.5056317853
0.498621556191
0.506197447227
0.556028076342
0.428846462209
0.484528553428
0.539269079187
0.42894358954
0.484296689963
0.411394585595
0.50542397052
0.492143959552
0.422307706381
0.346906368082
0.470467570955
0.446229110779
0.553974107878
0.306922218464
0.445465105959
0.421366171738
0.407978475591
0.682012310714
0.500764587601
0.503759781438
0.47462506645
0.525836315861
0.519630165066
0.748397335085
0.405386181725
0.401157078128
0.4463839355
0.555393832641
0.453276766927
0.43689169901
0.426250117263
0.582707947955
0.464549944648
0.536300813662
0.44393792081
0.453042270174
0.860846358847
0.462806677344
0.425683240118
0.505791417947
0.363331824646
0.618401574718
0.415502220316
0.627693747519
0.359115243499
0.425696643311
0.446891600987
0.401474644548
0.54443546197
0.403289922678
0.504892201646
0.563163735192
0.420546515645
0.352004458966
0.402695701237
0.459222357594
0.60412493987
0.424343440101
0.391537783251
0.406886105653
0.456704107091
0.40639838498
0.523100139461
0.56423803473
0.290265196293
0.444824112833
0.515061579865
0.554858830316
0.364052812283
0.361017392314
0.475808812192
0.495857208365
0.461670880261
0.376588029405
0.446783480037
0.642503433358
0.395272320276
0.395394441392
0.360065539855
0.470831497362
0.431618430178
0.652870403646
0.359906110245
0.491124162562
0.390751694911
0.447767300785
0.416247403597
0.423794323256
0.565270241949
0.543058441505
0.474197209704
0.543253695398
0.355864866672
0.520118148646
0.637365884696
0.37537722546
0.512150403904
0.512343811522
0.614536451211
0.36722181867
0.605036992893
0.5788771362
0.419770031758
0.383200192645
0.359580405869
0.47860678806
0.608382692265
0.486361927341
0.456632342455
0.439448319223
0.546202207927
0.464308967691
0.239437610581
0.384310123917
0.43624389212
0.414375413914
0.740555391501
0.53612076106
0.528795859451
0.47682253856
0.604867639203
0.336333923144
0.437368439805
0.481639042176
0.35036678736
0.588012736633
0.378310222233
0.334559863998
0.425447209196
0.597792514199
0.52583420944
0.406950212
0.545688589078
0.379422146638
0.477389657983
0.645624650601
0.370845422101
0.384369028965
0.445169545851
0.555931056926
0.546956017374
0.465022330729
0.585733259302
0.639453003564
0.43055863456
0.492367831214
0.479192394056
0.418997180804
0.446599054009
0.528516462893
0.443726163117
0.49433415394
0.29131400098
0.653903685656
0.691834147897
0.577992491202
0.632024731936
0.597028843115
0.588746147343
0.534559739915
0.551466431385
0.496544166669
0.493744681118
0.511501988096
0.559859373182
0.605407983323
0.443866310543
0.455862128128
0.58054494221
0.41626371982
0.413733931567
0.480143280172
0.465534210843
0.536727356374
0.464666251811
0.496147992129
0.438330106732
0.581212677057
0.438492147826
0.407992867565
0.529253186839
0.429811950216
0.715734566908
0.554493475876
0.423455249762
0.444584388964
0.478363350928
0.453674942598
0.343213788277
0.878613220473
0.495858473762
0.410347083585
0.578531990788
0.614843077326
0.490767974738
0.557713239308
0.560084143444
0.416984240988
0.439645463689
0.603739938351
0.538785614776
0.414143345157
0.560070820997
0.364046538025
0.371433267216
0.475914058375
0.40949824546
0.343226266757
0.443942043883
0.438514673444
0.604889393243
0.540732778968
0.462382873545
0.66063302107
0.616687208927
0.318589409626
0.373212199133
0.607222457764
0.335582488988
0.476715613778
0.449547036429
0.581612980205
0.42777556603
0.598660687499
0.646309789729
0.401697106541
0.517391727531
0.366609901364
0.371144100769
0.539794208897
0.513232746118
0.57982985575
0.514263437609
0.365632489255
0.47592537052
0.580407490463
0.566691115621
0.551692661613
0.455502985432
0.509978847779
0.465224530312
0.577263494595
0.472314247605
0.458494624929
0.42267669513
0.446860476882
0.496984135965
0.437748659707
0.408877306737
0.347462347788
0.637115150675
0.40223339854
0.347281821197
0.447142417033
0.555120292919
0.54264957441
0.502061344399
0.398298837951
0.474921900241
0.533699918327
0.472435203853
0.653502453531
0.544378879876
0.397169132974
0.554176092121
0.4607867454
0.341267941023
0.522772975568
0.377970635344
0.543086325949
0.449565140222
0.396518820824
0.477546662741
0.347451936575
0.369050193411
0.398630739965
0.445077696273
0.630516861698
0.687972073719
0.437737747838
0.443048606278
0.466597616474
0.355434985053
0.353951441245
0.546641060902
0.291225954725
0.4064285338
0.44334329477
0.4782916074
0.604589421627
0.568341132256
0.418960929586
0.399636064913
0.414821648782
0.416150848653
0.684321982897
0.54880203834
0.567630752142
0.510677469927
0.556850539597
0.443621885661
0.608731812308
0.532321843507
0.543089525321
0.594482567891
0.430757872328
0.565800481122
0.396037482316
0.584548648287
0.51549045518
0.506485136004
0.549713704037
0.513317743306
0.487256003761
0.392889627408
0.581754224537
0.372004200703
0.551506441997
0.542608723358
0.538358775545
0.549983040743
0.475850640224
0.459659415464
0.498294764443
0.46696921297
0.429581470545
0.628439857512
0.632654199544
0.541905845624
0.380290047157
0.550929667495
0.41506594047
0.448735586527
0.38166147428
0.581193608158
0.474665442427
0.436619728969
0.712150991463
0.593585330069
0.487853002535
0.414832302632
0.411101764299
0.53112516289
0.397412473932
0.547571672865
0.49898894248
0.476645103466
0.452825165204
0.429730436352
0.615788210517
0.361519805851
0.440862438033
0.439539686809
0.511177750129
0.563430955978
0.372456743707
0.219044400169
0.48371887614
0.452623158362
0.386349788489
0.52462928389
0.375361171826
0.309168403883
0.397731362838
0.521733671257
0.480019107926
0.587151173392
0.380161762346
0.532199272815
0.367708629313
0.516017506063
0.423149349759
0.463132599732
0.534841158454
0.501198837165
0.439751070917
0.497168406229
0.556945842627
0.496599173118
0.527337183614
0.609254196645
0.428430943169
0.41775036602
0.397764392108
0.451084268245
0.592548936032
0.373544477434
0.597399394631
0.407958084696
0.506764522061
0.527753424311
0.381558892377
0.592498430852
0.372416718035
0.434864659336
0.539856994207
0.407831980267
0.624596644927
0.40534825237
0.400971085843
0.52773899229
0.43824050538
0.45505850356
0.434495608987
0.496101467511
0.490187526099
0.367910329108
0.367123647312
0.535442305697
0.399950646762
0.430987054906
0.367229991238
0.549169730377
0.36691089716
0.478135674425
0.419343816389
0.589222674729
0.422868623631
0.443464177963
0.526267127055
0.468094020951
0.40772893239
0.474399391229
0.524576613999
0.555948775488
0.432254424097
0.440568825134
0.442644539553
0.360849796124
0.418358987411
0.341891024615
0.581905725877
0.551056077995
0.500515194811
0.556889133607
0.458577539246
0.517399984695
0.635787798456
0.452107761961
0.333396620619
0.535041564378
0.315773685225
0.433972472335
0.579199866594
0.507006663448
0.399085986672
0.386323043145
0.540875556143
0.437379577213
0.4735147654
0.566445853224
0.489249472364
0.439553647772
0.345613484944
0.431780258283
0.541503977542
0.512579489929
0.409336539766
0.651869787679
0.50102135578
0.534626638166
0.527425340494
0.536214957201
0.481131606451
0.339184494995
0.410126496515
0.473355062057
0.459292189589
0.340856684177
0.54711989078
0.469604381392
0.391498305385
0.503873613857
0.50754070932
0.564974843919
0.299516143554
0.373630593038
0.412033970931
0.435911009512
0.456917988519
0.414574194274
0.335432300857
0.606706150523
0.429464028299
0.623017956765
0.495172662051
0.260278844741
0.428921496248
0.627176022882
0.462138019744
0.443471110903
0.440172657514
0.429755544584
0.427611628127
0.549671973691
0.597297151519
0.433305278317
0.599074522505
0.417372788874
0.555774940231
0.375245714471
0.722319090538
0.65187527807
0.463129109321
0.67778282002
0.50764044282
0.592768186459
0.643784723286
0.496301585944
0.699378916054
0.274048959952
0.336124853577
0.540302604255
0.604532686763
0.501535613952
0.41993338652
0.448238086138
0.363768367692
0.543977879805
0.443898635776
0.433745544054
0.518904497037
0.554452112231
0.481838675716
0.452281993924
0.370824313056
0.332967835573
0.330103734475
0.515196823755
0.428251611445
0.419328124734
0.39347863214
0.359027438527
0.552746860721
0.483160503688
0.575741312352
0.589046883748
0.567389188386
0.413233892161
0.442870380143
0.516755306442
0.370187809219
0.612369934718
0.674864076142
0.579584679372
0.429241030101
0.652193620958
0.401506733369
0.383060222834
0.471368406092
0.460665829252
0.503385767067
0.610838870052
0.508439073401
0.520044543379
0.408543651919
0.539753368261
0.531030652098
0.552361723223
0.383699944154
0.376674847807
0.376307712976
0.516685335154
0.414791312953
0.402255653169
0.393794521182
0.47704050631
0.590323395104
0.376026976341
0.619068920952
0.493597398321
0.42480548137
0.482692903806
0.499037402354
0.512676895288
0.441677131403
0.421615556235
0.607979522149
0.450897316132
0.706157748687
0.425790676095
0.439577422203
0.581910145861
0.390678608818
0.505640101112
0.49872281475
0.530328559547
0.516085280455
0.398134460444
0.384508785581
0.527373297553
0.32299601984
0.345336602202
0.405044626214
0.481339840356
0.461376491692
0.322122760039
0.467521192383
0.605156087812
0.364112644507
0.512887271745
0.445582695764
0.418140038745
0.493497148696
0.430472406
0.455485144077
0.374912943074
0.48984945259
0.434938436424
0.418883188087
0.528826361267
0.416177333826
0.505411874792
0.41890767478
0.444713060992
0.361839380477
0.529398185742
0.40154851544
0.397561180606
0.513941407168
0.371911529194
0.446255999299
0.490592326422
0.492556451907
0.435066695005
0.56748292598
0.486959001645
0.316870818109
0.408227271073
0.334915669639
0.285303171968
0.450893908569
0.482538344669
0.41731895125
0.484208948381
0.327077202327
0.529529054196
0.489435007721
0.238280828456
0.632916668402
0.419810782211
0.390264781666
0.438793681112
0.447624759531
0.506076480667
0.463277308955
0.616957122328
0.414137195763
0.554186216505
0.491521861946
0.479982355383
0.514942306699
0.37240964954
0.41512524003
0.571174264274
0.481875018358
0.402667564076
0.631279629661
0.494261715807
0.573879635546
0.620470109084
0.466128184319
0.594096197088
0.652581873819
0.492274645578
0.354849403951
0.617797936227
0.417416426736
0.412570941075
0.369268768771
0.583998166227
0.475691876273
0.377890805201
0.244519310264
0.474903251686
0.491417050014
0.383585981717
0.407486281776
0.492017413689
0.337455570847
0.473491814476
0.609375811767
0.482298632494
0.530985703391
0.55212858775
0.457602760338
0.276736248948
0.394440315537
0.387279305079
0.479723740189
0.553219869947
0.395704764059
0.514819863536
0.49238957814
0.486517225624
0.381979791957
0.68898256404
0.45630849559
0.522061658277
0.511608938026
0.592595610599
0.398947944182
0.518491038987
0.374829133202
0.402646044612
0.332198087106
0.589233200343
0.525476088909
0.423179253546
0.402353592227
0.536726643933
0.617828231619
0.519332935504
0.489960959125
0.401396414599
0.427681828113
0.524473789137
0.496693158805
0.495109819108
0.450024103851
0.457211553942
0.544335944435
0.439827835752
0.519368065424
0.404953665397
0.613346096653
0.424216051241
0.493248046613
0.4594616334
0.401253679698
0.558494676023
0.523105370664
0.567526808313
0.36904299113
0.515931760639
0.417430447046
0.482029485557
0.485140804533
0.474141831093
0.473364941925
0.437129617166
0.379668443871
0.487816901512
0.514618473474
0.457751378692
0.602815434996
0.307269993796
0.448050143339
0.621590510764
0.498441236113
0.589021957359
0.523345753768
0.578636708112
0.688181669747
0.573527631361
0.558626993271
0.44350462844
0.55448510946
0.39329807965
0.504316794369
0.631234540366
0.490375763044
0.512018428792
0.434276481819
0.462175125186
0.394641622767
0.507720800934
0.615784294905
0.412373062362
0.316514717479
0.380945061702
0.619378165586
0.518788062311
0.54600580572
0.583860888093
0.522861514134
0.394571726595
0.395813652614
0.442412971978
0.462737793514
0.747083702436
0.471662200469
0.460874250833
0.639781654035
0.51827407626
0.419139412468
0.489404084635
0.456177518823
0.536974727312
0.558599616375
0.518587963613
0.416429142988
0.342251462281
0.370099034334
0.444103803713
0.460609464748
0.404686478531
0.590333239309
0.450398980989
0.377713200402
0.43496021366
0.345913913114
0.305245972562
0.420716083197
0.378393217969
0.553643093661
0.644159012334
0.528092033174
0.674022598116
0.372529262437
0.583983794291
0.586555161779
0.579735762155
0.55106621003
0.429895865889
0.455687549122
0.502059760951
0.443722533548
0.4680638547
0.213171803861
0.360587169026
0.625065019998
0.30046182881
0.540968960479
0.444352916682
0.52210107074
0.444543273334
0.658144159515
0.39244061097
0.492298648628
0.521023481808
0.598409958432
0.482033826866
0.399028658395
0.474315386185
0.589463758086
0.408195594844
0.577755112498
0.476913065008
0.468557091965
0.502642933191
0.417694023486
0.394975468464
0.465569919321
0.311378129054
0.493301600898
0.702247570843
0.561169373572
0.5811040896
0.369570346135
0.478456257566
0.510898831085
0.506519415746
0.481706811313
0.362816148558
0.483441372088
0.300819128455
0.498554707874
0.355584226254
0.452721188743
0.43745769653
0.371703059907
0.400951864482
0.443630927368
0.531477374744
0.50654202299
0.418923623714
0.532263513292
0.577921685201
0.374589449842
0.489302938742
0.470158886897
0.4566753796
0.559309856301
0.42751236922
0.569312142039
0.533642114861
0.401259321675
0.43612194062
0.500941480574
0.473283614359
0.497491300787
0.534205618418
0.456841670496
0.490079950981
0.439822345598
0.287683130417
0.440293513185
0.477560556635
0.58952568688
0.565114668393
0.731223446234
0.466696389097
0.47896095043
0.458942654732
0.493850533662
0.604290443993
0.398541753741
0.526341690144
0.479471260441
0.482642840288
0.421317399402
0.528123881299
0.470876433492
0.606425199736
0.424687671265
0.438710597035
0.565775894521
0.481406899058
0.358031477571
0.526839954743
0.619740938113
0.360743793561
0.379558868588
0.471593499886
0.441542307185
0.453036075997
0.470825616619
0.402922703328
0.347947981903
0.676881686416
0.574103711983
0.443727515539
0.47055390553
0.430380763324
0.529525989705
0.656903987623
0.559321958845
0.624335023997
0.60427335661
0.423897677355
0.685586610534
0.535602374869
0.405657476089
0.605805031194
0.491276494582
0.497916399935
0.505599394726
0.340824258159
0.477690869756
0.477103105072
0.383884823105
0.49257614081
0.367443950982
0.376897044562
0.367767328128
0.419440088263
0.503434689155
0.423141617975
0.389075480982
0.496746270179
0.501947448576
0.455375749706
0.62048259518
0.563819011685
0.400835630146
0.564194076309
0.533336484063
0.491430719862
0.497529828893
0.537385203459
0.424058583993
0.514281567255
0.600104057557
0.460569890717
0.641888964189
0.56986710657
0.557431142519
0.466610196843
0.530547908909
0.382452959591
0.579775844948
0.320391739015
0.57711276336
0.376943767792
0.59870886199
0.437497531922
0.604361711478
0.478197135788
0.410124987529
0.43186649209
0.408394876817
0.432761942426
0.393805041657
0.427721778381
0.430203172206
0.475871777046
0.451840025726
0.546351994667
0.437645563956
0.435342390784
0.612766995371
0.365392649171
0.355456268138
0.537922696227
0.463493146872
0.460024530885
0.528000082348
0.482654231908
0.306788220262
0.396720106386
0.40291312416
0.453033342547
0.390624361486
0.357943841605
0.261384807956
0.593651112617
0.634485588069
0.585412720547
0.572796648462
0.604412953905
0.342487182781
0.387914982859
0.528818036361
0.3675335503
0.416536311573
0.366377810408
0.644537788582
0.408215943242
0.291502876846
0.46294448411
0.31449110653
0.571234651334
0.421824168346
0.476826075451
0.589429743588
0.43284925028
0.441614652858
0.502953079602
0.328358583157
0.385181063205
0.539492218875
0.408219639577
0.537080216188
0.480903506165
0.441631964001
0.484249076958
0.371622046926
0.464110085977
0.560466316337
0.485659940265
0.395655575514
0.482099592238
0.48082618216
0.563777948849
0.42303683718
0.503848926549
0.548649381228
0.386977823866
0.678292739895
0.396286022413
0.44468042842
0.46652784341
0.728016477123
0.637058710892
0.521721914456
0.353338811034
0.532486204121
0.322069985998
0.611234242179
0.473866298377
0.54310434062
0.289355644642
0.543799407663
0.570377675889
0.429462818364
0.449085908361
0.366186062512
0.524425868232
0.418357504667
0.313717383236
0.43083892388
0.390758454819
0.379779035949
0.321968365344
0.451089179951
0.623044741322
0.605749144796
0.413253498418
0.524825888657
0.430252825785
0.434836325519
0.518143271868
0.253100757447
0.316273965348
0.404366771349
0.541596399283
0.482793072147
0.623062439304
0.524360391869
0.434297699203
0.471637128009
0.328291711296
0.389110345409
0.526370341707
0.636203988268
0.492391828632
0.401249857236
0.473677037917
0.548539828823
0.530825946322
0.376838558958
0.431809515032
0.666728275459
0.462506303487
0.321260320681
0.410300358914
0.446522449717
0.761134438824
0.457573978044
0.447546192154
0.473422206192
0.635347638276
0.425573560183
0.642560268842
0.456145881586
0.513819610176
0.345472593327
0.776087259556
0.423344181056
0.501914040833
0.370286430864
0.519296510575
0.59161092653
0.481119610775
0.369637600644
0.479534614377
0.409382788138
0.472556098702
0.415321066311
0.592399265111
0.497134622537
0.474211685311
0.476791072138
0.395235613926
0.452088138934
0.416052672759
0.395847166914
0.644517484891
0.551175418812
0.575356893899
0.253790253669
0.577368994975
0.432730231462
0.439761167069
0.464418334876
0.337210884582
0.501716314117
0.537894269523
0.388990584022
0.464776295874
0.366709383051
0.4595112271
0.414896843441
0.34400420269
0.579094481396
0.510023776141
0.524343226067
0.31675870849
0.35878237901
0.399068640584
0.474837236258
0.420870792429
0.501412784238
0.420827615075
0.437639299013
0.525378234844
0.522963085581
0.411087065349
0.364715092555
0.463931298126
0.519267757289
0.440414121637
0.374913885143
0.409901206385
0.32677632737
0.48586902929
0.4515272093
0.520996207552
0.477581526151
0.481307427824
0.550641528976
0.519816360319
0.568728248701
0.414784358705
0.437193350392
0.367037948987
0.446990497495
0.693637804255
0.628256067209
0.350326394949
0.467129922574
0.673173582508
0.346382663918
0.409611447698
0.43979380183
0.484964063512
0.430952657539
0.421042479871
0.599721291699
0.384249233133
0.449000294474
0.571377599879
0.328495314774
0.493099019268
0.609112173453
0.570810294338
0.460951562374
0.421152008105
0.445480906618
0.51230860495
0.471716203996
0.497742692993
0.430074880049
0.399256187133
0.412186208335
0.452034264612
0.641408735561
0.488242751968
0.598159375171
0.455423094718
0.527217787489
0.423209471463
0.543577240427
0.542147067695
0.555162076632
0.383123427688
0.358560943027
0.449502534208
0.419976118748
0.647143458962
0.298536949826
0.409703936211
0.386930338243
0.569473781557
0.47849096784
0.419693759025
0.527843798836
0.378717422204
0.47977763198
0.463232791419
0.487309227309
0.563546505749
0.363360119167
0.302344150577
0.487376433789
0.472946203803
0.489134169298
0.471316063636
0.428279917478
0.501781200401
0.56298385172
0.393872042359
0.634344214779
0.487976327245
0.364825134776
0.547848524614
0.564042096591
0.481344785712
0.430048115145
0.413653376725
0.521609679084
0.495974747412
0.412090550252
0.483441625966
0.366561895824
0.559719683468
0.465735461615
0.386585486876
0.512554842343
0.509199060038
0.473701551463
0.414285853444
0.350646962029
0.358354316197
0.617670967167
0.471637920511
0.443129331036
0.63304087318
0.489574654229
0.510141907051
0.401604010188
0.595556357459
0.432516185309
0.442496444094
0.48439802162
0.526930718058
0.46164399
0.529934696709
0.342208535846
0.463222218829
0.469611534245
0.470345322215
0.574965554622
0.516147164864
0.526364642339
0.417337672784
0.53214582329
0.613207564984
0.256633690686
0.454473593816
0.414544499729
0.523347771724
0.541082365028
0.338961036487
0.401542545078
0.313658578496
0.468248541427
0.375200739316
0.464939222266
0.439042815928
0.547879348878
0.542845687107
0.629391384725
0.423120039013
0.604431122871
0.539901511604
0.525400081653
0.407714405743
0.390867653464
0.453980090032
0.618062093731
0.571674731581
0.61864916446
0.347790369439
0.427638197375
0.385721101928
0.592539017275
0.422011887734
0.547544859235
0.546549332699
0.570073424054
0.517875125646
0.454173065584
0.460874853401
0.371488665869
0.498779304454
0.472053244542
0.418776432534
0.533039186014
0.52814683355
0.474341748445
0.481539450003
0.430223873926
0.415401890532
0.534462806252
0.496276397609
0.546240946153
0.548571613301
0.411589967209
0.481397241523
0.519031607917
0.473490934351
0.422896313642
0.52110513785
0.468833128378
0.549511579118
0.432429554707
0.497839182727
0.41954128663
0.561148831023
0.548273691562
0.530777483569
0.458160356426
0.516251920311
0.428712583197
0.331339028015
0.574343866329
0.408173939019
0.401450488852
0.497990240002
0.491633595822
0.429031105554
0.54385573032
0.450226398994
0.548939170853
0.391206731047
0.473352897207
0.34895360139
0.597156003627
0.402781673656
0.44684514042
0.552918473484
0.506476860088
0.285536443463
0.416879372073
0.506627015924
0.481120873298
0.50435721597
0.410750148992
0.43230544975
0.49129522927
0.436531739247
0.500266583829
0.379612742867
0.354759835666
0.757454281874
0.607372094309
0.405846578927
0.69359138013
0.511082867978
0.535299054509
0.503631752749
0.478653485475
0.246060098012
0.527960327119
0.331291502106
0.467463586138
0.562573626055
0.431132083783
0.45749619793
0.383946364337
0.512518132406
0.384574558248
0.416596629028
0.650860133736
0.543285116461
0.486300645359
0.384914613247
0.409577289823
0.447093870437
0.400900995075
0.379071959044
0.367327845756
0.541265870528
0.373789942864
0.569201546181
0.520598551465
0.417442969282
0.551213015081
0.422717711538
0.462489052731
0.467170300765
0.50522640575
0.561687524315
0.365064941975
0.478200010203
0.476723019722
0.538184053532
0.406026157645
0.438899773996
0.418927149378
0.355944962793
0.598297305137
0.640023935702
0.543925183723
0.415797699124
0.498942996605
0.477497500832
0.348056611424
0.480315358634
0.452746242327
0.396175299935
0.564082577103
0.466941785895
0.349626773814
0.553857790305
0.62623763129
0.488717743271
0.365566223363
0.546242899716
0.536650499063
0.497723953879
0.449793324912
0.451620492295
0.513038109721
0.459829270856
0.686850484501
0.51248556086
0.883154552617
0.531289995157
0.608627622419
0.481970749311
0.567401267786
0.440126039054
0.476066785814
0.458085168375
0.204841732298
0.640678967986
0.430630984364
0.500577654696
0.440572390794
0.477398922702
0.640005667235
0.458988026831
0.48620093194
0.498459736952
0.563219787586
0.480786096544
0.300468957722
0.359877238685
0.497655664642
0.369802858839
0.345801234816
0.450669284738
0.442556407043
0.649309756654
0.359250998828
0.439435801167
0.542204926991
0.528902208393
0.511650702614
0.408693741824
0.50019283491
0.570938309261
0.43306863504
0.537048664544
0.270751462483
0.558558387928
0.39164988773
0.527157820913
0.484315455174
0.402980654244
0.504100640357
0.378888965793
0.478644778361
0.518224203096
0.573964901079
0.520959053987
0.49417275349
0.374543877037
0.577562935226
0.713255063357
0.320090713202
0.453784475984
0.538588848146
0.493318099335
0.529079485343
0.509910781131
0.476296234006
0.415538746809
0.488752325205
0.685413762421
0.428318396083
0.519992216775
0.453637937853
0.587083486082
0.449636513564
0.281389633674
0.432400890668
0.618633612537
0.402028208842
0.42197682323
0.595139042285
0.373436375871
0.563529488968
0.372360606944
0.656004603143
0.456483580828
0.551603254573
0.419927446634
0.349341886549
0.471761961655
0.383517800295
0.466819435802
0.475397608375
0.621478325394
0.487032202541
0.431463631442
0.362810854356
0.458889407993
0.475242028758
0.622578095993
0.761320006202
0.738175861208
0.312841500671
0.334452716135
0.31838795717
0.747282904685
0.49370740406
0.603913840959
0.270816292368
0.433724888539
0.597834469968
0.453657896414
0.55842549158
0.431504198869
0.682589553242
0.496463761851
0.492988553342
0.580659262582
0.366909656418
0.486151618299
0.448077506302
0.505950257482
0.320078039903
0.505816710548
0.475714954366
0.477746046421
0.398054055721
0.543824812151
0.535686331404
0.385462754486
0.295605119896
0.426749451281
0.468238057737
0.520301025472
0.496860623527
0.523650834767
0.336458446445
0.431116626263
0.469457592485
0.676303365528
0.435786884207
0.444623465045
0.507356103353
0.471506378667
0.567187941433
0.485028382114
0.411046833965
0.39679701404
0.508176709664
0.509396794619
0.445206696364
0.589384960534
0.246908365194
0.573092189232
0.388964397425
0.459951630819
0.456448411945
0.366800391998
0.522287631979
0.392334443562
0.542032141203
0.523316327334
0.472824509285
0.667421320684
0.509844985395
0.457352758451
0.425649878523
0.347323038366
0.513899513745
0.4782609727
0.529452700967
0.75313215758
0.385236111892
0.621826712686
0.409255551547
0.421018987546
0.371092646871
0.465548045253
0.456202098507
0.477650652055
0.439389432592
0.382356858229
0.632478789089
0.51943513747
0.350980783508
0.360686479825
0.412518731628
0.492165827862
0.38055028223
0.517019890268
0.437667951334
0.53700908839
0.352688884048
0.453983625283
0.479390943819
0.586464679263
0.553403962602
0.464999997681
0.536759342467
0.746744590449
0.318549294516
0.434238361388
0.505269477231
0.53245062868
0.372065049257
0.450098405941
0.506386088343
0.474968996211
0.506941595664
0.489120685819
0.628068709738
0.502291583762
0.534296045515
0.327060968995
0.487201590109
0.597629484829
0.437914529025
0.474359742816
0.451410835866
0.470231496984
0.621071407166
0.407918088676
0.326032392563
0.405801532781
0.456626313595
0.38410155753
0.59488179683
0.462731682916
0.548526873241
0.479225601175
0.554146124397
0.573318334804
0.467638926979
0.567528159339
0.572722185227
0.59895091758
0.373934156744
0.479881096642
0.530771454056
0.541027225006
0.554046372768
0.312700851744
0.50961882416
0.480836457286
0.481589983929
0.592067483089
0.444914194656
0.302913209431
0.451305077524
0.38712107103
0.522403959839
0.473719350039
0.477394948875
0.281139004442
0.381027632808
0.534314670262
0.528601952511
0.40799658465
0.37545722673
0.508582910112
0.456685790086
0.381931518363
0.434771597931
0.446668367152
0.459303474783
0.310475414011
0.405186724041
0.398540497176
0.496643356132
0.542102487499
0.580579191292
0.761865537465
0.522614721767
0.625504135171
0.573383996593
0.471641881379
0.343402723986
0.473691876644
0.741090397857
0.461494632289
0.643327797018
0.527867312543
0.495522190203
0.5035138084
0.460933918331
0.274807679232
0.298443619324
0.481662037973
0.522260428377
0.290196337389
0.575253057545
0.62748719203
0.623711793818
0.548490521548
0.35381800603
0.353851472408
0.35983210835
0.501150178498
0.387250795908
0.42170109348
0.541661944823
0.301208139656
0.438998904212
0.427491565006
0.611104354356
0.410967258158
0.393479557617
0.553222014955
0.660067394065
0.446832674062
0.503247434583
0.310271779172
0.564911011022
0.614421087797
0.473595548138
0.440750439394
0.368070152861
0.519712992019
0.362998818194
0.568092203652
0.401607839911
0.431989452707
0.431796032451
0.400398472303
0.568742656949
0.478439225378
0.337398853398
0.546669284
0.564558406451
0.515468043071
0.40313727342
0.536115863057
0.488726565425
0.440901141693
0.46653393195
0.419318524877
0.283087461747
0.512172136652
0.392831244976
0.524878350557
0.407112196434
0.454010537109
0.310015769772
0.448919177492
0.651163297739
0.358335726713
0.430708461313
0.741752498595
0.604409570568
0.570956233452
0.343485731075
0.459991358857
0.32842767736
0.644534937827
0.462848480521
0.525939028837
0.533836450623
0.5096442866
0.33114275212
0.557199609735
0.525357523866
0.701810459146
0.56883445858
0.488385142526
0.508072270023
0.371457655678
0.551392113155
0.475663399508
0.503721972555
0.571764938136
0.503741550164
0.478229325222
0.661609800557
0.574677402869
0.478335486062
0.467716175836
0.401678994658
0.521457537285
0.56068586254
0.604954318079
0.241297940725
0.378445309775
0.546003733173
0.355205165608
0.49057778178
0.355966044309
0.427590812974
0.578839880335
0.445345216624
0.491323444683
0.391201340808
0.464397719229
0.526089594992
0.49410054436
0.478995856722
0.479022677478
0.550792868331
0.464989637924
0.330292267929
0.307586370027
0.577309133148
0.557032339911
0.385134670275
0.44988119225
0.448304437418
0.485717092118
0.384782366628
0.470651534624
0.551644777932
0.509164564964
0.451580899878
0.384318638786
0.53256627056
0.475642310008
0.652214627154
0.382622554376
0.365933373379
0.480956873022
0.554033980803
0.562821249102
0.494305700904
0.387547546384
0.409926919844
0.475735764653
0.58532467726
0.532236742108
0.474617030082
0.462280786946
0.54443958129
0.467839525406
0.594495583383
0.594363603191
0.412399365392
0.807428480056
0.468891168264
0.501054074636
0.41514049515
0.551651254146
0.622563068346
0.512705987721
0.41257811643
0.435125969214
0.417237254242
0.39828775154
0.450453694724
0.439145150383
0.527172003879
0.495109311702
0.473394780156
0.510904135731
0.46804476787
0.625728110737
0.457477993763
0.496858780154
0.403298907435
0.442957621366
0.283884013563
0.354759320784
0.47866174052
0.420184249244
0.534423488216
0.663088348983
0.304362545317
0.412045981225
0.446689971458
0.510032628717
0.46901232353
0.349862154077
0.544624207575
0.525057018526
0.383808715138
0.562013808898
0.437695452822
0.380858950461
0.357546841394
0.31888237719
0.320248864278
0.323072539159
0.422161525466
0.303120062507
0.305894010832
0.387981254343
0.342512268353
0.458880543996
0.307923164266
0.420034525322
0.642168414153
0.420462963522
0.306906182413
0.418333291934
0.34446122511
0.289162336256
0.543098879988
0.295736250088
0.515640746529
0.510641911383
0.494012453835
0.458993902163
0.369909928855
0.385731239068
0.319149111371
0.448949222283
0.412523669188
0.570397004697
0.442585362302
0.359246777731
0.401150791332
0.721658014736
0.416382122152
0.476975472916
0.448069514057
0.459356232338
0.499038689058
0.459362578826
0.438647671531
0.527990224445
0.387946802124
0.479067213125
0.413373585605
0.576665110186
0.499908576648
0.640398087817
0.481634786321
0.379213597945
0.579961460099
0.53668589086
0.400853177092
0.504346683962
0.386776226468
0.452438518928
0.689096712123
0.497775066593
0.407613909576
0.498412819461
0.36259872623
0.35936890324
0.553732619692
0.474638172352
0.41135904368
0.55542734396
0.429209050484
0.456221290623
0.422336961368
0.407237535468
0.489008054749
0.51847710096
0.409981539194
0.509587079064
0.513138566386
0.621241916007
0.561110436128
0.405635197065
0.465069318211
0.383055529766
0.361107831301
0.403823496943
0.41166555375
0.656983204508
0.581711842526
0.469922289833
0.473073277266
0.429409547999
0.457022008293
0.400111488452
0.563422289136
0.394995834402
0.527115175606
0.646774721087
0.554350925573
0.494580498187
0.506850500385
0.530849362901
0.463681783236
0.446739553933
0.457517864212
0.362069662731
0.438889022381
0.644848453212
0.564801153361
0.527346158949
0.296601610426
0.616294149442
0.46853612829
0.550775446757
0.373239658147
0.418363774719
0.418130997887
0.564579623378
0.462948026943
0.402785239606
0.447829531612
0.373239072829
0.38709226433
0.50112673947
0.490449237405
0.403801838896
0.507990395562
0.438483541531
0.445143822239
0.499254636641
0.505604440144
0.365406426637
0.479771898473
0.301753616716
0.408951888204
0.492877564984
0.419899614752
0.496305773257
0.480988106203
0.550592317897
0.565734128539
0.514168331999
0.418404295307
0.436134108799
0.588178595526
0.558371379983
0.389957196323
0.43667784072
0.460091474863
0.489330902577
0.609500386496
0.36797775296
0.672251133148
0.47386692681
0.503322854769
0.610816578718
0.347015637054
0.495839666566
0.474053689139
0.415358398285
0.451935620009
0.390777357803
0.46306799377
0.419745959471
0.490046879781
0.530324171902
0.345070432005
0.562111489155
0.479620187791
0.456642805551
0.465360014295
0.371669182039
0.460569224517
0.636401598649
0.459158765246
0.328438098571
0.598212760876
0.409199596006
0.458028792556
0.45087092365
0.611764231243
0.365959024102
0.315877130204
0.391887932657
0.450934563535
0.327378200434
0.419190729129
0.346785701103
0.399851367348
0.600263645189
0.495310137782
0.595639675392
0.531096550657
0.520400030274
0.649943888946
0.383328094562
0.292208211566
0.473120521575
0.427895976925
0.4324399286
0.502496585626
0.526070384877
0.502017331528
0.455973628723
0.605750660951
0.485731827881
0.508257338666
0.675069160599
0.471961441847
0.52449378534
0.417724367737
0.459820482335
0.381468590633
0.358177462945
0.735670995005
0.417621527522
0.45477203193
0.345321939022
0.329592878347
0.430167866849
0.623240978229
0.530479159083
0.48577480649
0.281588412909
0.395054402983
0.357807988079
0.359439608725
0.38834550287
0.491276761555
0.506700265606
0.436423390585
0.332606795596
0.327886874828
0.470367646712
0.499444537966
0.634317786667
0.436157527214
0.403291076461
0.504468687371
0.380337768023
0.39625330943
0.481867843904
0.550592028264
0.511783679416
0.537915783765
0.47961603915
0.531572867585
0.513528017854
0.406643729404
0.316149219274
0.400399158192
0.41725115472
0.460020384857
0.359459383548
0.505679384293
0.369189651942
0.600853394293
0.480809568993
0.527531308242
0.485891839311
0.574429742523
0.514764850172
0.466464280759
0.437266358646
0.257084269421
0.433445868569
0.304400067715
0.281840021456
0.489291781292
0.25992686837
0.403954574734
0.463284831609
0.442227160205
0.636642127861
0.359049810708
0.451586830306
0.518656020795
0.54248459648
0.448997789467
0.377689771777
0.370659846831
0.550808748831
0.462849814115
0.38366065265
0.47637361708
0.501490990813
0.447463583523
0.34284914196
0.527546527198
0.31853664436
0.612320286256
0.471793181914
0.663369858678
0.427903952295
0.573741364543
0.502626365211
0.474729658835
0.331111015096
0.535452827638
0.473725086335
0.392305728181
0.472141132574
0.441044553967
0.444372695981
0.437925311783
0.601074744953
0.467123804967
0.585519179211
0.435570936285
0.522477645583
0.525754839561
0.314865772122
0.33609805091
0.416850442542
0.214788037825
0.499543039421
0.476552612633
0.357709235764
0.401358739697
0.386470773975
0.438561901344
0.553927508396
0.578162642243
0.434454303518
0.40622659931
0.378880952007
0.401868037263
0.504263906842
0.482940037313
0.483844525954
0.478064452435
0.316366043356
0.45712195992
0.440303334028
0.431451457965
0.519044617163
0.469685062278
0.319323609947
0.603428151083
0.650790690731
0.483630257213
0.553990945255
0.42032220211
0.791983991246
0.61315755553
0.632145719423
0.488705142728
0.414684295885
0.496404651091
0.563300146712
0.474538568166
0.4272165162
0.450267475865
0.49046013846
0.468225195288
0.423731400806
0.378041355946
0.513809762494
0.545871848133
0.540198064252
0.408935741828
0.579471261687
0.431736281872
0.494735457129
0.416852735513
0.296710995961
0.415560930325
0.422828899671
0.48622031469
0.442276039263
0.498969525329
0.565044167791
0.409728103988
0.534673786584
0.468427902975
0.454128715485
0.639889086483
0.491911481532
0.441525721055
0.353732611118
0.352929591875
0.642447486835
0.463857552276
0.438523184571
0.447211734275
0.377019099088
0.41687343655
0.505749892252
0.523314232762
0.35897786342
0.630007362628
0.442373438927
0.412144685072
0.44860801542
0.530367341298
0.451858134927
0.439540262183
0.445826991434
0.385645652109
0.415349045487
0.41679085291
0.322224406311
0.387605228634
0.635637494629
0.580600102079
0.540057527295
0.411504117177
0.383406872111
0.38492027411
0.420884919966
0.359738763331
0.389621180567
0.45615349702
0.59579723924
0.568372214723
0.44573431736
0.449634866991
0.483838916484
0.408036833906
0.507130489096
0.336617170052
0.467214047686
0.464553632097
0.483804817238
0.397919409111
0.290369552883
0.517981623752
0.410786922207
0.495273640759
0.474247935355
0.348814844617
0.526627244553
0.512086434373
0.494062876938
0.76778470149
0.432661714779
0.403670211983
0.510796430335
0.48258830677
0.386901918945
0.471391085244
0.596107456378
0.486373109209
0.447576361585
0.414908397373
0.503803273783
0.365016608307
0.402807017095
0.508764022254
0.41890303288
0.343212662431
0.421621780351
0.339244759419
0.397835688466
0.51893818406
0.494663613757
0.493679534834
0.496170742018
0.503619407242
0.522253504863
0.528393828519
0.611563616044
0.355184132084
0.413981433574
0.442487742573
0.389222111267
0.461514778231
0.282730751822
0.433918825896
0.587244373338
0.530528296935
0.529294295883
0.468986050156
0.621490730626
0.474243074405
0.584728470126
0.347182943629
0.575517098932
0.501977639254
0.443979326114
0.498796374708
0.450284415313
0.571347306706
0.526089223019
0.471480560511
0.507823712504
0.249660984102
0.372742784035
0.348055848437
0.362602280243
0.617936477892
0.437404536276
0.578040468983
0.534588535932
0.386359618105
0.389553188137
0.530272266629
0.447981593149
0.427953048762
0.420863866551
0.513623554178
0.488291881117
0.507784508514
0.484559938476
0.404430526449
0.396372002544
0.402983214118
0.462000313109
0.465950036382
0.438048631381
0.440594035636
0.493191880105
0.245000629953
0.475832800196
0.402701626069
0.448939065947
0.486414664681
0.524176453522
0.459495445744
0.450686233079
0.576779161902
0.468114336349
0.387048809262
0.372545383504
0.44561631649
0.595302332718
0.58983965762
0.566551308895
0.376569250224
0.623919532204
0.475995279573
0.605919771483
0.555994818212
0.334063305031
0.441753166802
0.443546814418
0.567980360456
0.425592408905
0.442718302215
0.522902650186
0.41583349374
0.354516789777
0.391079658215
0.419970023126
0.442854258457
0.432474869753
0.437457019025
0.541440581711
0.573885000047
0.381946840677
0.550820933421
0.34698232326
0.554807887118
0.464515142739
0.46316252407
0.425575222092
0.496471216819
0.431231587538
0.477680257922
0.548784027838
0.439342824413
0.517488911349
0.476840072762
0.429603558857
0.403705177523
0.53056599258
0.503470068461
0.621916011844
0.46345256161
0.516589159624
0.529803170316
0.481553841139
0.294389752316
0.475739367012
0.441714014575
0.298549018361
0.395677337964
0.326252988172
0.438790950736
0.603212706024
0.388488000286
0.695661935046
0.470205444253
0.326822967684
0.41813419629
0.500629929548
0.560759750848
0.545800358267
0.490893340677
0.453245081098
0.592121177437
0.45938420929
0.379730585534
0.368902541904
0.415386708132
0.523260161185
0.433772207302
0.403124675929
0.486358535476
0.493792732962
0.459171836608
0.417246776768
0.377916420634
0.458725921818
0.376247317269
0.534832927655
0.503486763141
0.62045706953
0.483458476313
0.665266662078
0.392235608028
0.455558498298
0.490805295735
0.253643237864
0.372527851487
0.467503919298
0.440806005942
0.45464206947
0.488293978328
0.528250905501
0.464707264805
0.57045820479
0.595585012948
0.342688179671
0.38675803876
0.422866656174
0.515071026658
0.436903068326
0.42041436969
0.401409150075
0.444325901975
0.468138338532
0.341429325678
0.450381656568
0.416134144124
0.4342241906
0.494164918314
0.401627161703
0.416963649415
0.605612733236
0.544498721736
0.710773856418
0.589550881586
0.447396482878
0.364624728626
0.53607685469
0.522870221969
0.418398960427
0.576305021418
0.386577643534
0.580330304812
0.548986227345
0.339133708195
0.568095419928
0.47934923762
0.395850246592
0.523947208287
0.489457310181
0.571948880767
0.411766056723
0.513459877726
0.479402678246
0.467888589716
0.424001684976
0.514207064994
0.495589431524
0.476554499716
0.585200715413
0.449376356925
0.480756890104
0.753790095611
0.428146504353
0.561260428721
0.490576657988
0.415131831861
0.62597459631
0.553265378145
0.591018805475
0.505807546593
0.43795480296
0.759940600833
0.500107791252
0.379403540773
0.619864356495
0.412955303981
0.337740781627
0.526482255718
0.574636634753
0.453454706475
0.44935397843
0.435338566306
0.457783998589
0.410718245903
0.473294366774
0.530901205563
0.657106472584
0.636089967261
0.442782158097
0.620755681758
0.411238068644
0.571088462011
0.356654790774
0.41446944189
0.510605064362
0.536522438411
0.402640502886
0.615019317641
0.453174549943
0.441362953571
0.401371261889
0.381267985088
0.426224143889
0.436494992787
0.655192888885
0.506988587185
0.450406370356
0.457072552012
0.541413073214
0.4722381912
0.363819141957
0.51400885933
0.343390186973
0.506881973797
0.538441170227
0.599227911717
0.393163981575
0.552803236344
0.663588814406
0.398710507314
0.410172126625
0.425517930941
0.558325708679
0.393692001999
0.470997880635
0.524389743155
0.558759583758
0.438390845532
0.440103940234
0.474973829848
0.414935793324
0.645899341713
0.403500785886
0.482995236499
0.468319388295
0.662079598988
0.517687924565
0.509795510993
0.406121417719
0.487378291718
0.506033985946
0.516810286434
0.321228296495
0.404278769675
0.485992834485
0.332653668566
0.410711759781
0.373648781778
0.356603384061
0.585072667362
0.405300149994
0.329235730501
0.455136157133
0.518261815304
0.372281017854
0.418567812674
0.446141601656
0.483446113105
0.334666665164
0.536259602827
0.38521415934
0.47163775131
0.498016185144
0.434850618746
0.327585475443
0.43208075147
0.486239647824
0.449843435513
0.538874466586
0.438724430665
0.54137129682
0.40970371708
0.472953675384
0.667124534297
0.426855201493
0.396666013362
0.57095946061
0.530531535718
0.497867372828
0.496561884776
0.344298164549
0.473730530714
0.542525271421
0.54215216406
0.437278747751
0.477536002581
0.421611878613
0.526470298108
0.32645890827
0.360578968852
0.514508087662
0.759951557015
0.539682798
0.423266275562
0.557743265911
0.278164791802
0.419018482291
0.402646438035
0.40948055893
0.411536428748
0.544170160962
0.416959545291
0.567485646483
0.512633212906
0.378311187288
0.492283761136
0.460708550092
0.459655047148
0.430126536114
0.401236958473
0.571022628774
0.531540139076
0.484605411774
0.301632879369
0.381919445647
0.502840311356
0.407342592577
0.554225948767
0.503657632895
0.484112913356
0.447339669064
0.468179541241
0.465789519047
