0.523365877248
0.441862731728
0.771359806608
0.439158353675
0.569967997487
0.67987248419
0.444158229459
0.487340148386
0.558696311023
0.484669813698
0.634292723818
0.449864424331
0.511367741447
0.4388066295
0.540324148894
0.440543402302
0.497327832013
0.458634461627
0.463294217283
0.488906917404
0.528844352096
0.66952300489
0.542943106459
0.517351243725
0.464406289588
0.575051272881
0.641541781837
0.6780784267
0.521791012763
0.485199324679
0.450567707524
0.664276568145
0.684407487517
0.493045973
0.401388615936
0.604422330495
0.472653427199
0.472383312664
0.488023962033
0.566750476192
0.580158430489
0.502238475571
0.731195104182
0.495004481717
0.538489420195
0.430248791954
0.577822422945
0.505880726821
0.42960668493
0.722860145452
0.627300079324
0.578148168828
0.525239877133
0.492788324733
0.495951861124
0.458127386622
0.758187721691
0.401752286033
0.495694827615
0.465399648577
0.627909641348
0.709825320209
0.450165508321
0.620123726457
0.508605160588
0.45726497712
0.489900398948
0.462951686273
0.509322892131
0.472651242362
0.48883519597
0.435236988887
0.614698038024
0.436926153388
0.600612660828
0.411550758104
0.574574498802
0.661264738753
0.456972331776
0.395647139915
0.570072209332
0.582909880423
0.529276672976
0.44815893986
0.4795384978
0.531082911476
0.496432396436
0.576187898021
0.453811746033
0.371015379067
0.432856062155
0.556270874328
0.558563136623
0.701189715048
0.513067019488
0.441178888088
0.585826495924
0.587109631438
0.693526734577
0.499289102434
0.613742485765
0.466067714533
0.554694459638
0.436538968488
0.54120587753
0.625185381864
0.501082265903
0.642884484616
0.418316995087
0.609446828947
0.575622378748
0.581519505707
0.629475521295
0.693879475865
0.473491707709
0.556225976267
0.630990207816
0.565594808192
0.53878201385
0.580736405729
0.621428154335
0.53264254347
0.604215428539
0.667025210242
0.466895924551
0.585748101228
0.700134333096
0.475217201737
0.52720760936
0.529214080065
0.571914929641
0.555284722484
0.531313295408
0.524313208501
0.487883087351
0.600762610659
0.622244807754
0.47285846878
0.55010288628
0.510500048538
0.578204072043
0.490859798934
0.588494279582
0.58325260696
0.600437920054
0.354442395812
0.46687439108
0.568088830247
0.587518457219
0.550667331245
0.573111670983
0.593068728343
0.786346352647
0.615684700331
0.5303279488
0.534716764421
0.461496899229
0.36979451384
0.419185981907
0.560577149903
0.498230499187
0.640088941394
0.416744292437
0.856199601694
0.699566020321
0.59780574421
0.463269434041
0.419968512775
0.459388863686
0.583970562204
0.468163460751
0.706369469908
0.664645623956
0.53541866821
0.571431435591
0.654530743376
0.548404428287
0.421622387256
0.68342749617
0.629590417212
0.533589218875
0.492068685616
0.4093999765
0.442407049005
0.588890995432
0.610072880281
0.561955523712
0.492885367185
0.394261752219
0.391000680534
0.648792424219
0.627618901749
0.562953646111
0.538435284068
0.351214962073
0.585720968072
0.640565064739
0.399887071856
0.483312015566
0.596814505882
0.565240885791
0.545419014926
0.639962336055
0.40023770975
0.447848156888
0.57443472755
0.43537663325
0.490325114349
0.370610172608
0.506473061949
0.569495589496
0.552274113036
0.588759184914
0.623103516686
0.433569014231
0.543685087651
0.380243207698
0.516860683016
0.263150375732
0.50302457413
0.558616325493
0.378860027666
0.620837503322
0.532226827867
0.451458914007
0.766388804082
0.492317334618
0.414955031565
0.602032953427
0.484935572082
0.509655370754
0.600003460278
0.612557780283
0.466177386398
0.563638069363
0.721733587485
0.58149387657
0.603549105038
0.542385475407
0.411878895576
0.500146239478
0.530440329229
0.542658439238
0.571160301375
0.694660285709
0.419229391455
0.676604043385
0.49350859212
0.521711269308
0.457710951529
0.374724543877
0.577557502138
0.456274071656
0.498440239772
0.53398980546
0.352915758246
0.551456286142
0.766552588835
0.550328590936
0.470533759433
0.538517134701
0.687256718525
0.657558583947
0.516081894673
0.348630623239
0.501614558953
0.697565645738
0.392369765435
0.543456492274
0.329455282574
0.6084560314
0.591641284096
0.681916184317
0.605922493262
0.571479251926
0.69035911615
0.646000977599
0.573011041377
0.465023744987
0.628684528116
0.577758355944
0.455652845766
0.485375306454
0.465926529709
0.596331053982
0.583767383545
0.439664835982
0.516569149529
0.619474617918
0.605128702844
0.742584805119
0.654933101835
0.518592502006
0.640648662033
0.60766394391
0.492584908795
0.534301991007
0.64802811595
0.535476611702
0.643190451841
0.604157714779
0.517223609558
0.425897290019
0.611801777565
0.514034805543
0.488038779216
0.653161263494
0.653336283752
0.513805273928
0.607628796921
0.40506380934
0.469283893569
0.657379503412
0.556594806749
0.786371848058
0.661578779424
0.401822749426
0.40778085054
0.678642554945
0.47609388307
0.455672068333
0.718823856866
0.560704042031
0.475035912967
0.634012401421
0.419770757792
0.614909793585
0.727401935112
0.406883639745
0.597152732076
0.346690708964
0.505786977215
0.566269586852
0.474370510929
0.588463834892
0.630072967497
0.765886855786
0.522246387728
0.641208382751
0.563516089704
0.379311036526
0.456859874713
0.648610210348
0.61709817035
0.564949479714
0.495322505412
0.436351392255
0.623364340619
0.600103583907
0.425649804067
0.580983948349
0.602344814613
0.575743093812
0.660973491871
0.55840411624
0.421695705064
0.603101447472
0.42010390119
0.599773535457
0.577787783118
0.59034367763
0.499932640247
0.575904476296
0.69364964431
0.640243472772
0.48365901786
0.62245239403
0.551317657972
0.37973480319
0.658815734838
0.572722905251
0.470862151986
0.499960596419
0.547999802313
0.430508422297
0.488747915678
0.710400765087
0.597089273333
0.486716277321
0.477750312784
0.588916953217
0.539730157975
0.516283232893
0.50609866952
0.410636071485
0.538933027108
0.481133992741
0.557905503119
0.598477309084
0.4755482913
0.496763555347
0.542033616255
0.494365427965
0.573497078838
0.646016938012
0.637723293272
0.51012670816
0.507878051552
0.44660443003
0.550944219535
0.442759699915
0.495177871007
0.598304718965
0.529715401466
0.390347209354
0.60059525988
0.452538319706
0.587747640179
0.538194615415
0.510531112384
0.534017496082
0.530110298634
0.462014826646
0.737265380581
0.566593270463
0.655498185729
0.40675827892
0.770551393195
0.543122517671
0.53108087927
0.451994400891
0.568377945845
0.584475141916
0.623394050719
0.648764840037
0.657886518566
0.447288785087
0.462448758305
0.504249857494
0.616617366735
0.561436308326
0.745721518039
0.594352023563
0.608843464208
0.470014266953
0.5545959321
0.59730178487
0.575411826512
0.672788986826
0.600580500618
0.624004693204
0.615332441614
0.39007471271
0.481142244602
0.55114319392
0.588323207887
0.456204946522
0.57349334638
0.697667045076
0.373375703825
0.639931246708
0.539808713429
0.724402892012
0.549234020167
0.478077486155
0.481657546087
0.431870667464
0.521396295295
0.640383157794
0.482834921811
0.71247436373
0.442323400648
0.513369870359
0.54482988836
0.690932715722
0.322219697042
0.526743012803
0.614229268111
0.715639403156
0.63299804443
0.395966290693
0.562947186644
0.853047100634
0.624246027988
0.685990452195
0.397734839062
0.654798362175
0.635058662057
0.484361339815
0.436622977071
0.564447091048
0.768274011698
0.515409072326
0.558797058618
0.477027282867
0.559204347221
0.830309854647
0.434803533369
0.58139652355
0.719789934843
0.660146585182
0.578426257675
0.63960741244
0.619261486567
0.823069387425
0.678754284271
0.452372041335
0.706944084291
0.488910370928
0.397292677103
0.372305970619
0.544939455637
0.511746950849
0.505846690418
0.574933139755
0.422206229575
0.465076115345
0.59994210864
0.607594531085
0.539546970273
0.679739365013
0.399980045786
0.649721970299
0.703129029182
0.539756436408
0.420461465832
0.578885337736
0.636198237561
0.657383497647
0.662541362814
0.622858214874
0.571212966763
0.519222307515
0.703480387187
0.511019883866
0.394000380551
0.40708643682
0.478568759942
0.565363836891
0.485720754091
0.434716326706
0.554021358328
0.333610924726
0.439368783684
0.470084940091
0.744328367898
0.52834056208
0.557161612727
0.523606718298
0.565481911519
0.583034821175
0.452329766774
0.527929199329
0.557323403709
0.617289470083
0.577295291628
0.590218665123
0.589222686134
0.473689741651
0.483736611838
0.461918731704
0.617610050923
0.6795008329
0.635767063946
0.452535519231
0.576957695734
0.508191278905
0.404183392832
0.681160449582
0.843294926881
0.62941577031
0.466124842437
0.55679764896
0.561489555431
0.569646722999
0.5274960606
0.432724629189
0.640666430692
0.534850651814
0.651304156998
0.424002023621
0.540085379614
0.64955047485
0.777024617867
0.399926311666
0.825504611132
0.519019534042
0.658175856111
0.66291839315
0.519309858514
0.600575464181
0.528473754991
0.614641914674
0.461978431067
0.507255258705
0.539091747504
0.606073534489
0.410754662481
0.51589997628
0.47212962348
0.486533479295
0.580136515971
0.582707700885
0.569437113577
0.645119694383
0.62404508991
0.676393462962
0.5795924911
0.503458035877
0.690528991948
0.394583676931
0.673285572311
0.556036140318
0.630465530752
0.60823861834
0.517045179727
0.591870724441
0.532106890967
0.537509294758
0.64279255311
0.465109492467
0.523562667407
0.449516475567
0.496760767314
0.534544352983
0.482657660714
0.529334591366
0.502002275129
0.554704624178
0.496316017401
0.510191557102
0.585856279315
0.33814720802
0.493307365728
0.493717351316
0.580132381455
0.708787692206
0.626013397353
0.660045671941
0.501707288712
0.699138561606
0.606492186827
0.640433701362
0.564457952623
0.685322241963
0.549941564349
0.437466501478
0.481523705202
0.52495490466
0.558769337751
0.570559054424
0.556523078666
0.718301957966
0.37644530567
0.529687770774
0.44798460623
0.51456222127
0.459196938846
0.32915591654
0.578441044622
0.397630799491
0.576280326936
0.54432600238
0.665064043239
0.803267135213
0.611556177956
0.774935980654
0.697934387142
0.594116089912
0.569920641795
0.524197093819
0.47938383183
0.558933219193
0.589948454689
0.571954202277
0.512486731284
0.377989000478
0.499905236142
0.60642435762
0.532732522957
0.546203369406
0.644454355299
0.513488927061
0.446285388228
0.650439144695
0.587106138974
0.519197491017
0.538354100411
0.577669475988
0.561224576044
0.536091572844
0.556996155348
0.442188519077
0.593204961761
0.682223919107
0.461587548062
0.614075248482
0.708757905294
0.535872148924
0.374753698156
0.456399883384
0.704493283888
0.451564615231
0.505750778339
0.675991229802
0.500151607218
0.592119381182
0.491735077595
0.609410279592
0.502212557087
0.710130290973
0.69115859904
0.529559251975
0.431726319415
0.588217246272
0.498102892814
0.560306969617
0.45859434703
0.588193265599
0.530375664673
0.569689408806
0.510901290671
0.625130959843
0.533189885214
0.432765308247
0.69552437845
0.554109026431
0.528994601859
0.580588690379
0.532498560019
0.580790901923
0.606159952516
0.553289206998
0.587109639436
0.519416937242
0.660525446387
0.541778849398
0.650836347376
0.665125991465
0.660870462217
0.480335092074
0.70758007961
0.395279945971
0.472930130242
0.587224956955
0.526492859851
0.717982936695
0.552272065881
0.435509494451
0.455668832265
0.49386954956
0.556576740303
0.507362681054
0.494215678407
0.565703494939
0.551985546431
0.445658993569
0.579308251216
0.698678355233
0.462390516345
0.653628411983
0.708667702127
0.592544364827
0.542100193466
0.522741032331
0.581122409858
0.632084711494
0.495848897096
0.647253655363
0.690404185636
0.63014905984
0.554486494301
0.581865396078
0.966230981949
0.606492581264
0.64655241293
0.555471069081
0.50215637099
0.634166570164
0.485837852668
0.577830471569
0.514973189455
0.552707855021
0.758093684973
0.611905465462
0.636042903973
0.571342355522
0.492183674052
0.617485279412
0.493436086567
0.628787721755
0.574923094501
0.746962634813
0.635820861401
0.522295096132
0.621750805221
0.471259018104
0.456992682732
0.493508492144
0.555238530449
0.619778239622
0.748889968102
0.476624503453
0.549351663147
0.642467514341
0.485981542903
0.554638135222
0.400272176494
0.63234866641
0.505854649886
0.571685671855
0.542862379353
0.519957728562
0.526998698141
0.507681687864
0.34103000121
0.57665043793
0.520043833647
0.604540606504
0.574901041924
0.710295628735
0.462447823701
0.615927786535
0.654461745669
0.589114555725
0.533696015964
0.549948907055
0.536116869044
0.367606078928
0.697153243628
0.501318375619
0.513722947536
0.462967573274
0.640270865066
0.631784256073
0.513648060271
0.665312161504
0.404438663556
0.70589731866
0.512588938247
0.614679563141
0.444409032247
0.521496289997
0.459216981652
0.597520590326
0.48996374035
0.423478164746
0.823394352482
0.679161110917
0.538796524385
0.73661518585
0.679381224329
0.584664323723
0.526692627038
0.616277951284
0.696498323072
0.51196505268
0.736774611801
0.518222090262
0.51955452651
0.488532032347
0.356462114742
0.396085496976
0.423269521395
0.47717348813
0.620454119547
0.581798065645
0.524375224803
0.408508562427
0.528514678924
0.414345880101
0.505102549039
0.7020962706
0.477521835642
0.73165463599
0.601735812427
0.516031745976
0.64337026109
0.662921066529
0.45034766911
0.587174195875
0.574788749846
0.512605517631
0.495395929316
0.713283100095
0.563900951367
0.319636868433
0.635633975409
0.693278591633
0.491452235885
0.574491237627
0.599203166014
0.632110035066
0.726440672021
0.680333482606
0.614654077765
0.559690685366
0.381714724976
0.525840235283
0.704854416867
0.734392024292
0.599817260397
0.54472416003
0.476957075583
0.406070867633
0.519192677059
0.588485773388
0.542668639605
0.653543798953
0.395645972333
0.493369433471
0.576335328496
0.511333096465
0.492882976957
0.399451348481
0.526432003275
0.517155431062
0.459663389485
0.658551543126
0.587525776238
0.382466070934
0.3597719133
0.439203086112
0.565962877679
0.441563713922
0.609296828676
0.504979000738
0.698510413021
0.484556633447
0.603543404523
0.564044276334
0.566766275575
0.616076152262
0.6132802063
0.550427818692
0.380134995312
0.400188481948
0.411210425164
0.645489123265
0.463969155854
0.53281438893
0.57518540538
0.573646251036
0.564806947245
0.533083154837
0.561532658065
0.650326855647
0.453244438682
0.486644018377
0.530073166483
0.4034483107
0.520055152237
0.564673372619
0.458013262217
0.636720259195
0.518375464191
0.65209246582
0.653651728495
0.532076169326
0.62729220963
0.499648882729
0.530089938628
0.512435194769
0.514964678752
0.736096103023
0.618588336724
0.56586170182
0.599597660481
0.58136536291
0.556911389087
0.70045157208
0.611469445588
0.446215958491
0.54561435176
0.532117380296
0.522385193812
0.537350362419
0.618697101242
0.440957954644
0.656494182225
0.4498893684
0.640025421391
0.659192384769
0.591908816595
0.697440606674
0.636286538522
0.482867236916
0.378052882535
0.712945242823
0.446428632206
0.502680148266
0.664665116955
0.539832557201
0.693777908405
0.43866282199
0.579938274409
0.438619293519
0.595527924071
0.689943930128
0.605610916218
0.639140304701
0.618969386743
0.692101713594
0.503971497818
0.659475245046
0.403845198277
0.387232280335
0.595853229315
0.664084880369
0.639705310389
0.600157760914
0.519720204739
0.447207475201
0.503832374965
0.576879406872
0.559154404401
0.512940094489
0.498715892706
0.551157578174
0.615142923143
0.362545859433
0.578273165794
0.545564305967
0.514089561061
0.495277008771
0.349608460957
0.500265631531
0.483790242272
0.588262921312
0.519544413002
0.526949366385
0.417400606497
0.452570850824
0.49260112164
0.62266194284
0.447324300075
0.695101966105
0.571696174014
0.691240121488
0.763161840326
0.455133522367
0.567715022431
0.405670657503
0.464322655527
0.535153044527
0.278922081825
0.517687915176
0.630267975372
0.563979574093
0.517840622122
0.743386110149
0.405153988872
0.682097712609
0.429186403212
0.523755596353
0.505791704169
0.563897756322
0.45192247268
0.609702531521
0.618110794128
0.566022576114
0.809330733394
0.543146967207
0.505935299524
0.609510751513
0.775338326708
0.424473293538
0.698809059523
0.488558006109
0.722166389766
0.577444626945
0.582867477387
0.438163507692
0.748695928374
0.597067482986
0.615054396191
0.458640220116
0.650179985138
0.524170795136
0.470794961389
0.458204137117
0.664056062613
0.50929722627
0.530985329522
0.523293449242
0.666869081254
0.577223809463
0.758051636036
0.467534570676
0.562767105135
0.439618203232
0.392618662696
0.375966913493
0.695987400461
0.455537917954
0.637107916774
0.714767933062
0.597221419583
0.475408807797
0.699453982436
0.594081118116
0.400646375059
0.660785283878
0.574465196301
0.588567741692
0.487044761653
0.783316907651
0.670520358901
0.455746483013
0.505029023547
0.491522201419
0.654451794224
0.547064131369
0.582704129344
0.595620195772
0.593195800848
0.784360306067
0.583442338811
0.530945491422
0.646880619748
0.499332292323
0.63656474811
0.462731276847
0.550012817224
0.65081672387
0.63149488211
0.459340534187
0.42103589636
0.56232343529
0.515300605045
0.455719607726
0.699941184761
0.629962693333
0.523139619925
0.507704376685
0.593544437184
0.584610964123
0.574032614209
0.748899116734
0.603846965249
0.541419787341
0.700547550056
0.585167783885
0.44144693536
0.710341746176
0.410725230681
0.614527021385
0.510885224439
0.516442108079
0.63713633481
0.541282020285
0.471951315485
0.364266118221
0.530264512594
0.479465710459
0.391570163066
0.522053176816
0.569222183302
0.35931489249
0.624180179865
0.580429180861
0.585839571751
0.725878717512
0.712736065141
0.537319205263
0.544312399021
0.549577225043
0.588223866827
0.767093178319
0.423593620076
0.620078019239
0.501066351654
0.586538357572
0.625880557768
0.624524635862
0.462692274268
0.487564874754
0.486441843327
0.525489484215
0.562406743497
0.402379159077
0.493265098275
0.723325233349
0.769269592596
0.613989616635
0.491521433886
0.689342320006
0.652792156015
0.452883396174
0.446253881141
0.362854690034
0.565385785119
0.638334780498
0.413904949502
0.461750564922
0.666159856642
0.617503065608
0.617160893552
0.850348806193
0.49336969067
0.493564051672
0.651471394916
0.696664775288
0.502772041968
0.389898492614
0.56945813399
0.611278041637
0.533222867257
0.559400594117
0.659849324525
0.603333130898
0.445331678608
0.611756913342
0.633731008568
0.804869307404
0.698010345235
0.656660902483
0.52034039632
0.598845896801
0.705767067416
0.39839284548
0.525096388018
0.584267269348
0.541671272402
0.511603440342
0.287175658025
0.450169604422
0.50822596845
0.658366219315
0.511214786284
0.617117705689
0.489179164174
0.460308303147
0.540579867213
0.44372942455
0.589241451723
0.610614846043
0.72396007893
0.55316702625
0.819343602815
0.46026248213
0.575327388967
0.646100250607
0.520572108306
0.759227786135
0.593265316636
0.510543806324
0.369183685134
0.397239275079
0.735907678498
0.52276565522
0.671518946635
0.538396970452
0.553571217769
0.704345671242
0.623604674554
0.41625218327
0.540292773317
0.509346713795
0.643935332155
0.610599045166
0.503256782141
0.667897056062
0.655456572511
0.49517130011
0.617368923672
0.424361068455
0.555474139793
0.546072217554
0.497560684383
0.657856060884
0.575131313377
0.447164849567
0.518615128387
0.484978341136
0.736100459486
0.427570854683
0.472882943852
0.405637085594
0.56041438364
0.582326857115
0.448989952816
0.808637167325
0.915463885993
0.291681078918
0.591894829445
0.427122606809
0.650827902674
0.48964216396
0.45620611363
0.552829617791
0.599893327933
0.507136488435
0.533676595697
0.443742984236
0.565510788016
0.495295169755
0.730074763533
0.585008713602
0.470237713342
0.394407748578
0.544985091742
0.62015081435
0.594706617263
0.560462368498
0.702060716212
0.812259922678
0.653279584151
0.390194589734
0.440230480826
0.606075674961
0.56281230272
0.579462810848
0.558414923658
0.754861246665
0.444703279437
0.525023093689
0.705549315025
0.64056134296
0.509011907648
0.349788353318
0.619046331645
0.54914043991
0.45886059401
0.495353687047
0.483185035437
0.670695441614
0.470674195173
0.731673783471
0.495357516471
0.62666955565
0.580103007229
0.46471104863
0.394008736427
0.480628833788
0.556764499983
0.517590113088
0.706613418228
0.601764515997
0.593159284626
0.508730927009
0.45551146728
0.47021143602
0.450186025083
0.602284276139
0.466328469393
0.484877437211
0.541092610127
0.467809028183
0.564953574145
0.572681703094
0.520352111821
0.688613378062
0.519925602409
0.582039319056
0.592888635067
0.539906243606
0.606929995355
0.589448479271
0.571710127854
0.384145168522
0.366274296751
0.517921988072
0.512595312508
0.588894501172
0.472613839917
0.638927947416
0.620729862012
0.775254258858
0.539424958274
0.715018211719
0.442330474957
0.533796288927
0.541197846116
0.542617944739
0.531354635411
0.419967201934
0.451899120517
0.462716268053
0.606323087332
0.528490174963
0.555893644324
0.660233338882
0.452776736335
0.590775650688
0.605374309289
0.502580431329
0.729070130597
0.756993154219
0.447506248168
0.56424650982
0.485705213285
0.56513756378
0.557610200899
0.486371660283
0.624884328354
0.51251011916
0.453297359786
0.515435116317
0.636959407797
0.744795486169
0.671115199096
0.640014809121
0.790416439212
0.672567429509
0.425392981501
0.732684959933
0.826270370068
0.58421146722
0.635895538771
0.644774461341
0.701126568774
0.427032357176
0.346521329706
0.394463200604
0.416902869452
0.387451393431
0.704528730792
0.682756224995
0.853240440736
0.703777502053
0.515837042551
0.369046769473
0.707957615026
0.604482310247
0.593247308299
0.56851783364
0.561272330965
0.509394809558
0.604014580484
0.416969623516
0.462293830949
0.681873264422
0.679820214832
0.427248671048
0.53200602164
0.537096594688
0.547271977475
0.537461336084
0.578848683598
0.39854244744
0.651523325042
0.633053631591
0.465466812645
0.541057419824
0.731936409719
0.553774392826
0.66413508619
0.376996880704
0.691837385982
0.533308864233
0.397380409898
0.425913294646
0.651167995784
0.54968793742
0.564671003639
0.580695492773
0.614890928984
0.624062348062
0.518935248539
0.622671203169
0.479681703514
0.737406834543
0.558438162564
0.46256408501
0.469980538229
0.54644606157
0.392483423135
0.620172879755
0.621376149238
0.465217722121
0.572483735377
0.672466822273
0.589146619627
0.393928347721
0.609011411286
0.52851227044
0.517796443699
0.481918302662
0.510955819769
0.454227961671
0.60819352962
0.607768063645
0.626954682402
0.481135548705
0.638744387108
0.469682868379
0.472042818769
0.431682880605
0.73554730909
0.547764945303
0.477902472024
0.531140118383
0.511698973313
0.684604950848
0.408825870076
0.535253562783
0.365704899556
0.62769505295
0.718788675058
0.751937628946
0.70417840768
0.620876817853
0.585890164003
0.552683743234
0.576067235142
0.766728242148
0.526473199626
0.510641259045
0.673330053988
0.62989024711
0.741661674713
0.351142041187
0.620906087691
0.636070118525
0.700779007578
0.48809193244
0.507692285599
0.654750665464
0.523094725022
0.399676937641
0.45917662043
0.437543834993
0.72415886876
0.317214683275
0.676358630607
0.464185161252
0.785945232936
0.732206174806
0.592744134821
0.565106214592
0.369053014297
0.711682858109
0.487028921947
0.507035241
0.604012162243
0.472830135433
0.475774164192
0.719883201036
0.761453998505
0.5484738153
0.459366122279
0.527210661462
0.610678326081
0.564331095944
0.574812224708
0.724520753303
0.727319579846
0.532545605253
0.630585979499
0.571546297574
0.451781610899
0.725107490143
0.569670135841
0.33119278227
0.643605987732
0.753978452542
0.726692816546
0.743461527403
0.779604769042
0.794436556184
0.885853735574
0.345865495593
0.571424523085
0.656544516206
0.745282657472
0.836712544202
0.787308316464
0.684008969556
0.621071261139
0.528351091047
0.483998702898
0.676908358917
0.688413855253
0.551213366254
0.544903595255
0.489902404659
0.660295216787
0.710037641673
0.836608531555
0.554149149475
0.820805024431
0.480676422166
0.531131786523
0.636744618404
0.572385057512
0.470183020287
0.493034639937
0.554341082757
0.552547302257
0.351334926622
0.543424369804
0.686371964372
0.573706489565
0.551019451755
0.525396189968
0.61716493493
0.686432661926
0.573856610891
0.487622408142
0.55387155155
0.410260590033
0.658583036323
0.68217223694
0.576725163299
0.431748660865
0.389875102934
0.643507840323
0.463568321299
0.645468146949
0.530850654735
0.531439230579
0.745819662133
0.471222793545
0.636585695574
0.461551912861
0.614016644599
0.373094116184
0.552304419229
0.635249253678
0.670261305163
0.705800204875
0.713661362572
0.473858177525
0.66121816132
0.402112727586
0.612681881788
0.806162761422
0.544805819255
0.736062801504
0.768540993394
0.574738625866
0.491689107919
0.72360941948
0.592614610746
0.497864062928
0.672826282341
0.546637358689
0.702971343512
0.583520545395
0.631697039806
0.572496471863
0.632928973352
0.661269017096
0.600436972826
0.691862683272
0.448419911305
0.651968881036
0.491597657956
0.547275647261
0.611429785747
0.603984172226
0.538695678611
0.716397782305
0.695404705042
0.745534629403
0.570524173272
0.68274875091
0.658039527171
0.456824490143
0.818705058061
0.571391432905
0.581417346467
0.584539939548
0.963526369198
0.505873442331
0.693070261919
0.551493186302
0.63374776316
0.571167645161
0.671252151093
0.586015824716
0.815860952673
0.741370177643
0.664702146887
0.464064857718
0.462749402251
0.466671780117
0.494357792826
0.586052825798
0.656769207289
0.582295790023
0.824469353574
0.77558952999
0.440636402898
0.830185159021
0.487177239422
0.641199899593
0.428631008468
0.711497256572
0.498261499011
0.388805513553
0.708421187013
0.581465459218
0.466490974215
0.820594744851
0.593561990443
0.520693140066
0.662609009823
0.505378142494
0.581432504328
0.543886637354
0.537973801659
0.357074724665
0.570548064214
0.520279092909
0.753667237049
0.490460242932
0.583707567897
0.448551771484
0.538551288061
0.66905332731
0.507149890782
0.718954099433
0.509874605967
0.495151207829
0.699813291761
0.442606035471
0.59675177908
0.478457218691
0.523810737174
0.638896712617
0.539672509913
0.51642850347
0.542211764684
0.669698637218
0.501000885001
0.481436852015
0.494243920029
0.509785370865
0.552603230363
0.57492304323
0.635758557969
0.450027656132
0.641924897402
0.565315969483
0.615155173766
0.629672783101
0.517136312107
0.582350409084
0.594258462623
0.49104015547
0.595607566563
0.596198256177
0.469769008357
0.621480706551
0.303039291131
0.531404869927
0.545169778775
0.47249185006
0.530347227951
0.491151066846
0.668884162289
0.416581634925
0.43677956185
0.459578341684
0.691342606754
0.570497046255
0.508206988528
0.437249839591
0.532488279834
0.646220252301
0.47914981925
0.584271934311
0.474859559481
0.600727471921
0.538289565337
0.347408144521
0.393244915433
0.362781258077
0.61618998644
0.52929860325
0.631570696861
0.57387873163
0.596369766026
0.570512372319
0.445186787417
0.475405562666
0.435943059699
0.653426044117
0.622386330224
0.560562888569
0.599103262981
0.555182845307
0.586130775564
0.496297745238
0.45349132787
0.56678118728
0.489394967119
0.633587963775
0.614584849291
0.658446715866
0.544053784635
0.486611298522
0.408801970855
0.556297607626
0.627952964139
0.420619537171
0.588451882347
0.503801041948
0.551575435097
0.610800208119
0.740797373272
0.495334945643
0.549555500766
0.633813033311
0.66770600622
0.482519973738
0.494357987119
0.634528789478
0.531507777042
0.427520017492
0.712975748681
0.636742493651
0.553742953535
0.582143625794
0.500663242999
0.529060338908
0.402454565561
0.714653342412
0.527166782273
0.467787428058
0.548658835121
0.545869160803
0.434613122055
0.513621923402
0.559423775218
0.518437637615
0.523028232385
0.547339266952
0.634824376713
0.691870440955
0.575116103203
0.552527011868
0.724752648271
0.660201865659
0.527219577486
0.404674899954
0.531355319938
0.665942421885
0.440742012868
0.412732202065
0.495933591164
0.374639890759
0.495734687941
0.676755903456
0.583044317146
0.432050458646
0.501904788237
0.439819307904
0.42456174037
0.558201317009
0.623285895549
0.51859510597
0.625773200134
0.607255405672
0.65680750226
0.708270117336
0.658452678546
0.506774700365
0.604603518962
0.446666735872
0.57552388627
0.596260829426
0.805688722874
0.539534955242
0.537123196868
0.541728974841
0.483227819254
0.464169066179
0.462547694347
0.594403078722
0.403771225274
0.414729293978
0.572881459997
0.670165542203
0.600751744412
0.583752407815
0.53912011201
0.473302744345
0.573494408335
0.671016528543
0.481353901528
0.59590808453
0.556558609308
0.643528623809
0.61367856624
0.429474062308
0.415538568875
0.422789198897
0.643736844094
0.444898191906
0.617168656547
0.478216782502
0.437436228655
0.525912850309
0.352574253128
0.566719618936
0.818399216625
0.45165306819
0.666192069235
0.502261867613
0.302212459278
0.538510355755
0.416682766712
0.503151006939
0.605747053455
0.577138884469
0.499796080939
0.39984376527
0.528967757892
0.370486743003
0.52587162223
0.692279714632
0.499473329817
0.552348717822
0.578866006508
0.665863903947
0.524765195366
0.635685388411
0.52567227671
0.567513063593
0.509956888231
0.679411231065
0.504885639893
0.504585608194
0.597773603161
0.517914981719
0.489754098108
0.432858271567
0.710288353914
0.727031367226
0.593261089242
0.561366946205
0.462590024263
0.605430519472
0.483689563503
0.550074053964
0.540205859767
0.37897331343
0.592599638192
0.53868870572
0.499256749009
0.424104207722
0.537828662449
0.480888797476
0.50776727548
0.544176487664
0.30952717709
0.67298031737
0.665002496755
0.426530768432
0.68618196397
0.588406350105
0.50761605303
0.536931503121
0.521911761172
0.451266978097
0.653394970396
0.559398112161
0.603081688788
0.65212129729
0.54047315973
0.679184884452
0.541316756401
0.433189184244
0.59436963902
0.513679211861
0.640147961173
0.489445319227
0.51935658411
0.475022681104
0.59000037128
0.566795926906
0.533016182276
0.46045745465
0.389233061687
0.365760464188
0.552761423575
0.588688242884
0.531657178359
0.376980461809
0.459154746373
0.50312911813
0.61768406027
0.588838086783
0.329593563215
0.588591764877
0.545227317356
0.772183740556
0.548025995183
0.693697293348
0.551992898915
0.623837180031
0.700298292645
0.526072244691
0.730155509885
0.70596867535
0.62231762241
0.422805551856
0.519297470021
0.632257301862
0.496840179701
0.571152017952
0.601186136584
0.525914513642
0.506095435859
0.556188901327
0.553405964949
0.347035888446
0.535380986695
0.668952341441
0.620898289546
0.590733099199
0.548407627469
0.552308826727
0.582886344564
0.729101124095
0.483876453438
0.504799268955
0.524259605752
0.665867007134
0.530798664361
0.522579097333
0.543118366843
0.588373403287
0.542709784427
0.489933301227
0.543500903824
0.49910396622
0.420916672812
0.567257112786
0.66899159186
0.659007579142
0.517884834122
0.580233566758
0.654850921625
0.517465406608
0.614131115679
0.621159013879
0.423403278167
0.610713318754
0.435680579016
0.523345140233
0.530836938145
0.51168536026
0.500581669052
0.60653509145
0.423678532196
0.60745911028
0.589891229059
0.580215514494
0.6139082754
0.412149843202
0.641188640152
0.567231797359
0.563701204553
0.632725496754
0.623829613222
0.548224659404
0.499624094851
0.538038696985
0.512933003024
0.370446599112
0.449131847461
0.6164300758
0.598600170747
0.621911448384
0.654274443168
0.428136266465
0.493137876761
0.596463595326
0.536092055724
0.602866886281
0.533479649259
0.45296481558
0.558908863868
0.503825812834
0.69731073203
0.567875319453
0.472357185849
0.417942640628
0.555783993372
0.445871436953
0.58532658668
0.428251447492
0.469865602467
0.371548646254
0.551102197379
0.564094358285
0.551724904622
0.518011752262
0.596891797791
0.576725703249
0.582800523228
0.519120853171
0.615518007062
0.435493473334
0.57313777963
0.70230906624
0.463370709059
0.484719475491
0.444040081158
0.493919172123
0.548085861668
0.580251152647
0.533232065227
0.627828873396
0.502753800907
0.550456431793
0.601746955752
0.776923278709
0.428397118368
0.480122428468
0.55896892074
0.495589475077
0.437245554232
0.489594848014
0.581184355379
0.540194879984
0.500419376313
0.72434401175
0.614986463182
0.710346744227
0.402085860273
0.599865824108
0.623779360148
0.539960441727
0.510890216146
0.459491363461
0.655182296898
0.473316878975
0.330754650251
0.553561869677
0.515342569693
0.395854913545
0.559177743225
0.523607227262
0.442584804298
0.462723861113
0.470281301146
0.490736858556
0.521744457595
0.512235616196
0.54332098283
0.557688131004
0.543374988813
0.472025843656
0.559886274112
0.553480751479
0.367055098201
0.494360967601
0.621274011851
0.549545330825
0.633070515544
0.461115469218
0.557644310318
0.582776069397
0.681475310405
0.591567926004
0.472721077068
0.462470298474
0.423043157689
0.493605003477
0.479950316694
0.553245632905
0.383530860933
0.713628973771
0.529168401879
0.588636939639
0.581571335365
0.63592693689
0.449066095357
0.551485762447
0.503457708224
0.573714990035
0.555376070218
0.426410399367
0.514439749376
0.416311267136
0.467259009927
0.552064791979
0.617635929901
0.606091509935
0.449603459865
0.799704472225
0.545163431617
0.551844820911
0.467420075628
0.569213741624
0.475184973185
0.573847117102
0.621720541435
0.508341898747
0.35975345708
0.485429652198
0.511528033309
0.601738123874
0.480058592466
0.49729840605
0.680067239366
0.421165502363
0.59414375698
0.415769971384
0.555251554675
0.505251992112
0.386873488661
0.651699960643
0.558359895188
0.428518743287
0.38776318796
0.46844309742
0.681643570801
0.59258608017
0.569882582455
0.395796144762
0.843788066274
0.555071140266
0.440168522977
0.377015898282
0.526442754589
0.534473043083
0.540258168034
0.674098066254
0.631118793605
0.299333073046
0.702476561007
0.488615489078
0.503010427912
0.689268262101
0.458377875879
0.758696840098
0.526349334744
0.560885049125
0.56808408776
0.515512622459
0.432101095116
0.513546892991
0.480975957589
0.400251369207
0.607305224968
0.551716410781
0.72447131349
0.716884429491
0.593630199058
0.643031028248
0.563773020566
0.531526056777
0.564632930628
0.515420472957
0.629625387306
0.620343728804
0.53955390251
0.667196156035
0.565664731473
0.579666379771
0.574956587625
0.685813603289
0.649370847463
0.538392879674
0.466405972296
0.49101186083
0.471566497499
0.424528877553
0.500007214657
0.578563051318
0.61433043823
0.557452323571
0.51980332647
0.584686109116
0.624715001693
0.534037202383
0.671751920312
0.527180801486
0.448823858615
0.515289109666
0.397682118797
0.427243759758
0.700198103075
0.682654254499
0.338723733546
0.603332614426
0.480675668582
0.423734501864
0.418869891383
0.51022129455
0.460883072224
0.531142284654
0.575506078759
0.473109631125
0.660444930445
0.530654481126
0.544068151712
0.522898787045
0.49927382613
0.618351303404
0.546677973398
0.739163757653
0.454020186457
0.567452122671
0.436364911188
0.505816810515
0.603880727664
0.369622864935
0.579617336738
0.646260285698
0.612846228619
0.636379660286
0.382969886475
0.534513632203
0.690603954661
0.642967021014
0.542209475333
0.478221570164
0.451267896639
0.451727683345
0.502193554712
0.497559084066
0.526582038436
0.590157533889
0.555416057357
0.523245641482
0.75041401796
0.699585261956
0.675048446347
0.568546297731
0.586561471722
0.713106323476
0.564985240128
0.582422588692
0.628732709507
0.556822809995
0.582716095258
0.467047823804
0.513590258446
0.620524150985
0.706860554426
0.821899343425
0.585873350478
0.52823139367
0.489884871505
0.542768099763
0.660341362396
0.645069423993
0.507864285892
0.661607588084
0.39644464469
0.836804272267
0.375293678514
0.397027496104
0.677370884212
0.789263093898
0.623204334583
0.58544059852
0.660884721627
0.535069852826
0.434121749426
0.547344891796
0.621075431711
0.538448370955
0.607084990023
0.418467902959
0.53745223794
0.492489303486
0.643091357386
0.565617521396
0.595098013788
0.354703392284
0.500074367612
0.494486789428
0.564207772826
0.493917322865
0.756108875533
0.518374134695
0.512508426964
0.373222549128
0.601222297032
0.437454488994
0.60289745632
0.451181634555
0.628549954126
0.557233376497
0.327352710374
0.486911021348
0.596337130702
0.417729572075
0.601057178078
0.361074613776
0.524381137245
0.659885824863
0.651837719668
0.450981485988
0.531990153443
0.500363553325
0.418050900657
0.605190910504
0.525611908976
0.373246871913
0.555478819897
0.507093293028
0.615252392914
0.568805002571
0.491748929695
0.630047060436
0.506759616169
0.488419376423
0.6536566072
0.61977648968
0.500714881622
0.714378950188
0.570327618718
0.472119330221
0.579609835745
0.531792823573
0.4562721049
0.47814628497
0.475770760703
0.568072286376
0.417603517495
0.60689739192
0.6536137394
0.656263191607
0.580113229781
0.517819813117
0.447727868081
0.528746860631
0.616173305637
0.756082693908
0.648265294306
0.41573550747
0.430327114877
0.620728312318
0.413121830377
0.64564221578
0.591830938023
0.633520369567
0.682990669159
0.497972669026
0.486430566525
0.379590936676
0.505196889013
0.322830153119
0.616345538086
0.592288414898
0.459338299615
0.506884186383
0.604618485236
0.512098668692
0.423281067223
0.378549764517
0.494480282349
0.496193628592
0.501160746031
0.667748613627
0.461556959228
0.548096703823
0.520354223319
0.634192744293
0.644866711905
0.537769224178
0.443578504984
0.567666348058
0.346668984395
0.645192812588
0.72004969626
0.51076504166
0.485328373257
0.45646986472
0.494595914746
0.622679713012
0.700854375479
0.482894268152
0.527452365532
0.460626194917
0.734665973959
0.679455262862
0.582637549662
0.502449995555
0.594981589924
0.565305140311
0.504062127089
0.428580827912
0.485005193753
0.570973988842
0.526452692469
0.484773277651
0.649466264025
0.637784314209
0.544737277018
0.689557096856
0.64024224191
0.454922190899
0.541925726432
0.525805905029
0.500334086513
0.596558467703
0.599623725844
0.527361986506
0.4962389448
0.563501649495
0.615866702931
0.515304444523
0.46810405164
0.574504350654
0.574461452496
0.721282343867
0.561070631789
0.874987320041
0.508742421125
0.589239343931
0.567669330427
0.556942881402
0.456831382362
0.56861636018
0.755552416098
0.817116900421
0.576329471602
0.564004368521
0.611768360799
0.424701745752
0.547953338577
0.60588374189
0.619672968052
0.653327574403
0.566300840001
0.494757180547
0.498264529515
0.587005000263
0.54783603739
0.417235094002
0.740515163568
0.611440563681
0.399175028399
0.490548950657
0.523688841789
0.752158248827
0.455442507731
0.348644271024
0.503677111984
0.533776665681
0.582337741059
0.531961740898
0.570831043111
0.49023904948
0.673700336246
0.460635507052
0.479293855516
0.5280194791
0.502479418399
0.49694582774
0.616315332092
0.553586592451
0.478469307468
0.618435351896
0.51831452977
0.538976440312
0.573432794019
0.426208051824
0.610157220302
0.493339431741
0.529454120032
0.660825194416
0.667517686236
0.546717889152
0.486609129347
0.499668580057
0.594275393803
0.44367566238
0.544049342715
0.619260298318
0.349230466645
0.596964167187
0.597235528875
0.494829199558
0.583419311007
0.519393637351
0.460314188729
0.624417700563
0.459100458882
0.526300476918
0.487238467659
0.473064142423
0.583096517899
0.532357914903
0.48719034672
0.561992640958
0.776738097708
0.506754642728
0.749709864093
0.516319961977
0.510344174918
0.712626705284
0.654848514522
0.450571883667
0.452564746511
0.476332741843
0.59966866247
0.482419487406
0.767542997257
0.500099965934
0.671055217637
0.610187215284
0.479773942849
0.500096867309
0.754852971526
0.606231240578
0.498888545478
0.593928896478
0.488325494072
0.523085110614
0.492983296461
0.616617452686
0.513378645803
0.575524070996
0.690625384726
0.513541292097
0.516479179366
0.47703755992
0.426377564737
0.665549112066
0.51927236359
0.484988404931
0.590414352887
0.558337157207
0.699983227249
0.604488583371
0.519432019693
0.561360471851
0.488113676349
0.587766734685
0.605868163002
0.536568005558
0.473472818229
0.482798973237
0.697502251393
0.585214925385
0.687014781906
0.551105446454
0.588371211206
0.517850415608
0.496116702441
0.347368762807
0.451004745383
0.71023736933
0.537754051229
0.553940997
0.508398015776
0.626058407432
0.556375221138
0.363401071389
0.58653952485
0.549854841683
0.526848688266
0.797664224926
0.672074771345
0.532775293465
0.380633885039
0.554628424932
0.558547554567
0.550218020513
0.630889879463
0.549903109053
0.525148109986
0.598576102203
0.52531664615
0.630290258342
0.428379468924
0.439519850013
0.614901007655
0.559900776993
0.603453981579
0.497020003484
0.456735598296
0.564441672949
0.600587127538
0.565173576189
0.667401982307
0.43882020961
0.640101146105
0.57952727993
0.393684971158
0.427671299587
0.445862408935
0.74112047723
0.476838082587
0.554437680071
0.553681530447
0.549182190722
0.611988377078
0.538354277066
0.577924815845
0.573653993972
0.512161227167
0.374879845078
0.513854772577
0.770453450118
0.497398522519
0.459069349882
0.424743091818
0.541239771963
0.410516267585
0.448111442705
0.445019051562
0.603427943311
0.566969928934
0.576047033812
0.718083379294
0.501247990217
0.428426426443
0.477798539388
0.54209574272
0.42246436789
0.619224453809
0.617999874364
0.525490753594
0.558259351921
0.340219283442
0.543469253353
0.59144274856
0.617398104008
0.618341103241
0.650411179208
0.353518704864
0.657511969883
0.474071079266
0.44733468977
0.626504461094
0.430245020135
0.592007910957
0.402764277896
0.473072872932
0.531421180297
0.520552984201
0.682941494398
0.887875035756
0.478380786426
0.566818616664
0.620581354179
0.514815467431
0.556662455377
0.576233271922
0.699797464037
0.641062793697
0.462735408505
0.420506312823
0.530924505519
0.508809541547
0.474284905822
0.546619800967
0.541050973498
0.487324084173
0.502473928274
0.544580652941
0.687411196442
0.401297970651
0.597696057435
0.671546531219
0.544518261345
0.445775383193
0.652697224107
0.469308113535
0.385076898463
0.596955834759
0.663426884373
0.63521451119
0.485109683056
0.400238145287
0.543381574541
0.544534183182
0.508802049503
0.605871858437
0.523980712785
0.456588863879
0.726352631544
0.523522780639
0.52484529779
0.448240236613
0.432545356698
0.387224707275
0.581387573971
0.567021155195
0.659224075981
0.369584683188
0.482093000687
0.637907139313
0.60227699277
0.662789003765
0.500845595257
0.497940908379
0.538487993488
0.603839738727
0.307426957511
0.605271631854
0.50537898973
0.532176894394
0.39035293072
0.650475661412
0.432951435282
0.421952657679
0.49644621051
