0.309805224954
0.298451333991
0.29742511065
0.276159754951
0.186900131909
0.307067409332
0.266624542519
0.257918511886
0.286079056699
0.280892551432
0.202802832324
0.252382332326
0.349044297216
0.251445352156
0.311477866707
0.298285180743
0.363306492544
0.290989092189
0.27309627198
0.266639427289
0.284564255874
0.281992488669
0.310873976735
0.289286591029
0.321650511195
0.330499336586
0.292665459892
0.221116073004
0.295888173155
0.294171375513
0.27666121955
0.382189533781
0.26243289654
0.331330486052
0.281956353179
0.326033198519
0.277041530797
0.137077436036
0.26939228727
0.29569480187
0.193720931587
0.331826443882
0.266138828545
0.298929744491
0.228602258357
0.262777359621
0.171269622302
0.349567100187
0.219582361934
0.272701906735
0.310787133894
0.328904885813
0.208341905932
0.367677768337
0.277554169393
0.256576213888
0.246899618142
0.195757841525
0.406644138382
0.358337882049
0.276715292681
0.203458630618
0.314636334433
0.297189868535
0.311362664026
0.341976840951
0.191168281883
0.240420298594
0.358163820534
0.257019545516
0.38483755666
0.234844691339
0.335895980942
0.333515158682
0.287218858629
0.280443714329
0.264637102437
0.225975895905
0.200067611018
0.316499140629
0.287202414552
0.33836089764
0.247772276652
0.410273256029
0.428751395345
0.275384442255
0.194160143035
0.25459280029
0.225982047199
0.298570870485
0.26391487472
0.25662930574
0.281020957168
0.358929126064
0.245210682627
0.249369795768
0.25711744852
0.226204832274
0.320298719247
0.356504182841
0.301723769537
0.20608719214
0.286864618638
0.211293130644
0.26665831678
0.355743957853
0.402927191531
0.304822940807
0.258869784547
0.200304701053
0.294485426859
0.377037271596
0.339643694921
0.298817053667
0.241281689377
0.36609490066
0.279378607504
0.311877692046
0.288679320029
0.30744296425
0.22266919949
0.256770896401
0.207394438647
0.246829088525
0.185612238928
0.14066800383
0.29642762562
0.273586714858
0.336442615902
0.300652267903
0.232485761227
0.221086520117
0.304013022638
0.385061373381
0.228928213057
0.222702751365
0.307476760359
0.323646692727
0.308937092171
0.294098769265
0.287172722029
0.222466867585
0.23401704766
0.173939623047
0.383016244133
0.309428519882
0.405888299578
0.234482019599
0.248750588697
0.271722832147
0.31619117765
0.312684350827
0.315318385127
0.239663143461
0.256808125661
0.269285273925
0.250035233003
0.315845878176
0.246577039747
0.221183910122
0.233700178638
0.23211275137
0.24308795879
0.285829946161
0.30323161985
0.283846375232
0.304098144834
0.256899277262
0.336691368186
0.377564675887
0.204671331937
0.219225387878
0.334421994239
0.338945104518
0.4038874797
0.342777306205
0.387754588442
0.23317535605
0.195112603739
0.267937600362
0.307536941111
0.279822276982
0.368282903195
0.372402102731
0.237957238562
0.287016339488
0.28843973828
0.248020207715
0.216463188962
0.292513464875
0.242259949335
0.287525058138
0.237478803391
0.284399022009
0.284854824165
0.329715523672
0.22993709795
0.250741012118
0.242630797704
0.37532034432
0.313061769664
0.280239390039
0.378706594929
0.238104167843
0.335451536083
0.38792965396
0.252096990227
0.251124737876
0.322070036511
0.302593463472
0.288917347726
0.385213120433
0.22782720453
0.328106058001
0.381561892608
0.386320502461
0.321445568631
0.281154951457
0.269615249866
0.297183730814
0.366149387549
0.319752483735
0.30105930997
0.371758456151
0.265755716192
0.309030792892
0.286607261591
0.344992825124
0.266155894669
0.312906963961
0.361669153648
0.274455685004
0.232408855405
0.314329953982
0.29294111834
0.262347724796
0.282577374967
0.312201772119
0.212379457256
0.375379784203
0.380621820659
0.269219457299
0.283429301434
0.283008540467
0.280642765384
0.316215299172
0.279589547846
0.274187454635
0.317622676775
0.330521154384
0.243840490535
0.272574691058
0.41275537189
0.258777822085
0.348611195912
0.345767724751
0.285291833525
0.358219877343
0.142238275912
0.275215177746
0.32056272081
0.312154346817
0.272122932136
0.26610688877
0.349484819643
0.270805705224
0.378453141031
0.323986601316
0.297290350423
0.21832995495
0.26777926179
0.230959034103
0.355364891127
0.398102801974
0.280317837861
0.214152644082
0.269022284834
0.329631646364
0.346413100443
0.30770980346
0.250178045666
0.357073300104
0.259820469269
0.284609125777
0.304183605616
0.222427226841
0.374351378262
0.360263831955
0.221288620456
0.327642954197
0.280542885191
0.318840031372
0.240961032685
0.285284178364
0.289434913279
0.284002662168
0.229813490996
0.232832970148
0.194658246519
0.27778465657
0.307421518558
0.302022204016
0.388726714426
0.337136585314
0.251236588574
0.254805841735
0.15814053227
0.313059004538
0.293581031625
0.397017367228
0.271825489464
0.37150006166
0.334441431106
0.235200109246
0.289604887347
0.297348087218
0.318148780502
0.268766445733
0.365955406493
0.284035103947
0.322985104542
0.318252154666
0.294483520795
0.37123084825
0.360406359618
0.27268963593
0.302782649805
0.270196811354
0.351007827032
0.279182275083
0.235484869886
0.270919447829
0.265624137392
0.322817860186
0.300070017443
0.247578509066
0.3024362984
0.239513640364
0.390100746915
0.443943534704
0.220624015131
0.252524858654
0.328772641152
0.226977420554
0.31765544432
0.327856444819
0.276395928284
0.238620469836
0.281668773434
0.357294180001
0.223126611497
0.261744814466
0.295465239941
0.290911070078
0.374793914376
0.291610957776
0.349445045611
0.279523794295
0.269858805807
0.259316223432
0.24541890713
0.214114311557
0.424508879898
0.41802967335
0.405481643904
0.265485913744
0.281662955182
0.384319097259
0.209647298513
0.336887539767
0.233428071503
0.311912686909
0.266561200995
0.361526537553
0.301374807962
0.298470703358
0.288903806328
0.324475088306
0.261711994312
0.34608229603
0.367127235121
0.244151880799
0.310984611011
0.243670835351
0.300406043551
0.220826978736
0.18735074648
0.238922627099
0.347808007512
0.286161255702
0.277359492185
0.288724453805
0.381624260951
0.299452777951
0.265245804473
0.277075951931
0.216576968747
0.261318404126
0.292448957753
0.356962264444
0.245227984981
0.302438663314
0.33992822555
0.313487190472
0.320755245326
0.313064834872
0.261999297011
0.249604480721
0.243269101297
0.408080944555
0.283164000811
0.310503109427
0.272402037135
0.299917526816
0.283598346535
0.324562675444
0.287452544783
0.322682044791
0.274136755602
0.33796476498
0.296724497809
0.26511975096
0.198080972626
0.348354977301
0.287291454051
0.324870716214
0.354721153643
0.196553005947
0.288666243875
0.335848876285
0.304639884267
0.386340920918
0.246948397398
0.369387104327
0.351801285364
0.262611753226
0.385019880503
0.224757448091
0.285668147239
0.388345460453
0.248552761684
0.310161849727
0.298539661615
0.226046307189
0.340681578537
0.296776511304
0.321944046936
0.248074029272
0.346212734138
0.246846071727
0.223238428099
0.258008179379
0.294300623224
0.305744047013
0.331920591206
0.314758280528
0.295651310068
0.225599635663
0.281229460793
0.266289257192
0.268491076707
0.32496492507
0.227336139733
0.333508656172
0.347670688319
0.383965041069
0.397094208549
0.345074803466
0.305545945425
0.270618000276
0.256846671848
0.375016273938
0.275634808376
0.269614470918
0.3236339637
0.257259765046
0.30681734501
0.31041565006
0.284469991143
0.278622829819
0.341011752883
0.221502857792
0.247784444864
0.383884820702
0.232421413471
0.283387696871
0.294260788014
0.268126719517
0.237597680676
0.196262671612
0.237924469272
0.336697925086
0.274675595871
0.314684330541
0.204274243915
0.230078543945
0.171015152082
0.383006177324
0.285591758743
0.312667898798
0.310528840247
0.276165973352
0.286911554974
0.208080016521
0.245633185369
0.278980722831
0.33862308245
0.27786238183
0.28490593248
0.395952456215
0.310638998592
0.261899823808
0.343386498524
0.303951952818
0.310878387297
0.269600699784
0.33212095526
0.32760191204
0.244866229794
0.25637136552
0.254500740668
0.302046724293
0.272609387923
0.308660203874
0.285970604278
0.195556651954
0.306835179531
0.287608164768
0.239639269406
0.41516275106
0.270932971635
0.356210700101
0.284110227801
0.337524495139
0.251713808665
0.302043132296
0.26948415043
0.284907469529
0.342390763921
0.283059446359
0.265095148927
0.32844175544
0.296660733839
0.282707755391
0.261243005271
0.235066851258
0.313468915191
0.294657743368
0.28081338431
0.300641370061
0.214270367737
0.287016619658
0.264432791809
0.335123685311
0.368389815818
0.240528898116
0.368518140025
0.37913857749
0.339143316185
0.356290293524
0.367313406461
0.279029376463
0.233148283052
0.192695746543
0.280327795958
0.424092521626
0.355578633233
0.308569582671
0.284726740247
0.498774163464
0.340383950297
0.296073025291
0.300564912095
0.44910169922
0.358111054722
0.275929583298
0.303500660643
0.436794643584
0.360663897395
0.315755059232
0.350818703598
0.285045162509
0.303894934677
0.38103086891
0.289618344556
0.297850823341
0.296010864405
0.318002064556
0.284895845055
0.24558418254
0.407892933642
0.364265210813
0.282357227073
0.33515487713
0.320814474048
0.318110375907
0.292281386592
0.246042106505
0.348704334794
0.325568775292
0.263732762586
0.278413207702
0.335573351817
0.403086944795
0.208659945557
0.366264529651
0.371237352792
0.341678996386
0.338658711534
0.187818500456
0.283086291525
0.231318102934
0.345189459894
0.286847310941
0.249210535638
0.316149962072
0.302174042242
0.305869148917
0.288690376942
0.308279234889
0.281824442829
0.301011326182
0.247065503988
0.396250734434
0.279939932813
0.381227739068
0.300081668363
0.362758121844
0.234523751083
0.356059114654
0.31276754517
0.31405576234
0.250115071401
0.407096175469
0.308684051209
0.211677810627
0.274588429131
0.289891681
0.279453088327
0.28253256159
0.331646114147
0.224716536743
0.402934744578
0.288074026404
0.357598526702
0.230511335703
0.210194948336
0.245782687048
0.396879952868
0.356206355873
0.212826199543
0.190231403297
0.232954393072
0.40973168446
0.359476109783
0.337401866014
0.193593744646
0.278457465882
0.281015711111
0.291916962268
0.25372747143
0.282695608455
0.234688268515
0.237856878253
0.351298233189
0.350105913182
0.211259602481
0.329240378514
0.296114479619
0.353949976443
0.297258378108
0.320956765255
0.366866769499
0.258157272229
0.290917528203
0.31964041293
0.270172592137
0.304910519317
0.369390431304
0.215313703972
0.239475841544
0.33148506571
0.238180400659
0.357565474639
0.377845210943
0.240674726212
0.216747040682
0.236317373163
0.34837119434
0.386534527483
0.298877351283
0.356722725837
0.242435983486
0.240956855042
0.298966469592
0.315152523016
0.405138014292
0.276260098881
0.278819423166
0.305199046086
0.257205024616
0.238292754262
0.382165484151
0.232960782276
0.344768011958
0.255024807005
0.27871440158
0.272710162418
0.310160206891
0.367110592687
0.293942187696
0.28547487524
0.333252789805
0.292572478634
0.255430294169
0.245868369446
0.300822868618
0.257221681671
0.32140948466
0.213064139583
0.260406908048
0.258645005316
0.355186263075
0.394416523558
0.391404489875
0.422705968972
0.28018730688
0.310976370395
0.372113218979
0.356672533587
0.254602284417
0.531037109512
0.3838704795
0.310586863653
0.278049278385
0.298244416842
0.282746454372
0.225454618098
0.263905803233
0.246919480545
0.427595923649
0.308535581653
0.243540875031
0.219399945982
0.337261515147
0.238173275979
0.355226194562
0.339079470997
0.342530624167
0.28836034723
0.288361638416
0.382971107087
0.194577929622
0.342296026061
0.290381373315
0.367875302233
0.337430373044
0.238915979366
0.375029402565
0.334210018955
0.262570418002
0.339199528585
0.328735207456
0.369825742111
0.35912844985
0.283544507316
0.229721541388
0.234838127256
0.335313583082
0.247034348012
0.301281829199
0.398463250226
0.249571234512
0.374318742725
0.284027592019
0.191917890844
0.36466052849
0.350335827068
0.200667618753
0.345414957599
0.338628200416
0.164831335879
0.281041007556
0.242542522404
0.475505400881
0.363117542953
0.278693582976
0.193069052306
0.283747401689
0.231684597956
0.261157403403
0.222499136346
0.285340328122
0.313031591776
0.359055374236
0.261785193074
0.269785271531
0.330278582605
0.25421260397
0.205108883132
0.227241539393
0.26026905014
0.338858313477
0.316131142372
0.288344478988
0.281317496023
0.186416199395
0.268091705768
0.295699250447
0.256555085244
0.313364908143
0.226639800148
0.389850096053
0.46217643176
0.363097364848
0.403290826939
0.353907750959
0.277639890851
0.277898683597
0.326862740542
0.307545751385
0.34672931219
0.27863654342
0.369900621558
0.372224115298
0.189951969877
0.277266508485
0.293449261499
0.262791781205
0.228990043182
0.412501836252
0.270778677811
0.293073804045
0.35181631139
0.269187160444
0.29103336628
0.284680906569
0.298670565482
0.279819971786
0.364672273137
0.348643836828
0.332579360509
0.365946617179
0.338104744303
0.392511097834
0.304823981577
0.237002166343
0.210398069909
0.305529460105
0.429551720572
0.320697178954
0.34682134103
0.281876999093
0.232020876062
0.212505038933
0.305878096115
0.371816163482
0.308273225716
0.267517914757
0.268509639429
0.275561531522
0.252735407634
0.319897149075
0.277784260546
0.300715799182
0.329945025406
0.325272134559
0.311749479534
0.225045467192
0.320122796981
0.302018129104
0.264423659677
0.307429692098
0.353314980285
0.34563397002
0.325367866493
0.30467384878
0.323354382322
0.289426888861
0.249959742391
0.281231900149
0.34116489344
0.340576879128
0.194281792076
0.275903207511
0.301619262331
0.266617481226
0.362261690771
0.372592795184
0.38902061707
0.290486890605
0.287530487767
0.282713229348
0.267770006142
0.245388787524
0.209049078419
0.22517383891
0.429271954185
0.288676096301
0.296558325298
0.263651436271
0.303618494253
0.303402029674
0.307994431698
0.323333379189
0.310692610628
0.333125934382
0.36386351821
0.225447826048
0.33406627579
0.26965334153
0.332197578476
0.293329395188
0.282893508602
0.23351966766
0.338441669892
0.322314307079
0.167875109025
0.309561285015
0.28445151554
0.241529438923
0.246571938626
0.352023305889
0.309471417621
0.312240933228
0.296696531185
0.323084281532
0.264365811526
0.285908509525
0.308044904531
0.242249726733
0.327921163555
0.257902938861
0.325452358681
0.290075995789
0.294339535947
0.278254975421
0.319886916129
0.30575898085
0.298306285485
0.266363624517
0.41508785666
0.248715976691
0.36404797889
0.308184905768
0.232092899642
0.274175021702
0.320535487594
0.268314097444
0.202849557265
0.24971488626
0.244965233963
0.353636388092
0.224422629305
0.340374686374
0.270550072548
0.309048494209
0.413120273841
0.30940910168
0.260512569048
0.318020711278
0.323393628073
0.298014651124
0.243256026654
0.39783692064
0.292009790374
0.309834751404
0.241392492729
0.255771904186
0.389699852871
0.237160068064
0.258463406674
0.345393199395
0.319946416417
0.321213417735
0.291291896414
0.248074185116
0.37810923287
0.19955229583
0.279174269126
0.25372081848
0.297529957405
0.254548929541
0.252406401641
0.342271361721
0.312103487373
0.326031692568
0.272761450217
0.291380648305
0.260330764847
0.271557590237
0.325256785599
0.293185684428
0.337224598632
0.247370285692
0.235506140786
0.26717683088
0.255828016708
0.279549937307
0.345956208772
0.322176079114
0.390006425246
0.2778379797
0.232254966402
0.293111996577
0.231318328645
0.234378627655
0.280662258889
0.303511042237
0.337037463436
0.361072445103
0.297149376285
0.211061181987
0.286151458934
0.303371994283
0.426576711839
0.338002673835
0.374180133786
0.313838304316
0.230730503669
0.34164960715
0.286453767688
0.306127943821
0.223903244747
0.331129067604
0.279430616381
0.219843857349
0.274941679737
0.360184718885
0.338830682691
0.333147019582
0.328496890609
0.264187007721
0.397109809201
0.272118779971
0.154621363945
0.305101795929
0.307238715394
0.264515403672
0.278187187705
0.272376969171
0.336575980505
0.269791222109
0.181833542633
0.334140185594
0.314747391441
0.238707623526
0.323171953999
0.292500709582
0.352383667363
0.266025263456
0.279705926528
0.274460230064
0.309957600453
0.19523168856
0.358517000789
0.30897794961
0.244935183664
0.206482694446
0.212241585986
0.252753151302
0.225203159115
0.197589489487
0.305981385052
0.33860361103
0.254820887371
0.361269945581
0.269549200307
0.330701824132
0.327163039062
0.271627437562
0.308502580428
0.252453015902
0.327308573641
0.411062985334
0.290593904503
0.366514050326
0.248640755457
0.328223232337
0.294070926753
0.279710339467
0.261999660426
0.343969895091
0.216521088144
0.202471268296
0.239562312531
0.243008632305
0.18523185572
0.242368564863
0.283149397388
0.37762662658
0.246462708625
0.169412437639
0.241819147018
0.328629648853
0.33072348039
0.34628338359
0.292015651807
0.342787022267
0.318344752159
0.244150596504
0.273264261549
0.341475927783
0.231857800644
0.399527114087
0.277338198455
0.210096218045
0.255036012634
0.277845680999
0.278667015477
0.295074428277
0.335174821035
0.334256123281
0.38984799678
0.252767322581
0.357892938502
0.35028966815
0.262692405485
0.371592448273
0.336331366163
0.277855650451
0.34580340493
0.204174731474
0.375798503186
0.353380609868
0.396840917188
0.215802418618
0.234642828698
0.232007146164
0.27256734913
0.356128188976
0.293512416079
0.224501712077
0.392400934741
0.425970832722
0.342710624644
0.283981145304
0.217728595025
0.255183429641
0.282871399806
0.338136263184
0.227825852974
0.240736088188
0.256546778585
0.244201514125
0.319044946721
0.26324743814
0.233578729384
0.310134823385
0.357096325754
0.259102344965
0.297472000948
0.349811691732
0.266838178679
0.292674932427
0.328836106921
0.299219248509
0.204077738708
0.286071434593
0.339648422759
0.216109127984
0.356150968906
0.284752152949
0.278964472364
0.329091233913
0.2259604892
0.278449050041
0.320467307193
0.291723378862
0.329085043937
0.298720367204
0.278443856569
0.293293753429
0.294820557449
0.301737889133
0.356091957968
0.294030897772
0.272601562491
0.296238458922
0.26786840718
0.268056843141
0.36969387392
0.261355097267
0.285766009093
0.268083069086
0.269075374007
0.247219208126
0.298273014779
0.283477822936
0.336267225666
0.308305668368
0.334874622589
0.299949014561
0.286454684262
0.294093472724
0.321200099959
0.284623476997
0.293379298844
0.226735224939
0.225079389844
0.332203427718
0.210595589296
0.23492659538
0.432708327263
0.211789183257
0.351303605391
0.31348226006
0.227050626072
0.391093122991
0.298522885562
0.290366953443
0.346689934602
0.265046542645
0.268648234018
0.270331174121
0.315730390443
0.383087015816
0.315096005967
0.318291680787
0.208848160094
0.25979293224
0.287586210849
0.235447456749
0.32583985232
0.276137642554
0.222805901944
0.313685898046
0.29403834886
0.21207769931
0.338994877893
0.234220778948
0.305796895827
0.269729893305
0.315827320457
0.297985738546
0.213556591167
0.297470568475
0.263536041678
0.376220698024
0.18566064226
0.239498588209
0.221536934308
0.331256839481
0.357094274325
0.28922721862
0.328788596671
0.271302596308
0.296771853077
0.377429876641
0.326788000736
0.239027928084
0.340686238041
0.291055227565
0.262170024848
0.323383943237
0.273543901146
0.367924994216
0.344148884335
0.277573471557
0.268200368302
0.284755558899
0.227263735256
0.30402285932
0.384721675071
0.309614951478
0.299606839334
0.305365562472
0.263241383021
0.353443690287
0.291643257178
0.278769721388
0.288198869975
0.194839108995
0.253082614631
0.37069456126
0.286213716644
0.265269844304
0.346037089147
0.341529932577
0.411384187842
0.326062047803
0.319742604359
0.250968012932
0.214671331809
0.31189311873
0.241879565497
0.222165605348
0.242532760999
0.197881041925
0.301501125809
0.281731649209
0.324075862721
0.232064069924
0.244717439742
0.3309289926
0.290662937744
0.409042038015
0.21776583464
0.338772355857
0.414801350729
0.30701224381
0.360374569247
0.265225152155
0.336782507844
0.37702784945
0.234661619516
0.297413271536
0.283729425186
0.308786329335
0.188969413749
0.22210385767
0.346034802523
0.244012566145
0.237514741582
0.313464020136
0.227501280113
0.269657678557
0.280192792986
0.330005366982
0.337415113603
0.288738008052
0.378710764382
0.334141883758
0.308248236579
0.294420630691
0.279837066383
0.339056998789
0.256454002269
0.275187576234
0.27833601583
0.316450532489
0.244123210354
0.222147726075
0.237498551921
0.324894482024
0.338362381514
0.261444525688
0.239679034333
0.25422365176
0.361994395968
0.323234211417
0.284611748585
0.248310597966
0.370255986261
0.286345340834
0.226286159295
0.35873533763
0.306728610737
0.227258229026
0.218807750087
0.274894324333
0.304655282772
0.212064989558
0.320771100064
0.252020021427
0.31160694486
0.28077879345
0.36372541672
0.315139761775
0.270892841107
0.291781281255
0.249236093466
0.269889296066
0.228507527676
0.321628645474
0.313578833862
0.306631627308
0.340199825775
0.347695356168
0.284952204586
0.344839633005
0.284469692905
0.285863015506
0.296080237282
0.286534827291
0.287500083446
0.244670010186
0.280005718966
0.240326530459
0.278315795792
0.256936464074
0.342671016621
0.362014735391
0.252103591997
0.305098781962
0.363100332583
0.252176445509
0.359826996299
0.207997449642
0.297818941639
0.267868201788
0.231729386969
0.338769380841
0.268819847656
0.296203665383
0.313578338622
0.355193188299
0.254327265636
0.330671556558
0.22371541611
0.343675073656
0.445869778852
0.384174100469
0.313285382035
0.256031705317
0.339444705231
0.23521477633
0.237586407912
0.252392662477
0.405815545066
0.257359123196
0.209461053724
0.283304544062
0.323392345358
0.23179359607
0.295928507201
0.218080610658
0.325557112867
0.256596412046
0.315643313861
0.277606039591
0.36689670034
0.313603572735
0.368392081851
0.331537644019
0.295221459549
0.351292834033
0.240087903673
0.276632846744
0.334559168475
0.272180294161
0.180507379048
0.310051980838
0.22331527763
0.245060655898
0.273174688603
0.302969529835
0.288772687668
0.337069122826
0.233477741806
0.3057238994
0.285331637738
0.364911989982
0.345454103771
0.277951993747
0.370925606294
0.388918534989
0.294133672079
0.272357481241
0.230161164134
0.260573154455
0.294490611351
0.273175676768
0.3577677317
0.369516622512
0.384746985649
0.342670456277
0.427265177808
0.242550122451
0.30813197492
0.256732666323
0.294390087621
0.302457726757
0.319828094406
0.302072407451
0.279297228102
0.323599098337
0.269249564756
0.28879434783
0.279776373466
0.20299534672
0.34520216919
0.300934966301
0.253880350208
0.270907330647
0.240112515134
0.28169575745
0.285927971854
0.224900317563
0.33639191602
0.323190403129
0.250600971514
0.27170536015
0.369385085157
0.306291952257
0.319182152607
0.320422962753
0.249163578714
0.365388841801
0.210328012192
0.214919836874
0.260106110237
0.212586133108
0.377797400916
0.289391039774
0.286270030251
0.269352427508
0.330706568042
0.277124649441
0.292308648482
0.401230131249
0.295931896242
0.248630830822
0.298060546959
0.369634638921
0.280327683576
0.263955572649
0.26662409644
0.309148718116
0.40758001998
0.318924443243
0.306131662952
0.334496252559
0.298590386985
0.299809694991
0.32408446439
0.261010290474
0.281637022167
0.276059519995
0.247007992951
0.354798285411
0.323316693602
0.349902690819
0.214989712151
0.334451218939
0.248110462355
0.382317332152
0.428376450417
0.291967875145
0.262493771597
0.301089854503
0.23295981726
0.368240641537
0.223120733689
0.292494085105
0.36181269785
0.3885226603
0.207754793424
0.323945847126
0.284108250389
0.297968120867
0.312523829683
0.256151232134
0.336160665427
0.326276422626
0.234292381626
0.404762170237
0.277470051204
0.380261831309
0.2975747374
0.256652108313
0.358534118943
0.318819761715
0.352823414957
0.397529846242
0.215385743507
0.215510886872
0.269777428951
0.294833745267
0.301137628184
0.226187188813
0.335063418319
0.233055216611
0.322044019973
0.197044204408
0.302505534244
0.318772525555
0.339814716593
0.258195690765
0.325193473296
0.367370027795
0.336175214528
0.360983251801
0.318529274225
0.284405093086
0.276907465381
0.31375593858
0.303427096221
0.262821055171
0.244004185971
0.332983437106
0.340732885712
0.33110628562
0.307939793134
0.302666516279
0.257572832009
0.318443067806
0.234980311697
0.260194630615
0.222920314618
0.327879242253
0.269278911943
0.270719768745
0.279573484108
0.323835557317
0.228411517531
0.318109809855
0.338147165944
0.30291289476
0.287133551791
0.291992200696
0.368519246026
0.266279188728
0.305594601113
0.24280629723
0.293313046072
0.301841801894
0.284379409226
0.210474367507
0.307163291348
0.281431504938
0.322614297379
0.231768754904
0.262034752301
0.418812682982
0.255007306241
0.346914871903
0.262108208261
0.266083099183
0.353006192321
0.256554173692
0.302312232146
0.311515300833
0.286571675807
0.319295739986
0.322337995088
0.296752259847
0.338875280476
0.267984452926
0.332918325219
0.276816867021
0.226852648871
0.257942416717
0.361773829169
0.294721727886
0.315797771198
0.233085568204
0.318606799609
0.336314442906
0.213502485442
0.268591463557
0.237128540453
0.339674105874
0.194431456255
0.25159262582
0.347598393333
0.240449837079
0.278756258093
0.275437251146
0.268369548811
0.329678809898
0.353120797804
0.32812965247
0.248223009208
0.331223682775
0.295515133096
0.269520952527
0.268100039325
0.32381419929
0.269504320719
0.315111189318
0.271399617617
0.390655082624
0.27665967585
0.310183282566
0.291312249994
0.302076310639
0.279108155456
0.213796697021
0.351251530412
0.332087377137
0.320988891088
0.217804195062
0.375544757336
0.298917808997
0.207038080784
0.427615350338
0.260893369277
0.416728633188
0.203107661551
0.285098223043
0.324557890192
0.258510308407
0.211570577619
0.292522904984
0.258524163723
0.350295585766
0.249961014342
0.326126143361
0.314031806666
0.345284721366
0.331731872317
0.24273697032
0.163539947187
0.309020252517
0.353297245037
0.261106620775
0.323796559481
0.299231203369
0.389095082831
0.224576609909
0.326031166086
0.300181335629
0.231667152959
0.352207832396
0.293458912129
0.211765667778
0.311345377714
0.359847446027
0.333999738102
0.340875141244
0.250817042104
0.305134150672
0.350005213614
0.234955915857
0.353389645084
0.333706344116
0.35881088897
0.264093688629
0.267412814036
0.261630738679
0.301130424249
0.301933595385
0.263128462335
0.201831700299
0.34228222778
0.301799418702
0.374770898699
0.32822716999
0.298235064283
0.322290155308
0.261728258842
0.261242854506
0.279414799153
0.274378821549
0.247499791862
0.3170411422
0.219905560662
0.352237785193
0.380116158503
0.312342218877
0.201834887223
0.331516719654
0.248296625339
0.26330573926
0.234833744357
0.279341767651
0.22532047353
0.278801806704
0.339986961143
0.208136378448
0.293646435161
0.297616622976
0.318700041388
0.347053496118
0.263410039856
0.339879774283
0.347852951137
0.31375591554
0.243229247537
0.309231571858
0.315524665874
0.257361132049
0.228135850694
0.341623838639
0.283374670782
0.284531250887
0.277109862846
0.222442234015
0.439580059976
0.37980643941
0.30007671981
0.372524513298
0.274255872889
0.348429299169
0.312635077544
0.288702783288
0.2761236643
0.379251770754
0.227086609055
0.390995845761
0.362196863615
0.297868536663
0.31453464951
0.354863919224
0.310307300796
0.271105940988
0.295889499403
0.315671466693
0.292587174492
0.333450857508
0.327674772453
0.308385039159
0.351564400721
0.30132457795
0.304585910913
0.259251288803
0.272310918514
0.307596120759
0.218375298386
0.238066527764
0.282791742705
0.292907997768
0.255640384068
0.25705257692
0.321549413726
0.265148808346
0.231752900225
0.293788426057
0.378151028362
0.342544438043
0.318488094791
0.289376769244
0.258610614817
0.217162684542
0.264179803454
0.228625353409
0.308393191382
0.221975644915
0.359778389613
0.299839331838
0.344709736334
0.366770594696
0.271660649735
0.169033788221
0.324108233753
0.269573072566
0.241963025677
0.354351608047
0.218856512585
0.221261832225
0.303566305203
0.283741420593
0.291596350802
0.258112833577
0.290102121006
0.332371420342
0.313158951834
0.312920212338
0.179871435141
0.235095407499
0.386273277518
0.353389813661
0.294320247206
0.324447813667
0.27926999319
0.302373898972
0.374418588267
0.358280200784
0.280775870621
0.255107170375
0.277918602693
0.234578620449
0.201640917751
0.268576366379
0.222297509384
0.243287847987
0.254005297908
0.284006367587
0.297819796279
0.273154602904
0.255196986847
0.260285987218
0.285919734024
0.331219713469
0.223886192646
0.276063720942
0.242053756291
0.207278462502
0.332822267969
0.349202401707
0.324170754542
0.406116140889
0.329448032893
0.217268142109
0.414682561694
0.231495357154
0.281459517746
0.229006901053
0.292157789701
0.325559855582
0.311418860814
0.329253626163
0.282827399854
0.29435713598
0.377123346008
0.265557773
0.256557571621
0.332459236653
0.292322287929
0.315843299799
0.224286412492
0.34805638061
0.197014848313
0.28990695656
0.372075681316
0.237613277157
0.309847787251
0.301729873815
0.298461535328
0.273738529967
0.295306711838
0.251367361994
0.306244449092
0.313979859726
0.262701282728
0.220026278438
0.236337661459
0.233051099063
0.285235100672
0.366512655233
0.233128266985
0.249029037346
0.329056293651
0.364435535654
0.356963608304
0.284653882812
0.349547624018
0.283444452881
0.333408198042
0.304946202169
0.368179618536
0.320212365601
0.302457442996
0.285942400887
0.387807543363
0.342199824079
0.225097057118
0.314546020303
0.330805500335
0.29108645446
0.508503112892
0.357229118819
0.419524397005
0.294552353251
0.302988987199
0.241642290394
0.275554188879
0.260010410123
0.240328563365
0.268343469182
0.280923691368
0.439004250131
0.279053258708
0.361000729356
0.310897346512
0.355641387525
0.255623727993
0.292897406862
0.287436347587
0.24852387192
0.324695037365
0.253347797054
0.249605544686
0.32212505494
0.372497676782
0.258279300932
0.287086428745
0.243803857121
0.309552431657
0.196299160439
0.301255593338
0.272267083584
0.264871413394
0.295758831189
0.260831082467
0.364865841448
0.298881381194
0.290246892867
0.340508897576
0.301999395246
0.305331156215
0.309076500749
0.264482793895
0.277881913585
0.297046765349
0.288766184522
0.372289999618
0.253720969649
0.406389712903
0.259646302273
0.320233359819
0.309263270934
0.282641470355
0.272008578429
0.325593647937
0.225175060015
0.27253591008
0.293269103311
0.328110954755
0.3372039618
0.245293377671
0.307262815025
0.276017107075
0.276290444338
0.312362225231
0.299947967126
0.358028143932
0.191960848575
0.254662233808
0.237040754473
0.282130175136
0.250912185246
0.322258753062
0.286366901038
0.276271097615
0.353388068191
0.286944921329
0.284654983345
0.243858359303
0.284245822668
0.246981572426
0.268934187209
0.236834967906
0.316337488231
0.221967122323
0.337758226937
0.409560567977
0.304566880496
0.275806893939
0.348799791726
0.206007900946
0.292820662433
0.234600234345
0.305146812058
0.233316413998
0.368632795446
0.287229762957
0.267050118364
0.356141081292
0.323153540226
0.362761902136
0.298809662505
0.341499774661
0.302228597776
0.283797521592
0.347150888011
0.298378454524
0.196886072777
0.287886373747
0.300001991436
0.275721334752
0.303865588974
0.30847441146
0.298111658602
0.280284378747
0.316410824425
0.340501041972
0.317714366886
0.253060345658
0.379614766922
0.324612194481
0.332457341838
0.415585579104
0.248003120766
0.372465533724
0.224347338252
0.285402169078
0.362682786282
0.370329064567
0.256778046495
0.342220146215
0.299725850524
0.308409660996
0.241347613627
0.341201594979
0.287836948397
0.313156547607
0.193484147001
0.23333090726
0.304548417422
0.253560315276
0.287600956574
0.333665208808
0.329540196198
0.399882987274
0.224604354938
0.303164980417
0.309556516084
0.253147691951
0.227853190425
0.301067896557
0.235023075752
0.286604451453
0.307214239901
0.228199867418
0.300539008707
0.268297338018
0.239571965878
0.313523499145
0.258888300099
0.226077221595
0.29173486165
0.357645565616
0.346661555384
0.269777103551
0.24439543394
0.397789279844
0.316900932972
0.287670079084
0.228722687376
0.311669869985
0.193269280007
0.299906525886
0.265860347875
0.261865283882
0.271179180363
0.25626879523
0.226698087553
0.32038473806
0.264414200902
0.257423316495
0.247805780451
0.244935896023
0.382279186454
0.223979289116
0.281857982982
0.31239454082
0.296292925303
0.340389667092
0.323209289823
0.306993062508
0.345221034033
0.28775677617
0.343703388477
0.2893727089
0.325417402418
0.289676321574
0.291777315207
0.203223733751
0.386895491949
0.240830157401
0.225957142695
0.231527509671
0.258697356316
0.240007339311
0.302363655713
0.290386712586
0.317203247423
0.306048486128
0.373143578903
0.317199893455
0.217592808047
0.33802632146
0.309534341633
0.181779284693
0.201453192666
0.216956199244
0.226670369313
0.308123916952
0.30573268927
0.425706578174
0.246195505666
0.455232357621
0.212538214183
0.294351337788
0.171253526954
0.338102103782
0.329025679136
0.297003629052
0.248537391405
0.256326610852
0.33611173836
0.339105002226
0.233441162748
0.351404013911
0.271555248251
0.333854801987
0.245506772103
0.391372875589
0.196503782714
0.188656587886
0.235371838462
0.278778120989
0.211887133105
0.31586056379
0.254986716748
0.300980433461
0.291671154077
0.297753471974
0.343882067895
0.337326358964
0.26992698065
0.303769293744
0.250942239939
0.333802200828
0.30102994421
0.316726733845
0.3438751564
0.34721647973
0.306397294081
0.337733210704
0.242002554901
0.265499505059
0.215492096188
0.38420792938
0.254961123959
0.301770602686
0.34422490776
0.275453864601
0.311240294581
0.295490370093
0.253086570853
0.325241245943
0.408401227869
0.4007034861
0.294258483218
0.36900660692
0.375117471169
0.28153206094
0.305538638259
0.233676069538
0.350194203587
0.303443333325
0.289373125352
0.351896992236
0.325621677361
0.302135608836
0.290140209545
0.317711220051
0.287472424187
0.290205082877
0.390829594742
0.259583118475
0.302031476848
0.318509514237
0.352523492533
0.30042162001
0.356836528401
0.245908978965
0.288584209401
0.293774415158
0.335863966707
0.270130610455
0.357581419266
0.343031248069
0.402242341654
0.249402839656
0.232789046287
0.308765009302
0.333416636638
0.330601361425
0.305239778194
0.343833573142
0.263886154211
0.249972792958
0.316956103798
0.311504679448
0.299618219875
0.290970678892
0.290423474464
0.376526993985
0.237558516368
0.41674780496
0.252826309228
0.29053498914
0.395695186489
0.264824876464
0.523781906545
0.328700243144
0.253569596384
0.209394395293
0.262792784998
0.318253442488
0.323265253601
0.329751107479
0.37537522725
0.325244510255
0.366716509571
0.274257371285
0.21674053052
0.310034620864
0.250967007607
0.347272875162
0.213635005222
0.408784522864
0.306557540958
0.26560678195
0.256938863337
0.30590758873
0.289778219013
0.313119890951
0.377456795627
0.295319497929
0.277189771985
0.322464154896
0.271133281455
0.347444653487
0.280162778053
0.31562391015
0.24045905839
0.29730437539
0.327973692436
0.308680871745
0.268708296278
0.342048733966
0.348681304482
0.333294563633
0.378453826394
0.348498396052
0.266087237372
0.339331948683
0.233663633398
0.351338306274
0.261594287514
0.309026970882
0.236164781315
0.276512289135
0.338649256376
0.249761873618
0.360493652669
0.282993144807
0.283316043798
0.341330526877
0.309199369819
0.339096701508
0.302862088886
0.367935030261
0.371694444337
0.210556736651
0.397679530955
0.274365303011
0.237435137347
0.3748504879
0.274426025758
0.322589988902
0.359290933802
0.267860353199
0.319913695905
0.267343496157
0.284209380628
0.292721591646
0.281860699761
0.335327141359
0.207354144504
0.239530164001
0.289233972593
0.251845795767
0.317726382157
0.297588745342
0.245328017463
0.296771356352
0.324448249715
0.361072858114
0.281391053578
0.297405965751
0.308547463775
0.326721560434
0.296332204166
0.299457505189
0.3574088256
0.204392439322
0.331005246183
0.318479338853
0.200004894438
0.303556791062
0.375540950914
0.331684738717
0.366080804066
0.245181247212
0.408645663984
0.31758537047
0.286007099526
0.289817609032
0.23500695612
0.203049837496
0.309861273322
0.2372219821
0.265732158109
0.314955028476
0.284018573472
0.273277878754
0.308342757739
0.247731285324
0.355428739535
0.372937336861
0.316357080712
0.228759635304
0.377388686707
0.332974723946
0.376044238922
0.340188766033
0.252574178897
0.307738164083
0.406183259878
0.277841801375
0.330189784283
0.325330718633
0.284419611093
0.27131790894
0.216525570707
0.294874070679
0.174565264055
0.364380556778
0.390849908295
0.423595066197
0.360745332702
0.303606522039
0.292276048333
0.410787860247
0.30236210605
0.296676646167
0.259464260672
0.30910830958
0.255195640385
0.289942158009
0.335946397891
0.265424624972
0.352575191538
0.323966077843
0.328892874785
0.301944774956
0.307530150108
0.294081286828
0.232165910897
0.286937995147
0.263235703103
0.318096466212
0.295022534672
0.319064043575
0.275936231289
0.312001286805
0.345188099969
0.293267846133
0.336113762033
0.354500629331
0.152643100561
0.299595777808
0.262523070521
0.302677301383
0.306612733734
0.343473239662
0.341430563897
0.321208816253
0.261365191957
0.195090804072
0.328086746473
0.316643385202
0.299184719675
0.260124333862
0.283261994566
0.24940567486
0.365224078981
0.261870304709
0.244281590085
0.296926004505
0.303378958422
0.299414266897
0.310038289014
0.240066604935
0.280965136647
0.315484715817
0.30980624217
0.261295654349
0.35798229554
0.353608521603
0.429045377799
0.343541812361
0.222572428377
0.324345354541
0.270416863375
0.351864799973
0.317966348607
0.298840578558
0.23599817362
0.352931544968
0.293374594785
0.213882350271
0.308896060227
0.409451492247
0.426086434004
0.373793964528
0.344728561842
0.346257656118
0.269286978518
0.346167040046
0.315246742383
0.434159690109
0.283955590171
0.265930884472
0.38980503087
0.234210935019
0.256016375452
0.322286068402
0.245518888712
0.27859436877
0.288702374538
0.331691940472
0.219123918803
0.360590689954
0.300172379783
0.226986572896
0.312788892747
0.311480939637
0.235468203552
0.347771550674
0.287436659647
0.279161464649
0.436259847605
0.377216890754
0.31172480451
0.340601155166
0.323212265469
0.360775790692
0.288166298284
0.207310387038
0.303069348319
0.387902171128
0.31999705558
0.400672676896
0.21669321454
0.282088060338
0.291376062293
0.363834911389
0.324465147705
0.317850545754
0.402713772557
0.332030976347
0.298304653551
0.369590639951
0.285072050527
0.378452443435
0.270885369374
0.35248930324
0.311329554769
0.284594221877
0.281021222135
0.293244284169
0.181553622526
0.356414204863
0.320703327589
0.26780632252
0.330899262517
0.294656118064
0.213557386292
0.249349951191
0.333049443892
0.295206386742
0.303750049843
0.314832065876
0.374565077379
0.422512854984
0.269026514208
0.258339834818
0.269210558307
0.352085574654
0.342832734599
0.296672046226
0.258912266364
0.334678780631
0.36299123517
0.219594516372
0.298843951051
0.243128791669
0.389772620946
0.309881572509
0.233330504334
0.23139184052
0.426644174716
0.274606365616
0.252183297505
0.408021563251
0.280074049722
0.192838297431
0.337723089102
0.308844775627
0.265176760992
0.130799283235
0.309126913622
0.357004359855
0.306839092871
0.419968207954
0.316181300887
0.29566283378
0.34668893129
0.322142661628
0.241263625268
0.300536448848
0.256107740674
0.432731430764
0.339051031437
0.239976203185
0.366881515598
0.361101206865
0.287515604581
0.283876588291
0.390100436849
0.296092078883
0.282002377199
0.314918892708
0.373254821306
0.322345906153
0.268994492409
0.302814393154
0.322556951852
0.212251587859
0.227928148671
0.297142468607
0.310372845291
0.256696238321
0.269227324428
0.360850849711
0.268072943615
0.252643408518
0.304051103092
0.311933242898
0.320670104599
0.271957812786
0.235144499452
0.275718166198
0.339302220272
0.376430553745
0.284653093888
0.316130594592
0.304111952938
0.321688816922
0.323613278154
0.326312821596
0.365441384865
0.303123511577
0.286216276432
0.21857876248
0.22166331645
0.239969470684
0.265589234002
0.453824097762
0.324236816931
0.201899333658
0.277739805009
0.276262754178
0.297932450274
0.36130012375
0.355066122564
0.20952305531
0.292058377295
0.207963004223
0.277808622803
0.304194588928
0.205992498902
0.340886470803
0.265801118538
0.308357696351
0.297742783353
0.227013437804
0.333371094131
0.341554494889
0.303542940631
0.413019960618
0.274709419647
0.286518184693
0.348369630177
0.296985967992
0.354561165777
0.214872548905
0.304386761251
0.350175311984
0.296832337291
0.295452635546
0.228041819251
0.305061680788
0.278548224603
0.327757192348
0.260119027191
0.354669076322
0.457968127076
0.280539171109
0.282749349413
0.329481884693
0.297318873589
0.228121002922
0.251169379067
0.318197580725
0.243170915307
0.390959100896
0.35329067378
0.246795683283
0.223251839719
0.309999127641
0.312229072824
0.25040576861
0.316409867683
0.295747895682
0.26364014537
0.295275288922
0.30230845444
0.283301114385
0.232765164097
0.2673135307
0.349333906429
0.261393646684
0.29636818123
0.242092571083
0.357035825703
0.200007669858
0.342170945994
0.242474749136
0.313648847324
0.290473284686
0.352335067084
0.27875478468
0.30637747161
0.315918734099
0.329765194801
0.342620534372
0.308042382455
0.284693483405
0.350941108526
0.39693455355
0.225539631801
0.325827103389
0.196193604667
0.33520859056
0.238074593945
0.331051104957
0.349942972987
0.377696153741
0.300241877017
0.268456173666
0.355791035248
0.218031385643
0.346089015185
0.226196056802
0.314216099694
0.284128542376
0.315027756602
0.324616735415
0.284829223256
0.23932909089
0.253797744404
0.281873642242
0.270361791147
0.228130431919
0.338523262197
0.307395491658
0.330411965694
0.334200488047
0.276853897021
0.254696602724
0.334479371791
0.275903142727
0.294878679373
0.310920710666
0.342114358755
0.235672225263
0.19193807074
0.36230140057
0.33649966422
0.289086108838
0.286587265204
0.395238215311
0.3242021037
0.291375124838
0.263998480581
0.277398453373
0.155119668528
0.298551031383
0.349165548536
0.36296459086
0.266407164301
0.309677495339
0.290322891232
0.322997852901
0.293357293607
0.268877924443
0.26435487624
0.273777322381
0.298380335738
0.36524034788
0.344217718708
0.261866811027
0.282712381242
0.292391862063
0.268025812563
0.291675335136
0.251319267497
0.304066167622
0.355348156326
0.266684740065
0.366026596997
0.222950355263
0.306013322982
0.375228593425
0.273144760158
0.275028946492
0.368300323122
0.338228639079
0.423796610564
0.290093715216
0.283672971692
0.239930861611
0.278203104345
0.183811081732
0.317567696921
0.296994284015
0.278373571172
0.316192220444
0.322813609292
0.286413370115
0.304811342444
0.375851821595
0.332355089591
0.324143100101
0.314438963941
0.247647264217
0.312765333349
0.254542003515
0.287853653253
0.296127046339
0.301925481478
0.242907133372
0.256502665751
0.212688890462
0.340740218927
0.281136804584
0.24141746047
0.321864192025
0.335454145593
0.267480939244
0.312929648083
0.280177305228
0.283166105502
0.349113733866
0.235066794143
0.412953528217
0.36704628659
0.200831151578
0.27676499955
0.35337894682
0.304094747285
0.404179767441
0.296088417314
0.255026825329
0.313134817528
0.331185436237
0.408614704371
0.283396680835
0.26778329888
0.167365292958
0.322944375859
0.37211432693
0.196508752807
0.211547827951
0.341159140142
0.256896010311
0.302037292713
0.322723935818
0.32125093942
0.296975977753
0.308338951885
0.244463719349
0.348383921846
0.274871161647
0.305934983909
0.254916452868
0.361810495033
0.289816581714
0.310016381999
0.214192476842
0.402178359584
0.348712128674
0.290045440186
0.32211087136
0.36442421132
0.339993527549
0.218088111309
0.262080998501
0.255707029166
0.219392052364
0.330585978406
0.230683763272
0.23882503066
0.363725438181
0.329810625503
0.277546115494
0.381252041014
0.340385869495
0.2429714018
0.287767379733
0.203276624339
0.285623059481
0.292474805284
0.301374845748
0.2712896603
0.203972131022
0.306491333523
0.212064291667
0.260587621483
0.30889640858
0.30356951122
0.416485658076
0.330910071619
0.325766383211
0.394212641434
0.270858868297
0.313735162656
0.19635852225
0.268753935011
0.370109421533
0.324523228988
0.286106580756
0.264235653792
0.257282819519
0.25409222981
0.311366572576
0.242224349099
0.341569241724
0.315790589359
0.361817610381
0.301366613002
0.333682152714
0.290164806037
0.404121857377
0.267827360001
0.31622749665
0.28865415684
0.361184454338
0.251845135192
0.440215645854
0.303815771953
0.357435512333
0.320701098055
0.288931176632
0.232857592171
0.224091212996
0.305163188216
0.360283065541
0.393958610019
0.218709688852
0.22793021743
0.382159107241
0.218132944468
0.307601208483
0.26356295754
0.287140846643
0.328694937163
0.213537046491
0.338946599074
0.281930560656
0.300408057928
0.295755909938
0.343152594688
0.303883711749
0.198833049888
0.38719711485
0.336795023808
0.421793951181
0.233869537439
0.300384410788
0.240748971424
0.26441205092
0.273660008198
0.271710079673
0.224090499307
0.316336558873
0.365186337021
0.262668151147
0.313556195969
0.325366133068
0.30821285272
0.198835810964
0.318216588635
0.332827348018
0.343618620004
0.308151725807
0.30865903138
0.291516908334
0.250758151156
0.312494943333
0.290552560745
0.283978574121
0.211205594952
0.301566793867
0.305052549317
0.298871703607
0.265991100058
0.302397218916
0.314312533519
0.217148498098
0.277282399986
0.306409435965
0.328374929344
0.387675383201
0.243702832425
0.405813341813
0.349177677623
0.285972094747
0.328565572388
0.317145386565
0.31229708221
0.256903853021
0.397752577452
0.31339246177
0.359619330985
0.324635050201
0.28361546632
0.312777886597
0.317735834617
0.391699443846
0.322190257505
0.276133515756
0.409105527976
0.247472572812
0.243265479881
0.254363669528
0.346821142147
0.226614834306
0.21527741241
0.350048882337
0.291196122809
0.303175894336
0.425522611889
0.254455612007
0.274883222191
0.274143395658
0.228555919088
0.289446422735
0.332876281715
0.369720130367
0.277962763249
0.281807507863
0.403303451211
0.332457883986
0.264630379132
0.351082566121
0.366257436995
0.317733023103
0.308862688486
0.268194829225
0.226951109484
0.281061815772
0.293590648681
0.341875251772
0.322138271486
0.275079631099
0.278964519701
0.30036737599
0.274039905059
0.321333010654
0.35179880768
0.229167341681
0.257639640029
0.30618007501
0.299336627425
0.292171767736
0.251481662121
0.291576928237
0.378096206091
0.244813277287
0.29147759473
0.355105662363
0.269171639131
0.286841700287
0.25865769889
0.275575092993
0.241060375811
0.25424220745
0.434363061457
0.316478440474
0.195603390824
0.245554695016
0.379354305334
0.351869578061
0.385516891843
0.289063617535
0.338692182885
0.229780395613
0.327924011372
0.381529038763
0.262595517531
0.277773535282
0.291943813076
0.289625721251
0.216699377086
0.282699037023
0.283059463171
0.309327756225
0.323756574115
0.241872887571
0.181692181874
0.391126464363
0.22882532878
0.265720505429
0.244818234596
0.314787140371
0.327915436073
0.25531963237
0.311537702678
0.305609114181
0.217332879835
0.224359834954
0.326403695064
0.264722389031
0.280867433717
0.260847475255
0.292229765612
0.311318922038
0.23719513952
0.348094386569
0.264087862512
0.34302871813
0.298517035934
0.292938700978
0.327019011405
0.280548561067
0.223328098821
0.173229057649
0.254900226272
0.278844941982
0.274709444161
0.325614419649
0.257873525858
0.307289104948
0.243738346878
0.325077270377
0.386539134722
0.259038377419
0.296872881948
0.254301057886
0.304661047071
0.279558773078
0.322276390148
0.322482837691
0.202287349726
0.267667094389
0.319953344122
0.306525923167
0.236579436373
0.335189247775
0.374674717366
0.318822219712
0.224811383188
0.290268304147
0.274605726163
0.341842794324
0.334182438561
0.249494308956
0.35418359099
0.251260496828
0.328587317729
0.293570309142
0.285072499878
0.25436718946
0.304554958631
0.264628368306
0.301051509721
0.240745089142
0.290562133939
0.285263107654
0.309262837649
0.259563138343
0.261080592828
0.241761864126
0.242140951072
0.342468140683
0.282348573886
0.228549314177
0.226441436985
0.241151072956
0.235482544707
0.22131488255
0.292679272362
0.304218604222
0.292429316799
0.340549602869
0.302921902694
0.168160321541
0.305464495834
0.334029707439
0.295697611789
0.253276621858
0.304809774241
0.328904215923
0.260510914409
0.282098523152
0.321634414646
0.218522556037
0.269651326355
0.302380066805
0.291331199688
0.289617238789
0.251163757132
0.289604051497
0.293895951617
0.268970686754
0.250805679896
0.279643098989
0.355182600306
0.247326579319
0.352968423763
0.352713569763
0.270193852608
0.332852873632
0.294670438197
0.260815080862
0.311761222676
0.262972393883
0.298731620669
0.301427026082
0.320638298044
0.274942116225
0.341796861912
0.263233025564
0.223093357907
0.307292940194
0.208938497898
0.300132375821
0.260620670749
0.297666073332
0.289182534803
0.291120959835
0.196920061744
0.294539942666
0.253886104873
0.371150218599
0.312041960816
0.302609043511
0.276311326846
0.273288871686
0.266757796978
0.257070986735
0.358451830159
0.282269054313
0.316387104849
0.254033519822
0.243936722941
0.325259880519
0.288837614042
0.251466964544
0.255146689987
0.353958654971
0.29764492725
0.25529785757
0.303403630854
0.222395304942
0.272423009143
0.257488533893
0.311196618548
0.322316755239
0.337664492044
0.322082710621
0.33075697803
0.247155160718
0.317556775066
0.288969475594
0.204635481303
0.197930530236
0.270494721251
0.246771182611
0.394898674369
0.233338433559
0.408081824076
0.312062142407
0.271632506937
0.303438348481
0.320736749238
0.286952672337
0.300426411371
0.31664381196
0.406624982568
0.374447555434
0.397518435176
0.370669504187
0.264521904183
0.328481701496
0.300493430286
0.38755168846
0.277998484669
0.255561480547
0.257906803002
0.337550935492
0.347322838422
0.31442622117
0.210116991678
0.239161062365
0.337043995885
0.295768720075
0.227265651452
0.301578100749
0.228178318934
0.271084377945
0.377474516924
0.352098149412
0.308118706837
0.300620147559
0.336770485696
0.394218569238
0.278986096921
0.235498979317
0.219365063702
0.337872644469
0.376855230592
0.229873120711
0.294730951561
0.296158019275
0.220920794512
0.292125832881
0.245353522329
0.261428715664
0.278347730533
0.35627443371
0.33145617293
0.313879801632
0.316438929614
0.234182139796
0.314024248058
0.268174454085
0.29578538851
0.180662959858
0.190355366826
0.249037981646
0.278832467159
0.249150491866
0.3182206224
0.316947894661
0.192752678114
0.380583103326
0.28936250559
0.309818765271
0.360765330038
0.33227495609
0.284960692735
0.402312863621
0.344643066578
0.324980403823
0.267117192387
0.325265900364
0.303148964384
0.240967126032
0.257151172321
0.282636737339
0.346892739673
0.305620354243
0.169395256665
0.288909099127
0.271595305236
0.304516054085
0.351203119113
0.328327811595
0.239534004989
0.318221877318
0.298978720114
0.296843591297
0.241539784894
0.223258223496
0.296470417072
0.389503182019
0.30230964173
0.507258069405
0.262168478292
0.165884885334
0.304949002298
0.300016692735
0.285826688958
0.183798233973
0.280010450852
0.264040547225
0.283549542452
0.311949710786
0.410398352631
0.270753039419
0.249467931436
0.295259359824
0.284611126988
0.173986471898
0.221961145482
0.262599057074
0.37434239036
0.25854336723
0.348864425546
0.236450683828
0.347207610755
0.240260888921
0.293193920292
0.305980452008
0.359608222044
0.242794568947
0.396387478255
0.370056579989
0.2156917154
0.304204388521
0.366815303554
0.225547186709
0.282006488231
0.326185846776
0.326382079549
0.355817875366
0.292822028284
0.323138046162
0.251366194294
0.270540004021
0.269243519283
0.312201094478
0.267226311804
0.196507451232
0.356181464303
0.174209201162
0.303712270141
0.316475963007
0.35940550618
0.267661595772
0.24658577267
0.285494587995
0.338446883324
0.238572845622
0.284860507666
0.43539257338
0.396256873546
0.301793480574
0.250813724054
0.312316875831
0.358393922458
0.341660775835
0.416017093128
0.289065689972
0.262778246473
0.301100544492
0.350743440136
0.344274064982
0.325305795161
0.393035923163
0.253327819903
0.314834431482
0.37101675622
0.253446915302
0.344225191719
0.34115326208
0.358903042034
0.307223430938
0.346823874962
0.233763251191
0.28283869278
0.272622727323
0.283850316273
0.348304763947
0.268774783269
0.254122338323
0.31406864962
0.29622811259
0.297213525075
0.253520706117
0.4194779393
0.239719680283
0.281033278919
0.3237712964
0.405304712104
0.350673009785
0.293413372816
0.305078282691
0.287922126243
0.307201624156
0.374566275454
0.318301574331
0.346762796933
0.310929151633
0.345726895087
0.438146170315
0.278667614816
0.26863487525
0.293736787713
0.215388751206
0.316925667711
0.285918741777
0.253402060708
0.389236225079
0.286134856274
0.304061402848
0.278295366208
0.311288716346
0.34828377195
0.241507125109
0.184918076887
0.306212962195
0.253457216064
0.194382099053
0.265868229298
0.227605289933
0.32807423765
0.28026886598
0.327762527006
0.30757836918
0.32399308281
0.288105803601
0.233575234309
0.309559316254
0.39555580545
0.285701537503
0.372982674039
0.256066656822
0.33129346607
0.290462961853
0.254621943601
0.355143283249
0.30469401994
0.222475873057
0.297000852429
0.263131571786
0.317048161518
0.254738506653
0.233598793111
0.39085449474
0.407776452097
0.304468617775
0.270002848915
0.253520652695
0.336230080846
0.285972919267
0.280762908559
0.321259947651
0.245464994131
0.265427896446
0.309643080322
0.290013731221
0.270043519937
0.294144730262
0.274670610299
0.383147621305
0.231676807888
0.299140481242
0.23652173488
0.327603029595
0.283327843766
0.378473716631
0.340209006812
0.348288577738
0.265294809036
0.299810314926
0.36659496088
0.354080677066
0.343563699852
0.271065962544
0.26162735868
0.3626288317
0.28557001226
0.337633205103
0.354439344127
0.377997680603
0.311873896928
0.31718874646
0.2362534049
0.34804971805
0.231745052504
0.358870869436
0.31980089848
0.28323485556
0.299704278337
0.362855279833
0.368506808512
0.327589126017
0.351515914146
0.395209346696
0.324083554246
0.33671724647
0.301093210947
0.199738572452
0.375432640353
0.176782083372
0.207001384304
0.238448441291
0.256166756691
0.292102236627
0.362710858927
0.326833528597
0.268150804594
0.339434780832
0.392416511935
0.195341532955
0.32493483538
0.396660742873
0.330444389329
0.245838664557
0.169965379357
0.266305203651
0.280370623555
0.363135991317
0.210464710579
0.324842080939
0.269563951817
0.223846449504
0.328318450391
0.27010661225
0.283189149353
0.276131478207
0.326147793091
0.341752273427
0.300331122815
0.329405232965
0.26478349026
0.281410059081
0.407390207361
0.33883079369
0.386416035071
0.338394323292
0.297615987033
0.254680296136
0.319800455057
0.266986034263
0.270672382524
0.220072841263
0.277817949475
0.237151416861
0.410248092758
0.292702295841
0.298876212491
0.270529845668
0.337364553029
0.289218015107
0.297964903192
0.274678719768
0.237129786131
0.343172747726
0.211967668638
0.332946321008
0.255515576616
0.408121977253
0.225406434116
0.245325668117
0.226585829941
0.241724113521
0.28091446106
0.246603679464
0.347279565193
0.336854832611
0.351200421795
0.362812938336
0.2721669916
0.212583130996
0.34660236929
0.324073055236
0.241168179475
0.259404581473
0.253870799281
0.263346155816
0.243616410716
0.239224291024
0.313848244977
0.313410656994
0.260737357702
0.390638959584
0.320229072253
0.301582527188
0.323075168322
0.255057508087
0.243937826168
0.253870721466
0.280497539891
0.255787589191
0.34125320813
0.375553149043
0.146642885947
0.405713798474
0.235858813245
0.240006287742
0.230735924832
0.206710063062
0.242943984595
0.221218529225
0.26064665423
0.409608730404
0.303135036625
0.265645479305
0.330827418395
0.360529835838
0.30866083478
0.436595645839
0.278385768347
0.225004780597
0.282283456155
0.358486704427
0.217542295518
0.22827722387
0.408085365192
0.283596082139
0.366393432972
0.276502023639
0.239395403702
0.355098404214
0.337972446363
0.222547649869
0.268171860876
0.253806643677
0.293092870165
0.216549097937
0.266368164709
0.320772699407
0.309803994055
0.376945092071
0.25206431033
0.237055179044
0.288424811107
0.216114055928
0.326926044708
0.313187488088
0.286150720279
0.259503351107
0.240198873426
0.2448218207
0.233928220317
0.226318926407
0.220114064655
0.22548212577
0.238035992123
0.201716959694
0.326497201171
0.35396075617
0.185981592604
0.329584451215
0.295211953707
0.396765041306
0.248218993121
0.252545606139
0.238914734141
0.227924436488
0.334287081755
0.277388846545
0.271408692339
0.196030975848
0.308546909863
0.279595734396
0.368827433809
0.202520892574
0.383264925411
0.272373859964
0.247788026775
0.210152209517
0.311005776731
0.31342478772
0.266309839324
0.309039018345
0.271764922103
0.352268067638
0.341126138026
0.279655120106
0.292474332043
0.410107364022
0.277588194935
0.265814969236
0.169666254068
0.193981398357
0.295384248254
0.292985920049
0.289451208885
0.370504017757
0.273584122631
0.358638711807
0.214741998185
0.361559719614
0.273283445267
0.306836351976
0.246224263192
0.33764659279
0.259828478424
0.278809260449
0.359929311095
0.295244008774
0.270452595789
0.276855498013
0.251079553058
0.282337126364
0.349078987936
0.199639922863
0.303981686295
0.31797890342
0.386789218757
0.257195934519
0.294824104804
0.241035738612
0.331189222852
0.279527366905
0.272850770979
0.211086495311
0.357800564271
0.295580803146
0.277877201805
0.388071378504
0.354574596809
0.368138983638
0.160907525001
0.239549957878
0.225986559934
0.366693408305
0.329308450635
0.25251729798
0.369873405991
0.250244325744
0.213793513488
0.363597686038
0.292630386198
0.372216184766
0.255021446784
0.293501412585
0.236238912438
0.279389512645
0.251809332852
0.259226426287
0.315817167342
0.302969043602
0.294510301156
0.315627633239
0.183091366256
0.326871749414
0.24654387253
0.290501151481
0.306704733821
0.194033889784
0.34967887459
0.379971232874
0.346644822344
0.354057992555
0.240117476276
0.362974197778
0.242493758126
0.24555461927
0.176820376831
0.408017991287
0.277370769512
0.260267615472
0.309224975522
0.268765400969
0.266762024451
0.307199278565
0.280590474928
0.271758475124
0.339092852828
0.324440376298
0.357520816272
0.252793402931
0.350875058874
0.406252146498
0.299895578523
0.375814323981
0.345400966234
0.372011035115
0.265884978943
0.282039580697
0.422677216096
0.223478367832
0.299499043306
0.308078401804
0.319503101743
0.318847651966
0.240389222934
0.357824888727
0.329115810004
0.30895078055
0.240116492031
0.226649425294
0.287454724594
0.270698834055
0.347216983391
0.232102839622
0.215787600864
0.305916367745
0.321877854968
0.225548979588
0.336223099959
0.284152036323
0.320992196699
0.34012369682
0.357413429261
0.346342061114
0.269145561623
0.253637634975
0.27968733659
0.203726322724
0.251599953015
0.335969371339
0.405205313713
0.290877590005
0.263604848747
0.271216220039
0.412883535504
0.282321196116
0.292589406558
0.313749648764
0.229414688711
0.280709056168
0.305084408285
0.323000043401
0.291727051048
0.309666123958
0.250403368618
0.387635833167
0.341979212631
0.409405546646
0.21001984509
0.394039394719
0.378224319995
0.294573651675
0.320361770291
0.247443622836
0.251256342991
0.280005608437
0.329483787451
0.287748089056
0.327806055128
0.234025590443
0.267108338842
0.342663116792
0.325601939284
0.267304695488
0.342811944461
0.208726105872
0.288516667008
0.336001891101
0.282548597351
0.193071092875
0.329628749651
0.231867521542
0.280130019239
0.299108593919
0.377820205426
0.237233766689
0.284233698168
0.189948721396
0.304206024879
0.319647224042
0.386475913646
0.304917949877
0.238156204403
0.37847522087
0.407371965969
0.319984151363
0.236236881494
0.297565092594
0.299865948673
0.238898216878
0.288028462257
0.27866818368
0.26292969059
0.403247799194
0.30619943249
0.227724943673
0.291362844436
0.212500904485
0.246476094825
0.26137707839
0.286807717486
0.295372910021
0.224535453239
0.253863727391
0.306947164901
0.255823796413
0.320673541306
0.400761197772
0.324095881689
0.299973949812
0.282642759245
0.272917344801
0.199317328128
0.370101189681
0.298460726724
0.379398094393
0.275117522253
0.253897701219
0.326783963413
0.329113947272
0.334378297933
0.266860943531
0.276359461309
0.290099533573
0.277484828644
0.259730268774
0.298298206392
0.243173483145
0.320613869976
0.260967577326
0.301444086769
0.306323057238
0.38044333055
0.225841043905
0.282477212328
0.243795271803
0.253711699062
0.300745845996
0.370885734295
0.357942690171
0.23657589038
0.219057619546
0.242532912036
0.257702297173
0.411006795939
0.298189012312
0.281664108769
0.195346314545
0.329022611234
0.232561116441
0.22259567424
0.315633289957
0.237405014989
0.328755857264
0.294817583298
0.268224318091
0.377347559989
0.298865959042
0.321805214947
0.276120256834
0.22061327694
0.271651932798
0.216887454665
0.31235644633
0.300436998143
0.369686371071
0.266089482762
0.25748761094
0.310010648117
0.26949076178
0.330583991997
0.272235416716
0.289081054572
0.326182833358
0.285637257972
0.334937126739
0.235160959596
0.239274448069
0.265477033667
0.162368969304
0.315572885185
0.359468157601
0.21119882816
0.293449627819
0.268270452351
0.272975609433
0.265831462903
0.325525707899
0.396300345168
0.309490874673
0.301728543743
0.27319832754
0.315092139059
0.319093459285
