0.501421536528
0.327668816336
0.806764885516
0.358601022036
0.546868891528
0.344479209963
0.590275782334
0.591267281334
0.614128129424
0.40425377275
0.64095391571
0.494617187543
0.417789775437
0.489470620134
0.48432035146
0.527947117157
0.33948082334
0.361325860146
0.480257005483
0.424988261353
0.575262803563
0.472059439517
0.521802367518
0.491849347402
0.486156022294
0.509295620799
0.444561272669
0.371504676032
0.469630694322
0.613827734539
0.538348767286
0.407817364069
0.642601684323
0.442089345684
0.449845792862
0.577462633795
0.456537615565
0.403556043939
0.625448617028
0.539517433791
0.469744729189
0.508393583845
0.579738200527
0.432028725151
0.495503206722
0.453018004679
0.544244177063
0.454132389616
0.421039049017
0.47846728308
0.579870096722
0.429577980789
0.434110789857
0.468048831195
0.6352911678
0.605289950654
0.50926946229
0.5278843924
0.538534694296
0.6215757349
0.730388283534
0.536578443923
0.632072005496
0.618792342091
0.456762772296
0.563777714452
0.548215657762
0.45487853521
0.629316488763
0.539852408739
0.768124765454
0.592969135717
0.495594578909
0.492294518176
0.640353190038
0.517539099057
0.330492819965
0.55375138663
0.383582202877
0.617657534876
0.612896492243
0.506675434911
0.650361330901
0.450055511729
0.482508751272
0.398903149369
0.604816874006
0.612939454593
0.555988338815
0.646853740301
0.395222808247
0.441176289636
0.464922908796
0.413246168422
0.655846040205
0.499219019417
0.432678467365
0.305968077812
0.64097919303
0.430895027075
0.494506982959
0.468290503312
0.381886715353
0.461745068792
0.390594440299
0.652153610548
0.670805837754
0.575404457131
0.594716228454
0.376660820283
0.448754760187
0.511111607008
0.553809974599
0.517140200281
0.507347965311
0.396777136256
0.351743586232
0.454212787527
0.42327483821
0.455620686589
0.700210260003
0.456064905981
0.584852665357
0.423977015865
0.518731024777
0.465269337638
0.40979826076
0.636570299105
0.507612144026
0.610697726399
0.428009232996
0.517835868511
0.513757779625
0.4131582073
0.417267850275
0.34403878945
0.592871221918
0.542968197893
0.508908355173
0.38688766146
0.558711017638
0.400694432839
0.57069954935
0.595642131176
0.471029983634
0.566931971829
0.625286650874
0.438600939966
0.588533046028
0.441507882395
0.358479030775
0.536671904066
0.564670395554
0.567632850329
0.387366041315
0.435520490639
0.423655804954
0.415516178815
0.61173695601
0.604122954275
0.446397790668
0.378734857641
0.543910494797
0.480818081841
0.530338309867
0.488515308702
0.616897603774
0.483000990681
0.545642261377
0.538313601923
0.37820197114
0.43696088992
0.486447143919
0.464672210786
0.587282618883
0.525648234473
0.400586496211
0.547377116118
0.50933140334
0.494894999725
0.451118302049
0.50911475564
0.54187354148
0.500586495088
0.448984052951
0.635741998464
0.46288717526
0.469486792197
0.555585628252
0.589085975188
0.493179211269
0.582027111462
0.586306927212
0.489708823013
0.461744310942
0.496035449613
0.419683513555
0.398836492426
0.560128486625
0.54534878364
0.590248758887
0.557872858694
0.469179203638
0.38041658198
0.535954753376
0.426332252967
0.442081552657
0.643950789266
0.449076306062
0.401674044257
0.510138171988
0.544559392033
0.596580883669
0.724375733082
0.577403312707
0.716761470327
0.531096223787
0.505980411382
0.59165539007
0.426333390676
0.626436750677
0.445053027814
0.433326907617
0.64032991918
0.698623737448
0.466006397645
0.593943466297
0.462339504769
0.451578386713
0.384267551016
0.546463853328
0.664020923949
0.525525462953
0.567298612217
0.470720244136
0.524859002929
0.404818279069
0.278971792796
0.434605022112
0.610113924841
0.70050291811
0.468646688418
0.607081259874
0.447208253998
0.406959548244
0.468075433409
0.585894538681
0.447214216278
0.505613574973
0.713290832631
0.528299911482
0.580842787301
0.341028143333
0.564810393091
0.645101785158
0.510307767316
0.4995093271
0.538908839719
0.515313322052
0.544618283582
0.615490585675
0.539567406267
0.524466542958
0.602766564366
0.34401693089
0.474345607994
0.486503165193
0.553655653596
0.543311783192
0.527119999206
0.577135633874
0.716878107746
0.5497513029
0.536220303492
0.552702768436
0.554598236758
0.455963667237
0.469420725165
0.632924761586
0.628898634636
0.54435249068
0.578678910219
0.602711530603
0.361011842189
0.509856389114
0.512756773943
0.527093796554
0.610358897502
0.428133843058
0.433448384783
0.715176222928
0.373961381778
0.497043585269
0.633861357702
0.449272722052
0.604972353221
0.531357502824
0.561620696688
0.499966160711
0.52728397164
0.653187154412
0.345397115809
0.46302479333
0.610940476851
0.575278273026
0.65809318526
0.398060885873
0.652937677905
0.513845009974
0.63826044345
0.716637824253
0.600185571493
0.499915944978
0.569850048405
0.523406332534
0.551100240457
0.497077849128
0.419058259076
0.606106930253
0.501740652522
0.587590310274
0.392246620403
0.450880790257
0.656371767428
0.399542706442
0.736717609789
0.559473913852
0.48494594534
0.682387284378
0.500877438878
0.681050715297
0.377028807222
0.405473947751
0.608933075971
0.445657429045
0.471567221956
0.521958730615
0.556918527649
0.741650485179
0.460195634025
0.490532566848
0.426990082697
0.481783111448
0.535118392687
0.466940300234
0.366135362743
0.410521700927
0.423960859557
0.497983431643
0.534512947895
0.43967823191
0.387737070089
0.649627765846
0.483842067332
0.507342619939
0.415316049251
0.602328395647
0.677567125999
0.48480453114
0.516426023874
0.447177265833
0.511787548954
0.629062152959
0.633277116823
0.615478103733
0.431303717908
0.571695571832
0.517782296038
0.359072019571
0.668051919392
0.58086797954
0.418922572513
0.514864460061
0.45235027229
0.468746613533
0.522595085908
0.480942540218
0.413946308158
0.562022934618
0.43445663085
0.647182032754
0.549052310488
0.47247614576
0.635816000741
0.46773243975
0.479516474458
0.321504388097
0.553198765348
0.474199936912
0.654462627047
0.43667283548
0.432562641578
0.708846714025
0.400042127843
0.633984109818
0.696631917301
0.539093077152
0.558485753517
0.630887200005
0.501163456696
0.285047520968
0.52532355033
0.524326547618
0.523227950297
0.494673951068
0.499912323595
0.60205714171
0.484152632395
0.551169967018
0.487182023632
0.387380271273
0.421143154002
0.503123444886
0.409791298937
0.569600275606
0.423841185042
0.553867994415
0.624210890752
0.445006337384
0.538314954941
0.614736574
0.541496416846
0.537816685894
0.53443969752
0.394451375584
0.49734334576
0.462651243835
0.54379828304
0.443836685594
0.495067509989
0.517667634998
0.400044284429
0.703231268583
0.573132505255
0.573637701796
0.492021813266
0.551063221156
0.550232016143
0.506877634188
0.578661852513
0.498976852709
0.496036250714
0.523514027208
0.373411410156
0.599631250565
0.538428136489
0.569969659941
0.577393561992
0.42583035987
0.522664883598
0.636874753491
0.563203683183
0.263263955004
0.514772216806
0.54620086299
0.608703370226
0.711151938752
0.477405088038
0.543122594736
0.460421713292
0.341327572365
0.564563474878
0.370665702476
0.603928573066
0.642291327374
0.503125374683
0.508608534385
0.514082146685
0.590162187604
0.561030483364
0.459884120208
0.450196147432
0.546156898217
0.458215602605
0.438358981118
0.79167043784
0.58349925752
0.527141418841
0.741465596713
0.441863151238
0.331914261139
0.654338806427
0.565127589583
0.610758014879
0.492938155997
0.739092131738
0.322444017581
0.542656431634
0.467344053031
0.653187909443
0.499403854672
0.487076174039
0.5319501152
0.46024472512
0.387277841721
0.459941432497
0.354747106551
0.430486703587
0.618980655455
0.410425825034
0.476498663121
0.478053945579
0.705106606684
0.497681559734
0.54810265364
0.443672618871
0.472898475247
0.681063412575
0.645564741601
0.382456143419
0.74802966362
0.460719096112
0.431459831038
0.521719795121
0.650970789227
0.530242445003
0.567674559754
0.472879856424
0.622897699662
0.541925349662
0.660157159516
0.560513992007
0.406323065945
0.473496598519
0.542303677642
0.50991519959
0.552020619983
0.445773511677
0.544964869026
0.409856174316
0.677738166837
0.549673919025
0.470919235063
0.631717618028
0.330650021828
0.561900396001
0.774552551797
0.513061985243
0.50288670125
0.420131623189
0.456347192361
0.623004206165
0.5098621208
0.616697493236
0.682367095324
0.389987592509
0.478090023645
0.58936875103
0.460524408234
0.58045299493
0.823191875728
0.460282057474
0.560060281233
0.535549280798
0.710427611818
0.807640950551
0.420407384185
0.545011745728
0.53454921494
0.474619375542
0.556176058891
0.618684753082
0.522609474422
0.493105837393
0.445723506324
0.564945262163
0.420403526528
0.427322117224
0.622211751673
0.427117060798
0.742244796433
0.639980437633
0.48045749549
0.644462454293
0.574341007038
0.582608504629
0.500053807379
0.430680208686
0.482161265639
0.625141147606
0.376971724361
0.567708654973
0.521987311216
0.457392112959
0.719600012624
0.476752287011
0.462786601993
0.551455764352
0.707307300038
0.487753276894
0.548875918367
0.627517417179
0.323247983701
0.549242916912
0.481723531084
0.467044389933
0.572077556458
0.496377091588
0.500243744408
0.535898312654
0.387215750338
0.543130982957
0.516110554803
0.560189125654
0.509448832267
0.504135982083
0.635116221945
0.501994140911
0.503579961695
0.465513178891
0.595542725869
0.481686625458
0.584546645193
0.712646169116
0.40731627604
0.634320358439
0.455345541931
0.531607375131
0.567016366395
0.765692961506
0.565829326852
0.910953418955
0.648565481712
0.298365152336
0.376243169377
0.559470565327
0.509445535269
0.380860885443
0.502055033387
0.453403578306
0.736568673603
0.621669843594
0.60064745303
0.500179684815
0.349211944377
0.445626587783
0.622860196191
0.645228902783
0.657753327845
0.522544913479
0.487179400359
0.524624950594
0.698243085506
0.470203283095
0.605273004789
0.540750361097
0.553204183865
0.55596860073
0.619819166918
0.572428874853
0.507672988825
0.424241730746
0.435971964611
0.473226029981
0.597724764807
0.59223320547
0.681959690716
0.381139511372
0.473700270245
0.651747492166
0.6865791208
0.642139791255
0.700237200369
0.334288617849
0.502183523471
0.509174091564
0.546376900736
0.851080283797
0.498914129175
0.481827814503
0.456935351726
0.519776750573
0.515598141504
0.587187568729
0.489080921161
0.551909765134
0.53404300331
0.37403374771
0.50811106157
0.638902921834
0.523045973284
0.521134423072
0.56271971917
0.580433888482
0.61925757223
0.416370297361
0.463215630582
0.490418610476
0.470403247194
0.464755567214
0.549704048689
0.587864051452
0.52275199769
0.580230384781
0.518728362859
0.463212789486
0.564394925477
0.442488500067
0.423684610636
0.715554496647
0.503899858562
0.429392353587
0.5467131676
0.521679927765
0.682913076423
0.538927239124
0.448622649634
0.704294014822
0.566216006898
0.603762854736
0.545657447936
0.426500204498
0.588614221695
0.499812894715
0.47919278619
0.565890661153
0.474218010921
0.502243099154
0.451867530667
0.551222555593
0.489368192333
0.427038483937
0.451099581869
0.445947405737
0.545334330164
0.512655858191
0.587249629618
0.680818912155
0.48803236926
0.565318944602
0.505301789457
0.631540833641
0.618816958549
0.658674863334
0.562746304228
0.49219680465
0.593369387974
0.552060798989
0.49014185804
0.37699397183
0.647854797793
0.560492933572
0.532420638092
0.442685144192
0.550977007274
0.676233034112
0.518684135193
0.573709624974
0.548011361566
0.556127743302
0.613582878847
0.574923802267
0.460690343129
0.432017155887
0.544224168385
0.448568682452
0.623817857226
0.695557534146
0.576180163169
0.488451955054
0.493819965358
0.558525251867
0.482073745175
0.644378756452
0.532122374503
0.624382851039
0.591624584156
0.40059665534
0.403822877037
0.350609739992
0.494961231377
0.377563919226
0.441225254277
0.523878145489
0.476285394067
0.657491664913
0.695831476299
0.548729649323
0.640252071649
0.618864478527
0.582723921519
0.510554294813
0.689257460167
0.780204075122
0.494284774912
0.463074595007
0.548538117103
0.532174588374
0.600487645733
0.71544332775
0.382263911359
0.564375358336
0.636602024447
0.4463610186
0.417979527177
0.481359479807
0.496269219183
0.527106082278
0.616127790912
0.474953802345
0.338463065843
0.463003964491
0.357226629524
0.731420294603
0.540031132622
0.510201063122
0.364726881723
0.521730069964
0.575356638014
0.379966690798
0.376856474671
0.505933822478
0.531419702763
0.45345318367
0.446198072006
0.4201303193
0.574804767781
0.960485559314
0.60730553762
0.41076845543
0.645827493192
0.445451875143
0.542329100389
0.425521217112
0.630891213467
0.43445275908
0.62662834074
0.398801134233
0.45968025944
0.592896491105
0.678856668701
0.688468341883
0.489273499744
0.60006244006
0.375516305363
0.656918455069
0.545719032947
0.499710233534
0.494200409309
0.532912881932
0.572877387344
0.490610562722
0.330571477909
0.544550747023
0.457064205489
0.431236103917
0.388526441995
0.47374310664
0.493825098503
0.516190015077
0.543007491638
0.494388040622
0.440281023295
0.53621106597
0.604254306082
0.464196931449
0.420197740212
0.684078798448
0.433240013018
0.493525406216
0.494465167211
0.639610718412
0.551466888386
0.373464783664
0.568150856749
0.722634404796
0.560851403441
0.563696409793
0.541605457669
0.564966420425
0.53753609377
0.560882795459
0.378038442961
0.550125055462
0.68843798574
0.564087558905
0.515444050551
0.521491242906
0.441759219565
0.455521660443
0.479372180031
0.435370801027
0.571540747451
0.456826496439
0.58377407306
0.602368241376
0.642799210648
0.378331615697
0.607044576234
0.54255986005
0.563932076294
0.502942311142
0.566448801573
0.71245372478
0.466999547643
0.527428899427
0.481108659804
0.490997610324
0.546549958517
0.590177752703
0.528581822659
0.466036933146
0.424561929167
0.566932233539
0.576408268164
0.579501320393
0.609419704089
0.750798541105
0.435837997457
0.593660015031
0.313402415129
0.497032610357
0.458763105311
0.498110255676
0.661428898884
0.641340981619
0.722315536835
0.398535078297
0.471814465661
0.58630359818
0.467123126594
0.554347457933
0.577189206463
0.593071967396
0.635065177667
0.458603581811
0.546713884152
0.647681086753
0.430035920139
0.439580782903
0.481020539877
0.506921761244
0.629661218224
0.497832426869
0.528485077231
0.3339208008
0.59098888119
0.552920200358
0.641029855624
0.295734605909
0.526432302106
0.437287687078
0.539759706297
0.582496759722
0.456049249152
0.577937296328
0.522115997695
0.670933277357
0.460148352857
0.420915487144
0.499390084776
0.652389400013
0.480936676549
0.465149089697
0.517985688313
0.401038469318
0.493186873004
0.541158721858
0.550644010819
0.535409321744
0.468371647479
0.445586725748
0.575082268945
0.523022638252
0.658261326766
0.476362008203
0.438331586811
0.504044499895
0.418759013018
0.665817076022
0.406072297436
0.33672371968
0.562211892322
0.61784044147
0.517110471964
0.608031397653
0.453058939926
0.603904239436
0.475199292303
0.386200460437
0.524175665283
0.402576165059
0.405451519217
0.510751208677
0.58429684798
0.427263931495
0.457022194776
0.5058194522
0.672397275681
0.559830526828
0.504094137674
0.502033698621
0.703407230299
0.474787022027
0.529283380491
0.502207954663
0.39356854538
0.495860579868
0.564488627853
0.372837053662
0.465176173709
0.491984442665
0.540374683059
0.631522848909
0.684512830556
0.418772951862
0.482273964071
0.545378172853
0.647446463
0.520308437304
0.402512551808
0.579268354493
0.437447639107
0.501822103999
0.594202783726
0.456659180026
0.518162719695
0.495821957029
0.392328588464
0.508263153079
0.566403523876
0.623219196
0.611338247568
0.511427027529
0.566271212191
0.498675806006
0.304453807069
0.386445787661
0.422947375774
0.547319650033
0.496329384874
0.60058858537
0.443530630521
0.569233411263
0.419189631702
0.566767200565
0.337372140034
0.471639645356
0.523028113726
0.567639182674
0.455463463589
0.491889578011
0.382068862863
0.611119842288
0.47823770349
0.635473593834
0.656370819393
0.617233426408
0.647678556173
0.43172117964
0.425549825775
0.530553425674
0.547260092704
0.856389016021
0.556852563029
0.358698332061
0.547596207416
0.446350720918
0.631663814756
0.675772726211
0.546895809835
0.428674910197
0.556043873735
0.385319227765
0.393769197138
0.5884538121
0.492910506239
0.566641144269
0.462427487255
0.505599849598
0.513215639417
0.699373246437
0.372979751492
0.580436308424
0.351022318764
0.69638379698
0.578494909334
0.440317499348
0.64337243083
0.486328069489
0.614453673408
0.27611589111
0.569002616563
0.441296219205
0.51259527687
0.543673268117
0.576138971853
0.520954043275
0.385339904626
0.432093116736
0.500455183484
0.603951441114
0.686507500593
0.445175413118
0.542319654973
0.400418255768
0.521992992665
0.471541014134
0.544357122594
0.511555129291
0.502924359141
0.403877847426
0.567740538408
0.62709182896
0.572813448359
0.590030720457
0.470647458278
0.470224320156
0.540060434014
0.363241284889
0.300218906265
0.472609790006
0.443223481455
0.47631870219
0.575049834768
0.692980806559
0.406875053942
0.611485626851
0.719833038181
0.459379535462
0.615614568365
0.621969110997
0.500581212079
0.588584047545
0.668852223556
0.423450774032
0.563773820949
0.512635619588
0.406079736381
0.602931654012
0.532941861804
0.611707458999
0.492484230672
0.561240605419
0.539245651839
0.40749926435
0.567749255103
0.471027495893
0.390972117284
0.43538709478
0.512856423546
0.686141391212
0.586657466095
0.464469676193
0.499627321045
0.488701023279
0.595152774882
0.445762729527
0.417662991464
0.388876604823
0.412783457155
0.55768030652
0.613751088178
0.308613920734
0.631278112452
0.565053982545
0.772907256057
0.526292497269
0.373451178861
0.311445767167
0.449760789301
0.594414673067
0.520304676449
0.627568459138
0.506496372853
0.499171365149
0.584973333419
0.525053496664
0.52709584206
0.533740952038
0.56357635931
0.496739757204
0.466285694412
0.489469078303
0.517472870014
0.738100897897
0.463859597563
0.75912585313
0.235471277703
0.565886326516
0.413194023229
0.388537586383
0.571479552468
0.590602784995
0.490089519513
0.719975482819
0.661334489678
0.483305090468
0.503530931774
0.643191351818
0.579387716706
0.617835340475
0.434061180793
0.654228368953
0.368265194262
0.677858932796
0.585411156786
0.73014092785
0.548156443819
0.437513053364
0.470227215335
0.575148476448
0.642159045666
0.463758670424
0.505858443657
0.423959898541
0.613216968231
0.491118199772
0.370202788996
0.647282563409
0.329702105937
0.490108960969
0.642848656562
0.414047593576
0.610776079355
0.586282692506
0.337578840075
0.41626710634
0.554695901535
0.575575808664
0.342296674178
0.360516357254
0.449697332805
0.510175306213
0.484525659443
0.600232782387
0.459680718434
0.494610470982
0.594527392899
0.513395054212
0.462405900816
0.425165266236
0.437937231751
0.441010612519
0.385714568274
0.59967112014
0.567159258626
0.616510012676
0.550752518669
0.452016475363
0.479455138727
0.323817639765
0.507084548208
0.581763240515
0.4678344161
0.357526595965
0.478318671168
0.683235575793
0.4493294025
0.481520708971
0.528561484873
0.443464359529
0.462026035149
0.520919981447
0.365752768824
0.463551697679
0.473820012887
0.538953261629
0.568460756951
0.615120193807
0.608949017335
0.664812325492
0.480155242899
0.372174409107
0.565562632201
0.543993094767
0.566400553728
0.527833968561
0.450194923688
0.43083933141
0.528644769238
0.507004415245
0.453113001068
0.421298615036
0.478269941552
0.560321739443
0.609175187977
0.584961131105
0.423038953681
0.532121133846
0.465983387462
0.45708977297
0.509803440619
0.608677095421
0.557920479531
0.508636606115
0.448811530549
0.458869190879
0.435088496882
0.335195891672
0.400782419903
0.527642865473
0.486650070891
0.460521060827
0.610399879025
0.616925855231
0.452185423002
0.508356044296
0.559576185189
0.430776096369
0.443696911398
0.524406807541
0.590893992331
0.649801315612
0.560996970333
0.643257781394
0.582365983721
0.412278814235
0.3940031163
0.485169697656
0.472885107285
0.579037432984
0.424356943282
0.637193124263
0.635823940396
0.558105475982
0.625537733399
0.324877200138
0.616605410625
0.458592090779
0.588327874088
0.625398097127
0.292917894174
0.391636684102
0.546861216056
0.665551989783
0.582893691664
0.482724350207
0.501544345121
0.575983621714
0.482047507243
0.483738989865
0.727622277747
0.463661398442
0.435355706814
0.396121506281
0.562099773126
0.447309473425
0.588790515241
0.494617494787
0.370055913076
0.485946910855
0.787164002674
0.595548972322
0.553874577018
0.436602075031
0.522424095869
0.579065371969
0.458035465233
0.447530670755
0.479465499475
0.537971394259
0.435132047164
0.502126644357
0.535282427765
0.564813382139
0.513115000511
0.552861256723
0.368699182619
0.577960724971
0.398786023304
0.506423162964
0.627015105575
0.538853240686
0.436709286657
0.553654761002
0.501149000288
0.586621413364
0.687254540422
0.627643513422
0.633909661806
0.526172365251
0.572429825368
0.688448980836
0.634592806217
0.488560321463
0.624393048791
0.482742502285
0.671108998267
0.561950493908
0.361759131268
0.616159504975
0.577342866243
0.260452247888
0.695570487551
0.497665260984
0.492256289527
0.463014787969
0.698700008124
0.494913623541
0.624076963012
0.402015452296
0.652810711005
0.614095103111
0.483329739353
0.722133746632
0.614621876525
0.508723843936
0.562660989788
0.591724384403
0.521380327424
0.680244249811
0.448305081339
0.475038652142
0.630049910291
0.369424999046
0.491443006501
0.459255500854
0.428840095912
0.454391390935
0.384089233903
0.420110576278
0.45639207058
0.487298823892
0.341169552095
0.458603974204
0.484894388571
0.429860898108
0.504113581129
0.468688239052
0.526871424154
0.594245137875
0.645514572433
0.410655658384
0.64271287166
0.559414108925
0.511616579684
0.448520780354
0.382626228649
0.46028929035
0.579484832293
0.381668444157
0.530447575533
0.414850129051
0.411974275252
0.663169602309
0.529043176336
0.558724391203
0.47178649193
0.623600445046
0.439225775055
0.570902933797
0.666309266162
0.588896818512
0.511873548997
0.507056747186
0.657229745782
0.419465395118
0.709747287391
0.593685135651
0.589833292935
0.438711836829
0.347759893281
0.385853579264
0.5597246024
0.717708176897
0.72128511909
0.530621856072
0.474916081063
0.615726181187
0.570347226157
0.509534733965
0.494989791595
0.507806232478
0.431672486834
0.596218268945
0.543847776207
0.45472181078
0.410550587909
0.567663876909
0.466835199636
0.626008007122
0.372973907263
0.669602226969
0.444298545448
0.602215916445
0.446843787926
0.499672910982
0.428497680346
0.332982788281
0.607188893055
0.488361808489
0.579248218837
0.556321743555
0.576937950928
0.4684938116
0.539510570391
0.529808528466
0.559963279377
0.419297642554
0.405308954568
0.473826244654
0.523077903781
0.464901112487
0.546777780925
0.579003968529
0.780896679216
0.60506155415
0.398866480541
0.553745751089
0.531129284976
0.39858286043
0.532520734283
0.506211810539
0.599247944276
0.570838337791
0.358692537175
0.72237236611
0.807472862625
0.715797412917
0.524005576088
0.492415574041
0.491789493611
0.563968869057
0.456473884566
0.510408556669
0.451047496363
0.516133132553
0.620851355683
0.636515828541
0.573935690566
0.586542103195
0.439445127082
0.670313337722
0.630616762353
0.628610622408
0.495017254947
0.479133954866
0.554184091229
0.689208587042
0.471854252569
0.444630988628
0.550757492474
0.528832158237
0.459867908516
0.705672419741
0.526436931682
0.683262001639
0.571252483676
0.565336756631
0.506881168694
0.499087937807
0.509431828349
0.551621851604
0.510123604873
0.478241990321
0.548012998727
0.392767983591
0.304233549303
0.62787913504
0.465906807383
0.413660783713
0.460989446528
0.556240093439
0.50052805473
0.487619498745
0.430712422566
0.48314994896
0.601166864063
0.352875035175
0.551406152416
0.525045484524
0.525038359584
0.556481283498
0.533365662808
0.490455625521
0.398640296916
0.455025558197
0.421037181334
0.603169718432
0.452540496196
0.477784658425
0.569110981125
0.583831693309
0.469298850312
0.551517942605
0.502930214134
0.573914754983
0.670174368536
0.432074626795
0.435486140834
0.55469560053
0.597571850491
0.506541980815
0.670385496489
0.631841959282
0.554089376158
0.492157245261
0.627596280995
0.496300033309
0.688992634917
0.683541854968
0.511899668756
0.509872129935
0.468219669973
0.47478921493
0.53687390072
0.508259277984
0.731789301556
0.439023361926
0.684144975146
0.493939791938
0.850833897264
0.760014141964
0.491608811338
0.409303129997
0.712769270015
0.680190487496
0.662318107922
0.604939012689
0.599994466216
0.662690413955
0.608747638696
0.616160368301
0.714496495037
0.566121222365
0.345379002683
0.578631230613
0.430415143555
0.4000131395
0.766863295175
0.626485280686
0.618845787171
0.741209405643
0.817945664094
0.626219060548
0.586157815475
0.449321833901
0.501133063739
0.823656660891
0.359407370465
0.670807845134
0.55762671179
0.551611566106
0.483897385456
0.562984096918
0.513967301988
0.503432480642
0.393544267502
0.527148674462
0.415920156612
0.558771542708
0.539669642568
0.808011490511
0.636723887236
0.741829766401
0.48503389639
0.728295737075
0.669298212429
0.71572143085
0.516639880752
0.705541076336
0.689314262525
0.403629644291
0.529384480658
0.565317929752
0.638883231083
0.649648389374
0.665232368391
0.766436397416
0.84705972556
0.542806794379
0.508297659724
0.731880885654
0.513726626012
0.762842333752
0.52636384753
0.522116340688
0.409253894185
0.624363627315
0.631948169657
0.305556883165
0.778230314873
0.572426979702
0.501175004374
0.493832033331
0.546195721849
0.517092449628
0.595897736057
0.546500383046
0.518733921994
0.491343599709
0.68088704079
0.613662913941
0.434749653492
0.580026125595
0.51911092188
0.709056301589
0.581087454462
0.552382337237
0.355384805711
0.461803903765
0.670429851521
0.588236906469
0.484284045938
0.528577838963
0.614674778964
0.832702722857
0.469602184276
0.436428818144
0.350252052175
0.482474092598
0.481409884627
0.674081233669
0.746969956582
0.511431412269
0.623263982096
0.395549778753
0.954587694057
0.584772050261
0.455911854884
0.608326453191
0.393834896849
0.682270967222
0.681846811374
0.63278959225
0.477756455453
0.59937311484
0.570317619246
0.556734891124
0.673057748921
0.380670016564
0.81615191253
0.545798689601
0.646364697921
0.628056510897
0.360352064663
0.614845894606
0.604174941798
0.676285885709
0.584108452525
0.459599570279
0.46647131079
0.571293629678
0.523756511793
0.609096467098
0.70918371371
0.530925477501
0.345730161114
0.47324387926
0.746437266028
0.492702644244
0.733908191389
0.556888009462
0.729199489999
0.799514104433
0.772178408603
0.698623911693
0.590379153262
0.287458299263
0.532959985301
0.59381605719
0.775409917842
0.401039737123
0.613813941127
0.51733770623
0.603606330345
0.785571101683
0.68402326545
0.474762252754
0.497753424586
0.616740797603
0.455156582085
0.558847692709
0.51319843721
0.701252423819
0.504882580286
0.507624345053
0.563227233504
0.508759482487
0.587201896101
0.878796264565
0.560540958448
0.663773109019
0.558361630582
0.679230685087
0.703309962182
0.866543797971
0.624852462576
0.410370524162
0.622928824362
0.694900051685
0.771501132805
0.731435890222
0.672094337214
0.454728058011
0.538309077449
0.559110539496
0.469924810958
0.645716967195
0.521268763865
0.600246386003
0.498131122726
0.51193589421
0.531682873313
0.659118289997
0.65104854044
0.562420401881
0.523054124663
0.71357815169
0.617579145068
0.503942152596
0.642820944079
0.45494600021
0.692619893137
0.586218881795
0.523895519044
0.59937611855
0.576942268385
0.418179712771
0.426949158323
0.590102111804
0.521374610666
0.520805890638
0.722467685952
0.705895092633
0.633680583134
0.562578938478
0.645508598458
0.551969526658
0.44527112326
0.654599436853
0.511177071958
0.670826816549
0.481078095211
0.440391919515
0.606433254475
0.66060862891
0.574573832522
0.445294923034
0.628207106766
0.481878926462
0.482493724433
0.625056801675
0.51993970932
0.506355240681
0.487100289799
0.567240607602
0.600971436627
0.478015042535
0.376328504892
0.583224472318
0.50861800115
0.426522584705
0.395309131962
0.556059929411
0.626756711664
0.52313167745
0.340352704546
0.571184278333
0.429750641522
0.639839101447
0.529543309211
0.479383239623
0.555197225048
0.44574325968
0.471720626332
0.655590382965
0.535731349484
0.549846983571
0.612653986243
0.650244005054
0.606556413145
0.565062773608
0.498095819289
0.556081593016
0.460400691653
0.553308639546
0.349202395285
0.518241941335
0.626873110106
0.434463056876
0.635852015922
0.536886815831
0.471731885627
0.581241256246
0.573810361601
0.357426681425
0.501115724331
0.47237735017
0.634407081705
0.644368965968
0.496609683211
0.341357664583
0.618886405695
0.59552716752
0.536067817696
0.510174414098
0.548019464617
0.536915784122
0.591899267668
0.62833722196
0.773349149147
0.531225110665
0.630619349118
0.460920506097
0.507724250232
0.564664483678
0.401227392322
0.779582838158
0.364817642172
0.387706286575
0.668983870625
0.4335169125
0.539697405026
0.504316605828
0.568938169644
0.48858495582
0.535581778394
0.533331690306
0.602209888171
0.442309248115
0.50105073617
0.559326443176
0.782438859574
0.47605252999
0.617193858412
0.525136517989
0.586350657289
0.580175656359
0.515146769681
0.544594751861
0.744674384149
0.619127188028
0.362535759638
0.404314974649
0.492097132341
0.450796174655
0.483490335022
0.628848028558
0.399479962712
0.493464789252
0.536777885915
0.627397281798
0.525528608247
0.720302465197
0.585012413818
0.536515185988
0.580677831024
0.728421864285
0.554703731824
0.535326858713
0.567309061282
0.639893843434
0.560549268775
0.501272273551
0.674132594647
0.540745924024
0.64215577829
0.487859646355
0.469561986613
0.551589417511
0.516931011594
0.479718893305
0.961373638182
0.530930008512
0.560384762156
0.596732791798
1.07239647106
0.456172082096
0.531588823231
0.499838042395
0.431499626572
0.548114132984
0.530066502343
0.681619975402
0.526268438704
0.559092022353
0.616030013723
0.732860879674
0.527585545546
0.488628484381
0.537717726519
0.513910990553
0.711881107671
0.562985827616
0.629142932857
0.543796107431
0.567414110828
0.678358377312
0.441461554881
0.514045775377
0.457186301977
0.49677919907
0.552104347438
0.524119162933
0.430954384711
0.557633530074
0.646551971933
0.691129563176
0.478073812329
0.474559339995
0.414754139748
0.566466020584
0.528595353445
0.51363711669
0.420299490658
0.516375807713
0.562431536232
0.655473084301
0.472955208569
0.772348394816
0.336446627579
0.450147040537
0.491096292291
0.555059960426
0.6310121782
0.520265512737
0.548010954828
0.614666659921
0.701230988598
0.558690569603
0.833277827921
0.51315298223
0.545499281096
0.464731932799
0.582875249605
0.505104813923
0.489853746678
0.583735332529
0.465075139998
0.44829813636
0.567228880601
0.625729451384
0.414745251229
0.494074893026
0.546852839372
0.518787692437
0.441913398208
0.387025469583
0.455159830869
0.616549303755
0.395674987909
0.46985322049
0.583986857249
0.574590541917
0.47977275811
0.601400504542
0.430269196705
0.564144560618
0.708537381344
0.532076753263
0.482562455869
0.467020824341
0.484154736696
0.451663300688
0.499363598933
0.453801611279
0.51233458718
0.501798762875
0.532516608116
0.504434990406
0.604177584052
0.648523223433
0.647703559278
0.443099680638
0.547493923535
0.521424139938
0.526143417149
0.640587830584
0.566223925027
0.462782965532
0.521759058239
0.489111380284
0.522411809728
0.414416261029
0.520813538163
0.596326160308
0.428639846838
0.544530942534
0.360577625168
0.578596062782
0.402763329277
0.49535330848
0.504320054108
0.816933322033
0.481641805859
0.625683563978
0.561502553357
0.476551504141
0.634149203002
0.531830070621
0.52597472622
0.591448786639
0.606318732953
0.475079304499
0.514290880658
0.599699699091
0.616029546757
0.55855273872
0.551120018997
0.597851982886
0.564750897595
0.5802916819
0.574230020497
0.451624997835
0.597694806834
0.683393582751
0.561583911124
0.535322037769
0.601941176186
0.514045553226
0.597568414613
0.568791542411
0.500201746898
0.638539338066
0.601865244136
0.354929097603
0.578250206687
0.541903392523
0.432199754215
0.48909839584
0.482375316255
0.437226441687
0.414282713509
0.664173221858
0.454767973581
0.617082311583
0.36966600399
0.556314843351
0.720200242565
0.574217560786
0.484206352278
0.641081856152
0.579780405311
0.537427154571
0.596671228456
0.461304658267
0.493508175993
0.480131997227
0.503508159038
0.567968778093
0.394572399036
0.470073363818
0.571336700802
0.681316953274
0.605767778886
0.470369877634
0.608210314405
0.617041021625
0.427965202786
0.534954385925
0.351219763448
0.724493442351
0.403262471174
0.604811770457
0.454003603059
0.585295004121
0.569712555794
0.586638233034
0.548444325721
0.548804429495
0.547297011403
0.525081202578
0.409687134974
0.503973083473
0.514046801387
0.442157637765
0.569820505664
0.535364256436
0.507130465893
0.406092100056
0.589106816497
0.509512921006
0.638173416172
0.488988624535
0.675615763688
0.571065127575
0.672296439601
0.617278121984
0.513257366563
0.659207562306
0.699448728044
0.489484876582
0.512681173493
0.62653808429
0.528531065782
0.495508719321
0.40712208334
0.639411753767
0.458010613495
0.650295753531
0.704536290142
0.329951907336
0.59348785071
0.662590370794
0.722486223754
0.553979412262
0.511144663162
0.750547537244
0.519959445787
0.336318317821
0.523593116142
0.538299204912
0.503494911038
0.618981393403
0.381863451512
0.496135210121
0.73357409445
0.615144242047
0.4995721559
0.599262249652
0.44413362167
0.594700752875
0.489111534274
0.35116555906
0.472035296655
0.649493063115
0.337125578088
0.561268541059
0.54119514676
0.544181326206
0.530086534828
0.509378563806
0.464897863102
0.540171406156
0.309626282913
0.441537565079
0.511515548534
0.479961019832
0.458923010934
0.529731542841
0.524843771325
0.525417395026
0.54449690294
0.503774785924
0.715923191073
0.612985189978
0.455349928111
0.511102602151
0.528563492807
0.59676094076
0.287080968701
0.586190686882
0.580741820162
0.600830301705
0.628627352969
0.531828602494
0.619138838667
0.687030059199
0.577661430159
0.590089846689
0.570697946471
0.467057796538
0.575294956949
0.607702885096
0.559501681502
0.550107506012
0.629234663498
0.496378220311
0.399578089014
0.445024261066
0.572648398694
0.413377826458
0.417034742172
0.548734746266
0.506106545627
0.633495363817
0.4404382265
0.490999542812
0.437304310121
0.503961680545
0.503905480048
0.443596309421
0.550387671875
0.562352609821
0.68132923354
0.586859579654
0.490479142689
0.660879519317
0.450518387972
0.588436110974
0.548784340677
0.392238452622
0.568180951822
0.537113135607
0.593532579004
0.608702026524
0.457364113061
0.641644079015
0.684188717736
0.467405875429
0.361623309497
0.563589268097
0.516934449598
0.568342992033
0.36178632697
0.49064852447
0.576515096028
0.557845640187
0.64667185676
0.480200342368
0.52536878924
0.464499145625
0.541706146014
0.636891421094
0.500538327548
0.438254479692
0.696450362451
0.496550162616
0.619963215529
0.478253657291
0.508000635008
0.690069798382
0.538174516089
0.362580094494
0.443800801183
0.518016715159
0.414836646555
0.513427317773
0.60307493989
0.31912902272
0.590024104151
0.4169334094
0.340486610878
0.570662778196
0.613810355041
0.421362976503
0.598241250895
0.629182189409
0.473178701229
0.578517030815
0.506638180628
0.548308209795
0.404040364575
0.78498954894
0.468536702461
0.579839801092
0.322935034464
0.543292831087
0.552284859155
0.426146733093
0.410620566966
0.473908653645
0.4752174964
0.509396456185
0.450500185277
0.733213028213
0.637848655707
0.51658871662
0.287510854532
0.662414938087
0.503953462592
0.450551280981
0.532047620971
0.635341634942
0.438945197219
0.525513908477
0.575025410694
0.715442364414
0.580655895241
0.524719452474
0.36961461753
0.594311732561
0.739143000921
0.51109299543
0.597414184873
0.540032279703
0.628789122751
0.443891460854
0.526746520075
0.389381894934
0.527989790259
0.683639811532
0.691967014597
0.492810699146
0.479234807815
0.459924595925
0.506333038223
0.54445508568
0.681620919624
0.498539648243
0.307474010176
0.471118536445
0.361103233426
0.48557884197
0.451163712281
0.395448298444
0.633317921927
0.520903822686
0.514814991675
0.431030858028
0.357345957447
0.400527589499
0.390651757609
0.556529510986
0.55698075675
0.43944768631
0.63737570642
0.527619996174
0.651415718407
0.549987183709
0.649367613202
0.461710194351
0.481578688935
0.483202917412
0.414572278553
0.427288988818
0.525999045319
0.490223436532
0.426883454227
0.54056439146
0.450987750509
0.50677401819
0.337918221365
0.479213499644
0.53373018047
0.479054528455
0.603281677618
0.630920018795
0.544324471947
0.468598660257
0.594999751172
0.559489494042
0.39167627878
0.391844354258
0.519558507702
0.476797389539
0.343362056456
0.58327584014
0.494896397615
0.668535175214
0.679543375028
0.591063146234
0.396457517041
0.673253113791
0.545476278145
0.441722298328
0.522525259287
0.548537822753
0.69473533941
0.308447314623
0.373202829569
0.617432566394
0.50982544903
0.54228345088
0.623624977837
0.614365285218
0.518139455378
0.466487860844
0.541157175369
0.582183377885
0.473765387559
0.640884803246
0.432889120714
0.429688591406
0.572222538646
0.550175733806
0.601666138091
0.588157935096
0.472560642961
0.490938009649
0.486590037276
0.527965570829
0.497251840021
0.480854451724
0.427409982356
0.433997959867
0.516580059676
0.557397987867
0.623118874504
0.417299272887
0.421678036607
0.636676085595
0.511785391108
0.507334507859
0.528502333099
0.502277932303
0.626050655769
0.593775430162
0.583877836634
0.654988505595
0.513611572336
0.583660744258
0.591480899996
0.707742908936
0.606545221423
0.57368631745
0.291442099199
0.565219197423
0.501245061155
0.795937420472
0.391942766986
0.544902862062
0.547283622512
0.53426203918
0.587650176603
0.643075464301
0.720629180915
0.598366180084
0.413866397217
0.587977980206
0.486664983099
0.544524707716
0.570011657765
0.553779706167
0.535046213877
0.625037455233
0.644990093379
0.72033403413
0.447398777717
0.48912918304
0.53418271829
0.620686822021
0.57936956687
0.452169642331
0.540807395397
0.773521366805
0.608669508855
0.58536692854
0.545482757013
0.520062292933
0.462777427784
0.47496823003
0.602913534715
0.308654201113
0.556490731571
0.556654843463
0.618913004549
0.554401858485
0.351836368031
0.475740684454
0.431791278533
0.431080910071
0.529794312968
0.601170389441
0.493143551697
0.340992164698
0.583922284691
0.351991673903
0.53632175848
0.492675267517
0.679247203518
0.517989690769
0.705494068802
0.454826328605
0.362271781152
0.598543098434
0.505623978569
0.428998739253
0.544173884378
0.520314972479
0.368814664176
0.405472027808
0.692354559901
0.479249200726
0.486053677533
0.601815275012
0.568642898117
0.429732597347
0.530125732585
0.474712555913
0.624486772521
0.498199428776
0.402709070381
0.717432740851
0.507502495568
0.540582780551
0.547732717727
0.419726304154
0.687262438594
0.52654643625
0.486375773341
0.613862253751
0.425429275667
0.529959389325
0.57851498808
0.469741360396
0.723335077236
0.655882816939
0.487934438716
0.417629903486
0.667304397867
0.539160690657
0.533842081525
0.485050334064
0.54901472589
0.607376406548
0.657854052143
0.385737868037
0.610085472488
0.748306853722
0.562201512462
0.711407552037
0.599533148781
0.513884525433
0.467451573299
0.488745983489
0.584333736431
0.430243042911
0.367582754714
0.721580606033
0.606796377239
0.5807176119
0.350620845749
0.516130264304
0.417675169429
0.551286764941
0.433388284003
0.577926780928
0.544740305253
0.673102652378
0.643192466192
0.52151215275
0.57575751783
0.622646485673
0.701154511146
0.592654025309
0.517855918606
0.839626694758
0.489145312056
0.609923548636
0.592826032843
0.558688195819
0.513920919751
0.533474171352
0.592018075983
0.56323705329
0.614179329388
0.54497515307
0.552336421081
0.50798882518
0.502621523698
0.583883154437
0.439616294447
0.519766331912
0.40008054855
0.485754788289
0.553290184612
0.553491140696
0.499055006955
0.738458435904
0.661807870957
0.364207891446
0.732489707859
0.595831731303
0.441532453551
0.575958758317
0.401003336389
0.638508922303
0.487684538706
0.492244246192
0.365677567936
0.593201201022
0.447430404736
0.552557029609
0.42754056965
0.559937134956
0.584425385668
0.448378227106
0.661220635871
0.78761480172
0.594635193521
0.608494926855
0.415726631671
0.428084767185
0.438798289724
0.450427688621
0.672855018012
0.490316762276
0.616963567484
0.442454901088
0.50461202421
0.551170944994
0.518409543618
0.348258183137
0.64142750966
0.575650726822
0.550512052172
0.583112170198
0.557411529707
0.528037715402
0.542415203316
0.537488371787
0.377890214056
0.440787887009
0.519330037221
0.540282875839
0.544926408891
0.619394006709
0.640813459131
0.495297011845
0.493591918378
0.48659456132
0.51428969171
0.512223451482
0.512677720183
0.564838928408
0.430377191455
0.614937525596
0.398459896191
0.50062928269
0.528948414913
0.527172019652
0.468747895683
0.676669906656
0.650899551848
0.481127973027
0.629943408676
0.607192835111
0.319630710955
0.484297675452
0.478679047135
0.473210593605
0.535484021857
0.320133639582
0.407491620179
0.646807940727
0.440318783604
0.701750520925
0.62208843982
0.451496890654
0.437630983587
0.611621335219
0.440757801078
0.446376652924
0.371128960908
0.587608608184
0.634028175879
0.635491847342
0.351007576842
0.653904503868
0.54187570928
0.597348870427
0.409594945978
0.621887812978
0.471867332232
0.679349617738
0.59708895513
0.447665092563
0.386220400568
0.555482887203
0.556611024312
0.437617676438
0.566379923165
0.599007797841
0.567167478005
0.435678652371
0.36600441711
0.670907287786
0.436945841047
0.514148355267
0.601202953484
0.604658558793
0.430297266052
0.553993098638
0.593911056149
0.528889149458
0.500524493381
0.533191046433
0.494172549667
0.33291853557
0.31929823494
0.434163219173
0.555875106292
0.719976342362
0.355731009677
0.613349786025
0.531201341768
0.52814600608
0.472282557801
0.523359866659
0.453889352986
0.41719521881
0.500945503771
0.472434773529
0.50461453252
0.586639212512
0.462442383978
0.553564059553
0.361314984408
0.72205684399
0.477641419362
0.478671384007
0.475230946015
0.637723500899
0.574133796793
0.425450577744
0.531560040332
0.40828653122
0.612372268267
0.440529792416
0.553563942523
0.573496934476
0.493098758565
0.630119501427
0.6360729458
0.443000827667
0.372931647459
0.623716880819
0.545925968742
0.587595090646
0.416760748522
0.425042943702
0.530801172986
0.392375931495
0.405291467304
0.444010197773
0.559007688017
0.570583446806
0.294299039934
0.436461795808
0.564041132554
0.445758019786
0.58743658486
0.448816288631
0.802751971348
0.467358100911
0.511464914105
0.334332808758
0.408586708892
0.635551657616
0.474013408469
0.552478476871
0.657964715281
0.616197334418
0.503062900761
0.454320217683
0.445994143487
0.589239768609
0.533147328602
0.415736751874
0.670371812547
0.553787045384
0.551830046132
0.52475895655
0.590335350492
0.375601025996
0.477544316826
0.79990364018
0.610008328426
0.543535907558
0.395642549399
0.517195275649
0.759251316546
0.423802485125
0.490176285093
0.488596131506
0.47260630367
0.534211475209
0.566732693761
0.366726107292
0.742303582279
0.666112571954
0.564745639648
0.619295024069
0.554774611536
0.564633018574
0.544069047698
0.408550987837
0.598278731988
0.553274391217
0.518747931405
0.508068559529
0.488540016275
0.400537232564
0.34149564187
0.543666206375
0.584734402068
0.551244581345
0.354285231762
0.566736837389
0.520963675827
0.520316432663
0.643803864933
0.495964727257
0.546206163815
0.51709034727
0.500139648249
0.52576574502
0.662260445743
0.591882096586
0.696402727266
0.627034094882
0.478349099636
0.598728536015
0.614022997714
0.414203951183
0.54421061316
0.572215602204
0.560341749357
0.410266108233
0.502509631879
0.650047856074
0.583979935244
0.631773239997
0.561992188789
0.48884858114
0.569297619117
0.644344100848
0.356288173394
0.686164704559
0.488297555456
0.493480774057
0.547653723134
0.44249904857
0.505493488153
0.492377818912
0.52680055999
0.436403483826
0.57474306756
0.601842673249
0.604683757288
0.42944834227
0.527094707399
0.423377509719
0.502171444134
0.49869055239
0.544658623181
0.43164719755
0.658152589297
0.324230533298
0.829409160521
0.515302484128
0.544617018348
0.38068748049
0.564207788733
0.488056493804
0.517556326689
0.509489899293
0.509977969391
0.670704475555
0.4828486335
0.56755301118
0.539188081321
0.593537035182
0.690191255971
0.456946728962
0.500129381513
0.529769483957
0.51475230876
0.462800656912
0.47077651216
0.532191440539
0.467002922062
0.667776453733
0.382520817423
0.490936470831
0.49575678393
0.462686971004
0.365485219289
0.407543494579
0.510098670523
0.616062922566
0.428486576217
0.367176206019
0.617882993407
0.474727241634
0.483655303745
0.496305678855
0.632309386874
0.536780436339
0.682989055534
0.698567860874
0.461572462384
0.635636828349
0.520620268895
0.268937451765
0.480009100989
0.627706541529
0.470836624895
0.594489183487
0.569268356171
0.444317913104
0.45844114005
0.453340835755
0.602400937058
0.519483066025
0.419863322355
0.487340364381
0.63919616848
0.566938254853
0.530503152154
0.366134786481
0.51532976423
0.516074856835
0.536787813215
0.477723315653
0.672435680503
0.565731333418
0.481585494032
0.373702831651
