0.376334462641
0.307858127205
0.280734352811
0.283641908982
0.233450540492
0.351151336542
0.253539727735
0.196902337224
0.222200667359
0.307814743299
0.336484200889
0.154529491206
0.259674547494
0.338050239407
0.271864342133
0.283801711941
0.196745743209
0.286658303642
0.234739250329
0.324237253377
0.276442312682
0.281542811787
0.239369442302
0.29093198043
0.292000504828
0.320206937704
0.392390728544
0.207363862007
0.236842228357
0.245609232437
0.321667345273
0.242822623447
0.326604689262
0.261027693329
0.177406016051
0.25527505484
0.32021293849
0.227982566418
0.237936648324
0.303917933933
0.342384202567
0.26089492598
0.317674440702
0.264607411371
0.267043718826
0.232939206
0.193996463847
0.29486119637
0.281739531904
0.256625896925
0.197074309812
0.291718239277
0.243297204691
0.286281309358
0.193909276374
0.287443816556
0.305337682614
0.200745841738
0.35853257544
0.326571034119
0.324308839853
0.283792947035
0.270587183761
0.292768363215
0.243499356731
0.167978603951
0.279134297511
0.290691051181
0.236953224266
0.305951839548
0.193564037444
0.3260231048
0.313562999494
0.267457563164
0.329508959871
0.262439157267
0.220671189961
0.219447145838
0.274627364849
0.228558888118
0.240732145174
0.428180240713
0.295528204119
0.313640673281
0.211206962293
0.26638001214
0.214291565921
0.254908707257
0.265106267329
0.269047227195
0.332672109587
0.379146009059
0.333914855587
0.295428739358
0.219463295441
0.252455045418
0.290404954478
0.269134411939
0.208565497813
0.281666564897
0.265930824764
0.373379896814
0.241410673261
0.275837501352
0.365051176363
0.298656390531
0.238182597058
0.233728769338
0.278231169237
0.283802519269
0.256934387111
0.252887536477
0.263189681108
0.300291550335
0.311565827761
0.315145770153
0.26727354773
0.369130685016
0.375999412521
0.215917790575
0.201287430373
0.413979352077
0.421064846439
0.230210506707
0.39371891722
0.241353909135
0.241074074579
0.192435846401
0.385887887161
0.250132387008
0.286582513836
0.263607623075
0.216981460485
0.205523572467
0.217652233954
0.327879363454
0.286340446291
0.337171582207
0.258638490098
0.23327380289
0.236736001292
0.324152184723
0.197233461188
0.214528322845
0.248183909408
0.372717889665
0.306202816549
0.375087507987
0.295609583005
0.35846526889
0.20701155903
0.266755176409
0.285888126897
0.292686806215
0.184592428195
0.2203998936
0.315131397076
0.311029733723
0.31572859523
0.308758537435
0.219171413224
0.191004559362
0.247634783172
0.260182868763
0.215008231002
0.328230268287
0.236082186443
0.306807380288
0.311023815041
0.261403983745
0.273323315624
0.299709823689
0.31050755712
0.242661168871
0.266581702577
0.244948775681
0.179220734731
0.253897377748
0.255974231005
0.290714521025
0.262667819534
0.354106401636
0.258628812477
0.276120940735
0.266403719108
0.260988568386
0.30597755525
0.305530118141
0.254870632801
0.217141390164
0.329046748562
0.366522698308
0.305566524074
0.342678548233
0.228897866832
0.299185178111
0.242142838537
0.330554236266
0.275361321503
0.233389163043
0.28314294137
0.330752948558
0.290774025113
0.302171215034
0.288328732885
0.234609585609
0.374254061565
0.226056116097
0.305889873306
0.214594300241
0.244334793431
0.229663340853
0.209325301885
0.275455085605
0.388987107405
0.24347845839
0.331100493731
0.351703840619
0.232865785097
0.246741828967
0.2520510819
0.240498122919
0.294708341585
0.259127395376
0.20233686272
0.243871510601
0.239266285669
0.331077852414
0.269767648058
0.325208327923
0.287933105518
0.205667479746
0.316663383608
0.321485099321
0.289830281408
0.165678651791
0.343568422775
0.216630774651
0.246882586232
0.245297978527
0.221033217008
0.311699481147
0.2757269867
0.311916606165
0.388514200595
0.258016921323
0.3024920219
0.420106395671
0.286375655342
0.282024349315
0.290838664627
0.303890133238
0.236692906888
0.335705329328
0.154829220765
0.170962389841
0.33581349571
0.300036507252
0.246916267208
0.253398871685
0.274252864512
0.349846523355
0.208920407471
0.234611569783
0.288658685102
0.242697493473
0.311001832284
0.226608320523
0.232742964322
0.342659548731
0.206080998972
0.221381443708
0.259499788288
0.355861503576
0.295860858701
0.34200313546
0.270590003131
0.273920223679
0.323646053408
0.358731687978
0.219403392717
0.206191770199
0.293794186251
0.189164111715
0.395594380691
0.318157570258
0.317651919681
0.276705540668
0.196561208252
0.322104947261
0.32729374524
0.325025932645
0.416941722019
0.193658009448
0.273872004387
0.351338186254
0.224136251079
0.289205630605
0.20647196341
0.282253935883
0.308778015052
0.195744058076
0.239246288571
0.237109926166
0.220334514084
0.195561234506
0.287611539143
0.24452719055
0.272456432656
0.273533181726
0.147253084875
0.276203917848
0.33482466326
0.282849039438
0.239251059959
0.369889265473
0.276547552988
0.324914088058
0.253360847585
0.316011222326
0.210013484453
0.292678257452
0.253238757189
0.296532899368
0.181664142511
0.230208723249
0.255127802732
0.304373050876
0.244950180026
0.255071772959
0.196319255351
0.326251477985
0.280644787113
0.359078248311
0.23508400153
0.3016983759
0.280309463242
0.250152170957
0.217108296232
0.360042234246
0.299230662318
0.257908793751
0.186449631461
0.168437483663
0.218487572731
0.217645302733
0.299835630166
0.32502200127
0.33181775216
0.368982621041
0.170141062277
0.287863393008
0.295752480662
0.326667523458
0.373042939824
0.282618184338
0.281633703627
0.212791693868
0.248832935321
0.253023547642
0.351716920592
0.254186295048
0.22378878794
0.228901541977
0.192000451093
0.268536753553
0.339562757787
0.257842474089
0.188936437384
0.19742834173
0.258592155145
0.344174340201
0.332861366711
0.24573943124
0.244964889004
0.256910640379
0.212766476189
0.303980412904
0.246091785523
0.267911561168
0.192313365248
0.189542275731
0.298726761786
0.241212771039
0.204176079589
0.205848429147
0.235355133753
0.238175501413
0.238455415644
0.292135684366
0.363054949312
0.336848288376
0.224144939332
0.307955571726
0.265480727013
0.194208669024
0.210437369815
0.288787901112
0.261233484514
0.251450896429
0.172044286945
0.361163676349
0.304503988971
0.274284270514
0.221478070483
0.230348793976
0.22642537951
0.255495404932
0.346002706856
0.357967752598
0.283229623549
0.249655824865
0.199007667066
0.22951090264
0.314597139452
0.320246907321
0.34312594102
0.253155238859
0.352493090506
0.319805614054
0.34298021304
0.269441255085
0.305942898102
0.222663135109
0.282924792598
0.328398710448
0.231507025247
0.232996457855
0.309120673203
0.373025483819
0.323688121841
0.338820026165
0.384557482832
0.284101527931
0.25257082631
0.312986182723
0.264105475951
0.237695718529
0.260167072823
0.295748103162
0.163185321811
0.344895584497
0.320169834875
0.291395934838
0.236315814954
0.254685707904
0.265876204665
0.183087085566
0.33444172081
0.250956060314
0.303859347898
0.293525885074
0.278419117655
0.2893272656
0.221084081112
0.249319333345
0.263317994076
0.345738386818
0.315694080655
0.344167321698
0.314658423224
0.236890346823
0.339340252783
0.310669412202
0.288717773781
0.226506463731
0.306740951941
0.26958921541
0.376427080396
0.268719224904
0.246376825492
0.348257228974
0.276724440084
0.269981655669
0.248949305266
0.287217730449
0.371571344825
0.233288512837
0.187605161064
0.207982384201
0.207473229279
0.290222140654
0.254553522439
0.324163711401
0.218024339032
0.335722438864
0.219726977844
0.269557666601
0.177448700332
0.238617074112
0.221158320134
0.285579888653
0.295809312316
0.276156229415
0.282138115155
0.294132394459
0.244413913873
0.208341969384
0.24492985056
0.313980920998
0.226418735303
0.185686519842
0.350333451146
0.289335348419
0.169335495864
0.293450828061
0.357799443563
0.290640378272
0.302301208998
0.190185210607
0.370902450431
0.346788409753
0.337317710702
0.347369371998
0.293542116808
0.27950197636
0.206705849914
0.255375263691
0.144218331025
0.210065928272
0.268915978293
0.340137752481
0.292710094656
0.198415495197
0.273440566232
0.265814601653
0.355547429375
0.242328192774
0.171797942932
0.294883205176
0.215034657895
0.281244005235
0.305696901361
0.392149504066
0.368905825756
0.255393565854
0.315556475978
0.166473595488
0.320164395218
0.376783974859
0.269956038397
0.309835183929
0.245896006023
0.345057334659
0.28949003494
0.250312731863
0.228452215665
0.254787328655
0.250033305038
0.188640036184
0.27420462446
0.182125251429
0.355189237745
0.302931953409
0.206684758776
0.314530122753
0.296444359082
0.300504202612
0.34222372581
0.275218009182
0.240893883854
0.300520360509
0.328663502316
0.19960583318
0.463364794938
0.2728527213
0.139323940409
0.247533393516
0.362793147477
0.304575202412
0.348667471138
0.250557212216
0.253438476078
0.32795277182
0.193203977862
0.211607607038
0.245289310085
0.212745380591
0.268326228169
0.290295535964
0.213102145791
0.307517795718
0.239407930515
0.404810126642
0.358171149954
0.248312260232
0.325371087816
0.328017612576
0.276640365126
0.346058637011
0.261039226967
0.207111227712
0.242418405749
0.190471502988
0.297447877871
0.279584337807
0.222636332626
0.326744593487
0.410157666562
0.321989447462
0.224455102223
0.256264302826
0.299047681688
0.200590798284
0.364487226873
0.287622238143
0.208291123843
0.261025484877
0.172117318076
0.279133207905
0.374553213948
0.232345043167
0.28149053064
0.278061194853
0.289335598244
0.290397385773
0.2475885884
0.356216581439
0.347413417827
0.248520916919
0.286576346998
0.388458640911
0.348859457204
0.326989372404
0.3622421162
0.278745066984
0.284756427012
0.324842880624
0.395511006824
0.234385080619
0.242855174643
0.310806993512
0.379681275058
0.198170163271
0.264874573673
0.343199357022
0.33312469444
0.449654277425
0.235645310564
0.359606691512
0.268516363736
0.304096461569
0.303781589573
0.237267285681
0.249539458167
0.31404347295
0.197687235431
0.25575337763
0.390663275094
0.358471336547
0.293383687108
0.351833827406
0.312945126766
0.291953299485
0.298029083062
0.270893309398
0.317553577127
0.214778719312
0.234867107852
0.296697018936
0.300738813596
0.245758915175
0.312343978891
0.216077302934
0.255919512316
0.215088204064
0.251160640771
0.310052720072
0.372836592598
0.227524260548
0.247551361412
0.327225074314
0.259601597502
0.285678467033
0.355517146169
0.254615507186
0.348389553897
0.272682931281
0.268023751163
0.203047318389
0.162965859499
0.272582154584
0.255436125105
0.248594821316
0.273610292953
0.334402616889
0.284406375343
0.20987965844
0.239623125023
0.206884190229
0.237531142378
0.363149184059
0.296022692197
0.337784546901
0.312593943887
0.271633710021
0.308704863852
0.197237665001
0.308797245712
0.262198172146
0.298088999292
0.191544086397
0.200293341579
0.290899327867
0.323025652835
0.295393917231
0.419621178545
0.353600016353
0.418990240281
0.188848312963
0.300018092012
0.259211713279
0.306395690553
0.263552599203
0.447767535546
0.240478955961
0.302453006379
0.273625865639
0.31289528691
0.332909050521
0.262286564147
0.352954580752
0.315307883177
0.31354612377
0.341487892815
0.317817043338
0.214007260546
0.252801386485
0.334052252793
0.270339380213
0.348342070038
0.236255738681
0.275611095202
0.301943796607
0.250415578811
0.244378837411
0.317839111235
0.276714031872
0.339587773171
0.352044047876
0.259295330232
0.296495957869
0.26454190901
0.292900479675
0.223526095101
0.365522716975
0.290759340217
0.268835679597
0.278980453148
0.360380702847
0.363669188925
0.295606931604
0.248154458176
0.293515693913
0.285184755962
0.279249697236
0.339083557152
0.208649260886
0.380613670697
0.428240219839
0.279032934146
0.343103813269
0.224760265488
0.218844367474
0.421298968385
0.286175016499
0.215724037911
0.31184994201
0.262526303733
0.246279983782
0.226054151046
0.223239128391
0.314094744606
0.241099451839
0.265386636621
0.320036210208
0.219145673867
0.25336092216
0.395112572873
0.317853921077
0.328189343254
0.300759300439
0.246391128156
0.260830477574
0.25923721433
0.283916987882
0.22428145353
0.281540853618
0.334146755795
0.31759853252
0.289139153411
0.282829950822
0.333676221833
0.385143991195
0.298606674569
0.30650520695
0.243778281028
0.2908182227
0.246884906574
0.325132698962
0.284672442324
0.240612930821
0.256938366499
0.466230476379
0.335508986445
0.2085307791
0.318990652666
0.338577473706
0.270602219621
0.208348829232
0.202076274997
0.283117909389
0.324692548724
0.250154805339
0.283241578789
0.256986078029
0.238850259287
0.31031073981
0.26443811137
0.267926578779
0.260963281043
0.320044109399
0.299716365176
0.287144885437
0.273979931369
0.355077569508
0.223926739976
0.28041327926
0.268753333959
0.395216540941
0.16934776759
0.284268188337
0.229968030586
0.333983041155
0.327198129724
0.309735195257
0.238915596698
0.332488420445
0.279367471272
0.25464845644
0.274382478628
0.245732621949
0.222064923602
0.19944463831
0.26630989318
0.330990915732
0.352751902051
0.362236782948
0.220649209302
0.265883535538
0.308839051479
0.244204835997
0.307001036172
0.306156536399
0.24763857889
0.34078627329
0.310687238677
0.384673813399
0.314665629703
0.203678345238
0.246346797102
0.425934078566
0.330505118913
0.281211145328
0.318322368769
0.211649040825
0.262725193208
0.26932512343
0.257200432604
0.335020706435
0.203204524962
0.403395746215
0.292518178764
0.372313012779
0.313745105384
0.296349808243
0.251032612207
0.281872247947
0.306760939225
0.235838810222
0.321921086088
0.327761885537
0.218005418637
0.276279237849
0.30626836927
0.307672648379
0.27341329496
0.340895982675
0.230773399034
0.201612262576
0.312814095809
0.22993921646
0.406366026213
0.253307253948
0.275743622306
0.324204307412
0.219250206349
0.361863965225
0.282837465952
0.271871265969
0.308680800997
0.262821323384
0.327688441454
0.266899764517
0.247060031421
0.367032884561
0.27210023767
0.263864516047
0.32217898908
0.286166049276
0.229723884172
0.293935439018
0.282564336472
0.283374838259
0.350886373701
0.275232643048
0.275435200456
0.275531245215
0.291511832844
0.282643418879
0.215610333017
0.250107723957
0.207586925848
0.26268569274
0.22556490986
0.178250078752
0.366609130843
0.37796337918
0.325005176742
0.229032691286
0.171052651524
0.399750235251
0.237192784533
0.240631603576
0.315548594654
0.332909177337
0.297839700124
0.19985743408
0.233778716181
0.261667920987
0.296059250388
0.275108562987
0.248258202484
0.213598661551
0.285532571682
0.222824170354
0.252745987598
0.295828138337
0.231820533281
0.314176897253
0.304228291889
0.238917969178
0.305830380742
0.273483579425
0.232924357813
0.216878589528
0.299545085887
0.224892081911
0.286655300732
0.314203031335
0.277896709378
0.271434703745
0.22387366637
0.243256999763
0.239487020182
0.206665666765
0.343406227718
0.250003977681
0.41650195075
0.312897709806
0.243252027489
0.25740599725
0.428581641954
0.285646166025
0.286991294487
0.252927351172
0.185737369669
0.210787005576
0.243606087548
0.174240351072
0.343530142033
0.223794596781
0.279488243196
0.255020238984
0.216673748273
0.300004004611
0.247721418637
0.221335164035
0.238149913441
0.202791122223
0.367513852638
0.28241010843
0.197158295254
0.180100399084
0.205556941115
0.367401298912
0.296138185679
0.23562796393
0.292207206327
0.31512597271
0.18810449162
0.247767083303
0.257182186522
0.322516054913
0.318611368428
0.241729942912
0.220306254282
0.395987116061
0.358424827559
0.293529192941
0.224430207568
0.280751751829
0.246530374334
0.180461861844
0.271778081998
0.166767360177
0.264915721363
0.297599245622
0.29420230947
0.220850617411
0.399466184525
0.263063757829
0.170498255394
0.347015732474
0.311623392062
0.278652708688
0.312453795441
0.30737177825
0.266913213648
0.236559279608
0.275839779416
0.230899033865
0.275340790634
0.298834208255
0.235390098342
0.254094523625
0.27905595744
0.231657662949
0.251701483171
0.291203140314
0.357223903761
0.264108488788
0.271931950655
0.301712017229
0.314983880849
0.348757960182
0.212213993436
0.301455841861
0.234131379399
0.291798789283
0.273023401346
0.396260962141
0.249989309379
0.362309584326
0.212139849955
0.337691773649
0.280133411026
0.216604218913
0.209072312746
0.274370743743
0.341071421126
0.25382601424
0.23397219518
0.265848795261
0.251085676282
0.189433464384
0.338612289801
0.254242854966
0.297987518585
0.278956378847
0.261523870542
0.291591871649
0.296765852613
0.236013485435
0.25702212382
0.264940746137
0.294659837649
0.279899537394
0.285164996794
0.217933564784
0.311889048512
0.305609333875
0.217739133099
0.270547081404
0.228537431363
0.359743628711
0.207809193245
0.267351497052
0.186429324563
0.306960929052
0.381909003026
0.221572907453
0.277237687027
0.317157400379
0.236073264027
0.357416279497
0.329232971735
0.305117250876
0.395596457471
0.211357899487
0.361924227257
0.232739886863
0.350433356849
0.323381683757
0.282376716177
0.219122622549
0.260648482475
0.271623198021
0.30151558983
0.31788505645
0.260282574152
0.251044302886
0.398227928534
0.326861052239
0.21804607781
0.222962939856
0.299881987639
0.279826181768
0.346261500531
0.244703819968
0.333065874145
0.303411417933
0.284815735166
0.225115576867
0.319023845292
0.292536624082
0.269503362049
0.410073551492
0.288959175092
0.232596710449
0.288892675817
0.235080699218
0.193625068618
0.304987713827
0.237971516774
0.248413852146
0.325515298857
0.312021524055
0.228618821603
0.186046200418
0.2587292808
0.218465138637
0.216180840633
0.260954354677
0.269935183407
0.309371998973
0.248471907432
0.167137081472
0.271021535432
0.233757087752
0.318712499401
0.281069687671
0.28090400067
0.200728916446
0.284170815531
0.200786697997
0.325128544813
0.306024647094
0.282456113377
0.290289559972
0.183782828992
0.296119964957
0.288747767152
0.296915316032
0.260741579507
0.239405443282
0.21293795104
0.409908067335
0.234607376083
0.318921625872
0.155170072066
0.367986089389
0.331607867637
0.272829941671
0.300363069388
0.300886587285
0.262542566839
0.271772948573
0.278911907932
0.292055229293
0.33506348236
0.290392430061
0.259740733154
0.297549316381
0.227638776416
0.27832743322
0.268399445585
0.203151288155
0.266016404562
0.268609030441
0.226278684789
0.250188780657
0.270820650297
0.379389063135
0.290337207636
0.295675227922
0.322309448731
0.336769886896
0.271194806922
0.277898330619
0.264996613728
0.262385125099
0.271933429255
0.27858448371
0.335971603031
0.261396009052
0.256993197464
0.252064441547
0.249864506081
0.298028778183
0.205774485547
0.314682507181
0.224240029262
0.219530460896
0.385686802453
0.280089770764
0.284373121585
0.325175982767
0.250149372697
0.30701302264
0.332153599393
0.303594499577
0.245142103964
0.224016895549
0.258339696835
0.241236470823
0.341561736045
0.361281997349
0.226238036377
0.253109119295
0.255031469787
0.326189691233
0.258149356758
0.364928944894
0.31338730317
0.145977630205
0.303066622311
0.255245009615
0.350011573543
0.287236876787
0.240494504205
0.221894494825
0.355607009585
0.343432110024
0.354689377224
0.225739440397
0.220407257305
0.224238576542
0.280672791159
0.218918528525
0.267261346227
0.361943183771
0.301338335549
0.242233538615
0.316550589041
0.252417749208
0.294392805024
0.302818285662
0.301343381729
0.330404655117
0.28797605652
0.283552624112
0.205106445711
0.311218077331
0.269390074072
0.271790272152
0.318341156671
0.323527572008
0.331597959785
0.260073012226
0.214073088922
0.281088334252
0.296901513814
0.264549028161
0.355540814064
0.336371649126
0.309981926519
0.271723116382
0.274645841725
0.397772499344
0.311362994707
0.357680155535
0.270176631309
0.268147422292
0.285178543212
0.329055109724
0.241807024595
0.236450664559
0.314930680755
0.336840132309
0.238617920212
0.292673658388
0.196273666307
0.225173686795
0.265538919991
0.320534065512
0.279309579679
0.264336640472
0.235153685989
0.332469379775
0.454813839706
0.269057033178
0.267074598691
0.271867717836
0.332100595882
0.229444019854
0.309430736628
0.233023155714
0.230364471412
0.212072665228
0.325665662608
0.253825787165
0.277785914366
0.268198300652
0.323902874889
0.285775708289
0.275280007977
0.328712564518
0.271869087645
0.364525968717
0.223038183687
0.24473556421
0.341529221088
0.382865395998
0.290920734585
0.305836107875
0.332214153234
0.285475963762
0.252350329482
0.354500010881
0.341628431143
0.271542672622
0.296575131703
0.221062730481
0.202993022737
0.281651752614
0.277007751263
0.255739843721
0.255877477335
0.246698999692
0.221050534759
0.263752126074
0.220856206357
0.232598646061
0.191326400725
0.316333512139
0.284452081248
0.262896029691
0.286674867462
0.151785762731
0.2752023474
0.253695057644
0.194334359463
0.267509195614
0.308793447793
0.256665245847
0.271666464101
0.290375369365
0.220023043511
0.248439920483
0.276429378059
0.297638293856
0.356729604192
0.25528341731
0.280559793776
0.191538454381
0.283863835058
0.258395002555
0.334456369642
0.404101044899
0.277190790855
0.325900124255
0.240843690085
0.346471167793
0.28125286216
0.342139551344
0.231359825681
0.260707745568
0.303292372799
0.295732776612
0.254428342224
0.355737841568
0.29065504642
0.227392997618
0.273831460876
0.253506896902
0.165162924962
0.275686665901
0.286916951002
0.271901421797
0.241992506353
0.237297289328
0.176532528525
0.291248087119
0.336397767749
0.271373502849
0.282633569894
0.297846854226
0.340654282435
0.215367750292
0.383486676974
0.288530917567
0.242347928885
0.274681732041
0.212613711902
0.344451547722
0.256998030303
0.251419352286
0.29670822848
0.291583625204
0.250571979291
0.280819542113
0.201391045346
0.263179990208
0.229941524258
0.291074133446
0.320970427363
0.213431559001
0.38179454043
0.276675631092
0.3022488479
0.272171614587
0.202151528598
0.331235369156
0.275570757301
0.268269061728
0.211879344151
0.177397191009
0.292062920194
0.294052397799
0.206150433296
0.263857106611
0.368365302564
0.217367172927
0.280218954785
0.220521367423
0.235449042261
0.306685782847
0.240937715481
0.264747278244
0.225335919624
0.330441017016
0.260494397361
0.314242267358
0.219809983972
0.2188775613
0.327967129861
0.293614973179
0.278695137396
0.275478688614
0.263051009312
0.273363165029
0.351528717337
0.332508099817
0.289121636941
0.249550860087
0.282474827362
0.223431327167
0.259339256899
0.309839956991
0.235208704349
0.224922779378
0.413269057097
0.286221474446
0.242900064507
0.238996725335
0.335920103601
0.301371806582
0.219040567871
0.231181408922
0.277594651889
0.193106358309
0.214294978868
0.273356742346
0.360410585525
0.297267639434
0.26483472151
0.244143518236
0.345133423547
0.309079333103
0.337924525993
0.361861230159
0.249324010611
0.389934671059
0.222529348888
0.224358123082
0.342447320851
0.276954830641
0.271636975276
0.283238946927
0.244368521556
0.32215554931
0.286975405303
0.318530132187
0.303119713576
0.309359341913
0.2823135933
0.270854354528
0.216575437266
0.289488260563
0.2344499274
0.321941906883
0.284676309382
0.229166563635
0.31795430573
0.264582868531
0.189532074891
0.343885814376
0.240981592936
0.210643808693
0.260882087068
0.208804163329
0.31087824797
0.276209502707
0.30261736288
0.292784780124
0.349030298877
0.28809553879
0.294057733437
0.28932466592
0.292489916894
0.266924303699
0.143126721397
0.239223582513
0.197118459833
0.474208303114
0.308816611713
0.358677841858
0.238829069228
0.215807380964
0.207969930345
0.24602918566
0.295429171219
0.352382302404
0.285950178778
0.334017405412
0.456337183729
0.345810044533
0.193030013765
0.291447118852
0.256041448627
0.276013417386
0.187280694213
0.2734975827
0.328071323997
0.248903757073
0.247524404461
0.259007713939
0.226348729929
0.244317309684
0.296282326174
0.367701185316
0.228780182822
0.191681551726
0.232177185493
0.337075077858
0.32925548421
0.322711139053
0.344388794287
0.266355464176
0.230977606029
0.201833006859
0.291934143078
0.264593014573
0.235235341078
0.218753345991
0.273113357938
0.192539621584
0.25764517916
0.250148009332
0.352146399738
0.186860215658
0.252212224538
0.260211388163
0.235456376225
0.242432865858
0.254501959323
0.137287030859
0.277491096666
0.249821383761
0.333615289
0.291577815156
0.356009774624
0.282299794561
0.243968216441
0.393170579026
0.275416855804
0.194288239229
0.299398968579
0.205174953343
0.300189393629
0.231972475273
0.278809995273
0.210867721355
0.232648215276
0.269885760932
0.252540025981
0.294553640224
0.240355515415
0.242324949505
0.275926091792
0.312955822174
0.271549709322
0.338354719091
0.223972481541
0.262367381594
0.265943946754
0.212001747851
0.306439583087
0.33883167429
0.251602416524
0.282861097897
0.324859832366
0.305826243007
0.263979632549
0.272684594983
0.310770736553
0.279791164095
0.307571342952
0.237327698578
0.308867020907
0.30534291236
0.252442901713
0.219337005107
0.298831193136
0.314669948086
0.354662512826
0.239639689205
0.451548024639
0.24780795491
0.285990921054
0.265544350979
0.312972567478
0.22149359152
0.248621786025
0.253420771596
0.36193939891
0.295741012413
0.324955528279
0.348345384132
0.321949376259
0.238656061027
0.278629566525
0.256940816909
0.314105469683
0.245445576966
0.239565703319
0.238954235074
0.279463443131
0.30102260142
0.267460253227
0.227907623788
0.35967757746
0.269334493018
0.27802945532
0.136034116147
0.292333469867
0.253246248574
0.301358849219
0.212742156684
0.291624877469
0.309768929933
0.258162370424
0.260708544295
0.287998495952
0.313532335509
0.288468597966
0.228525551415
0.224894398259
0.333193651095
0.27404724251
0.286689992152
0.312264447109
0.376686616434
0.263544321567
0.231114862967
0.181904820681
0.305363872135
0.337520390882
0.291661300919
0.246511847954
0.29225337129
0.243736330898
0.190836157189
0.327969658684
0.309012627037
0.264304789102
0.268376530702
0.329090852565
0.254227105551
0.253279918409
0.264972620402
0.376430471273
0.266596120741
0.380679618602
0.358443502681
0.324521332149
0.213353675957
0.266724837372
0.32047894054
0.337323922848
0.263698634183
0.279573302172
0.417300155748
0.30434801969
0.287499033941
0.246962512701
0.19209987194
0.206336355282
0.221194315627
0.236686464465
0.327484990537
0.299416016014
0.249617663208
0.344579548663
0.290992468919
0.315374587098
0.308699802562
0.282748852846
0.333912732435
0.402449876973
0.2798767752
0.396835369024
0.223465733358
0.228553958428
0.268494060635
0.2841647253
0.194595778186
0.308373886279
0.214372839838
0.270343422748
0.191922683706
0.270075449101
0.409612361601
0.248426219418
0.222046552972
0.389484471133
0.315321456137
0.252148638791
0.32407284368
0.39312289405
0.277670705115
0.351639281608
0.253583527281
0.263961124587
0.2638078247
0.236538910594
0.211932703288
0.314667889207
0.2449831127
0.370409244133
0.293136538387
0.23820411501
0.379342075294
0.179450780013
0.392477236045
0.229524819137
0.247153916974
0.295155170005
0.201613597266
0.276353194561
0.227067072746
0.275171921882
0.241160758649
0.308582136982
0.228738833221
0.366432160872
0.361815690678
0.304067877475
0.302512356596
0.264809619073
0.27863805455
0.264619058209
0.318023456928
0.329460692465
0.283233048085
0.217497051876
0.194834603318
0.299914323418
0.403838454576
0.307560936218
0.249777615505
0.254423310923
0.336729324798
0.238627692567
0.229823717911
0.222789614559
0.314891703435
0.338434501144
0.356352636829
0.350966547031
0.371397613037
0.337198754857
0.187531624575
0.399369618054
0.354375540732
0.238744666267
0.264155062142
0.214583096885
0.285547578452
0.253998823361
0.264122911627
0.32820407914
0.252944437217
0.253265167722
0.293101418824
0.285328085116
0.185036499943
0.198590298568
0.282022800087
0.274524237304
0.203911948542
0.259709666408
0.187107409164
0.266148378681
0.332995479089
0.241390545344
0.294711319909
0.367685444867
0.333839888854
0.318329977358
0.329495213156
0.306545971615
0.216681763498
0.309212285573
0.311111732961
0.354299723568
0.293358360184
0.158320511064
0.214256437783
0.31511175219
0.313024446153
0.290780671536
0.28271072152
0.249673013071
0.278210071606
0.196549352349
0.309173906641
0.344815165905
0.290960757673
0.252676693159
0.274179994562
0.243839544336
0.22894772209
0.306077351935
0.44223631797
0.405664306556
0.344935290376
0.290739547191
0.336641367837
0.186482255403
0.302672534803
0.281471676019
0.210709774365
0.163876227805
0.262090408695
0.252479890377
0.348520972037
0.262900410426
0.331300171683
0.216404278809
0.265874945427
0.287313546052
0.290592938826
0.25891003302
0.233160568077
0.249816352887
0.267205702996
0.273430067543
0.246324490639
0.284578702938
0.203653199166
0.31673005703
0.253035659552
0.174549832659
0.344096833227
0.24735916144
0.358574587353
0.242643996923
0.221409771671
0.22501884088
0.371859411431
0.275188007756
0.326973306782
0.210192123821
0.410304186245
0.317373237581
0.234136068174
0.253143827342
0.296395751262
0.349408890209
0.282704503685
0.311300371948
0.296843800596
0.266462591399
0.291046213662
0.227959338258
0.273753042485
0.290686246257
0.237643446191
0.273595165481
0.199365980366
0.299420279948
0.332782106926
0.292235384061
0.257498383685
0.309378895471
0.295474152756
0.354884535641
0.327096243105
0.284293021969
0.354706554332
0.329834970049
0.235791247502
0.254125269213
0.289153564009
0.318359866813
0.234912897706
0.289888609165
0.280827424946
0.266183611668
0.363565929256
0.389988995721
0.3484547993
0.307218633854
0.39731995267
0.260407939646
0.201599397883
0.3444129053
0.206095075295
0.22183395882
0.217905524516
0.313650452342
0.332271287014
0.221309641802
0.219570668456
0.219132741074
0.282274779866
0.439448102698
0.217033835937
0.270196771693
0.315199545114
0.368415912947
0.353709102657
0.262881334561
0.294256186752
0.364251878591
0.268666184876
0.248838405217
0.300000900398
0.289749660436
0.263892686816
0.239108573462
0.231609477172
0.3152071524
0.276090751638
0.326383510912
0.248045305148
0.366896865614
0.250828544141
0.31073410848
0.27003848936
0.270047675723
0.294866374951
0.264248901027
0.25369992991
0.197896256026
0.358436583389
0.252346936052
0.258413564386
0.305561176498
0.261096708945
0.279111798019
0.322233096805
0.281991917604
0.270307186355
0.319549543349
0.217351908286
0.306439635712
0.314028513323
0.215098937264
0.234654544887
0.237606675887
0.237594663391
0.229503566359
0.227944221923
0.167712245965
0.174552570158
0.228871664018
0.267591254598
0.367018646602
0.224682840492
0.270883581123
0.245599561619
0.327092483303
0.334711244616
0.218024956454
0.230857968255
0.25953560812
0.253033086583
0.345706903747
0.163769276461
0.247744324049
0.230800213013
0.293577427681
0.305015303395
0.226961461058
0.292848014912
0.240850299544
0.259123954298
0.284382803241
0.237820251294
0.191859052769
0.194211720016
0.260704821643
0.2917344052
0.343809339664
0.296381216819
0.432557260568
0.290794206991
0.304911953153
0.247870424556
0.239299018131
0.332551267164
0.227796842207
0.256610696458
0.326663125577
0.236095287395
0.32169335327
0.258302637152
0.197787372476
0.191575615242
0.174422182974
0.213124900613
0.202792497107
0.271225267725
0.28308723372
0.291338165036
0.271778149091
0.300532175764
0.30480046865
0.242374185234
0.32807016575
0.272933596985
0.298200219806
0.404897783878
0.292759209552
0.322197796545
0.310764089717
0.28839276543
0.251272447331
0.270531515025
0.333362689136
0.246808750939
0.224659303533
0.309848679467
0.243348028059
0.331704318471
0.190342763549
0.181225848496
0.311718569052
0.25173680404
0.206515571326
0.273938225308
0.21810297266
0.31566966368
0.298221124223
0.221590968018
0.295404312829
0.375160019903
0.325730959147
0.284953935197
0.28652134221
0.299628696972
0.285022780159
0.299502022324
0.323754601959
0.314767614277
0.311837094704
0.250106986795
0.304501967473
0.293422829542
0.1501322301
0.337629389684
0.325969550385
0.287125636477
0.220419223367
0.234879183649
0.25829649585
0.237658177606
0.211871074775
0.333068004305
0.246498215272
0.258294967311
0.284248497947
0.308354459687
0.346244026105
0.22592110728
0.178682027899
0.28083611814
0.262087292975
0.189501461485
0.344350166676
0.316619709334
0.216516794419
0.2885592817
0.259627789481
0.187334407381
0.35077969828
0.326719747407
0.326058674425
0.256657671145
0.306610059162
0.268852141795
0.290113816878
0.316587223737
0.336205142309
0.296091614437
0.189920087531
0.27266721241
0.27545588361
0.24981611643
0.341167561529
0.316608737521
0.156128532697
0.153690474401
0.286725954759
0.339304622686
0.254012781563
0.21431787419
0.304452724866
0.301340205595
0.272627493796
0.131179689818
0.245608681728
0.222946178766
0.197634926891
0.326962943101
0.263757584233
0.261653975699
0.3037160679
0.186284756053
0.201156183048
0.265344617387
0.309838171652
0.338902673311
0.339076316212
0.251008592808
0.285999425418
0.304219139944
0.269832205372
0.18506551181
0.409137051279
0.242069576757
0.271310125268
0.345090359615
0.309527595781
0.246663573159
0.247127712545
0.292411708577
0.244422707975
0.265901434086
0.292030733187
0.28500553657
0.250569018056
0.288730196069
0.290294086835
0.243476757855
0.305876031831
0.238295541604
0.278930569971
0.190777276081
0.23002482643
0.244328257318
0.287127155727
0.336585407915
0.245163607846
0.320142823033
0.250106397069
0.233959881154
0.228438893712
0.326289142034
0.276693809431
0.246014846386
0.268543653343
0.308294973525
0.312200627686
0.29939521969
0.335036038214
0.277533269772
0.208265280693
0.349111373292
0.263518339043
0.282315189812
0.313511594822
0.217012044382
0.344368590602
0.254738375657
0.340690392454
0.265852878327
0.248073419088
0.244791453902
0.310337582222
0.212766683684
0.243529233466
0.313430206959
0.257241243037
0.316938025336
0.379590327643
0.217572562226
0.273923761232
0.338855408303
0.199586060079
0.301625718363
0.239415016416
0.270770798675
0.285593508265
0.246291224109
0.299048953352
0.356300833043
0.337642154717
0.280835983561
0.288598333493
0.305991870092
0.258610656377
0.396864892067
0.212187656441
0.318303156309
0.22196158908
0.287291500358
0.338987264575
0.303442200889
0.265574001705
0.335408189527
0.308717903698
0.258818775557
0.314395662681
0.260657225695
0.334893433958
0.252149383746
0.314465261244
0.260823741978
0.243952022726
0.262730981855
0.245631117424
0.18782823993
0.410595534405
0.295727911641
0.319192334101
0.221901071613
0.190087983648
0.340927777175
0.18836994395
0.234729476854
0.219618242434
0.298830773471
0.209321295239
0.217497821411
0.32202445392
0.21624899239
0.357498388936
0.175144717126
0.323236457896
0.313608114742
0.224764802785
0.332056065755
0.337276978591
0.376777690345
0.2798996424
0.259255349085
0.334712388965
0.277199778447
0.249322402348
0.253159999434
0.231741253439
0.207859752603
0.226955057182
0.304480678453
0.226756136947
0.351962297946
0.257131260122
0.331822787304
0.279796706329
0.381687916711
0.292063107378
0.206116014462
0.236901181744
0.231903229807
0.239170912296
0.213186439154
0.320707281046
0.316312547321
0.29433873403
0.242396730757
0.292499270542
0.238481713111
0.219314956393
0.297831200711
0.23189032127
0.321664167281
0.239646302184
0.354909964907
0.304677680657
0.253623389032
0.27069047242
0.314678338896
0.265698085814
0.280009039154
0.308132449787
0.213853950595
0.257690601643
0.300370021685
0.395145899054
0.233117302729
0.325996210454
0.251443063021
0.282456132791
0.208860685598
0.229820898396
0.281094363925
0.236496861176
0.314003221915
0.317300762601
0.358902996882
0.26548211816
0.264149896568
0.273980965636
0.26371671556
0.282335083591
0.277172054662
0.277997188597
0.221203426194
0.246733747822
0.286710594119
0.289397232231
0.269272666996
0.289032483854
0.346362964547
0.300071652475
0.379236812927
0.301847673751
0.267336630813
0.246017113543
0.389406478847
0.276540731487
0.326983342022
0.134274626191
0.249867750113
0.20617593412
0.283196669486
0.234804318861
0.233622215539
0.34845222434
0.293486665362
0.243774254789
0.286967971136
0.405507022035
0.277083453683
0.252870861203
0.263368431707
0.226166661473
0.328894267262
0.349448287358
0.290194368172
0.2643011723
0.25362489153
0.226573528198
0.289223386679
0.244339420745
0.346973369804
0.227568453955
0.268559756399
0.227437099049
0.271227609798
0.415436944106
0.290792984109
0.284007216044
0.298436193636
0.294207138256
0.212033546201
0.259889915368
0.235709300592
0.275009151542
0.206422119211
0.209533512433
0.222529465813
0.347751226128
0.334682470391
0.18611580853
0.347441736702
0.255117207278
0.291423028847
0.289363183565
0.361614295442
0.244531279592
0.191574771783
0.256818315295
0.272436494229
0.326775492308
0.232859517768
0.317001482118
0.268638612695
0.233165596142
0.262967103626
0.380079442029
0.250064341873
0.290637736754
0.211077520983
0.304965223043
0.218895699707
0.326306723581
0.341331127376
0.307041992329
0.136316893756
0.280168678308
0.275587046354
0.375299347151
0.320157424218
0.289472392355
0.246873581766
0.373563760546
0.245101537157
0.357956244022
0.257141022931
0.252002707434
0.381553264765
0.306012978507
0.219155329217
0.340471647013
0.28060742167
0.22676843153
0.256778812053
0.338266774219
0.271553895329
0.226891173183
0.245020530921
0.189930749431
0.187542691211
0.22085187792
0.224400737936
0.307394953393
0.251591490349
0.217263013717
0.278685193465
0.256107369502
0.409036798851
0.283640928037
0.298781594673
0.154236838827
0.407626511204
0.224799197913
0.241535225684
0.284096559354
0.325016656637
0.262728494872
0.246611188914
0.286037342851
0.315268306694
0.30120287202
0.257004782562
0.188369481572
0.243255047384
0.327222443506
0.212486214436
0.365222721432
0.296601914417
0.29638555808
0.297590122341
0.433026054418
0.341949986102
0.374357433828
0.241918231918
0.331225395643
0.550956658232
0.305556802893
0.306778509251
0.280185840381
0.276978160634
0.208615658077
0.304193168347
0.277962440274
0.35062150322
0.289902096076
0.324367445967
0.282602876203
0.250265065429
0.340867280367
0.264314672574
0.35554013752
0.29591778925
0.225051563394
0.191671095254
0.288605642656
0.287967670302
0.23424523359
0.2443740606
0.204078232006
0.244522960613
0.309345830381
0.285588628316
0.332454804867
0.25375489131
0.283786528112
0.240776843979
0.284886858472
0.283851688289
0.285442693206
0.226775149468
0.211482229227
0.264167280597
0.350604647853
0.308337255386
0.221864727991
0.262168597251
0.278890286992
0.295626449045
0.262617924464
0.339833816038
0.333957979446
0.176494219531
0.279724489412
0.233171872236
0.300758177316
0.337517976374
0.252766720796
0.254567844105
0.359053244805
0.315465190655
0.211069730267
0.291722053217
0.302496993758
0.35921068344
0.349839603782
0.349469339021
0.352829176589
0.261426099638
0.257037168478
0.328023605404
0.343685730802
0.211454699966
0.237714254879
0.355160439229
0.360945406433
0.337364357502
0.305177166891
0.340715910288
0.260507395659
0.310542094664
0.340519479331
0.297275875773
0.207315253294
0.281315080971
0.265201574075
0.24554325524
0.286757905065
0.359728688892
0.348718937626
0.273692109838
0.275899552556
0.191699352144
0.249064983559
0.283847024749
0.276324721118
0.29893638016
0.24913594748
0.33212170935
0.279269533288
0.22717748991
0.270805274244
0.228229217313
0.252732962232
0.277353360751
0.266292503072
0.23481976719
0.233385514537
0.31172359795
0.303814480673
0.327744572946
0.213135526103
0.263840633271
0.24931136298
0.294275634809
0.421229057871
0.321216431861
0.268181952148
0.231682998381
0.280320716977
0.222309491849
0.214211783822
0.366904374627
0.308447731317
0.291426040688
0.212729514894
0.28144773787
0.230322895674
0.232714034436
0.272330400334
0.314874877308
0.277568476793
0.357501164267
0.273565361428
0.319745131132
0.238872465578
0.322262172678
0.300804350901
0.353901906573
0.23604088973
0.375045547496
0.201499588124
0.243728293473
0.331560548908
0.386312537112
0.217180156431
0.245898436317
0.225579319028
0.254184970827
0.242009194336
0.2661202951
0.258256443969
0.19580835347
0.252635798089
0.270316608125
0.287436089528
0.305896318939
0.305874711174
0.191049955008
0.3768982056
0.261580818206
0.298066559437
0.239338138507
0.276162800713
0.248066887204
0.318135002465
0.342711945267
0.386729550565
0.290365628374
0.237329779852
0.335328258603
0.274077300141
0.292286184631
0.319677432215
0.303864833732
0.273171402854
0.224192058573
0.268206255313
0.442975634799
0.257442448424
0.379887995837
0.284802535036
0.281464818365
0.223402899542
0.24727626525
0.318654971569
0.36215131396
0.243302468197
0.283242152049
0.352679152659
0.393897665558
0.238884613544
0.312235433609
0.317131528673
0.27506130918
0.25484785508
0.190206640442
0.27643133026
0.305898632666
0.327949728622
0.226446711876
0.241222541167
0.309084111506
0.180306872538
0.238198249487
0.228445916293
0.24725913705
0.327640208543
0.293870104445
0.290300226932
0.250266447792
0.332532514839
0.349460171745
0.28066518433
0.255493600247
0.289915373214
0.180854572387
0.23589129201
0.2818724258
0.280235453745
0.188395965922
0.332052057484
0.201224988659
0.286039487705
0.261872271139
0.334290046079
0.326673184798
0.322500340772
0.372067312041
0.290570085415
0.232732584917
0.285994611154
0.233142015494
0.318935075299
0.280758569545
0.279956932594
0.352059316115
0.317534241625
0.271770266928
0.245254468089
0.338235907675
0.322817771508
0.36105858853
0.240681963354
0.302043318653
0.297580535762
0.38930757057
0.221082306508
0.237448671952
0.180169027124
0.160825362995
0.232122995681
0.259353001013
0.303181956309
0.261872059597
0.397924719351
0.285847749168
0.253483533092
0.310715151795
0.257152455952
0.255101684488
0.289405059432
0.272385770372
0.201827449046
0.388681941809
0.26976947015
0.342092678401
0.216987043601
0.309058448221
0.289294310386
0.167763580262
0.293954510074
0.278659371049
0.291706471208
0.338207225365
0.210239929073
0.335583512384
0.193632429618
0.345695851499
0.244634722113
0.327546757805
0.238488313432
0.339725583827
0.209519118924
0.209642539037
0.221707727739
0.256197098843
0.27706293791
0.29348781228
0.324563319149
0.225315250615
0.337782782877
0.332872108749
0.328927518525
0.373304303128
0.378107383069
0.230187723308
0.237802146198
0.234569259571
0.353211763782
0.237478812373
0.179191294299
0.233694100719
0.287757821574
0.239076171003
0.284201502582
0.342096550561
0.34154922638
0.300806287397
0.258093882523
0.257355937082
0.296034508206
0.260993284711
0.287963234923
0.289828103729
0.23719188953
0.422453431475
0.265639396611
0.242329090082
0.256175351492
0.211767814781
0.247886795491
0.297886834205
0.286366389923
0.236115290657
0.363357568337
0.373490810942
0.211571549119
0.271326402212
0.194416746053
0.214357924788
0.30409296369
0.262085399034
0.234900108192
0.310538024709
0.324684823503
0.33765934055
0.26502247822
0.315121389206
0.174897077118
0.205237547987
0.279064114102
0.278450990509
0.205645788584
0.358007854622
0.343123945888
0.130698322682
0.286915554548
0.304149451601
0.23154179708
0.261113214325
0.284089266612
0.279067087696
0.237099573373
0.307663327802
0.284899731689
0.289098410439
0.265115513186
0.321592761359
0.272273518013
0.215534383093
0.313690269116
0.309972647764
0.364365095312
0.267485146629
0.242953187096
0.247371506125
0.259280043884
0.246765306407
0.204110361694
0.373597418004
0.268104437221
0.341865356147
0.280296234129
0.236059674449
0.366269787343
0.208776078679
0.250981408694
0.311407445037
0.26328847673
0.268805983432
0.300532767173
0.32019013095
0.262656314229
0.304375261083
0.368600505951
0.225948414254
0.29968693669
0.297164866088
0.298935140587
0.295482104297
0.295158283989
0.222418166689
0.241198445756
0.334203675743
0.242382618868
0.267890890213
0.295846640437
0.261789630232
0.366016279876
0.299138623632
0.210475597224
0.212958097277
0.211864063089
0.297449858908
0.282207199048
0.309298062038
0.283655868242
0.283700876466
0.215744043934
0.228673270408
0.24467658577
0.248307739911
0.321191396646
0.254989729877
0.299156910206
0.274664117153
0.264323447264
0.376024953282
0.162769695426
0.400780734362
0.233881295946
0.375473783648
0.327861077863
0.329295846628
0.254796867847
0.246772473575
0.250708586304
0.247115256172
0.245794395202
0.231590348254
0.241523027118
0.370622227208
0.30048415646
0.29604611686
0.234759494666
0.353514639395
0.306955760009
0.358459230243
0.300600712872
0.234119643856
0.159064892382
0.317904438974
0.260751230639
0.23464666805
0.246804530075
0.243562285036
0.262559462951
0.285598895158
0.244312076599
0.244876576699
0.258085142688
0.22314158373
0.318042745758
0.19335134346
0.201884133266
0.253129853262
0.228404914875
0.263201060008
0.293079207552
0.288195816661
0.319757489368
0.257785346429
0.327516310149
0.295104385282
0.319648961795
0.331501566386
0.262795662785
0.231512338944
0.247940172852
0.251750546581
0.268080927501
0.396143371763
0.316506303351
0.324111013369
0.229404104734
0.337288002347
0.394012184452
0.225532254618
0.281080925143
0.344449413676
0.215524651866
0.326632873113
0.23484575176
0.297183563185
0.250561451842
0.340791657745
0.342747136176
0.337379851247
0.265709733793
0.265015882493
0.248062814789
0.357653389528
0.346068311579
0.269642137239
0.317689569431
0.28193549533
0.242808021269
0.224161366897
0.296143162673
0.326370816364
0.236558202562
0.392818627248
0.388238373717
0.291719257367
0.42550147445
0.336957271674
0.314134336379
0.265098872807
0.29641145617
0.291959221768
0.244288195242
0.273382466235
0.269091313427
0.24214409352
0.213385001698
0.286251308666
0.300204941396
0.271173702594
0.270771350252
0.278039853367
0.309504984846
0.411240369615
0.395672272204
0.235071984742
0.314224459034
0.212696057414
0.357807144403
0.294704298342
0.305590823267
0.312155978906
0.282215263365
0.251880297168
0.316984493466
0.291533860241
0.33637645864
0.280287729068
0.301032867935
0.247623000893
0.293641389612
0.283139085221
0.300240147152
0.194115946047
0.210845591173
0.293537295799
0.248203833873
0.305853504322
0.317546762735
0.292358517424
0.252863077107
0.246691723454
0.236027557459
0.305871714343
0.268960148716
0.29505539919
0.293611173657
0.219538393681
0.259079171104
0.319711925153
0.246294586725
0.31003344121
0.306329082189
0.297071138813
0.19412554786
0.303855670119
0.330579133484
0.199741454036
0.323077116922
0.192224784839
0.307773964193
0.306652695888
0.237379051178
0.337317395967
0.259611513484
0.222302637133
0.248107169754
0.223308115169
0.383202370161
0.221717554473
0.34679594442
0.28637680494
0.315919286302
0.350234294662
0.412007110471
0.21579197859
0.222253213041
0.230087819042
0.348862614221
0.34593251466
0.385754947785
0.274751347645
0.312975220561
0.308455842423
0.333956220761
0.319876499792
0.32135589178
0.255906519028
0.411668358178
0.27605854614
0.294250540705
0.284829966369
0.330750469578
0.26772520068
0.288152448527
0.267996798497
0.189759985686
0.263074141448
0.290826859252
0.26478777283
0.228308757292
0.25436611742
0.228677194779
0.24161705826
0.298824576204
0.25260007754
0.369413367553
0.280927491558
0.355090394446
0.218860108417
0.248908993332
0.308997320913
0.334169057092
0.327352999427
0.251473215271
0.267586745848
0.239098634332
0.284577312195
0.336206420111
0.291015632535
0.341257003825
0.276059092861
0.321826783262
0.261487140357
0.311308738242
0.31865225877
0.245378763193
0.293779042001
0.291032098075
0.315237777393
0.346282265073
0.220890659246
0.257865520939
0.243399773542
0.361760508839
0.258134820662
0.284784436596
0.322053990511
0.20489806466
0.318884895658
0.19781114999
0.386460392902
0.228600298399
0.222992646401
0.285907721242
0.306123019568
0.367899415846
0.261016562584
0.250199362176
0.281845894477
0.396049839631
0.323602086211
0.254624331483
0.319262794625
0.283340645147
0.227488687699
0.279377163913
0.304995707155
0.318673249482
0.248815353041
0.245341751313
0.381148235501
0.269143890809
0.174546208964
0.296569446588
0.27422065032
0.367868076654
0.354431581281
0.302213061675
0.277966211973
0.306268504227
0.259737255922
0.230472541753
0.226718156078
0.327063943316
0.32615769028
0.19046568309
0.282808785706
0.342866157802
0.309496730245
0.211768063548
0.299631637102
0.278924079117
0.217581777874
0.239996072374
0.222023809902
0.286570945642
0.274727571182
0.255352210948
0.275500137984
0.31363723372
0.292116238561
0.316957969754
0.234899478552
0.299825297533
0.28796312173
0.289898916826
0.295525245237
0.308830801627
0.204342672098
0.268283326468
0.360781490558
0.332616269905
0.313400012154
0.321959436868
0.18037139558
0.272332667454
0.269983679133
0.299947640787
0.18244998953
0.336514314682
0.185482414894
0.262487374903
0.266283941096
0.22930836016
0.407126540819
0.299246257221
0.187047112928
0.322398949196
0.275465378691
0.28911378026
0.31490640153
0.235559624506
0.297456945133
0.276443463768
0.297043749241
0.110571186888
0.307392126639
0.185385630571
0.248431395097
0.288582909862
0.298768180468
0.231753550223
0.246279483211
0.298372050222
0.264475425522
0.246984323486
0.220269644089
0.273148487355
0.224824849392
0.375362571992
0.25422117614
0.247599355017
0.326745875176
0.257426335643
0.28803713588
0.188441686584
0.410289896435
0.191803719296
0.23044085571
0.248032366228
0.234394827961
0.294432760828
0.277487552617
0.151020840295
0.303502197694
0.198815187264
0.242696561783
0.299729564922
0.35170404036
0.309876143772
0.286393674977
0.340233713564
0.248616777408
0.331053384957
0.302419833068
0.274133459131
0.264167251315
0.303827553215
0.23874921158
0.291618639902
0.259566573002
0.292272126397
0.260200768957
0.298023142517
0.225730019962
0.227169919724
0.229305314211
0.283675151636
0.2939235875
0.245279975246
0.195488649981
0.140446373875
0.239383546576
0.277780150656
0.200088913154
0.34273980555
0.269663041225
0.306685391536
0.275540099518
0.362387611695
0.322648048979
0.387034253377
0.249499194383
0.267387869246
0.248794587957
0.228717229299
0.214102255305
0.371546816581
0.2796977095
0.350328812198
0.239893129243
0.30626419701
0.202515239117
0.251687467251
0.35188797744
0.277356565251
0.360836237383
0.264310930822
0.31681005052
0.290282107559
0.316356238152
0.310980621805
0.311563664459
0.286828559964
0.1985947083
0.276589521448
0.231620098026
0.322799112885
0.341087997628
0.305353225395
0.246450024187
0.335166721909
0.256373121019
0.350559570926
0.3269147221
0.298578950279
0.321079975746
0.287403341159
0.217501744929
0.333863821299
0.233599138398
0.324151376412
0.284752350055
0.356446397277
0.25259164322
0.303001154763
0.34277209004
0.261162631414
0.320798590804
0.306028445377
0.249682129531
0.335036400222
0.257133216853
0.290714749923
0.294986079516
0.199747834517
0.328725129619
0.287233368659
0.252921398937
0.277098632567
0.268362134302
0.328376016008
0.225487577672
0.327901603553
0.251773693828
0.269875996695
0.212434874875
0.274284538924
0.37379311611
0.267788722261
0.294017557978
0.262475334627
0.306139678807
0.305889075068
0.201524010492
0.244340451794
0.246110867696
0.32006440643
0.351615024119
0.349256513183
0.368355983422
0.272007250561
0.282899452964
0.266500311191
0.396386356061
0.266976900214
0.338751939497
0.394228508886
0.373890668867
0.307265432669
0.312859038861
0.334138410834
0.309589829299
0.277884095231
0.283830383583
0.251929642988
0.338171368386
0.228266255951
0.348236901618
0.222859358579
0.232200284651
0.323685049798
0.229256044028
0.272778202421
0.285839353822
0.27765261194
0.239819361298
0.345778540551
0.301822086832
0.248765109735
0.296342437714
0.272056557999
0.244620570358
0.209597727819
0.282140725212
0.333567358214
0.260979398688
0.185114067859
0.312176873721
0.284371155144
0.221832475792
0.282491600989
0.257719644967
0.273406639529
0.308270479994
0.260103042925
0.201386035234
0.207813956986
0.220532976378
0.249498676549
0.304094696991
0.291167055191
0.232935659804
0.261376619072
0.330842816447
0.35821830565
0.279931589662
0.266199240857
0.247073975863
0.278000859494
0.293335813844
0.268999094809
0.308845123383
0.204340423998
0.200693217951
0.299628765438
0.194383832652
0.258813243235
0.239427813306
0.269513582379
0.2134768284
0.301657166754
0.253593962981
0.306030593462
0.305594367639
0.227742849415
0.279370898557
0.259482969731
0.26609123906
0.257942611701
0.259908274181
0.411149631744
0.402842842386
0.317848403252
0.460806897296
0.40386173752
0.297789655111
0.291603281359
0.247331779577
0.378044157313
0.292299811607
0.273764098037
0.221638019995
0.285599048559
0.218383676312
0.283411439987
0.314317040235
0.176273710753
0.2939670213
0.277090719981
0.291437496122
0.260634741829
0.3000319638
0.281164793198
0.18757104529
0.262527775475
0.211877669321
0.203092216491
0.297475455379
0.214277256421
0.206622852088
0.291566277447
0.335928358611
0.247660366866
0.299226219932
0.313727609358
0.242062477978
0.265061382595
0.259050609705
0.271866535257
0.344692009386
0.179468416588
0.2532679643
0.282774553178
0.255730821519
0.28384865628
0.239943546682
0.327033562593
0.317064269962
0.238314386302
0.251251806956
0.23518084016
0.262714551148
0.234729336969
0.278509880046
0.295441109711
0.263630117427
0.220732590282
0.277920627787
0.269741937316
0.253626751445
0.263759138546
0.259583701902
0.196624563692
0.29470255357
0.365103926532
0.348138202332
0.380510165278
0.206744722598
0.339190613698
0.287917561487
0.281182963879
0.370622865329
0.35943093244
0.334511602811
0.205140251084
0.354818937926
0.26157732645
0.219684160226
0.245923157318
0.318080460644
0.277444563041
0.305220219865
0.342483808856
0.287743145339
0.269517600343
0.444581952035
0.316045334234
0.367915531269
0.289713978815
0.323173751649
0.280935033481
0.238539414769
0.252913120513
0.276879890746
0.294103300031
0.249689687426
0.299941761825
0.205142669212
0.298749630116
0.318477096633
0.351529179712
0.217578370394
0.352468322603
0.349015498495
0.286851085289
0.163598416195
0.291529928915
0.336111000922
0.330350355051
0.319492344112
0.186520503845
0.328974659988
0.229328934052
0.202193354997
0.308900368134
0.273636171689
0.206840608219
0.32991837409
0.278818988581
0.246879384847
0.36566062118
0.259529080078
0.232039596491
0.180014376104
0.245683182506
0.264885563069
0.278382197995
0.25711665756
0.297209160038
0.274003297422
0.307422991358
0.245524424135
0.292793022434
0.296757532753
0.338291067194
0.350938505361
0.335628485884
0.339581191321
0.374794070613
0.224962500613
0.235285090303
0.257490225739
0.306281588304
0.314378356272
0.247456468218
0.342959948989
0.247200975935
0.316657874232
0.225492349577
0.229568373571
0.284907749821
0.243615973926
0.230526451401
0.364279193978
0.370184697143
0.364561410328
0.317525535306
0.255211859843
0.281915084802
0.273570256712
0.232510327679
0.318001649103
0.403959099799
0.274497951955
0.189474661128
0.361549525635
0.27271439862
0.281801145037
0.387814249847
0.331277859167
0.158127420096
0.239981546585
0.287348145004
0.243138016705
0.276582584116
0.303558133016
0.44140533847
0.266508054208
0.330381876821
0.235784478418
0.263376866731
0.209218242108
0.244051628593
0.30871757171
0.324891197978
0.251211776616
0.242310959914
0.231982218058
0.391294266295
0.383713128445
0.307770740608
0.191991702936
0.227438365393
0.269239933099
0.274701109655
0.305502639702
0.346927224836
0.263326647189
0.318307406885
0.245662211002
0.32796079024
0.257590747261
0.347176660146
0.340025987654
0.370743969364
0.307340482836
0.298083567974
0.325323077694
0.245474343705
0.268326595911
0.276420275617
0.324708731306
0.256920182166
0.312164064862
0.275222744838
0.308100515769
0.313318178465
0.336470835329
0.334860745059
0.227307891025
0.237330621617
0.265770208681
0.318642651565
0.209274833144
0.344407473316
0.292550224494
0.289318478344
0.295460136618
0.234282911726
0.229247902252
0.318859835869
0.319096349222
0.268136442174
0.254138036636
0.211016755668
0.31458646922
0.402387777231
0.334621690432
0.263284625475
0.284364981263
0.248769613842
0.385663158584
0.356911058684
0.324526673398
0.324939516497
0.312509870302
0.334332358424
0.346650054794
0.367581265048
0.300252976066
0.251823918089
0.264689435622
0.263914328458
0.257965767535
0.333732328155
0.191854848375
0.203531305196
0.33731383585
0.166793718021
0.284978361508
0.147813510687
0.346969236176
0.275444767628
0.218056344904
0.174276725014
0.320680623223
0.296566340684
0.296879297827
0.301764833287
0.256180305271
0.2530616413
0.214185845332
0.270010750723
0.249968332869
0.276287045626
0.283113443406
0.275708998211
0.32368166189
0.322696686519
0.28512723703
0.27353830145
0.421976387721
0.28038431113
0.293992879872
0.221660130833
0.295819417683
0.267375885866
0.318059952327
0.300578230305
0.359618227006
0.286040684507
0.351915905912
0.318436418027
0.271799373954
0.342355684166
0.303393200599
0.230735084249
0.368203441388
0.300054557822
0.311990301132
0.293217552247
0.296451836444
0.374584218375
0.204396178727
0.17807285621
0.200885876709
0.211436016446
0.2147666907
0.319970796698
0.222334780342
0.339304272684
0.295258998136
0.171473940509
0.328689567655
0.271167753718
0.29239525484
0.193002236459
0.26423216826
0.256123498025
0.295030542753
0.273465145123
0.310093006662
0.242756225388
0.278455817062
0.290314510299
0.289874874294
0.287059249815
0.329020713899
0.254999883451
0.283085558106
0.195374270427
0.257114791762
0.276973314987
0.230786277598
0.279077958834
0.293777246036
0.33419301684
0.302107040644
0.363035981881
0.356714055672
0.195387952064
0.301642186849
0.371727555747
0.239525694178
0.242121580255
0.18680487879
0.240998131791
0.15684851456
0.216868785847
0.229326710397
0.269289380214
0.321982008329
0.316780556463
0.316650229859
0.294464154119
0.305347822808
0.307469439183
0.240173243907
0.280093895017
0.240871364303
0.25956281595
0.24053600248
0.212058128059
0.328932382179
0.20757919318
0.216496892219
0.386823180273
0.251553566729
0.323895682044
0.295962118889
0.297754032011
0.271021219847
0.254858669439
0.398018812246
0.31875266102
0.261684601631
0.292608083214
0.254098941427
0.250829037046
0.310501193152
0.251829685195
0.178487056275
0.249680817082
0.351000757117
0.255680207649
0.292613352138
0.276539780696
0.227074015837
0.33789584892
0.353423983618
0.205978757403
0.229442052908
0.273628779142
0.253746196488
0.345115576162
0.228830630149
0.233124587727
0.208467221139
0.231504960691
0.26607269292
0.275344327226
0.338278490949
0.252433076195
0.270960765268
0.296551808328
0.312117540254
0.245595933845
0.253739670643
0.309671939482
0.294111149204
0.302626582246
0.267514401108
0.271714970141
0.360483231172
0.289202468516
0.306656593204
0.356423779535
0.355904673082
0.258653631309
0.292326103023
0.240875115725
0.335194448109
0.232059027249
0.208007635562
0.328299256225
0.331423623703
0.271439046552
0.277291431589
0.330902919384
0.289034915331
0.228478368658
0.212890598117
0.314180486447
0.271906001973
0.289207429918
0.303643936397
0.3581807627
0.372588637454
0.210691833695
0.333598068804
0.217445344457
0.342801560805
0.217809030448
0.250223020473
0.243747304209
0.280214441549
0.227402125467
0.218151097528
0.258555445731
0.319179229099
0.251679364107
0.225324646946
0.274028220313
0.307879011305
0.344490425701
0.340090906266
0.324638623689
0.30650004929
0.200678096317
0.242176451258
0.160630398145
0.220846017742
0.283790605677
0.245776423906
0.299716241575
0.17883399988
0.236496777797
0.245825616283
0.307872463475
0.218186770269
0.368553858334
0.234785088409
0.265418648001
0.364660212631
0.217286448976
0.178906798228
0.222877506284
0.2844154604
0.333441359276
0.263938165404
0.290104505214
0.162205173306
0.362883579967
0.314461225476
0.222211645223
0.359160268072
0.274001657949
0.28818936022
0.257986670604
0.281819866862
0.222604628225
0.353170007121
0.255090148834
0.245446494937
0.244816576616
0.255997418993
0.287413858808
0.243705970042
0.31391787257
0.272870337012
0.235086893499
0.30305277879
0.186364733659
0.194830353628
0.265775570741
0.230501176669
0.326633976352
0.338605395342
0.305591395524
0.240711146098
0.21406427399
0.206945609268
0.276875554172
0.234062066767
0.247418431297
0.211193934492
0.35758150199
0.270395860338
0.353402671174
0.231071828596
0.215399160009
0.253766364352
0.219990292585
0.368740001914
0.29130820908
0.307914338298
0.245898850487
0.298446363317
0.314754816536
0.310240428861
0.245065756432
0.299891923988
0.273626995354
0.220229967761
0.30501153224
0.341423654474
0.210487634193
0.307432943404
0.238998160558
0.285930432855
0.334425692373
0.240955310358
0.229571115436
0.284472208279
0.270897660273
0.171411787531
0.304776958475
0.207952121743
0.225896798842
0.24893063079
0.343978894023
0.291085033859
0.292198500042
0.255768359666
0.253671829543
0.177274590794
0.270740302968
0.25418398034
0.383845990686
0.412305245714
0.235342794678
0.294504756617
0.315645116693
0.215627434723
0.308000697445
0.247654959019
0.266399098795
0.330447362681
0.309902385266
0.400623785568
0.299446605478
0.208927939771
0.245271350632
0.301650223792
0.29242705332
0.188656207891
0.212849392022
0.196903482201
0.265757803606
0.266378248587
0.264434796733
0.260734738889
0.275697307353
0.226066496339
0.321633381772
0.251559364001
0.248155575081
0.347440673446
0.311297821187
0.326865897398
0.211630249344
0.298755611662
0.231654716083
0.378358853151
0.325921991013
0.38413285896
0.340179895376
0.293245820304
0.25876650512
0.227456179375
0.246085263169
0.244385633481
0.334960098488
0.352044116364
0.246701555566
0.227515061881
0.289128656771
0.307998115489
0.275698421847
0.280752468021
0.25064790213
0.255396231561
0.276458738309
0.232133644062
0.219074954325
0.20067003539
0.262055407112
0.29144198556
0.281027991501
0.298818911944
0.289731457574
0.278449902109
0.237819998832
0.27189177846
0.194430916081
0.374444754627
0.240843264764
0.274768039511
0.28455911686
0.266429601013
0.26518766379
0.234786866708
0.299119117385
0.267170849897
0.268730546209
0.349825679821
0.210391446678
0.295535191144
0.180568636565
0.279866276219
0.286450121786
0.343744669986
0.2162590737
0.277990325239
0.227121069677
0.246825421167
0.174157140052
0.320332636195
0.201587771431
0.250678147561
0.256554647449
0.278998643843
0.241558387735
0.224200353342
0.326612176372
0.269828186825
0.325005806477
0.260823987292
0.203780554327
0.235490707935
0.286702520575
0.259765818823
0.230146904604
0.234484268947
0.297611342844
0.264510651808
0.299695274892
0.235812453889
0.244887467842
0.224118587868
0.326564317494
0.30735016624
0.284808516755
0.229333060504
0.415949568705
0.219325090298
0.277430443227
0.276091246575
0.314785690562
0.273787094673
0.23709437623
0.223526599644
0.296605716233
0.279609018643
0.319682321453
0.323454906482
0.293333063522
0.304379863933
0.205259305968
0.24844178284
0.297045185741
0.343443520966
0.213336745848
0.367226180846
0.250494456051
0.312039299841
0.226024685686
0.291825430442
0.244883415359
0.251924688459
0.195595960508
0.227555149564
0.327822958256
0.260679218141
0.221979704073
0.281146840156
0.396197416678
0.270592825837
0.283845442819
0.305723933287
0.306436777813
0.346123490029
0.292562581516
0.21898968096
0.196331998059
0.295184454721
0.233417106946
0.30661372166
0.201213469019
0.226924022136
0.250052768206
0.286637475934
0.215180569449
0.237668840302
0.267281589971
0.229275946114
0.27807840199
0.242340832276
0.23052246555
0.241236370908
0.315494937786
0.322694908662
0.266345482579
0.296887612558
0.374851264441
0.285624790562
0.336637306347
0.284651210111
0.245651417099
0.276947307547
0.345017551306
0.238635151369
0.163755333884
0.327919212202
0.250998373916
0.253247597589
0.294064540158
0.28758198033
0.303959328293
0.267442152384
0.323258971129
0.27048789093
0.262930316306
0.216961144091
0.312738908074
0.232550548595
0.311378352127
0.260566729838
0.283354412426
0.317010106444
0.286517798326
0.339527541575
0.353150163519
0.306861693633
0.290253138966
0.225463678011
0.342746179764
0.322614588118
0.373375431631
0.298348020543
0.204933274029
0.25598977253
0.221505459104
0.323788188032
0.287256023215
0.197697920183
0.249589542548
0.313047094824
0.278136226643
0.295684141196
0.322500136368
0.275088440132
0.256910758565
0.221139691309
0.276446253924
0.186803680833
0.241650548882
0.218688423962
0.289682851378
0.224393306583
0.262427670903
0.234164708302
0.227461851619
0.231006199229
0.365930741489
0.204145729967
0.296626354295
0.307879814754
0.273371264214
0.271789319596
0.284446379534
0.245296410606
0.289046516543
0.194214030833
0.260483648676
0.298073626587
0.358843002647
0.341385759133
0.256634965569
0.331405429092
0.27749425021
0.214386702781
0.370660419489
0.288821895128
0.333096840613
0.254563748538
0.244810976418
0.225212752953
0.272777356543
0.346022942771
0.202391359232
0.270102234091
0.274356764976
0.273713703784
0.204074610529
0.306397760949
0.321694904045
0.408283886094
0.346506463253
0.278715523909
0.267575788869
0.300278003707
0.30328949517
0.238317181557
0.313500522277
0.383177145426
0.236993322874
0.2877673928
0.323531805961
0.219231878814
0.293256045919
0.294971739915
0.351256406407
0.290605877533
0.270877527489
0.201212987667
0.44894261483
0.234689084863
0.296100024958
0.247438020508
0.296470409713
0.249230266686
0.320151796875
0.323097758987
0.406528928412
0.25217120075
0.362783066263
0.320982929679
0.243349321354
0.338342024299
0.247459000912
0.319802382325
0.242948471522
0.209977719789
0.321587085133
0.25025743029
0.207477406904
0.265254887221
0.3429712588
0.245889539784
0.246970090492
0.280140299823
0.2447954963
0.196042082727
0.326640657898
0.242555744511
0.186115511635
0.258836881981
0.252740914039
0.309894082985
0.289487407419
0.303873802687
0.337837384477
0.255565590164
0.392837189242
0.259989349578
0.313613041672
0.342545456247
0.286338245552
0.260538349003
0.338504925894
0.319966903088
0.331181505694
0.252714404936
0.315178434915
0.25872491081
0.243669970754
0.192699497417
0.379062616828
0.318266156809
0.337743237761
0.276844783059
0.248425525141
0.255940722365
0.281993474583
0.28308921405
0.327830407175
0.250114382908
0.329134962459
0.268097657081
0.281859925117
0.250685708146
0.254262252018
0.267894719164
0.329303778414
0.27318886544
0.330405362044
0.385085350674
0.338609794853
0.281297208158
0.261868794295
0.247087896778
0.191459623276
0.331207594772
0.320959926965
0.336771221878
0.267298511825
0.310555831808
0.295763761734
0.232398406045
0.281835898607
0.270912766247
0.209336745585
0.356501698221
0.305222889139
0.278317799228
0.27483561544
0.236901847211
0.233448191764
0.224427775513
0.308300556315
0.297015730488
0.184648518222
0.347948245188
0.26856143821
0.252534463129
0.243265163357
0.361140457928
0.352094403366
0.277774125741
0.263417253333
0.43027050468
0.287328856209
0.29928928654
0.231987181325
0.318968165446
0.292197552776
0.250360615167
0.360247757911
0.270682302417
0.184430238242
0.236335897967
0.248176765349
0.310172607613
0.325825722508
0.316206437587
0.165078185806
0.226485874984
0.303077852722
0.224225436605
0.335013937644
0.262402466353
0.297615884636
0.27877738638
0.304319446402
0.22717550281
0.231897561583
0.300461122233
0.314808001858
0.264064986067
0.229342074721
0.295510067535
0.352410931115
0.271063099374
0.28953646089
