0.661224804491
0.422531376825
0.570330872436
0.452416421763
0.567598277067
0.481576813221
0.507329830257
0.624313624984
0.460547324189
0.665243777686
0.505286083382
0.334398340382
0.458541084493
0.573079063692
0.484112652793
0.392167200813
0.418853756924
0.73616808952
0.417769983563
0.340874880771
0.606930421454
0.585550525934
0.548254464685
0.434375713365
0.623168184441
0.581110042962
0.541141183932
0.518052304076
0.414730081361
0.670638422215
0.545745354956
0.648135564344
0.504268038008
0.542063591995
0.56517978161
0.605280984182
0.488795217061
0.436165959786
0.530107276568
0.715374123711
0.554419178634
0.648963263696
0.527673180996
0.395847948061
0.60010115909
0.640292752323
0.600682415836
0.690658667415
0.710879944651
0.640462783387
0.539131740707
0.713409216806
0.692924597791
0.496431972739
0.535435508192
0.739051907924
0.705420098365
0.578658093525
0.520912428691
0.551145824444
0.531284520914
0.404892342254
0.368379580084
0.538801191227
0.525163280578
0.566486652173
0.47993964444
0.575216413106
0.613376199896
0.665145653346
0.510605341807
0.585371255923
0.483524766829
0.621512583965
0.389984516945
0.427564730039
0.355971182354
0.578124808824
0.479573995722
0.461872206404
0.522326862016
0.594393043581
0.660396635899
0.434775018546
0.560521742857
0.662293911441
0.471565807279
0.495741297511
0.499906157948
0.526963427447
0.502917230541
0.405801190487
0.58691119724
0.430450827191
0.608025441207
0.346282256172
0.625668367834
0.695703732784
0.440040871396
0.4574896215
0.533268663308
0.348745529538
0.522882692741
0.488349842439
0.369759391133
0.385362346342
0.615439583647
0.579673056432
0.593378324919
0.555639614632
0.485710799283
0.53461825987
0.368975754305
0.77451083855
0.463157577683
0.416360866789
0.608823737346
0.478112827431
0.51416237102
0.507715796757
0.62831356666
0.338548491954
0.64281046477
0.603651746889
0.486108921408
0.478792040144
0.497930358496
0.534724169922
0.469776554705
0.484137314157
0.659841418358
0.59836422492
0.577492813686
0.554567183744
0.553378430118
0.408951421846
0.520992760171
0.538797025452
0.783872225224
0.465284905831
0.517261394353
0.614593640973
0.502771490003
0.513083980015
0.457196219167
0.535743596294
0.493731345781
0.580771578122
0.570451941854
0.531655559371
0.548054073313
0.653571373706
0.435351196412
0.386866469423
0.51323573164
0.516296085323
0.560494005489
0.465074283931
0.604527675017
0.520324703811
0.529460836858
0.505772555245
0.498785816057
0.333515718325
0.394798208388
0.552941514747
0.403850344386
0.402066838796
0.474872460969
0.360600786249
0.445927346809
0.555864338401
0.492113525226
0.349228145327
0.475260872875
0.4560038489
0.477706487843
0.540208094485
0.519634397401
0.585137696873
0.450463796071
0.509357036712
0.485991599582
0.437846811688
0.496766507504
0.561405299704
0.555270743546
0.280840473566
0.592455737368
0.658577271101
0.550824266757
0.536663204576
0.498098007244
0.625108179025
0.595304240287
0.509341408012
0.635018731844
0.380404816814
0.557539223473
0.451991794314
0.532255292172
0.544476230384
0.575207417399
0.547686692901
0.629525487109
0.679781121577
0.475624184579
0.420583370137
0.64362204762
0.473971129608
0.550246780034
0.53501505382
0.507490535978
0.571848680629
0.671266372703
0.670523518563
0.637054552825
0.444854318991
0.55548909925
0.447452599244
0.615758606068
0.576758268274
0.474478467669
0.545796670492
0.611426451423
0.644514551189
0.46403867458
0.604470681889
0.497776012106
0.621339206278
0.520021471143
0.61799655686
0.706646998413
0.43108806466
0.549510492135
0.477178463488
0.668292171713
0.640256915385
0.485857819391
0.53206010774
0.515132871917
0.498313576419
0.60504920663
0.482571776899
0.445638001427
0.498420290567
0.728162932545
0.52157551388
0.472580706255
0.570110578101
0.448024323286
0.498951557679
0.565539962568
0.462620137876
0.574762235281
0.468340362889
0.531410946163
0.484276587246
0.679227009352
0.39723279059
0.518550517282
0.586376193646
0.556020449477
0.412725825194
0.578987294875
0.481612214835
0.636649134234
0.585054837099
0.66790045171
0.559807773769
0.638141031739
0.535978867928
0.553869755034
0.557425253627
0.511640605111
0.538509487515
0.788256091711
0.654306677933
0.470212993851
0.670003289317
0.406971150674
0.342956187116
0.474835399443
0.607982730234
0.514757988901
0.629169548356
0.560512121126
0.499139083856
0.382154291124
0.533032546575
0.497246603356
0.48362762242
0.663269860345
0.466078164031
0.481669004903
0.393247604953
0.433080817753
0.707536073223
0.446195259812
0.507688146992
0.603253448404
0.503197329076
0.427435447681
0.621283680685
0.541978187765
0.577131791108
0.608468635637
0.583286052707
0.606658578529
0.470434375488
0.5462245255
0.713874567495
0.598732154874
0.582993642379
0.570539512565
0.636080267681
0.461682796241
0.413403040599
0.515417545421
0.450002061747
0.547487493612
0.66570214796
0.559143860359
0.558723205753
0.660524441701
0.381558444659
0.605716233362
0.531402294379
0.402121098835
0.670047793465
0.48452565436
0.512751053181
0.427977632939
0.520921250624
0.422003376802
0.611931638843
0.578553160023
0.549570781148
0.495109398164
0.60164020117
0.447417293961
0.544189167037
0.628340777829
0.392390843078
0.565851633831
0.532202865089
0.351593639961
0.553874398343
0.468720342038
0.461341194339
0.495603247681
0.502885756691
0.483507451423
0.391303509242
0.613064745699
0.543030180651
0.553912495329
0.508141728416
0.619286070922
0.516786139426
0.570547846883
0.596405467948
0.649917386113
0.351397586171
0.462526850543
0.421576888635
0.694133032794
0.642455642489
0.589912899957
0.599100020629
0.564981442056
0.501410516354
0.451035533758
0.472116871295
0.551252769039
0.660063243278
0.677052248261
0.651124442295
0.60648858449
0.418118149053
0.445360644209
0.536267007826
0.407392671526
0.47637370399
0.46634334529
0.489445398612
0.589104288322
0.555178918247
0.367049820732
0.508051598201
0.403194522995
0.41587582795
0.367620382256
0.490158105041
0.517805154952
0.60017087928
0.57443075604
0.269912446324
0.421343104562
0.439557959865
0.510846422497
0.465011689544
0.664965817317
0.698040860729
0.46708773555
0.410226534433
0.464910941785
0.464660804565
0.416511236448
0.595363723626
0.591214450158
0.406984068455
0.843018031143
0.439204347402
0.621484504116
0.563617567472
0.462101953717
0.579276021765
0.538499011247
0.550166788799
0.574644186846
0.524549858757
0.577887833646
0.652016548675
0.61351559949
0.549460180412
0.596651743395
0.588403729206
0.431156355458
0.449240124762
0.465816822648
0.461146294689
0.480595984159
0.673034638754
0.511784144024
0.692274140529
0.606660973709
0.525546508753
0.63053938099
0.478156315262
0.594017394029
0.526080085752
0.457384145807
0.473594715896
0.541185463498
0.421174027895
0.465850479667
0.561807774032
0.484927945782
0.438874136723
0.542202117305
0.512800441445
0.574695550364
0.537838592686
0.691781952112
0.465704701763
0.52002961926
0.531574239045
0.561552377765
0.435630564124
0.356845608102
0.396726645189
0.678992696552
0.516053300001
0.531603465305
0.516008474412
0.388445022154
0.44968905132
0.672449588569
0.574071394987
0.722586740075
0.578532962872
0.507280295942
0.67275174474
0.54594075829
0.432030085936
0.384632475733
0.470019988522
0.402927325871
0.469611607011
0.61213833556
0.4413857783
0.282111342352
0.353082636353
0.566218388266
0.895355810967
0.65014681209
0.525112976102
0.688371776924
0.654625046486
0.401453528641
0.496650493286
0.496048489819
0.474240055613
0.564901183768
0.554496492619
0.572902008007
0.486460105342
0.655199437737
0.679242004615
0.639783986908
0.418275121004
0.620144606981
0.509518936122
0.684128553084
0.622844183453
0.438530046327
0.568552366352
0.454036034514
0.468871585313
0.555155245576
0.686029886102
0.409932169993
0.548099477855
0.442562048019
0.650511307582
0.636561272195
0.563232226789
0.605020480498
0.461550545376
0.448157625599
0.681919441737
0.509987043719
0.372628165831
0.803929533699
0.462341491944
0.485824426503
0.631304145807
0.630071221807
0.703679865692
0.503244780425
0.502662350197
0.439215950304
0.417576157279
0.552679224262
0.462218777266
0.517293389244
0.528446464426
0.488261410178
0.594486092191
0.532666453959
0.371090299509
0.392308151881
0.532812488921
0.58070526426
0.530054624398
0.445641523543
0.632558639992
0.422940652221
0.491292665122
0.523790627422
0.544780307639
0.39850912494
0.564481242081
0.628796617522
0.495444676238
0.384621640603
0.577092296405
0.514715733326
0.535705974702
0.658729906134
0.623166608517
0.721350924206
0.558116151978
0.421033855165
0.308196351633
0.58581875057
0.786863351439
0.408163897902
0.51469681253
0.642763718376
0.458918456449
0.61221253871
0.494444759877
0.415275677892
0.545269008451
0.54205063179
0.531691047263
0.51272040082
0.621776177951
0.638918992706
0.602315020006
0.470934660139
0.470867653157
0.629077051368
0.568356036086
0.447010369699
0.610324075319
0.59531320281
0.440707834626
0.52515057751
0.39018682815
0.537790550307
0.415106549795
0.466191249841
0.566777336931
0.645029403091
0.47521118418
0.559215312484
0.512968664805
0.591852941937
0.676361311306
0.448097157866
0.466659630076
0.462835595334
0.434575000085
0.621912335589
0.581465292463
0.516802786384
0.554453884303
0.622341750296
0.752890148451
0.350409591279
0.407763768445
0.566178752952
0.530203903657
0.426497254387
0.434161326197
0.518243505574
0.597332458964
0.54787685778
0.603681382845
0.637177434999
0.488622604118
0.645726545779
0.44639227996
0.483233749342
0.495822610681
0.520423906678
0.327603744367
0.645755648042
0.406793581004
0.387721339098
0.596108232606
0.585116421252
0.418442717439
0.4779923444
0.487250773433
0.439459121727
0.524562366596
0.602764685035
0.603911948317
0.747708875372
0.48492870875
0.511639761411
0.55360082681
0.520698386023
0.580595545758
0.583491924645
0.402099623433
0.290450241753
0.554053549549
0.417876475224
0.398360829976
0.52175147136
0.551628529167
0.662207457097
0.572077481809
0.580068611839
0.419140006612
0.623611492038
0.479817078069
0.639232912195
0.549798587651
0.429727485893
0.486807130813
0.620560770866
0.525484579157
0.614821106481
0.319006415831
0.372843224061
0.503664808741
0.50905899118
0.482241592472
0.453884649673
0.465435406518
0.432893094103
0.302648208653
0.553024460696
0.425965906948
0.578076695914
0.400463211997
0.415504238383
0.510111769082
0.568293842924
0.609800975487
0.689557339407
0.357622885698
0.460564166081
0.457907566692
0.700566219626
0.63792459574
0.555458071394
0.681700728671
0.438997762046
0.493822847172
0.541722723406
0.749321592446
0.3503355935
0.454975515065
0.485844626631
0.408827519264
0.603292456528
0.398488702166
0.695851538965
0.544086853244
0.486844808367
0.566604095974
0.461968997242
0.53261091845
0.5057869647
0.450174949433
0.538413446947
0.46182141263
0.598454544378
0.573800129639
0.840933090942
0.524727237393
0.594761637144
0.584918052838
0.585210402049
0.472745653755
0.556139451564
0.444544099287
0.4665907129
0.645083325858
0.532503886234
0.576925603874
0.474407151643
0.640504613517
0.551966783499
0.704311238941
0.417542012254
0.401918241502
0.576355091341
0.482309016498
0.330098866029
0.470051005808
0.642635218021
0.608930950032
0.547033123126
0.472692764061
0.620235537219
0.43714176185
0.457744917486
0.691266587103
0.583401671949
0.418405077914
0.464971244543
0.76146373657
0.487960379585
0.69366132888
0.528795738088
0.69738030135
0.756303483063
0.370357151915
0.683752126068
0.324820876001
0.52900894017
0.601306704109
0.584117586422
0.708407669721
0.652995930047
0.549242144086
0.456398460534
0.519014513817
0.416835106041
0.728502989469
0.476731239333
0.703134185331
0.573062442852
0.473181909805
0.665309308883
0.443301637495
0.54071512519
0.644792650826
0.584069747865
0.642979407394
0.480733628003
0.526014081685
0.486730795865
0.677818537507
0.409500355121
0.402623207131
0.449971287914
0.379693818808
0.519392247679
0.437493643798
0.522296554149
0.681393652204
0.48754478938
0.475098032796
0.425308737501
0.509041818038
0.815756854023
0.562683307796
0.467945502754
0.462907047306
0.593749120292
0.55609463694
0.567096824897
0.423433049859
0.577223471993
0.49236624055
0.371153462532
0.542950864023
0.464020673995
0.648028730348
0.552231359407
0.574802109926
0.606494912061
0.655893001238
0.491353357689
0.640619343767
0.48729944237
0.635989465053
0.54196377637
0.405081853925
0.405927822874
0.478623559927
0.552914008209
0.584992214244
0.733439752541
0.475267669193
0.443697745794
0.613925212561
0.406814242909
0.784973709149
0.642266601525
0.662007333927
0.561323318154
0.439114171675
0.486057203626
0.53056318565
0.538786882849
0.433354280907
0.583237641687
0.639128467592
0.456947825279
0.576769654275
0.565328403305
0.703981110289
0.588757381386
0.638734362769
0.562059309889
0.432143653636
0.539407033264
0.656053141528
0.375601077564
0.38756583631
0.450594550916
0.545821111997
0.719725259351
0.324770106104
0.420109546635
0.439363994862
0.520780355659
0.652681964763
0.407025044519
0.492716703852
0.430792288443
0.559902193366
0.542164151212
0.438173365385
0.661681935015
0.50951510892
0.599842944248
0.626231621258
0.538196699481
0.479832694917
0.45056590349
0.46480577462
0.484347638079
0.573234469137
0.536020114237
0.570096894209
0.404670288729
0.273292680164
0.344137676155
0.391890402315
0.588138447771
0.466355380412
0.400236798274
0.556497899952
0.411239956805
0.595453630948
0.507808806962
0.561784021878
0.275270783967
0.379784873044
0.554185141178
0.325602235206
0.694185102924
0.507517589287
0.512624850379
0.401223432322
0.440626921464
0.586774010563
0.680117052113
0.354443571858
0.356221638758
0.475499679555
0.432672454718
0.506655334653
0.412936340096
0.639896166727
0.498768094305
0.480535395092
0.646635513408
0.388902918035
0.579943340934
0.485499983286
0.562387497837
0.670652530388
0.317459742266
0.629975194005
0.539147240582
0.417290392235
0.454146704178
0.684215354292
0.522810212305
0.388201280403
0.564524809567
0.53688641628
0.485511457624
0.588159489316
0.453853771029
0.476247528088
0.546305169584
0.37501919672
0.521679542136
0.580490074695
0.46472116077
0.459507894686
0.387191101378
0.44078573959
0.538371590459
0.43481510882
0.54577958577
0.625713695858
0.379064999898
0.594457067623
0.706485268428
0.551739934158
0.388792783924
0.471123592534
0.662062224425
0.59875052196
0.372067635639
0.494475083185
0.486476776355
0.45808595136
0.41245365012
0.630383239099
0.535935893776
0.427140813366
0.424131160036
0.488341386019
0.49886545989
0.784518163166
0.519386562028
0.433393750195
0.556286689382
0.616095044546
0.558937628121
0.486340683975
0.489958042345
0.62682211506
0.575859420681
0.723459064842
0.491446246015
0.573771204424
0.407344958149
0.585269450514
0.439210489718
0.500073907409
0.347549483858
0.587601170049
0.655746453391
0.514742685342
0.498199125957
0.531139293959
0.52486870054
0.776786046176
0.49652928062
0.590661514311
0.607383651622
0.516431390229
0.550197672459
0.735617396245
0.413763145507
0.497764153316
0.450855376255
0.730064870946
0.394742832818
0.596689334441
0.545662471735
0.460312877953
0.6984025903
0.406896587657
0.662779705464
0.574203557118
0.367221159628
0.470041855891
0.5331502794
0.707433276185
0.426662413672
0.532563223323
0.447842686362
0.529127770464
0.660926864841
0.622646690027
0.418355310538
0.451649776567
0.472510480491
0.36021995996
0.638777150573
0.671327342481
0.575566623266
0.621801931852
0.494910465227
0.500052051444
0.390868424541
0.522163109432
0.663372816505
0.491406585846
0.522274053026
0.57837811956
0.516617405588
0.575015516335
0.4257055043
0.467498896866
0.580231138186
0.486037289549
0.614919107102
0.421004731423
0.535563841155
0.45996081695
0.536086857218
0.490225511203
0.365563271937
0.484725827576
0.51177377957
0.500981816637
0.635812066798
0.53829906957
0.648332259721
0.48277702181
0.584039818938
0.504842180565
0.380794232737
0.558866759168
0.469318014273
0.392390743881
0.483227888495
0.648725012389
0.526651424109
0.514558816601
0.532995314549
0.478093418291
0.522662032213
0.549960714552
0.455230636326
0.445446166559
0.523220073982
0.490615477448
0.495084051027
0.54771027389
0.516045101508
0.675503681981
0.671134801539
0.586656664845
0.31430655452
0.421689288658
0.514301222898
0.707527224812
0.419815906877
0.431993737517
0.553403835127
0.468617710889
0.649765620734
0.348169599988
0.42989091085
0.516075593587
0.555561816863
0.508433082683
0.516742602878
0.649576605847
0.490747186709
0.660930672063
0.489049384228
0.607040156178
0.404948804415
0.527944105793
0.568598884918
0.609609227171
0.660929503711
0.663565411374
0.576474794831
0.579081494194
0.366763691558
0.503122509124
0.387993375653
0.41228916802
0.648502703867
0.454273000299
0.427579995014
0.3901956131
0.522705772864
0.628864764657
0.606572611105
0.510415809447
0.523119030369
0.570013937498
0.41750201757
0.498213553809
0.523770515072
0.467862776631
0.473329521651
0.560409644147
0.43272059109
0.485890916283
0.363397777475
0.506394028101
0.484217166225
0.562257219456
0.62874563088
0.539593552711
0.438397904535
0.517899623765
0.527141875747
0.541818639074
0.520655018479
0.516562698695
0.415345470672
0.619491614133
0.494868602425
0.522796086635
0.630474470248
0.456371696731
0.504284767385
0.389877436998
0.609064259512
0.426554249556
0.720989932852
0.679993888496
0.495658715901
0.572913466837
0.4826566281
0.578596948552
0.517488793778
0.476895372744
0.408061671301
0.531356002332
0.327540456042
0.669593657644
0.519139883305
0.583043701561
0.588228563823
0.476465344116
0.627030820412
0.560195809926
0.51965841404
0.492094550154
0.515580745759
0.646602338049
0.455416157186
0.327975143074
0.645092845622
0.608786391444
0.537359270169
0.488745446764
0.593703717287
0.580013723628
0.571727670308
0.576063853206
0.574862554348
0.429415762179
0.622505428688
0.830516610806
0.631472657744
0.477398639634
0.458651459402
0.516981457828
0.581645957647
0.347702068924
0.6220962685
0.653782473708
0.501971124033
0.47099344556
0.511041335167
0.483062365704
0.725042412137
0.533696137094
0.419631714478
0.379484517508
0.622836522238
0.424069393735
0.586993934047
0.592574500723
0.417735688514
0.506543196649
0.507657882775
0.604268696923
0.37273340722
0.659822998693
0.513846017986
0.518772462139
0.304689172996
0.502969773107
0.40326397372
0.466137812985
0.605503608312
0.561647617916
0.530635960196
0.379532848159
0.613519896635
0.575009207903
0.531785381089
0.571391615981
0.493853019539
0.52848812424
0.611864309251
0.619664874909
0.56174529917
0.526090682551
0.57606421067
0.544534600905
0.468147354083
0.502298621
0.444563544329
0.859344513854
0.406546253494
0.649814306851
0.443817651111
0.54498202836
0.422589331765
0.59199355673
0.567698401671
0.499910271693
0.717806448468
0.832161477086
0.609182799372
0.584859700937
0.455260561053
0.48592070736
0.664496662587
0.425956856159
0.577257886011
0.484769898945
0.372637633502
0.64749322294
0.48198456215
0.635541333012
0.597831711881
0.403169347021
0.389620488998
0.427815699097
0.349790160437
0.427141122947
0.512392560406
0.425509391146
0.377449295395
0.467070258281
0.520304682017
0.621261670704
0.600138141861
0.341807127004
0.540072354323
0.506276805182
0.390808099195
0.473275147867
0.600317247368
0.753544547266
0.359389712043
0.508559518204
0.480399940984
0.437309381189
0.499120605106
0.587544065862
0.450028145277
0.531992825038
0.45549471571
0.672836896173
0.4895747491
0.453177708113
0.339286682542
0.590883228987
0.533139977041
0.571614318023
0.559992995976
0.581876944528
0.544621193304
0.6331068144
0.465567612329
0.384918070108
0.45757832751
0.520291068263
0.410004766514
0.645048788792
0.437053249062
0.536654484701
0.573075399484
0.68483635422
0.502882717637
0.499964444956
0.417436858757
0.490794124328
0.842446895141
0.514128944904
0.689011582868
0.556991719502
0.470080019464
0.347099060446
0.444194874625
0.529312662737
0.531718477478
0.553907855766
0.488864287137
0.418587769833
0.581303456436
0.529228192277
0.533867464236
0.507167271818
0.433433128369
0.63177990407
0.519796439042
0.470320296515
0.729873402172
0.365470402873
0.484077671106
0.329192738423
0.456753786989
0.5038804856
0.579795461012
0.492803619443
0.627676933498
0.34851263365
0.532147562135
0.477679067218
0.510525808781
0.352208310279
0.521003243691
0.582107724744
0.656976456073
0.447900805447
0.664942684184
0.57481499324
0.461124281108
0.637425874926
0.379126210194
0.484645270618
0.312155656425
0.566378528028
0.413616726384
0.635386800968
0.559994077661
0.528450500505
0.549038528042
0.385147681179
0.563182048911
0.748021407383
0.55490052151
0.436369015413
0.387943930161
0.58855292552
0.76151044193
0.520505906827
0.512379168486
0.525256736408
0.552788626524
0.529747038454
0.45649591783
0.536822117721
0.433469595886
0.591487290643
0.583439867958
0.636576137478
0.48867679415
0.586224081411
0.367683740545
0.479761507498
0.506232512414
0.375021701703
0.453455072812
0.794959588454
0.648763680613
0.758405202248
0.415103634992
0.714220869851
0.549139418566
0.452515938682
0.511991619692
0.664667956265
0.456422123918
0.358678308281
0.326319673353
0.527286191428
0.571113632003
0.504562890572
0.404491653367
0.432509128323
0.626518092754
0.533570282232
0.389674594838
0.467884771255
0.377145917692
0.475726886185
0.690520213057
0.459898775952
0.543821095712
0.446034684436
0.625326377221
0.559337516118
0.548675148833
0.795023567456
0.458533276184
0.486897918849
0.511258212962
0.472155976387
0.404977417418
0.655840111934
0.40230820899
0.641427676041
0.484702729729
0.500848565132
0.843855261071
0.464076351521
0.50221727657
0.628906355094
0.497301892932
0.603446915714
0.564470712182
0.592647522668
0.707849543467
0.332306966611
0.505522197319
0.612515655476
0.579290674119
0.474820848917
0.53116719458
0.394054483058
0.67029890097
0.485327641943
0.583156855085
0.475582067678
0.506281908736
0.635729990445
0.5011483083
0.427203476772
0.432467477102
0.383367025011
0.586063383042
0.461475505892
0.847720073021
0.435148345692
0.550212549195
0.36436967581
0.453747312322
0.593670762842
0.369274317555
0.387880882962
0.678334838887
0.521913117365
0.514781237372
0.576313646426
0.481945502482
0.613986920377
0.43165737373
0.424683840959
0.521229231324
0.510410575517
0.593774771664
0.449179323982
0.521976467346
0.435782361128
0.518447728135
0.509122044711
0.552495481453
0.612036936454
0.622602751025
0.631746106911
0.585402722592
0.757442746395
0.536540358881
0.643804460601
0.487343511683
0.409465205468
0.598525808459
0.502316025397
0.585277625902
0.447281113815
0.50518251882
0.568188698736
0.421202485721
0.722218751257
0.582716240279
0.404537061414
0.478445562561
0.603048337273
0.583306556137
0.546186134236
0.533657756799
0.658565609392
0.576113135775
0.650936772874
0.544486388673
0.540704568273
0.528146489025
0.442508784828
0.443372466029
0.618504181371
0.74131665269
0.579191052613
0.638117242698
0.560021600136
0.580751375915
0.45079037141
0.506908071767
0.495670427832
0.4618221649
0.564435370583
0.347333131107
0.493451040607
0.389895703909
0.483632586574
0.5742749332
0.695825846874
0.653130079836
0.548000722382
0.540911538929
0.492912378967
0.487587984298
0.803856286025
0.432316395901
0.527813702382
0.59309829179
0.568546187406
0.431098472723
0.449812479424
0.574771289448
0.501508370595
0.569254428031
0.519938103694
0.599007171327
0.487371030503
0.460910992661
0.370826036484
0.441332275475
0.338898172528
0.49255456698
0.553850475919
0.502885822579
0.414228830858
0.554022776493
0.472491421968
0.531470009656
0.544406757115
0.428478339329
0.607435167601
0.642746422735
0.568988502771
0.386591772147
0.441597476301
0.589888157833
0.557000132349
0.507327357799
0.369833308447
0.666891194805
0.553621857293
0.598751940458
0.407100659994
0.571146522932
0.40489137925
0.704509149481
0.463892252071
0.46375095529
0.486337517656
0.455628994633
0.60237739682
0.545198076625
0.490856734452
0.497055163249
0.560899640241
0.512840593629
0.595942537937
0.600881312948
0.402360170492
0.534823388906
0.670624900405
0.492639122947
0.566241804275
0.344569831447
0.622345588417
0.456660432891
0.512472685531
0.47730643445
0.48139889745
0.480008196718
0.490913573353
0.422491949768
0.72064677138
0.501246867497
0.659347425031
0.706111244138
0.472914422846
0.514031127984
0.469882085675
0.539769890831
0.481109430334
0.442081233211
0.79351484991
0.574040691037
0.544820058175
0.302512862327
0.658853230422
0.356441936973
0.540764949113
0.45865975213
0.492321577047
0.56437247596
0.610618820362
0.536525854029
0.578930459628
0.629029302113
0.54085117185
0.553649386642
0.574168433479
0.398211399076
0.685919718649
0.628412672493
0.489385570872
0.500570329329
0.798869203585
0.627361170204
0.48308408883
0.503166600815
0.482106919333
0.395978155998
0.572733361638
0.648673601242
0.559665154715
0.704504247527
0.375994746052
0.595001376374
0.515413119451
0.805397954804
0.649823421324
0.717933410838
0.629762894251
0.525887860226
0.392554101608
0.485071630899
0.523601446969
0.414607381298
0.493262430062
0.393787277498
0.512408245195
0.44831231505
0.686559625632
0.559482359805
0.513187128386
0.586128707204
0.580444983503
0.462879597885
0.368845584831
0.65376227031
0.340917995116
0.6194820182
0.345664822018
0.596981440671
0.612524069958
0.635856030117
0.466247539789
0.813532278006
0.550940509917
0.368294876598
0.467408447479
0.450695946997
0.420677027015
0.500085325537
0.259787966348
0.71100074578
0.531134294521
0.734701991046
0.41831339211
0.499740728638
0.703506975582
0.566731256083
0.405347767284
0.718992752041
0.590257539485
0.480217103915
0.713797737441
0.612220397337
0.648084379554
0.557138115937
0.463219801992
0.698696350749
0.606315116698
0.388615687154
0.445158394531
0.404274315006
0.511719451622
0.744941608865
0.343271109408
0.676232300542
0.31272360707
0.464900498233
0.504519128582
0.602722225191
0.464813177905
0.512307687213
0.482343489469
0.409059572099
0.457836876543
0.741134475312
0.577575949716
0.409170135161
0.441713799493
0.383743064438
0.450228852274
0.553927448735
0.608798692422
0.593820368893
0.665298752006
0.50143490785
0.397291638692
0.558324720633
0.652051125847
0.772142939375
0.36577096934
0.695498345535
0.526042314233
0.328156044464
0.518201127865
0.33014028542
0.692958284262
0.409041111055
0.456760259654
0.476688011638
0.492984652245
0.536682050346
0.665316425577
0.550073811009
0.376246940683
0.334605999619
0.489871710516
0.615904414065
0.482664243973
0.636416507587
0.528310854301
0.451574828543
0.573852084588
0.461050920286
0.394060488242
0.442807053812
0.606108804493
0.466005875801
0.538854365672
0.62956657666
0.575070960043
0.551004130355
0.508020705552
0.537463539568
0.504096480911
0.399912748666
0.494760581424
0.428874715547
0.390772604763
0.483357426145
0.480429731717
0.680712760732
0.532107920973
0.399854309028
0.460101971191
0.670481802235
0.490834074533
0.771084732971
0.701979811655
0.531835000342
0.642289989237
0.522403149274
0.425459019957
0.476400472539
0.550489963208
0.537614245352
0.779969674388
0.325545516801
0.614084074572
0.511542815561
0.546035413775
0.716390585865
0.608583010984
0.409312555179
0.424090389728
0.442340797268
0.643210844208
0.575645880776
0.438150154448
0.527891795423
0.662527934205
0.658285492951
0.341993953406
0.582061457989
0.566756397866
0.660523583031
0.459661048487
0.449930262933
0.491522860046
0.473124482688
0.715634022161
0.644152005901
0.249261074349
0.607622740575
0.594059530156
0.622613685476
0.415902399727
0.432551628461
0.492733515619
0.459170538419
0.41792322421
0.638596983717
0.675104544431
0.614502612417
0.385762372287
0.491310596212
0.447125360697
0.68396996361
0.407434505406
0.56507863872
0.535329013752
0.67541942845
0.364030583203
0.570782357888
0.459870536128
0.34750620008
0.426478480266
0.571334674858
0.585579444419
0.38448873321
0.576062050223
0.521939845355
0.473019164446
0.462956153283
0.4453809652
0.730792435017
0.378155038235
0.562187747937
0.575944509056
0.581978532197
0.545316327819
0.523375877224
0.460574909028
0.638497392426
0.451883063115
0.69503137774
0.569476955073
0.548644123471
0.441423987152
0.321427579962
0.597569525446
0.523913719659
0.602064219962
0.456533520062
0.376712406461
0.452742412014
0.505177948544
0.648496906719
0.57005547977
0.457143686496
0.464633806454
0.506030093921
0.448833172422
0.749564564377
0.541265236521
0.440396295825
0.478710466097
0.3556959574
0.478825726135
0.307668322517
0.701180741876
0.578068389149
0.667835535873
0.563763839046
0.59484678065
0.336931038612
0.567047081833
0.516431401804
0.651732604774
0.395373931823
0.74442899642
0.534163869737
0.653291147193
0.584383738959
0.561410414384
0.57504830905
0.533339566937
0.384875388895
0.269061091218
0.622876792079
0.431578964736
0.541337220883
0.615143529555
0.554881742775
0.612218091959
0.648153814069
0.496304902936
0.607480100044
0.554770775982
0.507024518053
0.485606217331
0.380464434835
0.385683418608
0.536403547074
0.48923524579
0.42320356664
0.456940771096
0.65561126869
0.60785201495
0.260723156117
0.528359207106
0.56805164908
0.384593080359
0.570710644183
0.540704759749
0.639055535421
0.580740718464
0.494175064193
0.538322288108
0.662888602502
0.52243128354
0.588576785369
0.683699269776
0.578009255175
0.435084613353
0.506288158819
0.353655322471
0.438216816594
0.641208413608
0.602283600875
0.720849556001
0.491850070971
0.494806890263
0.456466813139
0.454959309603
0.507069138131
0.421471427546
0.377187304791
0.612473160114
0.653876404451
0.495190673483
0.599904291143
0.625685853105
0.520262725587
0.607636612981
0.491809699158
0.467272012054
0.387841705683
0.672997936949
0.325529470034
0.443250703412
0.52457245737
0.609294452878
0.6638146968
0.695487857337
0.523992092318
0.517779643075
0.466101915555
0.441998940324
0.380569943209
0.576925950942
0.441308353516
0.34839663828
0.515979837553
0.708187786543
0.528924232967
0.528917875306
0.75246940433
0.602262453552
0.463879048743
0.563265388188
0.654999535181
0.455003982178
0.586801676949
0.478502918295
0.634856548905
0.592296689403
0.433291498107
0.69336917928
0.614654591743
0.369439440735
0.604799942368
0.463953520365
0.81136416543
0.459632343942
0.504937163936
0.622918666406
0.465491867332
0.386257459153
0.536362937601
0.571962467565
0.530077301368
0.720232807166
0.556240757937
0.554417163462
0.763685658741
0.578227806969
0.538522633953
0.567690369289
0.438620977609
0.579285928985
0.599218035881
0.493927743705
0.385465362388
0.483589214517
0.548417655805
0.544420024346
0.554611085826
0.413888968581
0.835690976778
0.686494510453
0.82360868906
0.453735709799
0.467560764871
0.464252973819
0.580739927065
0.48613136116
0.567761430216
0.5228530073
0.434406884801
0.460933515176
0.471473605146
0.511561396954
0.589921707797
0.672888480938
0.609311758953
0.450157462786
0.600441311456
0.503036877635
0.523312239804
0.740660566032
0.451981731239
0.561869554544
0.540305595006
0.488527503789
0.485108710076
0.53401635843
0.514216139377
0.303168161931
0.668539041608
0.544202490266
0.509253801588
0.616487823622
0.501875842685
0.583281387759
0.573354483301
0.505997797931
0.55052030947
0.595293855602
0.80117151701
0.396438433141
0.608323566515
0.63464062692
0.482635778392
0.588576529275
0.475489645301
0.691487700129
0.54232915184
0.477469013276
0.60929816426
0.319666455057
0.507043978898
0.559276524378
0.599285315616
0.537506113952
0.584715005363
0.724229136926
0.402471194497
0.595940707602
0.638275937977
0.486602049833
0.586796665768
0.745987088844
0.911986373443
0.539815670375
0.390518912959
0.51952625309
0.464810386836
0.566139425453
0.608552736427
0.645564048408
0.539740454343
0.512894210243
0.437957244007
0.428781389701
0.402343046861
0.552976478185
0.397378864931
0.373574708978
0.540968011298
0.509464231162
0.574949787235
0.442397072958
0.424093976307
0.372757615519
0.431434383181
0.632003573255
0.684256819614
0.427829019254
0.603896557341
0.58071606595
0.448897890739
0.617539804019
0.568643086289
0.741937267561
0.557629071929
0.452308395178
0.582151183337
0.513934766695
0.595587622444
0.513560865138
0.47540070116
0.61883670712
0.444020061189
0.572504185163
0.557829737695
0.512134488747
0.662929532497
0.633592416222
0.501910140199
0.67978370087
0.641882591898
0.334108799477
0.618976475765
0.385217588153
0.570005878902
0.525439116608
0.650059945135
0.630595908668
0.623461938788
0.517470512243
0.352664656143
0.547129160236
0.422586930267
0.694410340696
0.50134420397
0.742109238066
0.42238884121
0.32971653225
0.70561062459
0.618361176808
0.568603362972
0.605393954729
0.647615529968
0.537985099837
0.567320339821
0.753131430244
0.476801318277
0.381143361303
0.589482166804
0.598083933347
0.568347229699
0.460160772412
0.526217813818
0.754987707663
0.701794924445
0.411738471895
0.65853429158
0.445475439755
0.665704465802
0.461941516453
0.725382135217
0.483521263399
0.552878041231
0.622720089789
0.728299721675
0.629418368885
0.570429263392
0.530652239418
0.708241507172
0.528584081828
0.49037253852
0.494677328992
0.646575049218
0.746245588686
0.507783018343
0.472269922811
0.310615462259
0.508503188508
0.478035583999
0.496725828741
0.439414588368
0.512590144257
0.576780550776
0.619667096349
0.51796587312
0.555958569245
0.571624869425
0.379585444147
0.664395400276
0.669624405992
0.583853774891
0.457613948206
0.608238352481
0.786914766847
0.452425314624
0.585751878704
0.669804108201
0.609938058791
0.533247619621
0.567743578415
0.525102617557
0.426827108691
0.674458069706
0.589372732959
0.734218569805
0.551163145228
0.49432255551
0.55565515404
0.545085144596
0.623621741393
0.69613242121
0.550886695549
0.620187894452
0.437996914713
0.441817085312
0.67200036442
0.74294707301
0.417109881098
0.423870829788
0.417859414223
0.569160438071
0.414689953512
0.750275579168
0.463879650722
0.345505868215
0.68532408109
0.577099750242
0.675654127526
0.501917110856
0.483038993188
0.568706902261
0.49831826182
0.442854761872
0.568009289007
0.700548226688
0.396438853217
0.581514073712
0.482243044031
0.644508557978
0.56952317964
0.528166717619
0.547306971711
0.704627486851
0.64619573612
0.523913452709
0.660237399891
0.436070655841
0.528312524365
0.569483620092
0.451106852484
0.566994626646
0.679523255532
0.526051318252
0.558425046492
0.50300694407
0.756773778235
0.52649274436
0.42374878607
0.665729690298
0.576213183189
0.473782281992
0.578771598706
0.661754172399
0.488866027735
0.507849271881
0.577191442336
0.619455653324
0.434375703391
0.65245845588
0.674028760848
0.446019311834
0.566063838463
0.585264668836
0.669417561634
0.493523448882
0.320163901165
0.615318694775
0.617761934384
0.623164692394
0.599391867517
0.551977477464
0.480235237249
0.667659444669
0.428497406749
0.379307954431
0.534844964962
0.512280150292
0.579356078977
0.436783283471
0.647881943165
0.847776697494
0.383428668978
0.396512897259
0.553157517181
0.442092124359
0.578080133233
0.527246976885
0.659005549004
0.455514712386
0.659896552226
0.449302139395
0.459828950042
0.50984018218
0.524305272966
0.515656594075
0.544095674742
0.39782285622
0.75336752721
0.44284749419
0.647346830995
0.439196018045
0.543141075586
0.445094362472
0.672482139209
0.508606145784
0.602341853534
0.676047565837
0.691834281834
0.525590500977
0.52955722173
0.488484858411
0.469389073353
0.711325171005
0.485868579608
0.52277829058
0.603781322517
0.41870168045
0.59421239176
0.554333874555
0.650110880447
0.550379209506
0.635225689792
0.582831725996
0.639700732325
0.45865009496
0.441109081066
0.618698904417
0.448052670655
0.485213566384
0.622601417776
0.624048213777
0.563372494312
0.453099807176
0.743966119708
0.609071309965
0.641680170011
0.49155747872
0.578492691916
0.553258025745
0.551468263822
0.783543722003
0.572493628087
0.454164548448
0.568767168598
0.411968470534
0.482448145774
0.486382703475
0.657323083728
0.557326825477
0.532471743053
0.474125945793
0.525471963533
0.363750806494
0.522379101438
0.533398772441
0.716429497873
0.42136358541
0.501425778121
0.474443426198
0.494482173423
0.533320196249
0.662478517886
0.400016434655
0.396297221597
0.594471245351
0.554233824777
0.471122361428
0.640769023595
0.644552099396
0.697387442925
0.518237979203
0.454915013795
0.440118397674
0.590938012592
0.438932261719
0.431221357112
0.465605339552
0.488303363605
0.503320462287
0.583100991664
0.597399400632
0.616919370349
0.452695633896
0.567971990106
0.513758478938
0.374109927127
0.315813226766
0.523204771433
0.501876858058
0.391102218659
0.46727650238
0.401991253182
0.560775440447
0.57092654116
0.559387943124
0.553038751412
0.510987008082
0.483507222474
0.572138999904
0.422085141603
0.558690512773
0.593062777422
0.720403151894
0.574405393035
0.631059632074
0.488492127455
0.760943057297
0.861962912695
0.508975847691
0.49351231335
0.582953707169
0.566735684497
0.562278120779
0.369827298968
0.499817758597
0.597428853279
0.425301150413
0.552538056265
0.485236194658
0.480711279344
0.255011845453
0.427858430157
0.721204702475
0.411924920009
0.362204350757
0.487070136126
0.482893942608
0.472854329349
0.493847132362
0.43511607789
0.509843276543
0.585173607112
0.606390182568
0.609157930536
0.345449203352
0.433021979618
0.584630525725
0.522513952952
0.757724928166
0.577986420456
0.563937370389
0.610176343726
0.350284636452
0.741525300035
0.691638051623
0.431011935665
0.706286713827
0.706207433217
0.330952360531
0.534408191157
0.482168187923
0.48142823957
0.689215094335
0.539848435863
0.773171633568
0.532414086716
0.595164691899
0.500858158117
0.415873564134
0.487240410539
0.541552734465
0.598975647056
0.553367082587
0.600034283531
0.627199062154
0.647206886176
0.559434139696
0.568835460054
0.524301080146
0.621663078491
0.522071817106
0.496618704758
0.569028767014
0.568675840893
0.351193982743
0.850058851725
0.70168746193
0.527178501681
0.613618833503
0.509388658316
0.564264629908
0.394885773208
0.440510948637
0.647917627829
0.502183935316
0.603671716404
0.55770641269
0.602451945383
0.675911277501
0.739938337006
0.578124193075
0.566898391627
0.690204154575
0.505822322898
0.428795274042
0.545892209763
0.397387671956
0.733726487839
0.534220988606
0.645052393138
0.531136783514
0.625764303821
0.438651598494
0.725313457627
0.514444449883
0.625478855918
0.439062271342
0.548271390968
0.544172992544
0.597010688109
0.609426712645
0.669206424882
0.505056326347
0.393606336931
0.448117703865
0.445977337355
0.596898598351
0.364749270506
0.446772882695
0.552683727812
0.544457121999
0.629331791347
0.647655801889
0.516526087689
0.454122996765
0.446331841376
0.590519886205
0.459792958072
0.338153483081
0.479522865778
0.461417031996
0.614157831352
0.430760191347
0.397872303771
0.785213423753
0.641470463856
0.675173492293
0.432834811647
0.637343234063
0.547962551472
0.348336507016
0.395914811605
0.520390283903
0.462626712628
0.394522689415
0.71557827604
0.415110952793
0.550031777946
0.40589989982
0.65799505869
0.503413865134
0.465338071807
0.553969981758
0.444242161788
0.57812059188
0.417838659814
0.456948981266
0.577911626387
0.390549588249
0.453217772499
0.608394274375
0.567781581868
0.424327645903
0.640500380051
0.532354760666
0.559449312887
0.491725757211
0.708184285184
0.688802793454
0.423629352863
0.701822490913
0.481090300923
0.660057616798
0.540786033213
0.458775211843
0.38971987336
0.697750353395
0.504070196688
0.498418939765
0.66499870016
0.510460053448
0.539372098548
0.610966692526
0.539408549115
0.439154298078
0.475180158316
0.588576328308
0.47464190792
0.565300430334
0.421995425528
0.424247223623
0.364900411187
0.43324128112
0.445487578169
0.659372804746
0.44634904815
0.530559895724
0.519100258551
0.366810976486
0.516945794129
0.517016229278
0.746640799998
0.605429088731
0.64015996411
0.591586942174
0.581876441675
0.537921749469
0.39001531046
0.556780180047
0.522260747532
0.500162606471
0.642154140669
0.632724131878
0.691981655507
0.520647331422
0.328264034822
0.423883221096
0.607258934895
0.656238530432
0.534006981395
0.494962378278
0.474684286745
0.639217869855
0.618419966028
0.393051385913
0.700224042646
0.426126522787
0.391424661282
0.441644899869
0.539497410062
0.466115566615
0.6825389002
0.697752390427
0.405939981457
0.466744790657
0.431371543943
0.422026729273
0.512578820585
0.464422662447
0.574487977437
0.462217111672
0.54654198158
0.523130770875
0.412792905404
0.460265262482
0.55733758224
0.628980324949
0.396092448464
0.641491043149
0.55997228129
0.631732821121
0.704022988969
0.480869563342
0.510509975376
0.343960128347
0.377433299048
0.46385819126
0.641345625693
0.567116507008
0.462842477198
0.575380504162
0.502863819885
0.437811767258
0.442707264988
0.543927528869
0.56774441129
0.414281623712
0.388637795472
0.448316839378
0.429689497688
0.624048561557
0.582487920176
0.551862505339
0.50343442495
0.525657145834
0.529243175754
0.510096510874
0.363137600438
0.60421852879
0.479346157391
0.530976030047
0.386559864027
0.567462901477
0.491086244933
0.369712861189
0.577089403343
0.585779865551
0.571038928612
0.492216012233
0.430551942764
0.606953667912
0.535081106168
0.542620357486
0.605941518625
0.467497932471
0.3823740355
0.544138482308
0.670129768756
0.552762563564
0.601580111809
0.654377518949
0.491268187678
0.488713569895
0.577360037837
0.606023261239
0.534347448526
0.498915402159
0.497631098737
0.517035896346
0.551122824914
0.661471013096
0.45015209342
0.50629929816
0.543890980986
0.375987469153
0.720648939812
0.603188998188
0.575836056548
0.56503106025
0.508863099673
0.533225635695
0.427016035952
0.313905393101
0.550331210361
0.445399147796
0.595482469705
0.556058791511
0.654691278721
0.586351888319
0.38918692317
0.693433645809
0.558259735581
0.552202668379
0.630460977292
0.399489928072
0.483258037198
0.476847901112
0.490464449086
0.538328006526
0.478906417171
0.489541288042
0.485057188877
0.59564166632
0.674027385238
0.667641916315
0.393145818128
0.645996457936
0.522615324194
0.37750614173
0.505324019221
0.455178038507
0.402561524983
0.33032632016
0.606675508601
0.593178916216
0.774566934499
0.593708851553
0.601769645428
0.424928197894
0.428836047925
0.401872722722
0.477651706793
0.476499343563
0.544914419705
0.474785139982
0.603891224885
0.48846016398
0.642669628358
0.603237009868
0.491141846122
0.63912264262
0.397311694967
0.51825564446
0.464825389404
0.589290537308
0.680610323963
0.583208928331
0.637479494594
0.548498838874
0.469955459646
0.705737312002
0.406691487347
0.580407350723
0.526969234842
0.498910054612
0.578085906395
0.600101703959
0.503916135654
0.411612758001
0.543468597581
0.645793109954
0.406381337409
0.638320275069
0.352872049008
0.446257336586
0.670381047116
0.551241578885
0.513979129473
0.584593217471
0.546452451179
0.433871040029
0.634572625159
0.33954894036
0.632217968023
0.681954112373
0.741249380806
0.614164345968
0.422926956206
0.432046424952
0.408406531778
0.342214047382
0.682857516381
0.689198143769
0.574163891643
0.550059924929
0.419327315042
0.517683413457
0.331462876301
0.497138228111
0.609852426784
0.758325361638
0.519234107353
0.532815565118
0.535576805524
0.4734684745
0.401973091379
0.554765796523
0.53902652133
0.429106265998
0.532947644637
0.419388312195
0.457737626777
0.577504003707
0.545065401819
0.436644735446
0.45964048215
0.506570910407
0.550333809609
0.54717254198
0.653179523383
0.555091413469
0.439471777486
0.578284118453
0.546490953551
0.41637307827
0.438939903398
0.588727541099
0.58032528368
0.455019641953
0.451758967382
0.313183138629
0.465207746714
0.466156538819
0.668977590732
0.523322249413
0.525100378061
0.410061881469
0.495023417185
0.617988482747
0.520837709394
0.662052607493
0.606602265696
0.485254945483
0.632646608137
0.384666274192
0.551331077488
0.696044904886
0.522784138003
0.605578075959
0.563632694721
0.540682353838
0.523639529068
0.3635900368
0.671505840895
0.642435740044
0.632718404662
0.513621881625
0.50412415023
0.469362214922
0.5525124733
0.583821249853
0.487800365441
0.625853221668
0.477917047473
0.590787250808
0.525002295685
0.62526512594
0.45595124569
0.414461526468
0.55462732526
0.49760502383
0.541263256288
0.572807857367
0.63662332555
0.702839613055
0.535883449788
0.628324750262
0.56695999325
0.508618034673
0.642467706443
0.456509853624
0.502759215321
0.370770366906
0.37884417975
0.440704763407
0.528858335367
0.55008341091
0.573857221243
0.646135242494
0.46900384834
0.424454953988
0.771102083744
0.52336014332
0.634209380679
0.551307357284
0.373615978028
0.567631522067
0.589148557478
0.425875392841
0.525042231453
0.7297649905
0.539924671265
0.304866067539
0.37899272798
0.456185848505
0.409495623113
0.282323404811
0.427093357653
