0.329357608427
0.277888461105
0.403525903658
0.351102966174
0.182309416483
0.281932103101
0.316535458678
0.310419832552
0.318090517636
0.246886240815
0.294386015632
0.356877948118
0.266767031717
0.290754645211
0.240930513636
0.216009374905
0.353763387742
0.335689288438
0.315138082451
0.24886742694
0.284222421941
0.253001407848
0.355523071368
0.275939885088
0.354335566723
0.173465198751
0.272436550204
0.263584896037
0.365313048599
0.288250833094
0.324834045723
0.369285819907
0.498254904987
0.253067625099
0.403116424527
0.374277065893
0.365340643652
0.268858705589
0.265370523986
0.298751761484
0.413384277782
0.370034620559
0.364081650599
0.302186286337
0.355930211513
0.430922175472
0.291581493995
0.265033475831
0.330742149154
0.270081821688
0.287924645216
0.297873048096
0.314613269023
0.292462461738
0.253560947937
0.329219122631
0.272270340454
0.369233940372
0.334615430989
0.272443931669
0.310645677728
0.257104184413
0.264399194747
0.311001257672
0.249399934034
0.375500985552
0.329785736221
0.253726775719
0.269481428342
0.288171254935
0.370480632879
0.229528421888
0.322602332382
0.273680842365
0.34089024834
0.262570166347
0.372597816461
0.361873192322
0.232931032961
0.27512141622
0.26460400067
0.344564805557
0.336828664361
0.246501980351
0.408710356882
0.402198224493
0.323884660862
0.325618708593
0.286337265086
0.366714476884
0.241750575836
0.425605998245
0.298802126682
0.238434745244
0.296900809461
0.337167439866
0.300057144928
0.422875457871
0.356955086629
0.227148262998
0.352275737657
0.293646808516
0.329979264689
0.233205807282
0.26109255276
0.346345371449
0.228843374799
0.315701175858
0.323099771799
0.249365801367
0.327065314077
0.313867751951
0.288339929694
0.330139155732
0.271170053288
0.265426689253
0.294006006064
0.250673354355
0.292410911112
0.288165139973
0.310241779685
0.342244738757
0.411222721722
0.282256288827
0.266116175165
0.296832695832
0.210573909316
0.379602297803
0.357210856968
0.256851391588
0.311367017166
0.245679638747
0.223401854379
0.304798990862
0.220011703539
0.38038535348
0.382350825537
0.273134532109
0.296724577076
0.182699542731
0.281884986307
0.302538750924
0.357696189416
0.285618284077
0.306334673958
0.298371343642
0.208130831661
0.309280346482
0.254438885315
0.315185315905
0.367887817935
0.388886357062
0.289818674501
0.316537213618
0.349916573308
0.316021278028
0.273441476548
0.373611792001
0.248017384646
0.362567882931
0.282813791644
0.263401782523
0.258487802626
0.305902684088
0.300865126595
0.345531860898
0.221477876228
0.341427631011
0.398112323797
0.37138242544
0.342281403182
0.245305703063
0.268245552786
0.343282823667
0.407439527225
0.297598155307
0.391061403007
0.280800270298
0.332523645834
0.294191246253
0.239822180942
0.270631463942
0.287220621601
0.368250801373
0.302521361758
0.314663725229
0.339369873862
0.293172495132
0.177652165632
0.357227935037
0.265083458214
0.223241283106
0.328037721847
0.324277217264
0.285995341344
0.277967103862
0.267237044458
0.338314811844
0.271868354981
0.354425919534
0.303463416469
0.276567593608
0.290396486337
0.188346728755
0.17222215502
0.327878647563
0.367955620396
0.243820886662
0.21549250825
0.324391052589
0.38296015814
0.329269131079
0.298735392513
0.274661913091
0.343212663333
0.303591798204
0.247708671735
0.214766143912
0.219263801016
0.308965078828
0.24298119107
0.391923932432
0.26073678615
0.364142850697
0.28589032921
0.289106662389
0.328381015566
0.215919633568
0.299474942618
0.323009808021
0.327680334629
0.338375366231
0.372011671358
0.416637072926
0.315831790299
0.33421738058
0.285013751348
0.331449927869
0.165377769677
0.312260988695
0.216655718197
0.266645616501
0.363131980378
0.292796995922
0.320698003902
0.298780320322
0.354162591713
0.316710838813
0.285690736481
0.31218626772
0.308807455812
0.303360789724
0.338687100987
0.260748737548
0.406060614736
0.389774687713
0.334853175385
0.210980195256
0.256592342163
0.276371173756
0.247859227718
0.390446051188
0.397368472281
0.325952962991
0.327213607525
0.275813141395
0.417723486624
0.343100396527
0.270621378952
0.307581600825
0.245393868153
0.296604627735
0.299437363448
0.258085206686
0.331918002705
0.268738887465
0.323393266624
0.3296683457
0.380358825242
0.340757164897
0.262523520835
0.292159280105
0.246138564478
0.257317198573
0.330557313479
0.287137109152
0.424346642401
0.241260005822
0.20655694439
0.351425727844
0.308632362605
0.35094965092
0.268723338633
0.339273393353
0.3512759241
0.41850981038
0.263627333958
0.245190836949
0.283146965905
0.410076077744
0.232241014931
0.367934111217
0.265257646517
0.299699022396
0.278333036296
0.401908690517
0.332664115771
0.373214410711
0.358849897957
0.330884864091
0.345673299305
0.297036170113
0.418595674657
0.270729645328
0.349156398663
0.40139589184
0.287496676891
0.359917610997
0.192670570443
0.355430183611
0.258721316762
0.35494570542
0.389459476393
0.252142046133
0.286725423509
0.271430832601
0.301734150332
0.328201349327
0.393494235266
0.30304101197
0.250281080048
0.274666211417
0.31964360881
0.332539788848
0.316061419507
0.246799393162
0.284903202551
0.268800978608
0.250976386113
0.233838314477
0.258165369001
0.250117649613
0.298223530127
0.18754871518
0.363102788906
0.293121713239
0.517095627462
0.249114550506
0.318899993733
0.253470871326
0.310404375116
0.263683926451
0.320164982552
0.35157183543
0.352093778692
0.31044395267
0.266455314007
0.347650273812
0.307185069545
0.345475486052
0.388716477724
0.319606314223
0.35269744455
0.358838243315
0.328656209974
0.262713057244
0.33973798775
0.322760175724
0.37251708502
0.266408811488
0.2317653937
0.198309066508
0.262609003592
0.319793558224
0.215404001809
0.33921970218
0.284973630818
0.433662014052
0.310000004597
0.309966128177
0.207470325535
0.365446632223
0.314618285789
0.331817439011
0.316227827002
0.284332356215
0.421728573971
0.27747202289
0.302178635688
0.397835417388
0.436729822836
0.307563903071
0.281256594595
0.307084417317
0.296484541671
0.320170486073
0.386043410935
0.323006852188
0.308056926024
0.299069843451
0.369178970062
0.265210830645
0.288895827016
0.344391436761
0.268115389514
0.376490473226
0.289569817015
0.394372111753
0.324858235297
0.231231304768
0.280412851265
0.353005407961
0.207623641348
0.310799240697
0.253214399814
0.31658073939
0.426563578675
0.308594813065
0.28491626127
0.402421700008
0.313496037323
0.293008580097
0.357751742099
0.287479106718
0.330916271085
0.32215467213
0.279259002012
0.304194685057
0.393862849165
0.24086999143
0.363337481507
0.328635265194
0.287708567721
0.253706468035
0.248829820295
0.301578371217
0.324487547026
0.29753760088
0.234685775457
0.325182101139
0.266758023226
0.261317706147
0.296774472097
0.210718061364
0.271412134566
0.313924793297
0.339305749922
0.258408604814
0.288875304507
0.367477552989
0.25194510216
0.180053819377
0.379033155711
0.373075596413
0.271944214811
0.345942319472
0.401445597239
0.193809971667
0.324678360566
0.265385486391
0.293839478192
0.350012088784
0.31442848058
0.27091560549
0.351781818822
0.293960309576
0.301318850466
0.373534819253
0.338926971739
0.225790536683
0.326744664759
0.337290941728
0.26507949657
0.2865322175
0.358347636159
0.257817132014
0.280210580689
0.370026573118
0.424567175351
0.308061400661
0.316541974614
0.28323716917
0.297497697709
0.224939474451
0.350346786746
0.243862935152
0.255122486807
0.306426544416
0.317884123007
0.296409103988
0.373813961772
0.362305900267
0.302221638616
0.361195607002
0.250050034793
0.295536741107
0.299720310496
0.287154914312
0.367663254377
0.288432582663
0.269349746372
0.394435998289
0.221256911363
0.293154236389
0.295334950176
0.24163877201
0.287448077247
0.347590030492
0.302465377793
0.306848852387
0.433892311615
0.347769946642
0.282190269923
0.25227016411
0.398339063449
0.33157984345
0.220612556945
0.343105446985
0.295067857192
0.415896685146
0.288035702686
0.266473644791
0.273522557141
0.284761103404
0.337886882619
0.342705781402
0.351361489034
0.354948463823
0.370177918707
0.347764350182
0.33258987641
0.266499447993
0.257197753668
0.256312993466
0.267285396031
0.316044429396
0.222984454373
0.287385243207
0.442760147399
0.293359697185
0.245433650701
0.331998808129
0.28592050619
0.359730487198
0.276578331406
0.334152045527
0.299005927566
0.397074480989
0.401032731006
0.223128270046
0.284638793168
0.289005627745
0.34263142522
0.378019796178
0.406220991827
0.331888457748
0.343099528539
0.420246117771
0.335579996832
0.359212984539
0.334793258915
0.354807075264
0.359293098877
0.314317589097
0.279941835252
0.314338472016
0.256239347526
0.292884432545
0.30537479657
0.384463988246
0.386311548045
0.399111152173
0.410326820192
0.293815096114
0.363390463549
0.327122608254
0.417221766054
0.349299912336
0.46793618275
0.241494863423
0.42228543952
0.292056647788
0.37227494665
0.253524691897
0.403424392342
0.279071373627
0.344359648779
0.249608654032
0.337875480032
0.391127363445
0.265221723035
0.351164630132
0.285219405474
0.318680901887
0.27899345709
0.340610775683
0.251401261355
0.225734303904
0.410865511802
0.381258498217
0.291503342354
0.332669617853
0.352724161838
0.297226034991
0.293762094273
0.25498322188
0.310700457989
0.274255617344
0.289180610045
0.380520665072
0.394243478265
0.289664221808
0.322499921717
0.327765028731
0.268913485942
0.249210588148
0.346037958321
0.380602144411
0.266466626858
0.36736931686
0.289894201325
0.301531340112
0.352211232965
0.240379620729
0.375103845531
0.295167231254
0.454857486732
0.294428794644
0.261276621735
0.186614340619
0.297939770436
0.421715273811
0.270347583151
0.320609769856
0.240615923953
0.372951150152
0.262626851252
0.377513117009
0.297349743233
0.299217620233
0.28395120114
0.361903883464
0.313033424768
0.255016033914
0.339105213804
0.233831109478
0.29098654912
0.299480833355
0.338167158374
0.337902601664
0.265258552629
0.313439561842
0.398097410827
0.27909997087
0.352133817309
0.284115107866
0.260397307273
0.312319141121
0.293894611698
0.330629622872
0.232458838032
0.264440590466
0.31066049461
0.306894123042
0.352297047633
0.348815940834
0.270216494494
0.323903640307
0.240729477053
0.254492898009
0.3579400216
0.322929314837
0.297649755445
0.254020907821
0.334712377523
0.359823059103
0.400733821561
0.384328890951
0.299073005034
0.209707416269
0.383431699766
0.221044340233
0.37433281353
0.232535086965
0.349896021267
0.341759314386
0.316143009963
0.337346429876
0.247263617016
0.368618543878
0.402045767054
0.316160623879
0.239943471961
0.32571909436
0.458211618582
0.460413157128
0.311765080137
0.289014572782
0.31414066175
0.29616080143
0.276664900584
0.212941992624
0.399566010675
0.291147157134
0.306563624793
0.279858807742
0.268949532904
0.223618458524
0.314601106355
0.277777753698
0.437805110385
0.248434738126
0.220370277999
0.197400079877
0.31758235027
0.42218605566
0.303734979466
0.326096587707
0.291879836885
0.311187220294
0.273252425717
0.455936844886
0.315371953341
0.274268643082
0.344011561954
0.292451158338
0.483216074803
0.195098823926
0.615525926708
0.289125589756
0.363511258744
0.40464626192
0.262067227591
0.338604516579
0.289683851958
0.268968208889
0.285311661094
0.338499964204
0.446591110087
0.392040515462
0.324911158196
0.239027404634
0.274393956741
0.330699984903
0.33411433628
0.303929715416
0.379825187977
0.241792046054
0.364694885782
0.302161321976
0.263717115621
0.271874896292
0.351939982797
0.306932851374
0.247722343567
0.399309394247
0.368925385042
0.291315334632
0.315357734625
0.470902943882
0.269191446916
0.271955984516
0.315375646189
0.328074778476
0.320174342146
0.274020146499
0.287051487551
0.264322814005
0.379217849738
0.327549644596
0.351312444211
0.352093109291
0.411699481865
0.268348142073
0.306573685424
0.392048880292
0.334292501374
0.345995964112
0.372006295553
0.319085859939
0.365342526141
0.267088133412
0.406454922664
0.350027342987
0.335145632943
0.298312700667
0.299450813238
0.420127062496
0.341313091851
0.275690987576
0.336660350808
0.368023527933
0.249407509462
0.365077348756
0.237295531256
0.266385267196
0.22043990388
0.283738940545
0.222047084322
0.346353070322
0.360083181023
0.197928308302
0.362748661824
0.329414484198
0.273915044718
0.405196554225
0.32021252139
0.369066624957
0.360727704791
0.395124699038
0.2634358551
0.277577424347
0.341794573561
0.41131615715
0.247421104868
0.328830188463
0.237890953809
0.327604637099
0.337232052453
0.386105054228
0.279150749655
0.355096190905
0.412946066458
0.327847269988
0.258331760584
0.31394158278
0.324116211048
0.330487937244
0.388612810802
0.258622547676
0.343234033838
0.229447998401
0.387143240767
0.298160855795
0.393724441779
0.298161108527
0.329981480537
0.297467087344
0.328774444799
0.269437573602
0.32350052568
0.249818102701
0.301779980077
0.303355865665
0.297350256321
0.274184519407
0.291235283142
0.277375733158
0.251620598033
0.302583278134
0.388360579313
0.258913776585
0.232067572854
0.337536287051
0.267728704447
0.353886804468
0.237874058292
0.367969896006
0.351138812425
0.363735729432
0.319179559683
0.340613534806
0.337324726079
0.281333774038
0.261025996576
0.412819532009
0.312464557279
0.290487660713
0.254361625709
0.267269437095
0.322425361904
0.273429241102
0.298448960513
0.260235289702
0.31078163009
0.381635958304
0.334003270265
0.298304616323
0.287623324979
0.335511467589
0.418537380264
0.345578930281
0.228660625137
0.209485420221
0.241275468973
0.239865982541
0.3055555728
0.406221615121
0.320777925499
0.297313473876
0.233410354878
0.358117075873
0.327858551317
0.311492880838
0.378981618319
0.345593132792
0.342321744925
0.397340594521
0.254102065609
0.282609385429
0.407404773551
0.298463211036
0.296408490269
0.367791650721
0.304553206648
0.13729050946
0.410088256484
0.345199482042
0.272865419832
0.287803091993
0.397613798424
0.316841344899
0.403661222376
0.399043873319
0.41701785069
0.297042537742
0.32574957225
0.31766047439
0.309374957429
0.256292705597
0.350335474318
0.379444220824
0.35300326508
0.368122703025
0.278853544853
0.304111468295
0.279639691719
0.344016599693
0.275884270739
0.292727398506
0.312974877017
0.264863058446
0.252444951994
0.347856026666
0.230269955892
0.330468179875
0.359443034586
0.391463269506
0.345509211576
0.3279247826
0.242387935462
0.386900808753
0.366778561674
0.295354076866
0.253975685729
0.295056505961
0.331090590161
0.24736113436
0.26210456669
0.257874392251
0.319754921986
0.355370826803
0.308997127825
0.356469277628
0.361489525041
0.254462620686
0.279295882467
0.307940743233
0.342482572756
0.25980055342
0.383555741424
0.394793692738
0.230478805378
0.28844426622
0.244557312171
0.28767169319
0.195878324124
0.294754757626
0.377895730742
0.315243659333
0.346534355867
0.320143111391
0.230250370627
0.353489291655
0.38028328098
0.255975319422
0.352222640116
0.33165042039
0.428265123642
0.194082702588
0.27640576206
0.258178264208
0.275610683033
0.268434083633
0.292305939134
0.263571043104
0.275917852722
0.271781438565
0.172195411807
0.356293528744
0.31991737086
0.298731195565
0.329803646495
0.258369009518
0.387640041269
0.285406970614
0.356576225683
0.310287405958
0.356799042431
0.282506168457
0.400806035986
0.332942454974
0.324433824998
0.211438477102
0.334215828271
0.386934221349
0.266171571908
0.312380502904
0.310637479777
0.301145957919
0.245657919866
0.258785897972
0.361855238984
0.272557808848
0.202102393279
0.352195516557
0.320619484829
0.260117953146
0.348912883646
0.30799000284
0.250566095874
0.301202856012
0.266156755873
0.334171810818
0.2294666804
0.337032619318
0.23978326955
0.258669698449
0.297991948511
0.367069167529
0.459084109345
0.245485261579
0.338621863582
0.262622734463
0.358345443541
0.292885859012
0.203472385851
0.336481849168
0.277162778767
0.344045946208
0.376219231535
0.265904856663
0.261036746647
0.304334026234
0.343988238808
0.324424189064
0.346093079975
0.336780438405
0.343560225385
0.313213684456
0.346502673021
0.308242511474
0.251627092463
0.288582223386
0.411762545802
0.356528044291
0.285207723477
0.261771892676
0.274019005411
0.276685082781
0.369205965873
0.273454116923
0.314696932429
0.315898096113
0.256119342293
0.420953638406
0.244255400149
0.335218855218
0.31638527517
0.293610664839
0.351677220805
0.320165581129
0.297168692925
0.35785257965
0.399669501239
0.347832710902
0.340827643695
0.33189311711
0.28221224871
0.339309572688
0.334544000841
0.372723646777
0.271788521864
0.221856653083
0.304934156567
0.274597914146
0.292601362508
0.236410400516
0.191237429851
0.36149101126
0.257636792748
0.339018702119
0.194279399232
0.280168738766
0.256864856916
0.321728047573
0.242096247634
0.240753078328
0.304505531799
0.346032503895
0.362141591285
0.269672517587
0.303638383597
0.349957606365
0.218678670077
0.296237899109
0.286154168264
0.357901657427
0.253853511827
0.290719070209
0.291344073355
0.327439018244
0.201589369469
0.371943315655
0.268957007853
0.329000217018
0.301126377175
0.242332346881
0.200602590173
0.316150100549
0.276425665073
0.216799730095
0.288587089382
0.34915076845
0.306652919799
0.329904712844
0.295828558868
0.330970410695
0.256367544635
0.218702064546
0.251973593589
0.300284319039
0.351231824076
0.259027824221
0.35449614895
0.322417731967
0.348565394758
0.274110943432
0.348917995861
0.324213005974
0.358984614072
0.181795929425
0.299477193688
0.309113012184
0.2205351394
0.294899613572
0.208885002375
0.320285814245
0.316817946429
0.278118830645
0.342430911753
0.305663156405
0.369825561861
0.165275445906
0.375291391738
0.322192333253
0.303618950413
0.295140470516
0.321637184819
0.225319933469
0.333352366912
0.356772752695
0.286135211771
0.337157978937
0.257594679366
0.250186074013
0.247451905077
0.358989749967
0.348807727565
0.35533932462
0.326746149887
0.216567034251
0.233094637045
0.348988224749
0.222574794418
0.227582294451
0.247833729237
0.275868563038
0.300321294576
0.361962196534
0.268619811271
0.321945532251
0.337474947738
0.352275345214
0.318712065863
0.309788637863
0.25413426594
0.253096517901
0.250042635679
0.345922672794
0.352394798517
0.353995812873
0.305430889011
0.280964724278
0.259982737313
0.326300302846
0.313572088935
0.325814431587
0.351435668797
0.273967030741
0.293532506723
0.283461356365
0.291022831743
0.330679427994
0.397548333608
0.38808271658
0.295896358571
0.180794417577
0.345495789007
0.302169108185
0.228015102919
0.277965086787
0.312956742277
0.265769994635
0.381806107589
0.210888721923
0.283280890657
0.192129407083
0.3034385941
0.415045944058
0.198607000767
0.349962013005
0.289210323407
0.285488314786
0.323547101269
0.282471393114
0.366878508339
0.389416698585
0.334073416206
0.405238314559
0.276988900488
0.34654014553
0.290167228636
0.286918000281
0.265772019331
0.208082293482
0.227576186471
0.295687452955
0.216333769432
0.312101239861
0.268732039989
0.303606828703
0.368047739488
0.349222560058
0.323016708356
0.374882785466
0.348078205588
0.322781276237
0.291949436711
0.302968482779
0.411931837249
0.415696326104
0.276306242733
0.343888276386
0.296092148534
0.273682328097
0.417229917347
0.358866890011
0.266504599012
0.154212298571
0.378564970422
0.338840397691
0.331852989126
0.325566055945
0.227687251635
0.335284211355
0.311086556177
0.244684898843
0.315835855225
0.276049285196
0.323424678518
0.267251092484
0.310387293773
0.302312190085
0.297667866485
0.260516472431
0.279180983629
0.362501396658
0.298887195819
0.313534749736
0.315542810091
0.306792977545
0.25739471982
0.403318306512
0.347594790424
0.25291573632
0.256126618828
0.314525998248
0.306503388199
0.332154506836
0.333780124771
0.298490296004
0.31747210391
0.221159794052
0.287769946123
0.417001038748
0.259685794307
0.283896171427
0.333409093387
0.278315400899
0.292448386782
0.296912164167
0.290247131215
0.252351345505
0.359688837345
0.241654862499
0.293875262866
0.226746638626
0.306834928434
0.363383570018
0.369937884158
0.207079629944
0.342438916629
0.222157485192
0.334193127246
0.335458433134
0.242096461695
0.289006057973
0.364853301309
0.226720667141
0.214980219602
0.32286678471
0.333995674148
0.248420271379
0.345800696186
0.252274766626
0.301540864874
0.344517834608
0.302979483699
0.240485858178
0.272833164756
0.292093511416
0.244943094024
0.42310857387
0.304800812931
0.304159361923
0.228476414841
0.281334887523
0.269000593
0.243513455937
0.31301936686
0.298600039414
0.272226889379
0.253268878
0.329535222745
0.266092413245
0.31724239547
0.261308243829
0.310173119194
0.3536697031
0.350080097667
0.354234084435
0.274680772033
0.282237451869
0.323077914149
0.347797715411
0.240053948444
0.319817133516
0.363819422557
0.345317247411
0.279291183204
0.377653268902
0.356752741111
0.305262231658
0.245486169977
0.325037466763
0.359021909067
0.308944156929
0.298149173682
0.279971813359
0.385217163334
0.316088459496
0.323148621126
0.302187405771
0.205718081153
0.444043975565
0.417373894041
0.27394239713
0.282505136695
0.32888681777
0.366559789806
0.290099039237
0.279635628554
0.325372037397
0.377880484792
0.300939529594
0.225532584414
0.399661101818
0.161879753093
0.328225002134
0.254458991176
0.283650473343
0.223187450325
0.308844197693
0.378038354259
0.38783525606
0.330555109012
0.315205943176
0.305285798086
0.369552274242
0.301522692151
0.205468079613
0.38230702064
0.26738518774
0.248943656576
0.214414695808
0.391591933406
0.270722776138
0.265213680696
0.309338466785
0.321608580462
0.412725603796
0.231545437362
0.347353265776
0.32270518669
0.21947999462
0.351778652003
0.296981834571
0.345302921191
0.361267865537
0.387634742395
0.258887695629
0.341959555221
0.364952055299
0.287423101033
0.29922268297
0.331500971231
0.297186251735
0.353121616545
0.348383453262
0.355396845923
0.343968729413
0.251441704613
0.279452660396
0.354950717014
0.333315924484
0.275476277887
0.356951053606
0.364043742611
0.290954750523
0.268767142476
0.336490721057
0.325453554248
0.288071230752
0.340562029359
0.416070409547
0.362805482159
0.379499230327
0.298813836206
0.300414833773
0.224088092107
0.384217522133
0.394412214791
0.212616612639
0.340114518713
0.274212480903
0.295448111619
0.345867230995
0.304243935303
0.31900257242
0.277088213332
0.337797891055
0.332556982808
0.296453612682
0.347729322564
0.385196876973
0.310393017374
0.262736994272
0.274966318415
0.295727439844
0.324164858656
0.268655421248
0.42472961868
0.474162809085
0.304747325744
0.276235998261
0.412844593325
0.233622976724
0.279774454245
0.359290943769
0.2527951186
0.297762073062
0.266644956831
0.312257153528
0.303375427444
0.312568495815
0.337087697989
0.295212236236
0.285302168159
0.3089962676
0.291002445512
0.304599662031
0.349982108039
0.399183632666
0.227977603114
0.259314862742
0.286708386292
0.330656531148
0.33023680069
0.345999510898
0.278758478296
0.26366173033
0.333371976255
0.328022548224
0.327230567127
0.356125289912
0.342000501504
0.503486608674
0.218310273132
0.296556202901
0.332398777241
0.206622869194
0.300149966108
0.369409786541
0.360771960377
0.314750568981
0.250422736208
0.297460307925
0.231425844954
0.353583995186
0.337737489576
0.411658726706
0.345667648564
0.343042781957
0.409244487085
0.204931839933
0.26484084141
0.306347388125
0.380334625106
0.368222778793
0.349925906045
0.292710076485
0.302755511458
0.276013721384
0.311928782546
0.271184039225
0.39161671857
0.351805000005
0.272972134538
0.272483936915
0.278346846604
0.345099066436
0.340088737291
0.291828840563
0.278489797697
0.200836922808
0.209845708418
0.215431881777
0.256882332963
0.341362840269
0.294184459514
0.283768065233
0.441636252833
0.262581209571
0.297260384167
0.256443781766
0.265980321631
0.254582712047
0.301926020556
0.397099258992
0.304000449754
0.310933714947
0.33625848561
0.171816815729
0.290963520437
0.216735291124
0.21888876746
0.279614047727
0.289437412449
0.343935070273
0.362305524455
0.204522903315
0.303445896445
0.250783601176
0.319671374301
0.359111447681
0.353852999348
0.296101983136
0.32764789385
0.230018754118
0.343744182436
0.409954423834
0.275866889785
0.2363543708
0.394368817355
0.2181971233
0.288576052077
0.226510869475
0.400066546915
0.308840598834
0.247676915252
0.290737875984
0.300412032745
0.377537635214
0.426866991763
0.281426184553
0.249323551084
0.268490137581
0.262298444579
0.304211938498
0.251022829623
0.265256760402
0.315727453505
0.345744687833
0.206050382398
0.330544181017
0.324475846068
0.223830952549
0.321751657684
0.320671633578
0.299432862522
0.292686010032
0.393134320909
0.325971590076
0.308118464492
0.265198161371
0.266143710619
0.372100698701
0.206454670745
0.35209202354
0.214088333103
0.312708155825
0.266576174985
0.485852158366
0.330778969833
0.224642963812
0.298203975508
0.315074512911
0.395111105141
0.267396269248
0.332102269583
0.227050267301
0.380769834289
0.348748496507
0.339572260762
0.35686411448
0.341397268395
0.263056634787
0.321227917311
0.282385947335
0.308085716719
0.272183002547
0.300740819188
0.371760536931
0.236677394806
0.270975077475
0.349614068427
0.348508172848
0.252705848263
0.274139098831
0.338469911044
0.272130593032
0.382071359895
0.300387360584
0.291617207865
0.321061978998
0.227626835956
0.30049228068
0.346583603
0.252804914533
0.276379480844
0.28828003927
0.399432048116
0.219994268769
0.250230817973
0.150888964168
0.37025327366
0.297320683145
0.256380303736
0.355295900665
0.206523666015
0.290317155864
0.359517065698
0.189906176943
0.306220433992
0.310514457802
0.266355103987
0.306938681901
0.227937984345
0.347075973026
0.309958232532
0.280222149258
0.309763498416
0.323110189798
0.343021084606
0.300696058476
0.322354645834
0.377603165187
0.325301058447
0.281500518128
0.408936668766
0.315261627777
0.351627924164
0.249761564991
0.363932726702
0.177546941428
0.198697127365
0.273763381188
0.34765210523
0.255365667879
0.35593382485
0.236865471661
0.36254684959
0.33444353785
0.356393463545
0.29636425384
0.243393916933
0.250680199697
0.195337085185
0.254343752128
0.293947616514
0.260723122494
0.318807344405
0.309989598388
0.247454192802
0.181186666306
0.245485975403
0.194658295634
0.345197731437
0.263054791496
0.307872238814
0.346296795246
0.268223065887
0.251512884265
0.278438999533
0.389460458333
0.336603337307
0.228812873451
0.262720910242
0.375876606902
0.263017932776
0.336026634642
0.348276888358
0.38279823846
0.19969084959
0.228648883552
0.284927903788
0.364030562013
0.287493104553
0.317369847074
0.297056801744
0.302986074747
0.213885006745
0.344435025974
0.263467239642
0.313074215087
0.288538018341
0.256432333289
0.248772588309
0.218220111159
0.521006239906
0.282724831489
0.330799428212
0.304603831546
0.326923108818
0.306311129753
0.233579135076
0.333400338425
0.33568162505
0.271603387329
0.33467609943
0.194224934399
0.31695715657
0.315101307094
0.402455806052
0.265837279157
0.334790667088
0.280529049311
0.287530073722
0.249134903621
0.333560192284
0.230903310067
0.244689013432
0.303893949
0.295252558829
0.368167992393
0.383043014598
0.265210696948
0.248993685267
0.266801215636
0.239072809438
0.290557360484
0.262150780985
0.343475787198
0.309105093931
0.236543997539
0.2393092474
0.273456159695
0.236128629434
0.239526725126
0.249166178107
0.35575895772
0.290147516389
0.289812095521
0.372647690773
0.314066723092
0.403131150029
0.316197616897
0.224358974943
0.272182576492
0.315878819631
0.210036359243
0.311455721932
0.218230388977
0.3023881386
0.322694823606
0.50126215048
0.290262885631
0.319051001128
0.256954915337
0.246849889557
0.245629826684
0.20631980225
0.311152299059
0.292806633636
0.250803544693
0.239752490329
0.336757203431
0.251917112124
0.305231433653
0.267715850303
0.235977524185
0.284131864794
0.311784999044
0.286235148062
0.225168196541
0.254723864111
0.385461489374
0.277875456737
0.241971384219
0.273751017735
0.31683106923
0.344066503682
0.311306934282
0.200546460358
0.305030607499
0.254317564919
0.340081995057
0.275718172606
0.307396548406
0.362338677278
0.288749111876
0.354450192848
0.258433556341
0.417461575117
0.386604767607
0.376740022549
0.297849173292
0.36647408403
0.295082948604
0.35135686013
0.257092976044
0.320329512019
0.292766651033
0.265040715157
0.316188767544
0.315970927309
0.29802694494
0.348543197913
0.225583523723
0.44403754798
0.224435560303
0.265400527489
0.246926107089
0.308898895436
0.313370707439
0.278413365818
0.437228037634
0.258825545445
0.392565389973
0.322959623949
0.242248316607
0.327572500111
0.24392852337
0.399100300397
0.305310183505
0.432730953289
0.287256645833
0.314969121743
0.384840255353
0.267838265407
0.236094190231
0.204748066864
0.362350459363
0.285627745898
0.326427497188
0.2941766749
0.296616594727
0.225743605553
0.277646860698
0.262520535768
0.257935344061
0.278699718307
0.384787557118
0.385072724839
0.398871052558
0.258927052527
0.294461738822
0.39028164287
0.170870095708
0.304535628626
0.272760862855
0.214954521062
0.277107765988
0.358198608024
0.221374475453
0.340707414215
0.263430606788
0.260491233297
0.315806880812
0.247295454897
0.438509060066
0.262844402243
0.268669669707
0.469811473157
0.223552343787
0.253093631919
0.21111578825
0.259690180513
0.244072559586
0.312126578249
0.301357404199
0.296425986475
0.291537322709
0.363713030362
0.287739218777
0.248194826857
0.267080889961
0.344386454152
0.228918081026
0.222389226265
0.386033126017
0.259502738639
0.266309567104
0.371278506531
0.363325813128
0.242324872242
0.321132297235
0.379610924669
0.275454094596
0.305272393532
0.319644597186
0.379404324896
0.362276882881
0.291161183778
0.396317319757
0.293762535647
0.296944006846
0.332573641012
0.272625706478
0.412184521951
0.27104740204
0.359390107218
0.325416122252
0.274722812476
0.341004974972
0.270165775022
0.333945306712
0.271129314436
0.317254621439
0.339973848492
0.201024839461
0.288313794755
0.363546065701
0.336542089693
0.363796937966
0.315646942846
0.254363035483
0.394792128102
0.418359525218
0.429956829162
0.354425549636
0.450548508864
0.322045327992
0.303979831397
0.373426823811
0.288525084956
0.34063322532
0.367842657396
0.442703350758
0.403334163082
0.327938716398
0.324867325743
0.400879704748
0.266368750297
0.218750072264
0.30076563834
0.388697662343
0.362255874353
0.320091312299
0.346579832139
0.211797981036
0.299953507085
0.205825797938
0.278216713326
0.334730238086
0.355772659029
0.344122315921
0.359917068592
0.359177522004
0.2438944726
0.308918028006
0.316616611272
0.352620272945
0.317936973616
0.37686553097
0.212449804516
0.21270906229
0.368922953856
0.382104653813
0.432406787309
0.320201392584
0.35616097972
0.308476614829
0.292520093098
0.351289150498
0.408144607393
0.258310926221
0.346730280695
0.255284656202
0.345373383171
0.257327889976
0.308952728954
0.334557288047
0.293835725356
0.391512844998
0.277046345715
0.394654604125
0.332513126185
0.357019890441
0.501825955646
0.42865629509
0.321559135402
0.314340347555
0.358692821676
0.301595995163
0.215429845158
0.34702612895
0.348234261696
0.30380222711
0.311155380824
0.305413253578
0.3342330282
0.273553495532
0.280181560474
0.362119789663
0.321830979022
0.285489796264
0.327595603314
0.308659344595
0.306452812292
0.261231609684
0.299219406577
0.317482124171
0.308821753578
0.261931494542
0.370659656361
0.400056231306
0.300586519428
0.324875785411
0.380823591563
0.326051224141
0.388146829813
0.30294140733
0.306171260196
0.308541815499
0.325214035685
0.323388123171
0.327910458045
0.252548958169
0.30944049936
0.422894459745
0.287423561301
0.401283953714
0.430978407378
0.35286737736
0.341484480573
0.315977722944
0.3716270793
0.351133269667
0.472784494964
0.33536866225
0.287164227911
0.333740239022
0.279626125721
0.235301159565
0.358535599685
0.298800869589
0.291863821077
0.198339719253
0.361751862163
0.336314829056
0.255059664918
0.318048757633
0.230620173931
0.286716179579
0.31837092124
0.248673977226
0.219091500907
0.31150495644
0.298269141802
0.259141240188
0.260844122479
0.250280016767
0.285849114484
0.304597189657
0.262380335332
0.401649652598
0.313704452594
0.325173743009
0.278184323953
0.246371808535
0.227028516028
0.513146824511
0.305568235466
0.298514109995
0.354383358318
0.23972130913
0.290713032393
0.310787325274
0.391818520452
0.356849616924
0.308939429362
0.2291713399
0.236735057041
0.271454563806
0.286370154814
0.329972072086
0.297057837354
0.325434779245
0.377745980378
0.273970242173
0.388146493533
0.450784643546
0.437455991279
0.297731046413
0.275777557571
0.292240374281
0.423232647673
0.314606195687
0.312730833107
0.365665503127
0.353277688682
0.290676091557
0.315928304578
0.395870751314
0.258305753277
0.27596441026
0.398516605512
0.256922108904
0.332389972712
0.354932533966
0.280037988759
0.27001118074
0.394307174304
0.291086891218
0.340433438575
0.370303585379
0.306675883117
0.269349893044
0.322948520257
0.315399353055
0.379302091228
0.337602621886
0.300836431159
0.289082830354
0.34597271292
0.212732004736
0.330516010927
0.236274895974
0.275000014305
0.237980391201
0.306341957193
0.29479897594
0.343769239385
0.263837756904
0.223161102403
0.373716174062
0.290322514693
0.304461018513
0.303849638038
0.347540467598
0.303361924102
0.286030727376
0.30592681157
0.261039851393
0.278463286482
0.315964867686
0.342842464351
0.393269430543
0.395649273313
0.240992389206
0.414384197502
0.243502271183
0.289641090978
0.368467173099
0.222540581647
0.275047418488
0.349378413732
0.232834267536
0.273114080744
0.278837674408
0.321155658163
0.285630193836
0.270655257851
0.365272876218
0.343558654944
0.180909510023
0.281218666281
0.403395054462
0.26994980703
0.325437577812
0.354965691058
0.36773413965
0.238293899345
0.335350979101
0.236102222815
0.361086524646
0.391596508366
0.333917365027
0.249591667888
0.265990773875
0.337822636701
0.280565187584
0.306005873676
0.238241154311
0.541503792005
0.257293833409
0.30553692123
0.366371689701
0.24947882401
0.398311317857
0.524509299809
0.302509784198
0.226715605304
0.306680220638
0.23907294665
0.652689529837
0.363930939891
0.313449115988
0.29025741683
0.33155570134
0.299875405016
0.351904258239
0.287126764378
0.385383379626
0.221013181832
0.355659441409
0.413338738475
0.273793300248
0.332836448675
0.360666548829
0.351298755513
0.357869486916
0.37065020074
0.339022072744
0.248201290799
0.344720798924
0.262071436592
0.403401314475
0.273995139394
0.445290680576
0.345016666728
0.245941042253
0.361523171186
0.36353929393
0.217244723721
0.301736107298
0.298387943776
0.365643456444
0.354881048933
0.364589722769
0.204452493944
0.426316463891
0.325180453377
0.374550389517
0.332255595215
0.262205587142
0.312285195768
0.34082574689
0.187993719098
0.278484673214
0.364570722148
0.31013564924
0.239442650301
0.304205780909
0.330857419742
0.329110455077
0.343336325818
0.307090871119
0.342587245075
0.218512475283
0.331406270195
0.332980986054
0.326463138493
0.27459058401
0.198131448412
0.347205731604
0.25205474695
0.294210747352
0.259934677773
0.356173169567
0.392063645532
0.377479669847
0.323680697011
0.440074294291
0.273932992186
0.223599182593
0.240986484426
0.304158708557
0.245933166922
0.338554527505
0.330822577674
0.302855305102
0.363926613749
0.333027966616
0.24819572123
0.399947801402
0.351519760603
0.312047576233
0.274916237933
0.39280399103
0.382451539171
0.328387776356
0.492062679548
0.352836324292
0.377019787672
0.236519394292
0.276583250815
0.267143687223
0.426770916731
0.339564585734
0.218897808884
0.226031863172
0.318440276076
0.24704165529
0.254996673078
0.418763634844
0.216213095005
0.297393423051
0.257773578175
0.392316028185
0.348807239551
0.315175587565
0.25163132432
0.314433998749
0.313959293367
0.311605909394
0.429200060027
0.350495827597
0.360071796716
0.246712415676
0.288611388644
0.194790918922
0.262396560512
0.35243113521
0.381241895152
0.238968695897
0.330903852753
0.340923990061
0.41917805213
0.290313723468
0.276106164585
0.363443033575
0.246729830048
0.31077966308
0.299162381364
0.371970903084
0.38473447936
0.350493574959
0.224398875096
0.353420680669
0.390294376679
0.304933367989
0.485575061307
0.289974734383
0.329363732868
0.251094888546
0.307011749339
0.273996968908
0.332525658699
0.289960368379
0.328782676104
0.295443386393
0.28586057368
0.317806030144
0.409759776071
0.288275287536
0.322999085083
0.232708586787
0.358723206995
0.383307582391
0.397747064435
0.370605184317
0.37837881183
0.310352733583
0.343996957294
0.296879607882
0.266574031478
0.301988115898
0.292421881396
0.276041692724
0.252547786262
0.366693409437
0.310821199402
0.287333725841
0.384628538462
0.401554037816
0.305814659564
0.346902405974
0.276008093102
0.301062676762
0.325577704415
0.362918474704
0.355274460007
0.202836053035
0.309718470715
0.259690511675
0.301720738159
0.295062945935
0.288441834285
0.350041322409
0.346547275541
0.283959582583
0.311221047924
0.256689877833
0.291582525818
0.320873037857
0.351787436419
0.283957309456
0.251969858455
0.228300397422
0.241253317374
0.396274893319
0.339682178509
0.314042367026
0.355631450672
0.21992844421
0.336370935349
0.295463373049
0.384878034095
0.376609312767
0.428612565893
0.216835419739
0.222887502643
0.35261720297
0.310353749494
0.261362286351
0.333776660142
0.223733770322
0.270864202285
0.271338146428
0.250852441958
0.387444432494
0.280689481611
0.320739655297
0.26205371048
0.343837630495
0.280988417787
0.212810005921
0.299048120268
0.280327156031
0.249597979744
0.29950825134
0.217544230614
0.248315940133
0.447843634863
0.287357883382
0.282631118687
0.306565386705
0.337268086553
0.305090136333
0.243518866172
0.255961272978
0.304485457472
0.255377065959
0.289711293834
0.406668708296
0.272765294767
0.303420899724
0.246400143968
0.370677248657
0.304107176489
0.257949399818
0.266676022635
0.333970950435
0.33542345179
0.3274504723
0.341777329151
0.319216618246
0.350707134667
0.25057535379
0.29766021335
0.319212876956
0.353445580091
0.341943915699
0.309876824247
0.392051403613
0.25660640501
0.254662392217
0.169112833684
0.269261725088
0.348636117021
0.371082215663
0.307406986061
0.305232155491
0.31200051522
0.359079671086
0.352011617543
0.286087964672
0.3737998886
0.240378654777
0.311088908985
0.340902026468
0.26605593432
0.333265041622
0.251765016885
0.22329070177
0.385614114813
0.260750130496
0.376581586075
0.307618877162
0.348548821706
0.324922990695
0.435595409358
0.288473234867
0.418027755337
0.265205311224
0.333521699608
0.274144287722
0.316398023899
0.344082306771
0.434957302795
0.294220056618
0.313332134349
0.220154416649
0.316729425056
0.254376192062
0.418598488983
0.24666725251
0.404659125225
0.255252228648
0.42649772231
0.281576379491
0.335127561495
0.293133263182
0.313217982226
0.354637874652
0.402818893361
0.398296695414
0.284281685741
0.267465509272
0.403546696375
0.337340765638
0.340102754036
0.317421332686
0.356628950927
0.300897454762
0.254693166637
0.285040273979
0.244861559968
0.184889850907
0.250766777536
0.27047478421
0.37942124667
0.413205164543
0.281562294388
0.365015213156
0.321609403846
0.329106622706
0.349088080545
0.349900277444
0.299660203918
0.255502805704
0.211635293208
0.319964648869
0.285201257702
0.391708945916
0.3810159551
0.207591685389
0.293525192922
0.334517651164
0.279408494476
0.317749180595
0.325861929526
0.334446740934
0.288534412966
0.27049852311
0.278926826707
0.204921255586
0.315357634863
0.303118374363
0.193504138187
0.298425850111
0.299367268277
0.326197322543
0.277120650648
0.273323479427
0.283102941831
0.380937184645
0.359464423162
0.434010179232
0.4448575189
0.362599964748
0.338265608515
0.285396415569
0.291941125928
0.405172572593
0.381557261807
0.268646127808
0.316623537621
0.307750203689
0.399560043078
0.266262825639
0.30951556443
0.306308495825
0.290452096923
0.444928149851
0.310275419315
0.29931321569
0.313581982687
0.243864861586
0.350171763716
0.258565740941
0.258781338214
0.304119593927
0.324282172458
0.320542835677
0.33423366245
0.308810345598
0.32543933807
0.286086254711
0.309559188652
0.280738768229
0.335644157471
0.301884151292
0.329639446125
0.282787879835
0.225119349385
0.321408336316
0.223976601927
0.226326381086
0.212951291128
0.224529138425
0.306284167839
0.218634980873
0.232481311004
0.342781845506
0.31832278253
0.336076691517
0.248741183633
0.25557513711
0.343336572151
0.361867557133
0.233354993831
0.270497480043
0.333345621843
0.353810350856
0.385416265667
0.243850002605
0.208277664095
0.254016696372
0.272811687322
0.315527260932
0.264167012217
0.311107961896
0.264262339832
0.41091745678
0.268897760748
0.272755309021
0.368729778922
0.366507381486
0.376847260401
0.305298268209
0.232374990476
0.269369967608
0.289021510319
0.362175644678
0.335337957648
0.358055723531
0.343450808727
0.384243978972
0.262298318582
0.26209626687
0.392568700946
0.267546263199
0.338041664043
0.355481857197
0.200276861864
0.382144840095
0.285062780421
0.371252869219
0.272713313622
0.325231700611
0.308269530272
0.289742637996
0.261870771881
0.344816626975
0.257934917267
0.265570448817
0.295154146883
0.266671475812
0.295208614171
0.271885937791
0.332838696257
0.345045413966
0.315705350522
0.312982862614
0.322591116922
0.281847455292
0.281996344792
0.301085344891
0.331490208567
0.326699486452
0.317857013709
0.219732669527
0.344200149218
0.275626633582
0.325001846888
0.418356479714
0.266074985208
0.247274680325
0.363311538667
0.344811890152
0.317784448256
0.287697828283
0.31254982364
0.303324431497
0.280943194005
0.211505674769
0.369408907968
0.418587891662
0.265343320878
0.20950467092
0.217184543156
0.298512822113
0.282351513686
0.256348140308
0.316438281173
0.390039467653
0.369382447685
0.282143396719
0.32054610561
0.296197649181
0.259680075516
0.371005619622
0.323282088805
0.280770987537
0.262160995036
0.176029123013
0.429164450876
0.334871848491
0.383826802233
0.295650105567
0.344235182053
0.255275426867
0.232352662497
0.300098720275
0.329354695998
0.301914567764
0.250302695056
0.308141686585
0.317706759836
0.35409271798
0.292572769432
0.227322343104
0.245227591119
0.263936175079
0.345430406998
0.306903056519
0.258676837
0.33060139157
0.332760737194
0.335092206249
0.242068665845
0.390281838706
0.281837275031
0.270377811893
0.293857568258
0.279228703598
0.259296712194
0.330445450609
0.339378588556
0.36323816362
0.323461784505
0.359744166707
0.295721921763
0.341704451137
0.324138543616
0.278627047408
0.41564607491
0.267409700174
0.311075035491
0.346557110355
0.45326778694
0.273812680991
0.275447101812
0.273103579022
0.338394694838
0.370245161848
0.377306066647
0.345585309562
0.399650343151
0.366205667099
0.208654354858
0.30246007745
0.397642714696
0.342127682313
0.294470967018
0.308578953766
0.301708033317
0.343586854884
0.407799519933
0.386842676771
0.415605133043
0.187637217719
0.241816920981
0.380761888612
0.271991910367
0.39245171966
0.291488740324
0.351682993851
0.282466863102
0.28503870687
0.397050012399
0.320023267183
0.29591644684
0.347103209898
0.327842237509
0.301013439083
0.300488042691
0.311920844775
0.328385151792
0.347305278516
0.369046424354
0.298761484141
0.289954190539
0.370830875862
0.273399135881
0.231042189541
0.302681881412
0.189942681284
0.336753916288
0.320301436054
0.238068819929
0.271554623222
0.354229238674
0.426077025302
0.323817255846
0.265432127251
0.261517916582
0.304130648446
0.276715708586
0.275097968559
0.319892322603
0.356552159763
0.270521909242
0.322072986815
0.264800545784
0.448016805158
0.27709133165
0.310474986411
0.337635470002
0.28689350744
0.311580345421
0.212378639256
0.397445787777
0.388046154873
0.211350318116
0.293949735689
0.275532592428
0.369252353797
0.367011457335
0.309471350296
0.340841438729
0.290177985886
0.210214318761
0.36807559009
0.238085037035
0.30964541236
0.271519087594
0.275146330951
0.213914563814
0.369419201915
0.245740111733
0.283026388535
0.276516007926
0.312194592285
0.232699605658
0.342217757754
0.243791840038
0.293344573241
0.246370749266
0.349702523963
0.32147205009
0.264536280746
0.374388149128
0.3606048035
0.30509818664
0.309000755744
0.33747551882
0.270107722633
0.344027601164
0.335631586589
0.418650209593
0.355786252333
0.30847208652
0.256091271431
0.400509679001
0.252465093825
0.314076026022
0.240150522643
0.268226717668
0.39859106624
0.316390243217
0.302204656266
0.276797666463
0.345335706626
0.273559276646
0.267129427117
0.248953522433
0.432981015723
0.270457178336
0.356536211966
0.38923215883
0.353839546854
0.277880073824
0.352121221394
0.220182481049
0.30860126826
0.341175910471
0.235146955959
0.210920465655
0.325856831071
0.345746914823
0.258174910449
0.243501252739
0.276152699243
0.400100355479
0.330890952408
0.313358147658
0.363026919161
0.27792267771
0.308493277092
0.233166085992
0.244274574826
0.274158206852
0.379937299273
0.302300443855
0.418723706021
0.229572320509
0.306084802719
0.348302623901
0.286102323173
0.285338518459
0.348752973625
0.34075686046
0.347768965691
0.265468196765
0.239478974806
0.284948554692
0.399225845064
0.391905888437
0.276598893166
0.309008866312
0.208312829752
0.284046950719
0.380054702334
0.276512604546
0.325234752253
0.35834498425
0.325161395531
0.245653806825
0.407586921958
0.287530106889
0.230657992707
0.229603491242
0.302541857471
0.393484350614
0.229789350243
0.343327319972
0.310981342259
0.411458558339
0.309127003015
0.217007348319
0.392735333646
0.328821856415
0.386996178278
0.279775047678
0.36140748225
0.350665681307
0.320172606948
0.228587994352
0.384096969669
0.353556997605
0.299651166236
0.374397073507
0.259231257181
0.329626459169
0.27756038472
0.308622245103
0.325347281544
0.333511219628
0.292947991285
0.285079833074
0.337506247164
0.285770771602
0.317576905569
0.314461754341
0.383152889951
0.262793672376
0.251458755562
0.251678401646
0.262096097337
0.300126430476
0.291649318606
0.358220250325
0.293186207685
0.308579799718
0.323349359564
0.358708805179
0.262001718329
0.230438053064
0.281427882873
0.291363395859
0.298405723116
0.296723310087
0.229981797765
0.27438228996
0.481326994429
0.352436099793
0.345022263061
0.28032304349
0.296459523335
0.198505329122
0.290295214998
0.330977214578
0.209686676364
0.268547585411
0.296117230649
0.283951942281
0.227602705625
0.332665310898
0.256461905794
0.416792647565
0.279135235596
0.306729016194
0.272889434925
0.242508081763
0.328165739616
0.344676799021
0.380853666413
0.236390375655
0.255021962219
0.284332320763
0.288260022314
0.263368730389
0.282527009398
0.331544613997
0.315347050731
0.242222038091
0.405712316676
0.288204562124
0.378407408988
0.294030794292
0.31385765878
0.352305576681
0.256205747297
0.385501817908
0.228121633026
0.279681344457
0.376071322122
0.299627084028
0.327395365752
0.262773718494
0.316478588079
0.3426961946
0.265455217255
0.395106654362
0.275816368033
0.374626126231
0.309847556619
0.258495085888
0.316418458303
0.386533804625
0.175776064026
0.345025546556
0.227692678271
0.267344041842
0.285056610131
0.32040402103
0.274886114807
0.257474534892
0.266711341954
0.359290538375
0.377609663982
0.212009242608
0.336120800113
0.334152073561
0.433429640679
0.34970552317
0.307544459332
0.37137050583
0.291025943965
0.353535072118
0.314864388885
0.261006966798
0.329569413302
0.354630528273
0.31779845899
0.20304060781
0.334749058427
0.321621082434
0.234480573197
0.353046622425
0.285210673886
0.305992242367
0.172077435302
0.252817726568
0.33568588388
0.46986162658
0.336740828395
0.231635595118
0.313421428039
0.288722717716
0.318327965944
0.309213035945
0.324678861018
0.25046470569
0.326629888266
0.389302449677
0.291006922218
0.303986994385
0.283387474421
0.25358369012
0.241049005179
0.234308558145
0.257777121227
0.345994469232
0.287500866522
0.225173991007
0.287297355411
0.353281208047
0.231712214612
0.34118351894
0.302406905792
0.223762590474
0.326778842642
0.300953478673
0.336643352629
0.288611046435
0.188157941081
0.385868676548
0.345437433885
0.345294835573
0.400538529917
0.226315189736
0.313189003025
0.253745937058
0.344893879841
0.358259591228
0.363360201229
0.307161024501
0.362461637213
0.41709392159
0.28532059522
0.301793279802
0.291768930603
0.24760960861
0.386597734676
0.349896240025
0.258410086849
0.288355151593
0.403349450798
0.245966314469
0.287922612276
0.266760016609
0.280381245297
0.254197310145
0.38017167463
0.332184908926
0.296690597802
0.432065973471
0.277373725215
0.309805426033
0.24323264271
0.343357097247
0.393321404515
0.33304882116
0.227703441394
0.281687913791
0.350017688603
0.268500862987
0.261194795068
0.374671268924
0.288696394062
0.213115596117
0.351458449177
0.259361975113
0.220839111139
0.295867272534
0.294337689531
0.293989770275
0.30449049679
0.312466048371
0.286676504399
0.392747755743
0.246941753956
0.329017119113
0.270204146582
0.393372892679
0.321200962023
0.301387606778
0.25330991292
0.324369153521
0.220130530716
0.30998896793
0.324524752899
0.278009327703
0.29014156652
0.371458638497
0.311926520756
0.228307344252
0.25306894721
0.333345545464
0.368468042381
0.260442034189
0.308844475152
0.223565066865
0.288228939264
0.2842816351
0.322591404632
0.369094714241
0.187046244541
0.281456148861
0.303155578351
0.239141750507
0.309297904647
0.329606461874
0.37457550593
0.314158267455
0.360621053075
0.242427884582
0.37955196918
0.289717520653
0.338961152497
0.383522293616
0.334006356158
0.299350070941
0.240133664561
0.320323983629
0.344315855661
0.359695431511
0.305048469595
0.298853306636
0.262062667361
0.265314955054
0.364185419203
0.272782443169
0.30786531792
0.398846591403
0.297976952508
0.336432592238
0.203401359483
0.365835258814
0.246280197354
0.313956002693
0.240866426122
0.290167990222
0.286024230414
0.32337675673
0.428771670613
0.301519269434
0.360205222476
0.215070444081
0.241525803337
0.284269420864
0.245341714112
0.293763856559
0.379341542377
0.325103150155
0.339575398467
0.290898929455
0.271422753395
0.383889802947
0.371967198388
0.381799663461
0.320995595773
0.306107414173
0.262848132731
0.270066044676
0.336374505798
0.282273198052
0.250742122486
0.308233258256
0.257662758991
0.24236817888
0.296965422109
0.286543478749
0.32515709957
0.28525700028
0.322560880862
0.250385235916
0.329325466704
0.294487055407
0.293603901919
0.316193812097
0.391120330438
0.286414809511
0.262403288604
0.316844244532
0.330228435691
0.261534640578
0.321746861619
0.285019605218
0.229818841286
0.214812036741
0.262082073354
0.229267505
0.277470892522
0.321078426849
0.310343455745
0.309265457688
0.313694337525
0.373505710366
0.241448591521
0.2645027775
0.399188319531
0.215788954827
0.350521860412
0.342157738956
0.323911214184
0.360526187102
0.326556360156
0.271535538707
0.327814131359
0.363514332711
0.183037786449
0.324544212007
0.204855973075
0.310263694509
0.243415840434
0.410208827133
0.321371237685
0.295608135853
0.268900887838
0.261375485309
0.1749430126
0.323622876684
0.32878571172
0.337475547406
0.189090069628
0.390860903189
0.29430425404
0.339428968894
0.298909718796
0.221703307098
0.288053159631
0.256431865055
0.407651752941
0.290521163064
0.37268595147
0.393758150259
0.285935863095
0.298160661432
0.375965476227
0.364864345697
0.290487545235
0.286127366709
0.372527600783
0.204592528487
0.324823426461
0.326603499591
0.269590737474
0.320456769916
0.288146279546
0.437378145239
0.255983851212
0.183355772367
0.386813849433
0.264490941363
0.264949683378
0.302297885867
0.301582202941
0.270518515967
0.255429474354
0.231447424648
0.376477859629
0.353404964982
0.307990731662
0.307360600407
0.27783777911
0.294267622646
0.363368806855
0.296199302114
0.286842235068
0.284301253445
0.297579897525
0.346232361351
0.24601158146
0.280714054803
0.331889773664
0.313376857246
0.425630093863
0.379914828177
0.373181854357
0.226798596152
0.286917335762
0.267283324635
0.285305570664
0.3930122846
0.303080252007
0.310278006819
0.245743905699
0.278433144327
0.258525416887
0.375355614449
0.318136509364
0.262355273114
0.315398565266
0.289633778965
0.348768764163
0.249915051391
0.287868110789
0.259955364982
0.24886215213
0.313255897635
0.310651078178
0.33331889786
0.361799649622
0.372438636043
0.387196722229
0.250688134961
0.251955204888
0.28807767902
0.215098844819
0.234224301965
0.314104428181
0.314841018054
0.513065942531
0.334725686296
0.398688249618
0.372262545694
0.315090231281
0.232577767157
0.316919698772
0.228088545694
0.32592496362
0.272626768681
0.341198266631
0.222179460204
0.274370364202
0.304214748663
0.344015578611
0.383947154255
0.272674327097
0.321256192087
0.383068576826
0.254536294402
0.379802616108
0.211428536343
0.358460796635
0.324365629125
0.286732670266
0.263811089233
0.316605825872
0.306645956633
0.268374088547
0.322485131826
0.344833345384
0.336820562788
0.254131448195
0.319015285979
0.282146079616
0.299498092518
0.348020727096
0.289495145642
0.319878958636
0.26844100107
0.285861351237
0.31855882467
0.31206285177
0.328540331589
0.270906268656
0.2375101262
0.346405177286
0.315838641724
0.316305850568
0.215308900446
0.222813497671
0.376663799738
0.326920977145
0.383334407944
0.351280016225
0.320445846502
0.293050218854
0.295051489946
0.346473125154
0.324111780424
0.261416382968
0.330694287446
0.240460502491
0.360793796428
0.262419054169
0.341368330916
0.202630969515
0.324083383958
0.296623382798
0.311939003206
0.23204776401
0.249924589432
0.383391433347
0.385676394016
0.46660117264
0.360829606858
0.300581370842
0.40504309402
0.357578618036
0.373258709935
0.277313140029
0.322697046721
0.210669953264
0.303607638776
0.33306847811
0.265606910498
0.342457718835
0.329556159203
0.287082072114
0.311965269915
0.263672133209
0.299081018481
0.317552572855
0.317854686609
0.322129601686
0.260422114246
0.37601594356
0.354573614397
0.205833837384
0.268195792674
0.401674992046
0.317184139706
0.299575041519
0.260942811393
0.415052588542
0.398219589181
0.281239573356
0.293405685023
0.417167155429
0.263464581498
0.320679900636
0.259480880186
0.226528071181
0.318038901265
0.391785096273
0.247379253362
0.375943423092
0.364657621636
0.313941489675
0.256719332404
0.307983833742
0.267897198686
0.30247031771
0.357590158805
0.403451818337
0.309451603377
0.182432276795
0.313962392099
0.35218090043
0.363740566492
0.331104865048
0.253799030223
0.435692012901
0.295135579935
0.313572939218
0.335165771993
0.193358183499
0.352067323991
0.243436617314
0.357422614492
0.286807792912
0.238427075915
0.306149759599
0.306384746599
0.367307753047
0.291665641904
0.332558861289
0.345238625663
0.313756524445
0.150084666717
0.252720182532
0.334047682189
0.259783684506
0.358745591103
0.317209713276
0.254642195358
0.302169704628
0.396066768647
0.383009569189
0.388205379201
0.315144998336
0.292343537881
0.354234489471
0.27104483059
0.298915471645
0.285617078937
0.386715254339
0.379977600922
0.330247500163
0.255006700289
0.385950869927
0.25364499288
0.34743495742
0.320492164076
0.24402637147
0.194189127835
0.262656021701
0.406481921091
0.203681316289
0.287025791424
0.219673785507
0.521945939745
0.269292143946
0.281254678353
0.258906498085
0.272046256744
0.295861996406
0.271485992111
0.364299099914
0.243283462035
0.304670640135
0.295524526536
0.233213493887
0.297096795359
0.467058734664
0.340377199804
0.292578810969
0.224942920455
0.329112082833
0.266597595875
0.327501235477
0.217901588662
0.317384296369
0.339233408908
0.299549942703
0.325372868377
0.360820357889
0.230834987515
0.294360740844
0.37444690865
0.252512644092
0.331573391161
0.337544968875
0.307572421705
0.314785296383
0.316246023468
0.262088530157
0.319800082668
0.243074756922
0.262913205937
0.35408690579
0.326883083673
0.398987741127
0.327310879406
0.322587881728
0.222857319579
0.338136146889
0.360737635941
0.20957815134
0.322191323439
0.314223653297
0.292029274733
0.186746296377
0.344883367362
0.323378917722
0.241798891419
0.375369036768
0.334335722113
0.289285240146
0.296153096273
0.346412265833
0.206134093649
0.208430699554
0.274105558193
0.323374117363
0.311800020688
0.312881832879
0.332376922662
0.279145402349
0.290942831963
0.359373153126
0.28891821683
0.264221647995
0.391055457577
0.30726611869
0.220873978992
0.295368982927
0.196103748279
0.296362117779
0.28577440041
0.316859269393
0.313860630642
0.366173323243
0.251523149226
0.290535874571
0.307303245488
0.340089717792
0.308469482276
0.332975835379
0.317888541944
0.295173775748
0.274684848839
0.318190054435
0.329650611859
0.352562981089
0.309430482515
0.300500384382
0.295946852364
0.24564165931
0.292865167322
0.246884650814
0.37940277713
0.317517163537
0.371295099756
0.35668895126
0.42287548659
0.36433790431
0.36353155338
0.298068248247
0.334434985829
0.324225027171
0.296592448098
0.274000374504
0.217388876274
0.400373578215
0.333348850946
0.308263578649
0.325584059566
0.379417556187
0.295978218435
0.265855868056
0.311597197188
0.298716670657
0.38033796562
0.377866799863
0.303107043868
0.331881336753
0.27133622562
0.225485100582
0.262231137243
0.433953468271
0.318742011069
0.366410784812
0.19555850865
0.241758662728
0.363608140894
0.236940515364
0.367627464673
0.214274571162
0.340538350657
0.303169222696
0.189816739602
0.327715219639
0.288526405647
0.267386424139
0.2723614232
0.205263679898
0.2114500077
0.352421911443
0.261539802604
0.271670721693
0.280713286309
0.308619725252
0.33170909065
0.407828495076
0.196595483465
0.296290454164
0.318440116407
0.258602881608
0.198946115918
0.334961135417
0.420187884446
0.295222438664
0.300559537424
0.345461605936
0.218635496573
0.246697953633
0.358466795308
0.278394318202
0.249119505773
0.287731070968
0.329541373901
0.244648385067
0.298617270078
0.344405045347
0.478666609565
0.340943349516
0.296725007091
0.327760009259
0.35583361858
0.249402782613
0.35369649061
0.279321818373
0.273219027103
0.25556169813
0.22722640453
0.292999523603
0.402644239036
0.325547001102
0.321970468223
0.350194696449
0.347269555485
0.270125138315
0.342567852203
0.331151012692
0.281220907287
0.246575345984
0.335981050323
0.196601891275
0.25884207038
0.35596032226
0.329439831079
0.313745331814
0.329584254455
0.285679474762
0.289037460567
0.331651379121
0.260315533809
0.298847045674
0.34131362557
0.301930732121
0.267978473428
0.34003624123
0.278232076829
0.277350736311
0.249011911458
0.306324784697
0.277714882153
0.436405773558
0.397973788303
0.339795871781
0.263885330499
0.409396066791
0.240604925431
0.287418803127
0.412208382419
0.284387171037
0.300597746131
0.342192901063
0.255614365454
0.360761509368
0.256694673329
0.337033595821
0.302433933515
0.293191508255
0.34236549312
0.274980355628
0.240356678531
0.279477457328
0.278316081543
0.343890510479
0.339520160628
0.316084833648
0.22175055746
0.269436788296
0.274525850218
0.264843803147
0.186797394755
0.352658888379
0.263852607788
0.259297568825
0.286201365838
0.203106999163
0.296239337317
0.287437750369
0.299954647074
0.430140215577
0.338594290909
0.35611292447
0.34920917009
0.225295432004
0.320861228606
0.311936840079
0.388270110461
0.312648208057
0.347116804379
0.291404466504
0.321969091531
0.309000625847
0.323088692686
0.390486263066
0.281504929998
0.340542671942
0.349093525018
0.238184150807
0.196643933557
0.329898170815
0.341887667302
0.27406864716
0.247499272785
0.202709986502
0.330628394429
0.264668456971
0.206031653793
0.221720806835
0.343130849176
0.37412340391
0.36693975828
0.251710912964
0.358012140311
0.254756874048
0.212949993943
0.191965200348
0.284176297853
0.357418164462
0.304395581563
0.28572028932
0.436514455225
0.33372126913
0.248932018985
0.251408921885
0.306413174265
0.204328469309
0.287741645779
0.342835967426
0.362622142302
0.287872302448
0.328698577483
0.304620691792
0.27388085785
0.385278139397
0.258413692273
0.26908699324
0.319758103301
0.349370970634
0.208034127773
0.293481174752
0.290335080479
0.353676852607
0.298284023877
0.354176499713
0.317137599759
0.248162908926
0.291228336592
0.346355047513
0.295814445978
0.299105829206
0.211372981167
0.333778624077
0.218627999982
0.423253741105
0.27459237152
0.344085911318
0.298261280396
0.26610809849
0.275100361424
0.219688930736
0.377300224404
0.214053065846
0.386290965593
0.342782372358
0.242091087193
0.381135284872
0.252162835911
0.212549467301
0.248320595675
0.225560721237
0.30472515257
0.331085264626
0.317218877397
0.179936496882
0.356938893218
0.29211955568
0.284162353468
0.282035555638
0.200853109585
0.326999938904
0.301296718238
0.268774312255
0.282546123716
0.346149704423
0.368988377842
0.251588718876
0.321899835646
0.286438931902
0.322094825425
0.309647919487
0.37156532426
0.344202300893
0.264644854793
0.260878680715
0.269963276827
0.261041356489
0.334246046907
0.236243577688
0.308218410848
0.287888825727
0.28358998726
0.282770379385
0.242858426484
