0.607880469812
0.548824474891
0.531050140081
0.670588870705
0.499302311835
0.556795815151
0.544577694431
0.723515007529
0.455218687273
0.702947532937
0.729937377276
0.484929161591
0.387585749031
0.372448029161
0.587948376537
0.52184515998
0.700657689671
0.553901380572
0.433651457699
0.599727119992
0.61601662789
0.385266161321
0.533978273488
0.663676232303
0.753971109779
0.58694159399
0.643304669302
0.599017144526
0.713941122456
0.341299951567
0.666220347061
0.636645618803
0.485972047782
0.614309385817
0.786230587337
0.60116555932
0.524712302401
0.636291208656
0.63584583321
0.546425543671
0.450052807819
0.49036357965
0.401347897153
0.724055427676
0.412521404324
0.591881550755
0.641287086582
0.502082199179
0.597846422595
0.524235549551
0.694121988612
0.462275954715
0.584246116491
0.534900158365
0.480467819314
0.526730743293
0.593600064805
0.602141763045
0.579955411382
0.629836751928
0.481107814145
0.624348381868
0.391846753961
0.538660541535
0.587706300691
0.556047838857
0.582159342981
0.583169058233
0.467898492416
0.653725712401
0.501133066839
0.71260912024
0.381097260919
0.644622774104
0.530517339842
0.50302043468
0.433818876184
0.452446578402
0.556932629186
0.558721025583
0.588215796054
0.768272064309
0.355061187812
0.753272335001
0.437167727744
0.564260612767
0.722546949279
0.599749716302
0.539533362676
0.557281101551
0.794031244444
0.564397002217
0.486585541797
0.617211689162
0.644762657263
0.550257733567
0.603575819349
0.661286270898
0.592934321834
0.508903868558
0.567528961663
0.643756711936
0.622482160047
0.641211112016
0.783867891914
0.515690486682
0.558745144075
0.598261306421
0.519316049744
0.553716898737
0.697883479885
0.556404120423
0.527455350306
0.433118538391
0.545019622823
0.457040218741
0.812918954455
0.498693972522
0.644366222378
0.51343556265
0.523889502961
0.35499749818
0.546971816471
0.589062555924
0.396463113292
0.502360080662
0.529142063785
0.566716450297
0.616952564708
0.500111604368
0.700128794922
0.671489044115
0.431841083223
0.571886177561
0.629865067217
0.580441313788
0.668258576452
0.464385075195
0.544532391795
0.64805043204
0.494880620455
0.606195003491
0.48926378959
0.697145204768
0.523072133197
0.459914546193
0.475343279375
0.437100886631
0.547548097714
0.397212368685
0.439596124514
0.454932216101
0.671435403425
0.424726913161
0.569169072301
0.801253026461
0.40643428803
0.518598143655
0.483488684185
0.595192858479
0.686746485124
0.459615267304
0.462495008946
0.335562139838
0.523875386963
0.455171748398
0.463363154934
0.55056434643
0.523727521088
0.371403760314
0.537853237299
0.574407156478
0.537254553111
0.525082912167
0.549740497176
0.404744815716
0.599638396428
0.426939988988
0.530106339106
0.511392751191
0.508688476471
0.679557917507
0.658253537558
0.614186903589
0.514988797524
0.611868850638
0.612004970312
0.610702615808
0.730100915272
0.524085216738
0.493176520085
0.628698221784
0.505812202752
0.509683308939
0.55044007156
0.552405433466
0.419126656725
0.484770924624
0.667615383275
0.653538142138
0.451738825839
0.441753022301
0.650201294226
0.446024564623
0.727494419745
0.659147335655
0.594734591714
0.654333824021
0.512952446674
0.48715230539
0.533807029102
0.524900497277
0.581687526115
0.573587597163
0.618006546818
0.704921268502
0.609191191087
0.532266695751
0.484442960581
0.459772943708
0.498786399944
0.509942110453
0.616281612907
0.490635519238
0.45896198276
0.46601143044
0.527322996336
0.492684561979
0.451336878256
0.612397460566
0.658662391817
0.419982507882
0.328859230531
0.437153218087
0.572452802852
0.560987021093
0.74166879392
0.562999817648
0.527233668122
0.525466455832
0.566997914125
0.634490950353
0.427467130354
0.457438759598
0.480047925964
0.54432841333
0.585650929385
0.569260136806
0.522192726244
0.616765719707
0.601441679008
0.594293127171
0.41389036304
0.712384061011
0.636800559126
0.417516284095
0.652094023906
0.642501856166
0.329683608192
0.585063280567
0.486099562731
0.413170853365
0.533071297779
0.421952158656
0.756816119293
0.564261980527
0.560866746148
0.512685552415
0.565835589828
0.423706273183
0.466054137445
0.435999252835
0.606621613343
0.641136774767
0.501547639206
0.370199514198
0.410658595205
0.54530934559
0.437240488783
0.582125874132
0.508409710246
0.632369284479
0.77950875739
0.519025424644
0.798831363591
0.51919405789
0.518174678142
0.246636066967
0.721032871905
0.582786922371
0.664482136542
0.570963991446
0.56022061095
0.737584109409
0.364446875003
0.73770559297
0.621658434114
0.547785062056
0.401981785769
0.612911084273
0.575297144718
0.526661818164
0.672189062612
0.493313596474
0.672470048766
0.549625496906
0.648053554049
0.586615055189
0.444843374873
0.81243921822
0.643158681745
0.661778872489
0.830392243189
0.597383880529
0.656048088046
0.484749750295
0.523861655652
0.625138253587
0.524258075402
0.55903129366
0.643148431822
0.541888466741
0.580464081844
0.615379584191
0.519884335994
0.417434661334
0.783786300197
0.577907464185
0.699178296982
0.524931908948
0.641307583885
0.659063002395
0.502738287684
0.478071969041
0.73773878807
0.500753850011
0.362566750573
0.588002095494
0.525802446917
0.524898925963
0.559304520765
0.538098050929
0.491816243073
0.617959901228
0.520328754889
0.575370656879
0.591409515714
0.425140842041
0.713624363312
0.595416458004
0.694500253736
0.66375094168
0.505605153004
0.529435292079
0.559698578688
0.457543971203
0.620953536813
0.462526196634
0.454555110054
0.5432169331
0.534333270952
0.486654245532
0.640689359397
0.49665749284
0.625058163828
0.553303654454
0.344764176041
0.575576408303
0.498784306232
0.508859577907
0.410334968001
0.355063823281
0.579847635785
0.419959167213
0.473855593152
0.523612057664
0.442434760833
0.487604832921
0.559331569312
0.673155088776
0.606717603709
0.634543077357
0.76120528185
0.576839719859
0.651914044744
0.537583094068
0.379018943679
0.500285758101
0.537330449535
0.86515816483
0.491347528446
0.51493797478
0.544223334288
0.511626515248
0.566173227903
0.531726936855
0.555833194501
0.494112236391
0.588634692044
0.521844608975
0.571290856003
0.563287064316
0.425511712387
0.432771568625
0.306697463597
0.426686731359
0.546481877468
0.536127905329
0.50031651683
0.702699548983
0.555704397332
0.64019828717
0.692058372387
0.572800705795
0.498299872276
0.557969462832
0.533354654405
0.547430621079
0.687506637012
0.686712481321
0.572454825956
0.624312705541
0.671413246954
0.554697444593
0.448304519185
0.708302318038
0.548044605102
0.647858780744
0.658123064182
0.694677445474
0.599833076659
0.557106034439
0.581656143498
0.459308607637
0.618107022505
0.596069575556
0.382121305633
0.595842899265
0.324825751698
0.654956813644
0.574969430763
0.634351781806
0.524132812702
0.627985746832
0.497602836579
0.650112711953
0.416193740314
0.511037337864
0.558514732815
0.626450025181
0.564680178363
0.639074591513
0.628678010875
0.505714789729
0.526006599724
0.363596645544
0.584668149237
0.506620238577
0.516745824689
0.800540880097
0.597226690604
0.601654791061
0.550260933082
0.378194434944
0.609773473416
0.362354659354
0.462557414563
0.816898833102
0.736134602994
0.491736684774
0.402170177577
0.744636489781
0.609718763556
0.688634615725
0.670767437589
0.36726352816
0.592692921465
0.661356188578
0.531977093486
0.441098389799
0.367816948937
0.573283737918
0.589312891289
0.638420077804
0.523681702343
0.783370352946
0.743922309418
0.521588909929
0.664639443418
0.637753572042
0.639342976465
0.508906361605
0.538245202771
0.528155385773
0.590058538588
0.578004896737
0.572838833461
0.590368357745
0.592319478566
0.593348442417
0.519516023072
0.609996927229
0.614401123586
0.523743343336
0.56655612114
0.533675213113
0.58243540821
0.518024530397
0.654413467172
0.456338010247
0.526866288219
0.657929451386
0.638253709786
0.798071465607
0.445290472368
0.551239093168
0.399661976239
0.347287578713
0.499792759377
0.46769077911
0.638516113724
0.616186929203
0.628399324868
0.684147072732
0.74123434346
0.595645489253
0.623706621322
0.603453277195
0.638789922534
0.661602767352
0.553196717863
0.665482315994
0.447879941696
0.768935388088
0.628418138259
0.548492465641
0.557196669457
0.446078912701
0.727875804748
0.737427665523
0.606259153359
0.480501351673
0.502049319964
0.604219861323
0.461169713528
0.818939021646
0.806336817158
0.595664490282
0.264512334961
0.536687967635
0.554024522046
0.490781584523
0.628860115448
0.595495840193
0.525761450305
0.519565660002
0.517517836132
0.473315415618
0.756816069979
0.577776014458
0.623485337947
0.554508686115
0.533460268661
0.574575422935
0.717749453069
0.452316103285
0.502720402894
0.671451241287
0.364702226337
0.601784851506
0.565647699489
0.541860086193
0.500535239734
0.671170437317
0.650593809191
0.662810969907
0.671001031723
0.368774851469
0.558226692464
0.326949969022
0.618117622766
0.590882010316
0.611923866493
0.7142650632
0.551773218223
0.525131684101
0.644929798572
0.601248259921
0.440478845733
0.676078171219
0.454906806537
0.513311285636
0.564230862816
0.51487631616
0.587998488239
0.561755092422
0.458795788016
0.694267163695
0.777888488075
0.447070830271
0.576057856555
0.574973908438
0.667243599701
0.339702437471
0.598477604888
0.698124395721
0.567872074038
0.539804717899
0.852646047763
0.663983942749
0.750749294798
0.858213872156
0.548135126001
0.750443482788
0.708955974788
0.478154596956
0.522143790548
0.60597194082
0.367023790431
0.657279658875
0.627940577603
0.570185688675
0.611474276433
0.539616012729
0.452619425199
0.36534374706
0.762303599764
0.527045198036
0.585578153922
0.672071754451
0.588800605003
0.703230302769
0.646727941159
0.571904633961
0.450030183958
0.524546892649
0.476277302392
0.485869584492
0.46831860342
0.560136988363
0.491400849311
0.546703023465
0.588488803701
0.528892149457
0.379120828705
0.650941377695
0.703555440117
0.675314291987
0.476082334506
0.466621182864
0.552048518267
0.546737112252
0.403020968373
0.362848337812
0.758631858374
0.517263526755
0.591167224388
0.599803911849
0.497345620958
0.654761777428
0.459478874245
0.561637686713
0.639607874035
0.639665542522
0.544928327794
0.460856547913
0.650970441952
0.523883316152
0.60161864476
0.361878500597
0.551888648832
0.716963508977
0.541770640262
0.854033985257
0.651353622433
0.516833959551
0.386790933713
0.661907590017
0.61896141653
0.602365395717
0.688057632476
0.585731027861
0.779372159679
0.585419665833
0.381520997026
0.653610822244
0.402087658743
0.435112565781
0.426809468789
0.577960106776
0.456606775692
0.541785215822
0.562121512998
0.640329269224
0.651105430773
0.637746590244
0.704621118267
0.658053666454
0.77457793671
0.542986937222
0.468977469606
0.521398311127
0.636714977906
0.535741333635
0.524508221018
0.581942080991
0.480117737668
0.64048629245
0.603486625746
0.502694845667
0.714344669721
0.577235639311
0.618932487671
0.451842174017
0.579121321532
0.648861253142
0.50202384487
0.679115705585
0.455584783681
0.576026674805
0.495635471478
0.670391242888
0.480268863737
0.569763482477
0.512296933252
0.37887031852
0.613980302502
0.502475152809
0.486712793948
0.445984703039
0.603261100066
0.530688336398
0.521975557763
0.501524385018
0.512413533697
0.610876887625
0.581068001348
0.44443344634
0.749114964452
0.755630770846
0.569590677596
0.713913295949
0.479111373597
0.683780551511
0.614188633837
0.436926869016
0.637303826185
0.698017981341
0.698542040264
0.544135849967
0.49686379442
0.563320040359
0.454176158872
0.415138608696
0.496802619088
0.631589621546
0.682190183376
0.431747930964
0.463304049933
0.433757736014
0.513148483694
0.61969851854
0.574684817555
0.535496271818
0.775605814013
0.655282069419
0.518087526006
0.594270943738
0.817541150166
0.587707873617
0.610447876565
0.597106742851
0.545314232617
0.471145615107
0.299525182568
0.580053557999
0.442702527333
0.618918710923
0.601507502829
0.660501612337
0.515190032109
0.809168331424
0.449023713909
0.404721656773
0.467126874902
0.73244994246
0.992785425172
0.776827642847
0.781257158582
0.524272931952
0.394588219119
0.428554127927
0.654190814877
0.700456038473
0.506511836163
0.468100931206
0.904565512372
0.663307216539
0.738929755186
0.596636585736
0.578715588455
0.76246634342
0.548214456155
0.348321189962
0.700643089041
0.399727076792
0.618851374904
0.743054113469
0.590679959518
0.651082859386
0.520780670082
0.563047884605
0.499604590715
0.533496038868
0.596413720915
0.616086750136
0.624896391641
0.712085180795
0.957172707249
0.66081086846
0.711590380135
0.788428434212
0.507952432794
0.664179553223
0.477586658992
0.683015589616
0.487338558662
0.484906880572
0.663649710237
0.551339015476
0.756142719956
0.60518443032
0.577699664388
0.745821033342
0.479675632944
0.701635746123
0.473651849474
0.629320345648
0.60990862661
0.646969555054
0.787846576133
0.693463839365
0.609179713814
0.4897772342
0.504121223664
0.539924433075
0.567520915669
0.536277893483
0.615661000259
0.553873519781
0.502992630884
0.455719238002
0.62794976915
0.480101660194
0.579349554533
0.621524105228
0.628551357898
0.52687737086
0.541311549873
0.496719349585
0.698938725983
0.749901010937
0.623527209196
0.490738690646
0.677601228087
0.395296481028
0.550817995258
0.688317955203
0.490746034306
0.586227051388
0.665659168308
0.49109282088
0.615669319382
0.623935008389
0.497535310769
0.469493874966
0.534042797725
0.498535612888
0.345463292767
0.665114415263
0.547336314316
0.582237868207
0.636376977133
0.603440544476
0.689658813047
0.426005327083
0.64027498621
0.61303457776
0.615355307785
0.473074541991
0.598233542687
0.556444264555
0.460427370971
0.586873824612
0.4247930483
0.581110851411
0.754964297934
0.454279599448
0.545635580932
0.648454484695
0.503169614956
0.474163513665
0.514464565468
0.719423787147
0.584596849307
0.572149331218
0.358301235603
0.534922995259
0.706172326057
0.523760114516
0.45788179002
0.631929820037
0.52556613708
0.427431281656
0.494824654643
0.5306467541
0.66437435941
0.600710085219
0.405886536328
0.526736242483
0.403877705731
0.49143939636
0.490947433544
0.613716036569
0.597996208742
0.442132611596
0.524728561703
0.459536300311
0.518232118626
0.642431844941
0.453581967685
0.593819897053
0.463948229328
0.526338974901
0.578865452297
0.60109351073
0.654154259483
0.710311562189
0.5848306473
0.571582333958
0.680634253504
0.733543224014
0.543564123082
0.429119951985
0.604954768585
0.583825594145
0.400222264249
0.622792790906
0.57258895661
0.633861939233
0.77423756262
0.658708685695
0.347644498538
0.5797718159
0.717085331942
0.547561274923
0.636872710685
0.360894655594
0.7245849648
0.400525955089
0.638394252323
0.30946415027
0.45371921046
0.690625169129
0.487580705186
0.507842800282
0.534126232765
0.442155432566
0.567468354214
0.742818936252
0.681353397887
0.487283848151
0.421063908157
0.389493457002
0.749812047106
0.435672053548
0.614637673658
0.735418756125
0.529870286908
0.619145610458
0.591837397224
0.448955189585
0.646668672127
0.819295895683
0.964361186495
0.542160670258
0.680725966175
0.664940334132
0.529001729544
0.413578939632
0.52299576484
0.873601127927
0.641185390028
0.459802813044
0.695999085994
0.787481595319
0.575644829785
0.504291208827
0.501126532218
0.544953968236
0.552031132072
0.75262822438
0.424545680496
0.524398190924
0.567036639403
0.408144605139
0.676809367467
0.361731170113
0.648784862033
0.547284322189
0.556715724116
0.784530319037
0.447238552494
0.422746470805
0.436806135716
0.691155553026
0.629666554804
0.644253842596
0.972456294734
0.551496578403
0.843118241745
0.661327782164
0.583612751149
0.607649902842
0.427335872257
0.388236655257
0.629286824867
0.69750218803
0.505169651959
0.532488222193
0.500487137462
0.633315375942
0.677408448368
0.563787254746
0.656424678517
0.748645687134
0.528207130665
0.512240445465
0.530922778591
0.472162189194
0.490086093128
0.812768903659
0.530431814276
0.543608410199
0.547368103842
0.494817124519
0.666741625914
0.678134559427
0.55488493948
0.51388961127
0.561085699898
0.524772315792
0.614462490148
0.447026031998
0.502804860985
0.647060531642
0.668934789451
0.711059217509
0.62344774418
0.638679933873
0.797674341626
0.679391908227
0.289840671007
0.582737623692
0.617009485515
0.640003894033
0.585967814187
0.66754504048
0.786458057425
0.475827083951
0.616721141894
0.585429299543
0.379088697183
0.651084569942
0.583999169477
0.583376796711
0.93400585451
0.593318268546
0.772402633649
0.724841080781
0.537213183392
0.489610386682
0.546575830447
0.664670987523
0.419620472628
0.56246936836
0.613924575909
0.548777062932
0.458349113509
0.54329527124
0.672277974393
0.663190883343
0.398989875668
0.358918827008
0.908294958195
0.518130050931
0.813384528711
0.581655608952
0.749367496902
0.713358376667
0.780628146991
0.558510328143
0.796927358247
0.425621148167
0.80884949679
0.875544016953
0.628595514335
0.544047313119
0.504090663259
0.750214542666
0.665284183229
0.456121061464
0.92695047011
0.53444599081
0.492053563014
0.550285260416
0.518957187573
0.925135037659
0.584820590104
0.444075678072
0.609190187675
0.612854950479
0.639070684912
0.490160125428
0.766287738847
0.497765243199
0.599597108175
0.918889952314
0.730911633874
0.637028853845
0.564991044459
0.526597604981
0.648752993635
0.498295917526
0.61997754415
0.634987228556
0.808603739264
0.759731335708
0.890217474817
0.470435503867
0.913393481518
0.685201019392
0.464544131884
0.393102643181
0.50890533052
0.695604196828
0.594735841801
0.65368129414
0.627589313348
0.584535990657
0.500311026351
0.703743044268
0.457676736667
0.507803029866
0.420424053973
0.763855600489
0.592919504823
0.805774703206
0.610610282349
0.982747548448
0.676054254583
0.74812562647
0.461108461049
0.733043482231
0.65275362711
0.534687375525
0.610308319052
0.434119986371
0.450528152167
0.584654893561
0.519534244174
0.631242889438
0.796280630858
0.571320087813
0.516854780292
0.692514986675
0.562042696745
0.470190360563
0.848295160331
0.870812164718
0.486625666544
0.424096292246
0.716350675271
0.52594411371
0.45421543847
0.691927825402
0.532599753372
0.68828280673
0.799711240122
0.639628371335
0.474383788422
0.618911629131
0.661946962573
0.538995521863
0.506239586113
0.56462507079
0.557930331883
0.591959489144
0.613339301599
0.578701291422
0.475035671533
0.448230353497
0.552022075321
0.406698053243
0.62148187626
0.479757178014
0.551021653096
0.588902918293
0.60076792334
0.631379106176
0.456221752843
0.38079671004
0.53320504766
0.628629793757
0.707574213356
0.504665097999
0.397178556208
0.566693889106
0.594821433828
0.437071524393
0.685269621144
0.797112425091
0.405831522753
0.633434716046
0.564692632454
0.670796799453
0.608859215108
0.415946345088
0.451744691816
0.518665557931
0.597371992132
0.65403481528
0.513470150069
0.401260722873
0.66181455804
0.646771463151
0.604045388346
0.618028116143
0.681424743879
0.621156941662
0.543130384222
0.725339960897
0.770117242588
0.578915180112
0.490881419132
0.413123339909
0.519649599426
0.654405845216
0.623890169089
0.603708070903
0.497467542007
0.729737757868
0.638921690312
0.435791521239
0.632583740632
0.598229157123
0.517908177466
0.642024611328
0.563576166933
0.550799428472
0.581007913216
0.585412022611
0.582460086725
0.536534480616
0.630409666795
0.512746307013
0.473676333935
0.578327397353
0.497218128364
0.482418070882
0.467362502559
0.544480794846
0.665982860812
0.573696877011
0.565920378923
0.359699951548
0.458240273872
0.578471927888
0.428529122225
0.577382036848
0.439164626338
0.550770019539
0.362866593827
0.539683448696
0.42444247333
0.594885910181
0.589009454415
0.539587714954
0.497875255987
0.632716774002
0.480889521788
0.652760336706
0.43659903912
0.549262658228
0.698410458649
0.550665719875
0.47121340776
0.677714143222
0.535519668026
0.57407276369
0.524224993614
0.718987499195
0.472912240259
0.394570385428
0.60842816717
0.679219012236
0.622164886634
0.426248953652
0.541725191297
0.426282968049
0.472383019765
0.639520809114
0.420437523017
0.740677155679
0.554648583952
0.490999178381
0.475703348437
0.61060091163
0.53582916312
0.740946109159
0.793454179943
0.46500813415
0.732326169107
0.547167657344
0.522047690315
0.513360092843
0.614862137737
0.461486406434
0.562380647721
0.50121893641
0.530760832407
0.519877835905
0.455585689527
0.334563092717
0.574070825953
0.599699460062
0.57242385513
0.66945888055
0.479193801085
0.625552228025
0.519831559651
0.503915010901
0.488297299746
0.579047985958
0.665122040884
0.596630510845
0.549000271981
0.616788451795
0.455516462815
0.590607778927
0.538660742261
0.628238661418
0.593688953364
0.704593866846
0.513483673617
0.427832923322
0.656730659341
0.515973084417
0.538552696199
0.597514535889
0.581887334964
0.614054884967
0.569234793453
0.551957742857
0.475253177092
0.68676591139
0.717004559774
0.556642668194
0.587420403815
0.558965957161
0.698014830736
0.694429300524
0.547911236823
0.424779488192
0.571929534704
0.472852469527
0.528843506213
0.714285834332
0.472696169109
0.658207156363
0.568255928058
0.623791446826
0.522030428254
0.45434243016
0.576115301066
0.519570586482
0.566097756107
0.675782557167
0.553486930765
0.329591464393
0.470233530416
0.468060386797
0.549532436117
0.614664171238
0.542388396362
0.645718629188
0.733528984609
0.54771261164
0.659438693953
0.540553259404
0.554258677751
0.334403478468
0.388290120131
0.48506052297
0.526877047014
0.464011900298
0.568266824456
0.573059397295
0.683064054971
0.454289027569
0.544198110895
0.502722686054
0.375534972317
0.467791497777
0.631065200996
0.460049004323
0.486092647455
0.72313448636
0.482054180575
0.674845101085
0.520607971186
0.432450060041
0.63761042392
0.45064410353
0.533861080527
0.865097283903
0.632273461281
0.525865835325
0.384029870379
0.474521225322
0.516864600713
0.657766369326
0.513415780567
0.608055945172
0.415370175487
0.518919656977
0.605632057045
0.658026660738
0.539273944318
0.563197519773
0.442649658706
0.357670324
0.645928550544
0.652336394681
0.611918722089
0.642257885263
0.855663707057
0.638635815289
0.481071104123
0.406007764906
0.555710778157
0.678092757806
0.495819091442
0.53933102366
0.632249625573
0.726328141976
0.584714310515
0.495334476415
0.473744394746
0.54975889878
0.63588509642
0.418989584049
0.540880727238
0.628636262832
0.678898740529
0.539042142349
0.532781963609
0.39270833286
0.65425785938
0.452965341552
0.61330732141
0.457562648608
0.398536131532
0.716894282389
0.451291670336
0.497797296394
0.560047057448
0.432690467428
0.646981977533
0.61859215411
0.342563184896
0.443381843077
0.524726168904
0.607216529516
0.590739980044
0.477543380486
0.453737433013
0.476543078586
0.606397521841
0.703517899971
0.592547956864
0.616638996919
0.639826348918
0.61883645683
0.538156665213
0.453745807114
0.611658483124
0.541031538048
0.511769119796
0.659070079875
0.4587910305
0.494379759349
0.57454613227
0.488906143289
0.593212232388
0.568470643383
0.61167714
0.439325061708
0.407309278649
0.467238307104
0.629400687551
0.592656256911
0.46610870285
0.636467213844
0.463394114755
0.5589347996
0.811711956755
0.741956728396
0.514112946937
0.4334519097
0.608777485029
0.574701570073
0.483273441169
0.546004442254
0.352343200503
0.590110230499
0.590036821028
0.589001649618
0.448146226396
0.426895608271
0.457635605484
0.576983623859
0.471250502791
0.578718986353
0.496048571136
0.621353223078
0.596421563384
0.517356834868
0.342921119391
0.429973477547
0.531603609136
0.432609394722
0.600255792269
0.49402091416
0.828884443686
0.381576421856
0.34525261586
0.685994016678
0.6589052304
0.672602710997
0.538404210024
0.574324984477
0.511939724059
0.629765443629
0.474681446939
0.64116207642
0.541438325307
0.565870178452
0.486062522931
0.595412576329
0.575028731901
0.619922992099
0.51164029904
0.504114163785
0.697970344906
0.528225926186
0.495331845358
0.549629560483
0.482589285487
0.477291931044
0.684830486506
0.656780094306
0.528000395599
0.503358208707
0.636888371979
0.681315201858
0.66623206724
0.699741372662
0.517731337202
0.472368124085
0.578016853832
0.44906338325
0.384436491194
0.438233031796
0.658911843659
0.444786714318
0.521975615218
0.526748676246
0.509208048098
0.598932117311
0.524303607852
0.493409326113
0.4943957558
0.623500713787
0.619269469476
0.560574523051
0.460819118893
0.516139523214
0.43090825568
0.381101904175
0.526473165122
0.538713417459
0.527481892779
0.42525853873
0.696179073289
0.663448309292
0.581508805824
0.535766362729
0.565956992894
0.524738695046
0.635895852786
0.638771342931
0.531720934765
0.352850838229
0.758952648939
0.501987163834
0.615987533432
0.427696399903
0.532782853445
0.714683878346
0.672927300912
0.373213775588
0.534975967589
0.623131662901
0.635920821468
0.631239428475
0.544708829845
0.562448072192
0.567937785661
0.527337386606
0.511453143121
0.568375842281
0.442187416044
0.648293193009
0.473754617627
0.510221792654
0.562178957347
0.524955321393
0.555460307561
0.392117906477
0.553319215575
0.566209523184
0.392504707867
0.522712352246
0.580381951423
0.521086818843
0.385806386065
0.355690036993
0.524842179942
0.514602196004
0.58648985799
0.571478953135
0.494405518453
0.466595303076
0.415516893876
0.703596138574
0.382531503605
0.478143035289
0.467416497403
0.654826912539
0.437181887088
0.527252026494
0.700180267508
0.431466806612
0.590216078915
0.526491150202
0.705769725792
0.501590863071
0.702485379839
0.430141688084
0.765499949418
0.450229042493
0.614232137111
0.672588710743
0.388418519504
0.566004346848
0.822309728846
0.783502840252
0.643031144248
0.459958880072
0.511866495172
0.447563812316
0.717103377041
0.42686336455
0.536372992796
0.577666481262
0.622730080881
0.539448908077
0.461460125173
0.536179846475
0.678268879317
0.457691049405
0.566490317216
0.71963894833
0.638652392826
0.451402165373
0.515694978945
0.540336321347
0.601249510666
0.641744610825
0.775555547785
0.629426121042
0.67723685693
0.498032502055
0.372369013507
0.718113862052
0.50067314209
0.696779055087
0.473466284585
0.510144384552
0.489809168366
0.538402233032
0.541703484237
0.511107614856
0.57609982231
0.62716555831
0.591198217825
0.551217143222
0.603917287728
0.605960361397
0.721778359642
0.778358505001
0.832271116937
0.558615329582
0.517098861216
0.706114077258
0.390249478683
0.452291733874
0.91355428915
0.556629115225
0.524610348461
0.637855262551
0.540646831125
0.752268974019
0.496526673293
0.551326580601
0.621877865362
0.512321620111
0.565552131454
0.762124060981
0.531595596182
0.630514019139
0.547962837518
0.890694474503
0.515415424694
0.568855777454
0.506596034815
0.496555400983
0.567144693818
0.457826796633
0.62777911212
0.485796261612
0.600997654682
0.803108816749
0.505922732515
0.637304312134
0.495828663279
0.642835848936
0.744908902694
0.441772476364
0.63641027482
0.904715453144
0.321348464494
0.384549485892
0.582052810455
0.594623744341
0.740521114822
0.686115891466
0.462460641476
0.641624179356
0.605087279436
0.471150815325
0.642252020309
0.700954984996
0.452488659603
0.595274205617
0.58190512208
0.512020081841
0.514933802046
0.711496016403
0.679020618751
0.582648609023
0.553968033271
0.639563895759
0.394381967838
0.62698701414
0.523977422888
0.567507995352
0.597369461182
0.831817930803
0.682309731407
0.510894192404
0.510954289399
0.693471169477
0.550808535503
0.69629354172
0.632186226378
0.630075331814
0.579524036122
0.563411714724
0.538773019334
0.703035595189
0.636651239937
0.531872988466
0.69076400792
0.693336099246
0.528675350379
0.597316898942
0.805371197856
0.653634459168
0.655895906971
0.514682304485
0.486331193366
0.507062344517
0.449393755698
0.547667767725
0.631988960755
0.705416225534
0.28336562746
0.565822729518
0.55656278941
0.681788017657
0.600298438695
0.63188460402
0.590003234099
0.604821357572
0.660625224986
0.596944092714
0.659661387598
0.517782839875
0.487961729055
0.427716907231
0.716334397753
0.678672496852
0.71847364445
0.475264414564
0.518189729185
0.461142105565
0.479715876654
0.616248076806
0.669372622816
0.483072833543
0.269472899197
0.530891403851
0.502512067818
0.59382248734
0.655235584363
0.530611870026
0.655493017258
0.54325681963
0.474717801435
0.461076296931
0.500102086762
0.893574761328
0.640812197159
0.399584424322
0.529849617489
0.589249408762
0.538719769775
0.694438658212
0.541540136532
0.602548222098
0.635089205411
0.502469354098
0.567948777364
0.641900503578
0.509713621468
0.418931650028
0.580921054451
0.451462272493
0.578940046371
0.509139016484
0.941594099348
0.673273852836
0.458769178282
0.519091534028
0.515303979193
0.478686811681
0.417597393582
0.627358800295
0.52041610628
0.712904104277
0.458691021503
0.703670926399
0.565460836637
0.815686512618
0.589859301192
0.73921106948
0.505578854892
0.502831784035
0.740077476511
0.610751835529
0.415525344365
0.550654005365
0.54308406509
0.635078264709
0.874165012344
0.441851987011
0.697760878457
0.612338003127
0.567056180578
0.631675034296
0.41223630139
0.434404052836
0.353216493728
0.51876398725
0.466965542311
0.294391499434
0.473610410471
0.476500275135
0.607296475999
0.406656304161
0.573859399729
0.436758361932
0.439294461954
0.690939056836
0.479014104031
0.672777596169
0.45546684014
0.561275967005
0.605389334639
0.766802972752
0.386309567009
0.485820967414
0.570750759628
0.465277371637
0.54097009625
0.457513518426
0.837313631217
0.555573514715
0.55452510662
0.416886073195
0.568388774817
0.396084891656
0.529045749777
0.595824869473
0.524671611295
0.430176638163
0.598912662011
0.535118953561
0.521372859421
0.458276164878
0.601953844506
0.548168940233
0.568693877492
0.494730319241
0.470833024568
0.513174710192
0.483912341043
0.335695534065
0.510212086181
0.534070177374
0.674144309014
0.508494804105
0.653813050894
0.440848146329
0.535767927581
0.513376226423
0.484972298738
0.456172554645
0.61718397325
0.6237302994
0.562074738635
0.548615820496
0.569864530279
0.453432420198
0.550943817006
0.543503924027
0.573544139154
0.614217977359
0.300855929497
0.573580727059
0.76885730677
0.680488810112
0.369496429493
0.548545321851
0.644686092782
0.428571746228
0.610465184556
0.657309399675
0.665355318872
0.62555711585
0.608116281607
0.602114577773
0.596249279053
0.437164415152
0.521510025372
0.534595752266
0.5412452585
0.562303651659
0.625580904517
0.581875718604
0.666894026648
0.517522633032
0.43505205709
0.678217889995
0.398821087767
0.591561724427
0.568635218477
0.65073045491
0.663058957111
0.542013470404
0.69935880755
0.587624628114
0.592756550764
0.640006383024
0.33670369507
0.537557240672
0.635865776491
0.492321727917
0.639101680522
0.572109598676
0.610186477111
0.766656816919
0.294598426574
0.413937895393
0.53482497524
0.397217095762
0.374207081877
0.473290497389
0.553873317019
0.439123089937
0.414387782906
0.518959110014
0.650361768348
0.675795192267
0.551973282295
0.700769571142
0.504829731297
0.729428640496
0.460732361727
0.600214768942
0.567277138413
0.619856587089
0.52982245598
0.642360361179
0.672136558527
0.590316685677
0.537957052717
0.621098428615
0.654886734377
0.600979955541
0.620145115716
0.432734883367
0.505835171658
0.696003724708
0.508271860065
0.521718479226
0.312568190184
0.583309418949
0.53198231736
0.46800010847
0.638821481475
0.465652967519
0.472234166519
0.541979903748
0.425062508795
0.618942910092
0.604966709845
0.633742507878
0.529238476929
0.506235828264
0.531140600746
0.611154590523
0.635265534105
0.613706291043
0.529947671695
0.505044599281
0.639908313561
0.437814775834
0.450152546491
0.620437147963
0.547549800246
0.632285675143
0.584082969238
0.562586441315
0.705575039591
0.5015772494
0.505619653734
0.68167988156
0.510303168421
0.643637803033
0.478128500685
0.73752497545
0.468661116959
0.53664167289
0.356554443513
0.41752350143
0.495202614329
0.506141035888
0.492764827561
0.488380002987
0.561889345266
0.436716707262
0.6210982055
0.603628723828
0.654130345323
0.481499823505
0.511478084348
0.447281496381
0.611105197634
0.476935817193
0.498648850814
0.571948513631
0.56768175256
0.629171863471
0.715874580084
0.640783774266
0.655949251258
0.646813854104
0.595234093266
0.630454901332
0.636476876483
0.466270872326
0.609470564632
0.577734082375
0.677683938208
0.403433621575
0.567331295763
0.554492477246
0.685470768186
0.555649211941
0.688502956955
0.733067376692
0.495059619461
0.582821241308
0.627575416825
0.553435108759
0.62181302266
0.456395070895
0.508834100223
0.618580717177
0.540403850399
0.645824460427
0.409766327339
0.513690972525
0.567098783039
0.570585068528
0.596387199031
0.666604664726
0.703089582857
0.558388811543
0.652754684122
0.525716777584
0.479897767198
0.494671024836
0.40404371942
0.440694176597
0.64214042151
0.642133767665
0.633121604423
0.517348183713
0.696376923564
0.548319047268
0.608065704852
0.578828733648
0.679839540025
0.674357149137
0.480837526599
nan
0.616851801076
0.643124541428
0.570151547576
0.577487670051
0.646080235228
0.564533609579
0.497837640322
0.469849182937
0.395356056033
0.478270546056
0.78251202765
0.657585720878
0.982399994365
0.757798334011
0.60582465441
0.488906810766
0.711807009
0.669780028391
0.806609580681
0.404750289084
0.469484053362
0.465140969612
0.602736273265
0.60248189184
0.545547909405
0.730041034092
0.439576302523
0.562046063779
0.541641385644
0.529556898607
0.524682507632
0.686824873658
0.662225790709
0.412926702644
0.67197418211
0.559289133391
0.581442854798
0.560799511817
0.71047063952
0.624361711573
0.885429000652
0.515275460398
0.715857822955
0.597760765683
0.796487027946
0.610886992263
0.685498040003
0.589196230702
0.564552401776
0.565087361426
0.480802279467
0.589270582181
0.680298501424
0.702836195472
0.5497349603
0.591294812411
0.758131796598
0.563178050282
0.658766934745
0.434262565338
0.591842357681
0.763144953231
0.600576406519
0.648012322617
0.681458035068
0.666007101118
0.472630731117
0.585761895295
0.795965958715
0.617340134739
0.528238235914
0.450922770884
0.601945093214
0.384117220447
0.614196199656
0.658661816334
0.596762680836
0.82479760827
0.520001159595
0.780139845729
0.459180267108
0.530399219258
0.450632821749
0.539499187225
0.447612411097
0.666684032224
0.577285204161
0.511009295675
0.460039885268
0.326101421542
0.472354740598
0.545148664684
0.626162235583
0.522521006367
0.579828375892
0.766699561234
0.473287215582
0.499683780673
0.609481294088
0.574935904883
0.516093611777
1.12272275115
0.50999346162
0.496574256349
0.52325654077
0.506024028736
0.777483210882
0.517500638051
0.616949460085
0.541677255998
0.519317506616
0.69228504915
0.507556125826
0.556712917951
0.513466628062
0.47181868321
0.688059872141
0.499491507162
0.405960365929
0.576391805564
0.54547017488
0.581839317227
0.696645158357
0.674195599821
0.670451214144
0.568083233032
0.581611212479
0.593773027904
0.640831402289
0.569853412203
0.65475074375
0.538892129718
0.509264527784
0.432764803337
0.657029069675
0.530213038209
0.663201368934
0.571127689714
0.545892633823
0.59083107626
0.410453118484
0.676911289428
0.620330149082
0.644246757316
0.668007035891
0.437252150254
0.487881335259
0.609531285789
0.54854907935
0.677637413969
0.522971962802
0.53559529122
0.402971796685
0.424463801739
0.84811738964
0.432942169393
0.591081143642
0.67000145894
0.461291392839
0.499425042089
0.651212649546
0.425993268432
0.453903861254
0.649857270042
0.546092379222
0.581563169739
0.638174893254
0.826588929496
0.374225371036
0.451806389737
0.62166155486
0.497127082579
0.645112148113
0.473917810935
0.623191883778
0.637958308664
0.558882391409
0.397230291648
0.622517061944
0.701866516567
0.687359202206
0.572367195218
0.592047913105
0.758164637886
0.46295608741
0.521332743253
0.614713684653
0.640268712205
0.530205305544
0.699712844005
0.541417038114
0.460407962196
0.711496557214
0.614715850864
0.492862532527
0.524711674217
0.373437128329
0.487100187619
0.662284522319
0.649490772836
0.426828842432
0.732214313869
0.45013778828
0.467825108373
0.493362716663
0.483861161357
0.396582195759
0.690512003041
0.577614763233
0.599429100736
0.491868639091
0.707674554158
0.642886543586
0.452659783703
0.748332916534
0.680787799317
0.65346387469
0.638303054633
0.691000798941
0.55212323768
0.572208974597
0.65863797913
0.666268514451
0.873853196613
0.514973856947
0.447616639041
0.659726861985
0.359678004629
0.802713608604
0.833286194026
0.935846146916
0.384054009658
0.598571370719
0.626507442013
0.625378392321
0.68828862598
0.341956127972
0.611135761634
0.663410277033
0.443909817642
0.502599236575
0.620677777042
0.329132117374
0.660317989121
0.656433060723
0.574307726851
0.612931239996
0.789236912042
0.66071285363
0.595712194214
0.653572800086
0.605070584117
0.533393558876
0.610651251321
0.589228800195
0.444677217961
0.523993813736
0.708631253337
0.503687986686
0.699852187328
0.36381050786
0.79906851961
0.452852118735
0.702122717304
0.534073010438
0.579590186167
0.576252489846
0.540405913219
0.788831149551
0.547621631361
0.571959511883
0.679486284081
0.578514790355
0.492829647994
0.607020438299
0.540756154765
0.51793699281
0.511856944919
0.544976335084
0.449441217067
0.663974842942
0.478605380906
0.526487794337
0.420575554616
0.762337063846
0.598048101285
0.570464678697
0.636839385713
0.692625974189
0.799170519889
0.46460000625
0.582402236825
0.374661370153
0.784846356748
0.705770639993
0.611725552954
0.679664914915
0.507520408651
0.610538106725
0.597730306834
0.809826585422
0.684692295437
0.683679669032
0.506750262922
0.619288788145
0.56055384381
0.42924065468
0.453817415856
0.751827662865
0.650697891349
0.687881312061
0.581932054761
0.452080253496
0.632497462522
0.487233762585
0.573729423709
0.356274024534
0.53632664068
0.565744084873
0.83861978635
0.36108229669
0.463029423469
0.863133310591
0.723745424462
0.799439144787
0.568938689863
0.459385219232
0.47515227922
0.797901528914
0.399721142904
0.664301775218
0.37507344097
0.671734668281
0.634782968056
0.682504922761
0.613917253531
0.549894902552
0.524600760636
0.65655422032
0.47613099423
0.574620620967
0.465000315652
0.598571751397
0.46164150648
0.462462321441
0.684735275312
0.603573974347
0.783439446863
0.693359618459
0.744128542506
0.49853960658
0.519428460254
0.453387232145
0.895322694746
0.742559115233
0.64008059844
0.708426050637
0.487921007485
0.570314714658
0.641805382416
0.420280833395
0.583883612955
0.581042155427
0.51030600049
0.667221568934
0.700520381252
0.45169186616
0.594252892119
0.810349002723
0.493384594579
0.520434824593
0.533732309641
0.547391274424
0.534893919648
0.624332603669
0.519800072191
0.499992423326
0.586651576846
0.517786748893
0.615228811795
0.558161622087
0.679490372729
0.587834617668
0.659610926129
0.683571363852
0.680238056597
0.643224850993
0.525715483636
0.4655929539
0.53794554421
0.333945686138
0.573023304965
0.464594944436
0.556104726217
0.460943143394
0.551540874192
0.65905754401
0.538637709415
0.620967906037
0.49700055038
0.609719797618
0.410483083825
0.761459686385
0.682880026905
0.583987752057
0.591182217093
0.58218220216
0.508282712675
0.606508946
0.36789517499
0.399575517191
0.573876594447
0.306264154742
0.469787941866
0.63274758995
0.526839845334
0.744184505844
0.485760948857
0.571326042702
0.541207345073
0.697607421367
0.999853666717
0.805371234426
0.840256115703
0.466143378727
0.449682524391
0.628630103142
0.81167448289
0.608103766588
0.8937240138
0.598079033421
0.65210025993
0.59063960772
0.691475120064
0.744359382382
0.649651748254
0.513714635092
0.571547026428
0.503998759308
0.64206203361
0.599875609561
0.657767063847
0.426023863514
0.495333822983
0.62337568192
0.603223635877
0.635782139945
0.567839386813
0.667344241938
0.490321645993
0.527728217638
0.448441151757
0.657900394257
0.477631533794
0.589645709672
0.680117612845
0.563167944963
0.831520456705
0.528734779836
0.401207819729
0.639915341036
0.650189595395
0.509533106799
0.661868052765
0.418150675295
0.781350143946
0.511479360639
0.652951319708
0.636098043802
0.60051903375
0.567092174477
0.603136185828
0.640348089265
0.524530657729
0.544866554386
0.94655326983
0.774709840659
0.701950386472
0.463082943251
0.487701597126
0.737618928158
0.515494470734
0.677259802126
0.650598010897
0.682313006373
0.553481014248
0.556589833814
0.55568037343
0.489396309555
0.617795514015
0.473472966978
0.653498601344
0.534959040621
0.527234385383
0.549183117611
0.747858426089
0.881110250766
0.498651300556
0.449169131638
0.595130049665
0.770113799763
0.532301410688
0.686846486857
0.55806554446
0.641644808431
0.479991315372
0.618375933685
0.492640905279
0.566107286289
0.372174067784
0.510226550384
0.41060993361
0.503025772772
0.698803693991
0.499353042304
0.644875008348
0.601831783782
0.521061319639
0.641838965147
0.657089554131
0.605791176187
0.646026953333
0.488489557958
0.510836658637
0.546495171131
0.482928192943
0.776752332984
0.733709952123
0.48758446422
0.391618221639
0.513545932137
0.681421233063
0.773684174452
0.565146246412
0.445178675223
0.649779566823
0.504149066928
0.585120220192
0.504467117255
0.530236381136
0.699231995009
0.681343763968
0.570917166803
0.667667561727
0.582879855503
0.402695422082
0.489415974856
0.601682664082
0.512744959907
0.726429424866
0.507559643576
0.507878832988
0.450295159663
0.668746991728
0.441147182286
0.655775718535
0.649009662884
0.811503504856
0.53339292882
0.604279462439
0.573699075026
0.557431139269
0.508135806478
0.454761945579
0.772048546579
0.551519383833
0.681226069044
0.547430825102
1.11403635665
0.436904714963
0.460062644266
0.649630432574
0.653519759499
0.765378301296
0.461356816675
0.57929259028
0.678857725657
0.456866959218
0.554699295193
0.49956391295
0.618865830573
0.508066080952
0.552218148265
0.578187452105
0.485989468274
0.461852207534
0.576368610869
0.602485334667
0.611478312307
0.529263443724
0.561557037681
0.764663840167
0.494086105614
0.464140674946
0.478340176629
0.589734246914
0.410352365099
0.454647358225
0.779150294611
0.461958431811
0.697563012042
0.475060305925
0.589197538547
0.521390637975
0.603113353847
0.650468481438
0.586822604437
0.601412158743
0.653480429597
0.494377864343
0.650098420747
0.630397524714
0.59122491419
0.6936334765
0.501372128841
0.538771656162
0.590649962374
0.679843449073
0.618595984126
0.45151599199
0.592061666838
0.570160169669
0.515865222154
0.483711391839
0.400042436266
0.355243435314
0.532815765365
0.631554622933
0.323556983241
0.637033786391
0.593701893759
0.663344517216
0.643073746527
0.652205525925
0.740596026682
0.619575929233
0.645941805966
0.567604970174
0.508207042541
0.562239515656
0.502067179065
0.590273205343
0.864600347856
0.73843097744
0.642342274686
0.511387587867
0.532437829945
0.395801656315
0.602781024167
0.616686573997
0.348575656594
0.538024323899
0.74988340462
0.488476855841
0.591448608806
0.530418789996
0.432563081295
0.470697438412
0.685627460263
0.481206227441
0.557592714461
0.701190279505
0.560744624538
0.565241011621
0.614142682689
0.420915090733
0.635340114349
0.616698351314
0.579389993522
0.432502072065
0.474596443443
0.570656723836
0.456267430976
0.566149297506
0.426597862191
0.585227747207
0.487485667506
0.56650214524
0.533696635704
0.628114979819
0.41390886318
0.534802265644
0.441787716205
0.794690924436
0.603455967467
0.632071619963
0.54827965889
0.492621312737
0.678019853164
0.548500509107
0.5812342971
0.457996163696
0.632142976146
0.446705035549
0.657267555133
0.520963176894
0.661311229308
0.431816038294
0.434270170853
0.610012017889
0.558536230865
0.581504296145
0.503991543528
0.625782720563
0.601046541705
0.392834228693
0.371970340688
0.630775017063
0.402675182995
0.552244237044
0.731458347652
0.530088444933
0.446159374834
0.497290008402
0.467407068037
0.533519646087
0.559580347531
0.543511409201
0.65305750004
0.472145708631
0.58710324149
0.441535190437
0.525157397424
0.89574315252
0.473823797932
0.613644004057
0.570164608244
0.606622069353
0.494331586239
0.504447304559
0.475112693396
0.439654644981
0.421260023734
0.430505695604
0.519936436232
0.499574131628
0.579506512516
0.604559045068
0.574438965794
0.551328437126
0.541670208728
0.537538761759
0.570047007176
0.506029645092
0.491198154898
0.700633316571
0.532221002414
0.686888119149
0.628084671064
0.751882401099
0.558017103486
0.674781308865
0.452681057698
0.475285418669
0.525364773532
0.689781131402
0.581224924715
0.42011603352
0.433089530065
0.470831778149
0.49285014833
0.40538203986
0.644225092561
0.478041963156
0.568844028735
0.614944099328
0.605062930071
0.552152530684
0.383328651726
0.617858386706
0.520226811202
0.72259456412
0.55090206739
0.646793201391
0.51719097116
0.5934332305
0.528170570682
0.479398270418
0.531773293461
0.673270424361
0.435968956955
0.511777011395
0.272629584771
0.730441205151
0.559865171786
0.523573718569
0.611281239498
0.802388763217
0.510218734749
0.454138898434
0.446465665301
0.604036914658
0.593481367126
0.577353893239
0.681589881345
0.631402282576
0.676393419843
0.649024489367
0.454219169681
0.655485083454
0.52304778148
0.513297263053
0.556716636485
0.596821209866
0.396515729025
0.508382969188
0.557104234895
0.600533465306
0.561126127514
0.664189818916
0.689804509166
0.503624912576
0.455301516244
0.469588886243
0.743582874047
0.551898766679
0.575932083985
0.645932567555
0.567154184739
0.480158109108
0.552649756102
0.602098865973
0.70544705132
0.350544821165
0.592127690517
0.567754971544
0.685541468911
0.61663049599
0.405098036342
0.76382226187
0.588798877323
0.62270387032
0.608866069013
0.66004485722
0.575258991577
0.802398853258
0.37938678088
0.5728570726
0.569881504251
0.503900317832
0.504100631738
0.683430140755
0.664175589344
0.763364673585
0.738620735618
0.346013575903
0.541632101281
0.747635316284
0.412626730513
0.609721597901
0.442192014611
0.570020897665
0.522347595292
0.458639802038
0.504478610302
0.581222986994
0.523001756208
0.476083877466
0.659778012202
0.657647543097
0.630448126726
0.508297348622
0.643186460883
0.388799318679
0.572021756861
0.65558083312
0.550948818757
0.609465566718
0.647773380719
0.712117716475
0.599041246547
0.531707071594
0.497319735093
0.46240820402
0.446724653918
0.696450670332
0.638966779259
0.339046438831
0.566813675599
0.40434472113
0.477479890492
0.446567861504
0.768188303032
0.494824283114
0.514002324178
0.499440599026
0.511120399354
0.472222942817
0.615134299572
0.473582001473
0.645004202162
0.619114763893
0.543120690778
0.586372905747
0.596938859356
0.533160170839
0.595238597413
0.625228320074
0.587910788844
0.663435254146
0.625525894014
0.639873063396
0.660703657601
0.506424405243
0.975644952406
0.571814002679
0.815981394193
0.562908923857
0.618797396467
0.697182800934
0.515825047433
0.516666404998
0.697553594261
0.630236295763
0.441981947761
0.685638972512
0.571853168631
0.620662367993
0.632938402396
0.673563588833
0.481372473846
0.445162768823
0.63091671972
0.51617485621
0.483255063571
0.501185995128
0.541196691057
0.590579697839
0.50309331988
0.650200583184
0.57910330499
0.51708636748
0.484733749045
0.47901151966
0.46609507893
0.725799681591
0.707302396883
0.734327250253
0.589499938395
0.458202552179
0.440075688366
0.467668257765
0.648881132885
0.514439696767
0.55514220155
0.367240588322
0.389382376322
0.369739177959
0.451948709938
0.524582048869
0.619913095512
0.497424290172
0.580435069595
0.707362537707
0.538652283516
0.437945453328
0.621753921624
0.453947008852
0.483268224016
0.36186188703
0.630807943566
0.440106059211
0.482578952751
0.409373100515
0.688689911712
0.484189453643
0.490136488663
0.552044158
0.386958237723
0.551385424589
0.408005116259
0.502203069833
0.432599669917
0.432882357472
0.704967268933
0.682178305398
0.570585501048
0.546350310522
0.514343450345
0.656254546933
0.625802174747
0.43223786342
0.740087001834
0.652762157891
0.646688821004
0.615961940525
0.719428654323
0.631427524354
0.453660430336
0.552221069656
0.901461967775
0.398724898499
0.511154972565
0.630274561647
0.644476911847
0.465122311872
0.453248297055
0.597685686593
0.366329891093
0.569705991703
0.572528375322
0.458537630237
0.542894465019
0.579323315855
0.618091873804
0.493566323923
0.560698611224
0.641451264103
0.706541790448
0.611141357362
0.581886066382
0.593108852333
0.569418214001
0.52182189541
0.648415307399
0.35848726096
0.436234796862
0.613945961374
0.530271354018
0.510932565731
0.511177324672
0.642518734259
0.562638530552
0.560293901453
0.579052471331
0.35862482574
0.611780842052
0.556974604831
0.535362620494
0.433798228969
0.463226386589
0.632541964828
0.222357923207
0.409617080677
0.701393493
0.764972575077
0.647700436749
0.462388157542
0.732544093881
0.608914988396
0.516620295853
0.67965683391
0.598622076573
0.497786445629
0.68117555041
0.403697715988
0.570789106071
0.643742072986
0.416665840651
0.541098004894
0.594354254667
0.547085831343
0.540428387986
0.348366376752
0.552591711692
0.466620479145
0.634547261336
0.593094613483
0.402365074658
0.364745180184
0.513276050846
0.476938909827
0.55574690493
0.550896399947
0.469104982091
0.696054086035
0.436984645057
0.745921507523
0.477567947049
0.55235677982
0.579515951986
0.365133604304
0.517002455023
0.655930568134
0.446136733782
0.461501164648
0.58816045088
0.665807247169
0.535896009564
0.825409583261
0.584071749851
0.645089487422
0.614177541344
0.486176306644
0.685898001427
0.452515179018
0.512351822432
0.654118738626
0.723089226245
0.719515672163
0.492866806373
0.457620084131
0.599341844435
0.518073763225
0.745942376846
0.643534208731
0.549020994182
0.559233773955
0.426984034893
0.600847380438
0.532339487975
0.472836219209
0.530365310345
0.637344532552
0.453531417228
0.729361777844
0.427923700615
0.534341230541
0.542242856926
0.618756643671
0.507044329586
0.57445910229
0.577880326887
0.644816018988
0.402744794282
0.730679526153
0.545830952574
0.52085305449
0.387611128561
0.700926609029
0.655058538624
0.65987695804
0.564399229868
0.574653683278
0.434949564267
0.622404112453
0.471377387176
0.563409224058
0.509186475437
0.564990533475
0.519902475887
0.544762323737
0.824270969964
0.432720381569
0.529803474323
0.600554187956
0.707949181606
0.58959543667
0.672665646439
0.549296415239
0.508131877426
0.512317118898
0.574964295861
0.547262002769
0.446681024752
0.431994324096
0.553153970144
0.502241538532
0.38712643954
0.638516704848
0.41375317426
0.520281192463
0.440317150717
0.665583140526
0.4955587616
0.443649389823
0.496626969109
0.597364905995
0.60356138648
0.523011290446
0.548361582456
0.576240450418
0.810728478697
0.542481007141
0.526963342919
0.538369426205
0.447247516059
0.446636415886
0.635094909933
0.413038641142
0.510098078858
0.507883544966
0.603299737736
0.496206457206
0.655235729978
0.551647549308
0.491093631145
0.541953542803
0.79994234345
0.537912646792
0.649367214175
0.393733800236
0.509016879941
0.625936767471
0.365948373983
0.511412543871
0.563954079846
0.604633137589
0.533060234105
0.531500627894
0.597657596323
0.634689498669
0.651691588853
0.440594370983
0.597344224502
0.498483615273
0.718685949799
0.530827743419
0.540825726749
0.575195121841
0.459042563245
0.631425401817
0.66324294264
0.553049087243
0.590279925368
0.584995686319
0.621809645286
0.627687251468
0.639995347544
0.483877647033
0.691414743644
0.687614328147
0.550298603072
0.790819991086
0.518718846203
0.57321323927
0.422221023577
0.544756386725
0.558099914798
0.524702051877
0.565191630542
0.61298617732
0.439094320244
0.435151734655
0.98340928686
0.599824959345
0.605101092932
0.528187248612
0.523885965127
0.607135404488
0.525243881141
0.574058695241
0.495981363668
0.539138793732
0.567418947318
0.444671969984
0.536453533467
0.515247311716
0.689241222747
0.630660826226
0.7090332135
0.438283949659
0.578731220279
0.535279815392
0.650237041811
0.494062586785
0.527612754869
0.487582026348
0.404567159275
0.493193012936
0.585758910508
0.671494173578
0.4896451697
0.635843921158
0.470267160122
0.636296569055
0.555009449115
0.324696619869
0.340138233014
0.510874322511
0.44110223175
0.648833868382
0.64384633697
0.617301093272
0.464004974364
0.611191149438
0.541649336718
0.581006369031
0.56118968792
0.544660616417
0.528713746959
0.549253545634
0.593665253749
0.485864243607
0.674107178663
0.706607940184
0.458795260121
0.746438001036
0.432026482521
0.481597645732
0.569235284722
0.626723329698
0.533837684686
0.474503798745
0.721490197952
0.41107960458
0.574806239655
0.524725247527
0.547492218724
0.572861366958
0.612408247766
0.572973869857
0.637915681159
0.505062463648
0.614570568939
0.531365472683
0.483274223835
0.543863420302
0.529153384725
0.642231844296
0.562376098255
0.51075087256
0.531404829059
0.486762419471
0.551186091521
0.707904845544
0.481924988176
0.74067875786
0.732137707825
0.558577982971
0.778932264281
0.568749498058
0.499842304788
0.596548613855
0.405940658224
0.708665195619
0.665671925185
0.482845837179
0.742313430396
0.568121249048
0.596851123583
0.603643252244
0.444384870433
0.644781202449
0.648342997218
0.599224549915
0.47796614262
0.643690540233
0.530087716041
0.509260805216
0.763125459387
0.576871402731
0.549373737704
0.555551961501
0.448369840759
0.638959610851
0.621569302159
0.394231994501
0.56881412489
0.556908454241
0.395959782228
0.525304354389
0.554957865798
0.663840420855
0.844539692384
0.471258684026
0.385956463664
0.809208773662
0.835797980089
0.582038205998
0.665825939122
0.600999042666
0.546914309688
0.661386696363
0.493937173808
0.406339615949
0.606387447292
0.558404771865
0.487860027775
0.518596123594
0.620183300064
0.594040849037
0.739504915041
0.526994932087
0.572484653416
0.76847278513
0.725037164519
0.560385688443
0.688472004458
0.729396434743
0.607535224338
0.551020567898
0.505259963101
0.525443708336
0.52214462412
0.334762018689
0.426205364446
0.668252635914
0.599835806833
0.471953867741
0.532342473312
0.491473670172
0.583480229109
0.706993147492
0.386402802216
0.661200623846
0.532567775867
0.515847997239
0.560645532665
0.533501859084
0.582535465838
0.614219285142
0.493179161472
0.605699647354
0.574894408752
0.551103450379
0.454152270072
0.559897912079
0.523460564864
0.669855103071
0.531548522005
0.624506043222
0.553660618287
0.532976306212
0.580563112711
0.591467537032
0.466269137137
0.502679725712
0.508431842881
0.478738704384
0.63897434495
0.62043374096
0.75172149767
0.685951586315
0.614472970419
0.501569103415
0.689489661588
0.593012773705
0.560685889387
0.647725351185
0.677709516686
0.624643602359
0.457486101476
0.377793536888
0.515629509134
0.42158822641
0.468638543382
0.444719790503
0.496421931633
0.590045713378
0.452305725053
0.653856609818
0.347599528605
0.378382066041
0.677113129948
0.597040639656
0.54206760875
0.754671063915
0.595832007278
0.376665998853
0.450616898688
0.449484324109
0.468139392635
0.498017801821
0.507176702864
0.610708997613
0.61161023617
0.550435836763
0.553109609939
0.587296313787
0.465545860847
0.601801739848
0.523695965999
0.622543217372
0.539804225647
0.647139755373
0.516182080136
0.703363645133
0.548580651533
0.48481902827
0.589005828346
0.792093759282
0.516870365502
0.744035136107
0.726062982502
0.478429043473
0.621945103761
0.462016164368
0.503285332022
0.534610252768
0.498527716753
0.529506678759
0.538043964797
0.512300103769
0.561574545917
0.613296944085
0.60186808017
0.468785674172
0.589955604717
0.593052724156
0.49037932456
0.602718762023
0.5209583129
0.555572983631
0.631945276716
0.653161721676
0.527170203968
0.804017764771
0.640112893134
0.567142323909
0.838977280256
0.552902198745
0.712785065482
0.538657201557
0.465552528789
0.665116914385
0.440462724468
0.433119343931
0.578134823863
0.654057807851
0.782671839641
0.463867110625
0.585668759876
0.708755955703
0.711902869416
0.429595896117
0.686716334644
0.563704912169
0.609847264814
0.558595325373
0.555582349032
0.534054567596
0.560025465783
0.619453597485
0.482485287779
0.538789032029
0.569766884698
0.863483834799
0.609819315184
0.585360754591
0.52032659645
0.572691175991
0.66312699364
0.466586690931
0.564112420863
0.428455770369
0.553114834132
0.572561602156
0.58691099303
0.553764861517
0.675310745784
0.713809575811
0.408113436713
0.466510953242
0.583825431218
0.793877358494
0.662458799217
0.592961822746
0.503869414071
0.481710381204
0.529547711309
0.593578591045
0.640496127787
0.681514362433
0.491600763878
0.509579147992
0.540656851819
0.550560861187
0.540398660978
0.526530078002
0.56529977714
0.432154702783
0.41273795314
0.448800113324
0.447359011689
0.601646275504
0.515043344168
0.577854290701
0.484789949971
0.564324228814
0.724415817553
0.495620638973
0.552145174055
0.512179280121
0.625054035801
0.698510077978
0.610356980268
0.690187494148
0.560623499575
0.512842583743
0.544314345737
0.575260176205
0.679116817789
0.526267935904
0.51196367673
0.578837166551
0.527763859128
0.545273237691
0.569159196323
0.676009298808
0.589502030159
0.490622228402
0.647488393815
0.753133564455
0.523025783598
0.589819531218
0.541318814576
0.507957413808
0.599492173014
0.694989298857
0.746062674807
0.568634600763
0.834766001485
0.731062205625
0.686299204162
0.665926156203
0.681169646616
0.785613408919
0.536507826494
0.621335099325
0.556008084196
0.638159339988
0.725030168743
0.737341734679
0.416257704457
0.489549677977
0.507512834193
0.562565595711
0.638376381704
0.398933916663
0.468292650624
0.616084498535
0.526463090031
0.519696081016
0.610117719257
0.564229866197
0.530055502792
0.768744245792
0.79607168206
0.588811450557
0.467748818758
0.907336637546
0.577574982387
0.617144378426
0.57150695275
0.562343557889
0.531339968446
0.534557431453
0.453630964832
0.541315521558
0.42137534249
0.521488830143
0.497242485431
0.377241953671
0.428976808672
0.613218051443
0.6174013614
0.517686180062
0.572166321465
0.396099579381
0.632806988922
0.48350030418
0.690026709585
0.712052760189
0.694689141738
0.556026586869
0.461884112495
0.62736700229
0.513985044998
0.485505572881
0.356760627775
0.648772809877
0.375375907976
0.652026447991
0.550339283369
0.581943144172
0.564471360596
0.660741305766
0.628393858367
0.612884995406
0.445314584972
0.558075477166
0.616600582085
0.461622847426
0.611587071112
0.779197855449
0.773859528997
0.540658588217
0.89652683505
0.645617345706
0.541369139926
0.679056888414
0.548258193533
0.621992200578
0.401590406295
0.603688627194
0.670547862984
0.569485694912
0.416103876031
0.681291669799
0.489809442314
0.460183354075
0.547677938134
0.564890304625
0.438508312854
0.799527063983
0.587901656174
0.434380910785
0.811185175948
0.757830362189
0.835811505159
0.685238535152
0.603215239462
0.617600437494
0.674698651616
0.564805641794
0.799852794528
0.801836336983
0.437529236226
1.07177649817
0.548789972768
0.495461046195
0.485215480557
0.583567711873
0.471044021851
0.625584439749
0.740151337707
0.836772459443
0.662495477613
0.709814193983
0.461670661254
0.509350507294
0.50010247937
0.741985156358
0.933948209284
0.636467665172
0.694672500936
0.510356236276
0.592486075189
0.693857308194
0.819428199384
0.543508825927
0.779126428425
0.956980471727
0.428142796705
0.519534743513
0.685424920009
0.518747073533
0.600736600988
0.448265500528
0.705491083974
0.805515152756
0.592778855095
0.568802668257
0.516232378812
0.58981732667
0.674937925773
0.613302068225
0.688837653283
0.71868876523
0.626918020239
0.73367592889
0.929646477825
0.688119544865
0.717111047673
0.753709806563
0.683718281112
0.629190822424
0.397505458046
0.470752797153
0.705844311314
0.619622733351
0.499596507485
0.821281930145
0.510339187652
0.451547827004
0.91829495824
0.460026898048
0.622199551949
0.724273414084
0.980483397812
0.502664205773
0.51812137504
0.392284102092
0.660618311419
0.53149606746
0.365982846295
0.671792709693
0.540520552038
0.50795751685
0.655179040572
0.729059460126
0.599764143466
0.600964316764
0.821108004627
0.485130637791
0.453209310685
0.724228512235
0.548027660378
0.377598766086
0.577887123557
0.654639848156
0.671246138138
0.774050926101
0.465745382186
0.422160733088
0.790145562155
0.524248126744
0.587163137012
0.848556711856
0.611342677942
0.419227149669
0.69528840377
0.649725931891
0.544680785297
0.588688534048
0.6962466428
0.543866276302
0.730096883659
0.908604276183
0.574003223971
0.599806579346
0.591542522697
0.563897779676
0.605240446149
0.626577377932
0.647435223033
1.04016589382
0.441905912901
0.493340116419
0.886631223261
0.763383161248
0.656180479185
0.704638272991
0.483165902408
0.546514755076
0.771478852507
0.486849311088
0.535001681676
0.47672065143
0.682169970011
0.86779545641
0.626086618229
0.550648822405
0.734590141346
0.540631139728
0.513360363749
0.783189380979
0.601187056231
0.663671857299
0.566341052645
0.810734328712
0.585997292074
0.711777577499
0.592243240038
0.785507922771
0.522974342827
0.496375963849
0.911852489285
0.72290230202
0.829702170789
0.59156084166
0.539130618788
0.661687911817
0.724805074019
0.570292784498
0.729544157633
1.02490959884
0.770028891659
0.859788025885
0.599933227889
0.805389311944
0.631443868111
0.729083495363
0.668356577046
0.526886145507
0.695963983271
0.724658451806
0.520612633087
0.434363321825
0.524266424509
0.764435877079
0.480362733156
0.756314060685
0.600779708847
0.597395093432
0.621715790579
0.728936114278
0.522802845631
0.750756630792
0.581591446898
0.421015898633
0.643604214537
0.502863007557
0.390882239294
0.623428272298
0.55245144003
0.675195407143
0.566464123605
0.611361645597
0.603168096393
0.568815704556
0.912646371287
0.506187143823
0.586924641031
0.754555349116
0.577921650203
0.598593065275
0.465348095212
0.611836094461
0.484011035914
0.777697377379
0.537078890882
0.453659024268
0.823035384015
0.638010753779
0.58270242871
0.575133464647
0.391974556797
0.50357226607
0.673856802948
0.544490163584
0.546455636566
0.658648734463
0.523139424735
0.576019815535
0.506392019469
0.55083415428
0.34148643215
0.627710113705
0.4831609778
0.517714067817
0.595599180741
0.51059056641
0.629878934316
0.559734834207
0.699421018291
0.543645997096
0.633647862638
1.02591401593
0.53770797659
0.541010399448
0.519845996244
0.626716254872
0.549260792837
0.41558095738
0.500824084391
0.532561763951
0.702018418755
0.397714547617
0.462152206225
0.498661217412
0.532491883051
0.53341427942
0.560084408785
0.578144586457
0.581691234602
0.451682516345
0.393568584168
0.44628329994
0.435065954895
0.62509609294
0.245686822805
0.333800604262
0.629947202762
0.654011430271
0.4247240762
0.522957597233
0.537959210234
0.442504942315
0.698942834811
0.675196301228
0.605691014628
0.695501987288
0.555248154665
0.74636188223
0.580606660898
0.60035243609
0.615077909968
0.729687860061
0.544895821161
0.569470340929
0.540871501836
0.555791297312
0.552569537272
0.400630377138
0.591362460302
0.579671695449
0.662922055992
0.571407342
0.81236579595
0.48726147651
0.584772567155
0.723745709365
0.702497195994
0.467855057984
0.694609067099
0.666559594754
0.632268872582
0.654318718966
0.56116859771
0.706196934657
0.578222177468
0.491654637032
0.504865868318
0.516325388769
0.610422427627
0.52318649034
0.644245155321
0.622447456697
0.614027979779
0.391952583686
0.797525038319
0.58274496186
0.586211521461
0.583812960542
0.594694965411
0.413389470744
0.561571505594
0.527273432798
0.649468668346
0.582024314424
0.48823810092
0.67285349813
0.566210223273
0.589702068721
0.524233066976
0.476111122566
0.523652578918
0.588694469871
0.638536315347
0.501734183309
0.441855517604
0.61134426491
0.72667150133
0.65726260039
0.626646334735
0.520523092399
0.353178960063
0.535998369672
0.471295811249
0.470858926376
0.664556388518
0.522213322835
0.596797104061
0.479764672535
0.721670187104
0.564704425319
0.339987015301
0.58905626376
0.571958014274
0.54842634883
0.624720052475
0.463677776216
0.580353320888
0.527203379926
0.670202081487
0.616808112309
0.513206005238
0.575843913528
0.44590896126
0.505155398247
0.496539756403
0.570469086903
0.591551411542
0.53827823226
0.463060333085
0.682383570964
0.622557605566
0.542286526027
0.558141106132
0.679565844861
0.515901347208
0.595351446817
0.516568706272
0.664858458223
0.734313850555
0.524494135247
0.533778572536
0.520583076542
0.684288607069
0.55030558577
0.490338029356
0.569901010742
0.63320931077
0.491771398361
0.706214285298
0.63857282102
0.657300974944
0.507413863419
0.72059010355
0.421704867711
0.548443462718
0.368067408105
0.538640442111
0.452474676494
0.708039522471
0.56377776884
0.633383039197
0.508507348951
0.739605348526
0.501073394872
0.471064686627
0.642570336623
0.437285123515
0.604645070886
0.683167162142
0.521438195709
0.507083831539
0.541765583065
0.475464417799
0.53248485877
0.541821165219
0.501098182489
0.590280048088
0.687931936691
0.501572316922
0.619401922382
0.518309802059
0.609962041789
0.762336759736
0.512849209325
