0.58313982527
0.522036851091
0.594425935015
0.732435859679
0.543254128423
0.64876045036
0.497910799678
0.465725986394
0.445966042019
0.612773366176
0.592435117565
0.613426137857
0.592576739802
0.596206481425
0.778908723551
0.463030288418
0.539406088202
0.684501581378
0.556871205629
0.472799595487
0.544155494357
0.515816515484
0.551107465115
0.50159337445
0.605938658626
0.602654613149
0.581165444768
0.651051023489
0.587989639136
0.594220978807
0.605009259154
0.510936707492
0.492113249178
0.630032692975
0.610501745314
0.648974627891
0.49007017493
0.657065438048
0.481664571259
0.412746441031
0.869042080019
0.443386508552
0.474382547158
0.325350616765
0.665513314566
0.390701939474
0.569085846441
0.672757751555
0.516814786136
0.611792358078
0.552520941096
0.479078335598
0.477265359308
0.739487915356
0.560921649818
0.576417004861
0.708098275677
0.368065570169
0.260983172848
0.608477259001
0.461369405736
0.524254634965
0.454153746607
0.601673956525
0.599001698158
0.539303840631
0.643446683707
0.650116611077
0.576604616256
0.494516854629
0.418768787066
0.558798112897
0.579047737056
0.562610001044
0.539370854242
0.592940143598
0.53660743056
0.621848149419
0.664135028
0.461437142052
0.5137600177
0.479425185567
0.528215796923
0.466272179142
0.42381357027
0.44396656176
0.521983812373
0.542425915477
0.491595672624
0.549909196019
0.578403481545
0.470962153096
0.667905716817
0.635136239842
0.350050798888
0.50337700746
0.389416420889
0.67125058175
0.623186388621
0.589393625914
0.665007864747
0.42649689141
0.447962112238
0.584510622419
0.560741631481
0.703467149117
0.516863864798
0.660542495053
0.52313482984
0.468308367744
0.80401805021
0.549821249899
0.604274574073
0.575406222447
0.525488091219
0.526495773535
0.458009921753
0.40505507321
0.487630939057
0.454572785264
0.679555625542
0.621501547717
0.492532559659
0.525886995588
0.713896251141
0.788489068528
0.513033554029
0.791593446112
0.502319312132
0.654513323995
0.535810542581
0.576718549446
0.711703828722
0.49889244227
0.529091425123
0.740682807955
0.599366449153
0.749393878703
0.555639552715
0.676404054131
0.508933903854
0.453400130721
0.723568868424
0.691747729024
0.694690031289
0.392076495451
0.422487225428
0.541785105742
0.519216457512
0.57931850569
0.786319100239
0.462657701575
0.597071710345
0.753650748039
0.656203894181
0.708814416001
0.518712741681
0.744347655297
0.488249954479
0.501977646681
0.407008091136
0.47613392065
0.678435870362
0.664599988539
0.38590443775
0.679383901719
0.519803334426
0.524660829388
0.620079603747
0.620232983833
0.469687049972
0.588062539692
0.570977681082
0.395975350542
0.535856787098
0.654912310272
0.390768805825
0.590654425669
0.441519786943
0.536393369132
0.473061786196
0.583347293218
0.5392180103
0.473561985006
0.427530121577
0.775891936157
0.350612059629
0.994554123138
0.491153944279
0.632710996804
0.418676574408
0.473239196791
0.769083774415
0.767230897283
0.577216564847
0.433557559143
0.574794518208
0.459215341598
0.752158973479
0.61805740585
0.575512953254
0.578065568574
0.530054363114
0.61594244976
0.628340758513
0.752922272211
0.526906144135
0.774659655513
0.36376403696
0.637045713573
0.485267115938
0.625018658255
0.597096108537
0.485186416372
0.652432638918
0.652737069335
0.544586999619
0.683565086943
0.518234650109
0.458633132238
0.553606015296
0.600500761855
0.546593830208
0.610547478262
0.390369995585
0.551595667081
0.714683426198
0.517757562217
0.621360293934
0.789885744827
0.556505947129
0.363503339772
0.456829866152
0.461066755514
0.574864618542
0.644952264625
0.673605088415
0.872444686871
0.503613215748
0.459656810663
0.776277904681
0.514878948832
0.765565149269
0.395403189138
0.497119047081
0.646693902425
0.62992173037
0.586965389497
0.738390394275
0.512338533742
0.383786585664
0.501769070123
0.506789159198
0.814612458845
0.729610193474
0.485429306245
0.473064080141
0.502084748017
0.540927924789
0.47503585977
0.687315606268
0.440308295717
0.539950836027
0.497943242514
0.893893082136
0.424372421273
0.445081629619
0.889051786972
0.478164087107
0.486283814489
0.491249611475
0.473120288956
0.529765624324
0.839466690886
0.460279890554
0.550780521395
0.659728794748
0.619671463686
0.496862142336
0.601960038978
0.52056567229
0.639260589903
0.494962423959
0.582453025678
0.312378973122
0.656035056708
0.373124547227
0.560063935216
0.56849729761
0.66996494409
0.663790332342
0.507106640189
0.743219626592
0.410219316251
0.4801805013
0.746505329489
0.462125872694
0.488579858497
0.767691829738
0.560443423932
0.529395993187
0.556469401454
0.506232283593
0.602569049796
0.340847578539
0.725669455712
0.419080621784
0.56004875893
0.636791530081
0.474767396284
0.843461490198
0.242395921041
0.644223056672
0.598093418345
0.638021934799
0.382993566447
0.397508286306
0.380373927049
0.485334389574
0.701053087984
0.520205017013
0.690445708049
0.427139593567
0.809156914472
0.335013918058
0.709604715902
0.525254590693
0.502992184645
0.468321855955
0.426841508854
0.708226816524
0.334780909958
0.56396713979
0.57419523848
0.584838051563
0.758842217156
0.61025449768
0.692712283764
0.591929579118
0.721392987661
0.516652677986
0.57594466045
0.771022997431
0.327315632078
0.44489632635
0.771775144906
0.558804140865
0.726079190944
0.475863356013
0.392943850625
0.501356953121
0.485666800969
0.57301255562
0.89408084121
0.48522271766
0.84042801803
0.494862862194
0.517982337304
0.542779443304
0.484306333095
0.574664630252
0.483189937434
0.392642648151
0.530670564028
0.475977119397
0.616405682884
0.703705386131
0.435982565257
0.560248129098
0.492515815191
0.708491940357
0.575882344734
0.529883696558
0.777465815364
0.610702274162
0.385291239568
0.562759980953
0.267695685458
0.713474473831
0.488348710452
0.507112590399
0.529979787471
0.276700129987
0.733947772559
0.65819645962
0.516363464351
0.630225569877
0.505856254995
0.508408105872
0.337508023502
0.624810937308
0.457869139361
0.476948089736
0.536300324434
0.575104152873
0.593604572374
0.433403194728
0.437052153017
0.954159885676
0.378670463352
0.498506339922
0.862721119277
0.547880068594
0.427789643504
0.288318526216
0.461698961983
0.688077895061
0.682343468614
0.536726000301
0.46978812119
0.715149924711
0.496639695029
0.493366533691
0.739015554407
0.746292511601
0.461028581977
0.643822980946
0.51134003977
0.852725469979
0.521692051892
0.53986496947
0.864997329485
0.437318796883
0.571024722155
0.907009509076
0.477894962175
0.368661400003
0.939635168315
0.297635437827
0.362423470655
0.639921566054
0.375253263471
0.458342546942
0.494284971082
0.667261747556
0.622436944581
0.62314645465
0.392388728283
0.85588345863
0.390914693202
0.299456940256
0.379644696261
0.544575239117
0.579361561917
0.531286154147
0.611022648923
0.625266945418
0.693108454747
0.474733572147
0.387597925632
0.910525973072
0.608462207361
0.39616602642
0.96251633358
0.537828698102
0.596706396745
0.289658818025
0.353404707578
0.694019572682
0.5424587817
0.833689028875
0.368075790368
0.600266451659
0.768888975564
0.313632231403
0.557189509157
0.597951565859
0.466874814907
0.449813067953
0.57559233597
0.527716574608
0.545295637486
0.743656042341
0.683672492791
0.534434730224
0.505267323329
0.523584283323
0.834640335443
0.495348540119
0.716764145036
0.583155060274
0.585085413028
0.450428069955
0.556839844745
0.522001122785
0.40900412961
0.624460725476
0.640081138985
0.477161213881
0.747876533948
0.730669097525
0.356667249741
0.548837271624
0.412122709717
0.517827295231
0.442250409005
0.660338557888
0.473257857605
0.720823270356
0.47672037572
0.429975675811
0.884613170514
0.605413936856
0.589503539932
0.747185428845
0.74487549237
0.535941926769
0.419791055122
0.508130681147
0.533874920662
0.544953709367
0.749837397032
0.442550070679
0.843366153272
0.969211169016
0.42364944242
0.451394203285
0.894668163174
0.695192962811
0.553703783393
0.858195242525
0.656532274579
0.482744854185
0.821501531133
0.420585084874
0.586118664109
0.945545860956
0.56401732868
0.624415353219
0.774469344338
0.783591132966
0.530259664717
0.496915252844
0.512834935663
0.502784901603
0.509887777226
0.480502818551
0.57725816315
0.660168064373
0.524265241566
0.426859402362
0.714880883409
0.513137939208
0.651784600337
0.539330798835
0.552525679946
0.523478767603
0.51742899878
0.484888041784
0.578697938807
0.548333602318
0.593455854558
0.60157904881
0.520160218528
0.593097940925
0.561397176641
0.694258184364
0.596293848065
0.503456353122
0.603273828551
0.73634469106
0.41915424485
0.554895245339
0.579347027733
0.500335701603
0.528397568578
0.527829774424
0.888598754485
0.497935194694
0.517805704162
0.342427571808
0.782104208437
0.44675305096
0.646476293802
0.608146842495
0.687977263595
0.720504381764
0.548366508168
0.50934267457
0.583850774483
0.489909211224
0.569117952574
0.713866454561
0.665449142418
0.435761515264
0.596395881932
0.618174329952
0.526468407374
0.531468104023
0.493438760958
0.620438334763
0.429427482319
0.549885725709
0.568296062343
0.560793622747
0.493031154501
0.492176908207
0.54558708346
0.744769574124
0.705928695274
0.571234291659
0.413913843993
0.613470976811
0.687309874625
0.464520409687
0.792711506966
0.61180132411
0.67201933349
0.572678733319
0.56958036202
0.630148994672
0.452815102868
0.416282635359
0.454502329178
0.69238790481
0.552179361442
0.785056108558
0.628434490767
0.544678480846
0.572082507255
0.605374393258
0.528749311907
0.729754906056
0.484875053334
0.658339629033
0.480068241325
0.708257799834
0.687047300332
0.51360874132
0.526494210067
0.471071170079
0.312702316561
0.498268637989
0.456748683392
0.512289431892
0.538157109342
0.577326003334
0.709450595868
0.514109766757
0.557557509011
0.50140813063
0.50360957216
0.665112977298
0.543882011556
0.546495283376
0.528051465343
0.654820910337
0.486113174096
0.487371527026
0.585357735645
0.600892373014
0.457984289511
0.699320914685
0.655707747315
0.508362829118
0.50701488591
0.531750340501
0.490620448697
0.554305996356
0.707756839572
0.779447297685
0.411673848026
0.461493103983
0.568522938914
0.568836501163
0.762672033313
0.616608575195
0.521649782504
0.75880891608
0.554391121644
0.596598904338
0.550402392049
0.377158473529
0.561087517728
0.665590998045
0.434991104019
0.600269616753
0.687668431032
0.41374622317
0.500588615859
0.570958777607
0.572655259263
0.653788174549
0.562059352236
0.625951556754
0.420717912422
0.534689146454
0.524856194404
0.599627305245
0.459953697687
0.552822179056
0.508438520531
0.647138662035
0.46476056778
0.53807212747
0.705110095784
0.517243206558
0.633390014506
0.479257256273
0.551443899831
0.551752216695
0.628630179901
0.667221163297
0.548672775986
0.581664327172
0.487448078187
0.567687450986
0.617800643404
0.645698644463
0.589499108421
0.417163316674
0.698286828303
0.687367076818
0.620364681218
0.73820582078
0.961423262476
0.358064343438
0.576486209361
0.460214763187
0.371139451892
0.681528898944
0.297039183386
0.490451114404
0.669099613758
0.746497302498
0.582323035257
0.459953081524
0.534254301645
0.658785941533
0.491020962142
0.921374636974
0.56197400251
0.720864341446
0.726021262828
0.880050424776
0.560266931873
0.457944009986
0.848326300406
0.252506125191
0.699825073716
0.570250530463
0.668586487532
0.496830129567
0.390669364332
0.45102849355
0.353219303862
0.608348714964
0.472021262584
0.498002915603
0.774377679453
0.932756295813
0.518582418507
0.493787098347
0.474726591796
0.281151503641
0.865883118806
0.750719662504
0.637866100205
0.658138371687
0.582289554664
0.827831752407
0.589273329962
0.594501126774
0.469689146706
0.510630253714
0.726710118547
0.395251828596
0.700803502544
0.588294885419
0.642974134964
0.929599518248
0.555198979397
0.505985984248
0.584555328615
0.787421132884
0.317649557108
0.492568750549
0.433444797463
0.569500204535
0.778874131182
0.576923909844
0.55228000435
0.540979582088
0.548653253819
0.536259373227
0.611523654542
0.314006917135
0.358675544728
0.719937561079
0.94665407709
0.692483589421
0.561446912943
0.826047518896
0.684379574115
0.885050835098
0.627144648566
0.43414902119
0.345009561252
0.868630806471
0.801837176237
0.462487632287
0.587726225938
0.743395331448
0.970296402882
0.47438150249
0.302323182972
0.376631158175
0.460246597042
0.486942954015
0.692154059774
0.535565569374
0.627091144497
0.475955436277
0.367925669888
0.349629070098
0.657418510599
0.458128578525
0.419559483388
0.614926441561
0.846122650873
0.93382225703
0.565508927256
0.533543975249
0.844408256388
0.526329162386
1.01697379689
0.623023974745
0.460949561105
0.461006072033
0.410666161512
0.985629147853
0.520151260351
0.622844021411
0.897560140509
0.634252599676
0.892879774198
0.873545582378
0.545366531266
0.498447179641
0.737726784368
0.455384475587
0.548827182743
0.447413451559
0.711601989616
0.793022440322
0.405094013262
0.213553460238
0.459121929065
0.515818245276
0.48839002908
0.46352341643
0.547971063825
0.428098317873
0.624001075463
0.45292204689
0.746390278984
0.563251067367
0.459834698962
0.655302603347
0.515759250371
0.485834135404
0.558318114133
0.563227633914
0.505901901164
0.522865176085
0.572897258662
0.533458248464
0.400201220011
0.468795270934
0.522014991982
0.593214144595
0.523998174101
0.487472014695
0.765223451622
0.621078582477
0.6095626542
0.49440515656
0.627354352054
0.59236391219
0.747332974954
0.582585414771
0.58790410335
0.648589474628
0.512929526323
0.583691263488
0.549003604735
0.42920127429
0.38753679632
0.491046397409
0.707703396879
0.593723886702
0.59032038024
0.718100774147
0.64566504601
0.515316946475
0.503724483643
0.38476597425
0.565719424928
0.53558281668
0.668355431027
0.591592974633
0.718953129334
0.488171308709
0.677041611946
0.54028367527
0.42480176821
0.363401575957
0.676100347409
0.454240493803
0.556966966641
0.4781076055
0.723179856362
0.597848790626
0.558275070918
0.457245329718
0.628159283643
0.603803841948
0.575480270305
0.530394668805
0.591409475314
0.533606952042
0.465121470005
0.363466044216
0.422193819881
0.611785245854
0.47244360165
0.484160225808
0.766373138695
0.555576213422
0.364196665416
0.661701801737
0.511797508678
0.572435579652
0.576489216652
0.424371923609
0.638914439164
0.507781338402
0.633967335958
0.486120418026
0.437573304534
0.569842954208
0.431140144526
0.511883884247
0.511624296337
0.459185249874
0.70864547037
0.496025848232
0.624192287047
0.521652216661
0.459091736293
0.44388029207
0.567113389148
0.348962218311
0.602308954684
0.596258161612
0.532171794922
0.32943605253
0.373741812565
0.544735284926
0.666942038415
0.577522900671
0.589979810245
0.639512037156
0.509149174097
0.487604645875
0.525258913365
0.5972863164
0.723644392937
0.327877966778
0.464979528666
0.682117263626
0.706859397955
0.530638336986
0.30944197308
0.335991699899
0.738651235956
0.498943617288
0.504599898971
0.490913862314
0.51327262687
0.342299528166
0.601552979433
0.475757455384
0.903320724002
0.663646409069
0.538791729961
0.604859760874
0.74945226376
0.391895212675
0.596553577696
0.61822994115
0.565865215228
0.631356860191
0.418396340311
0.633919459451
0.715718348067
0.603419922119
0.85530344717
0.791867987419
0.570546102242
0.385166905363
0.798717641651
0.618735778848
0.944506088869
0.320018604503
0.495632330711
0.661906720687
0.501538429007
0.684924191274
0.364070859518
0.377525136795
0.418302250455
0.480192417208
0.711631479843
0.508021367287
0.498272073546
0.823207804161
1.04018084547
0.42913786242
0.34935126553
0.471524189508
0.659308923072
1.02031402925
0.495106535804
0.542996189591
0.646409278345
0.878083525369
0.72908817473
0.58065941316
0.316186489248
0.675398430931
0.667565810072
0.542104180894
0.415056466833
0.682598206034
0.694693942497
0.743630712855
0.345548853919
0.632881661613
0.619529432788
0.931235788698
0.456302870258
0.383114527563
0.626614910307
0.819117254383
0.440103873204
0.652520395301
0.604864198811
0.539612215158
0.883168399524
0.379889143745
0.304405626637
0.459449378491
0.813118329573
0.486806668005
0.457857182419
0.633028381276
0.524335959074
0.571680880802
0.846789667445
0.576380347857
0.558752114483
0.475560600635
0.763476173913
1.02014990993
0.667750999584
0.458296716186
0.442609715879
1.00339800424
0.64609717985
0.429325491114
0.293218530053
0.71974068906
0.627876898953
0.613369851493
0.48084090777
0.714334412869
0.530610627516
0.489996167689
0.30002056487
0.395721062336
0.735704605117
0.821029486329
0.397614750245
0.680069268812
0.549153540369
0.483017364376
0.484297394481
0.515249157473
0.651920960425
0.391142472428
0.86571230047
0.7941437747
0.472019066446
0.497485120176
0.443031792253
0.549069984423
0.61057768138
0.80818778897
0.565982014185
0.54896446594
0.426032925457
0.501853310463
0.5587914966
0.937308986894
0.576584687612
0.474940197924
0.542498618321
0.535053884154
0.701900547922
0.830819257517
0.533413039652
0.721154860778
0.759814027838
0.429503692442
0.348974183841
0.433353557118
0.600347190834
0.586399389446
0.425691546905
0.622164201802
0.726836702919
0.741917293818
0.626035553655
0.462759153091
0.518906149153
0.856869901124
0.523112098537
0.596614244408
0.491773034002
0.610120104456
0.512227713169
0.596982780923
0.452500467413
0.511339581966
0.517114043599
0.679864695131
0.723551940737
0.609112447866
0.34481935875
0.446652695527
0.546553444716
0.490269503952
0.573329722561
0.566870786807
0.34590045834
0.553351526052
0.416575067383
0.6609061281
0.457196073523
0.516437731965
0.731575063771
0.836195966977
0.620510799552
0.519000975146
0.521407921628
0.800928998357
0.905817027953
0.833928301768
0.439287008869
0.530893986207
0.599040948791
0.571922560611
0.686882541988
0.582656651886
0.4557443997
0.680835704605
0.52697880994
0.771714233899
0.500247547276
0.653047768234
0.580669954577
0.602305645627
0.519655398158
0.67271408881
0.532932255631
0.430006813944
0.565307764448
0.800057876475
0.569730627629
0.424086821109
0.431847146036
0.503197009709
0.566513342254
0.625350843675
0.468961134897
0.590471259538
0.491081119923
0.598763469819
0.419685016479
0.580973695459
0.467251516069
0.560790193978
0.701058736246
0.779565792248
0.743078410784
0.44087283473
0.835569882118
0.456298830131
0.704135931981
0.582462290506
0.523152661775
0.618613915449
0.648216777492
0.500456619745
0.441958756181
0.667805675984
0.488415117513
0.602649004769
0.463786411385
0.533712730085
0.626783535156
0.54711565883
0.626559656707
0.473758789881
0.597764882106
0.452622966884
0.61976509718
0.436901202329
0.629881028164
0.501286927708
0.556852347737
0.549002467617
0.578110515199
0.502652352813
0.525718284032
0.498945270191
0.512027723371
0.448566034384
0.685755190327
0.633801828432
0.519396670312
0.560714748
0.534376300681
0.649652806742
0.60492909753
0.5390381218
0.693532452051
0.533222245434
0.506248713817
0.600595641153
0.592982972676
0.545064418956
0.579428576377
0.619026836091
0.496646108511
0.431182861939
0.602851544905
0.444662329202
0.714959849464
0.319100379653
0.559269149586
0.542840235908
0.749617444497
0.643693365562
0.510424860824
0.583423527512
0.708444129231
0.603075852432
0.42560326427
0.409168460282
0.573397156505
0.491224193699
0.583023801377
0.505532788378
0.469061165017
0.553222342045
0.541217301123
0.46116795167
0.551253273249
0.58135856523
0.524704259987
0.55587945036
0.642169986423
0.661785525152
0.574986636373
0.646407892085
0.560367910292
0.730821269263
0.39460641703
0.58602200464
0.458595139832
0.585168280074
0.510230109339
0.432063490529
0.591403129927
0.440366627088
0.719403147185
0.594979738488
0.56971813215
0.568646294918
0.606891246667
0.537922315834
0.616593320084
0.525666034599
0.336637284663
0.67758423019
0.567859972503
0.541661256903
0.432560661972
0.446113843166
0.515092424892
0.414411425894
0.677172583654
0.50014236564
0.389530268118
0.462743001396
0.624732992539
0.589185906773
0.539367867922
0.521319947173
0.516205971702
0.553089484372
0.554369857742
0.454526853196
0.452241973642
0.45526059911
0.721457936393
0.57716026786
0.412382813851
0.672863899951
0.473501459276
0.512685456784
0.560982191291
0.447699616197
0.562141487581
0.433148667195
0.494417770121
0.440729795975
0.487317743373
0.534554944748
0.530532133797
0.553927854557
0.559321559218
0.505867511896
0.64227420998
0.408317937915
0.554862095491
0.739647063893
0.607478406507
0.577975504259
0.467000870866
0.606452784164
0.565032995869
0.462459536181
0.467300520595
0.441782208295
0.458367263028
0.474966260122
0.494655261578
0.585803626801
0.694730127057
0.600807353112
0.662218879373
0.484347648781
0.538259528506
0.467267163347
0.56821593032
0.427596250375
0.470989908315
0.576577386362
0.639821490929
0.51753799111
0.444954826613
0.480963007914
0.595688322226
0.63361036499
0.503674642026
0.569318144269
0.783012059275
0.778429042402
0.646315895422
0.577589589872
0.644618258428
0.349331560837
0.620553963365
0.56453464369
0.647580405009
0.521800802465
0.656508039731
0.426266679419
0.525877459992
0.550911463939
0.558684329623
0.490953945718
0.551100535648
0.506703279632
0.547809567655
0.590979682538
0.483087090092
0.514194024043
0.591729920271
0.658360795113
0.580014561361
0.595090480089
0.593009313296
0.615605692884
0.596910308117
0.496899940163
0.588332122342
0.466410764935
0.517186933579
0.518788344585
0.579921179523
0.538057906925
0.607662943762
0.537998080484
0.542654823214
0.739111912121
0.583951899594
0.641075338873
0.612101505895
0.406852916738
0.527067352725
0.474800617819
0.664318851205
0.403313015847
0.630249975318
0.470815682017
0.55046642315
0.68076386375
0.4824426549
0.470382139259
0.524851537123
0.530635333235
0.521055912788
0.41271216335
0.550288097816
0.670224180413
0.52310235104
0.475970217493
0.495785272635
0.504452958975
0.597786524107
0.725386832458
0.66239287291
0.49208777052
0.501141908513
0.508403167205
0.529829746788
0.719934793767
0.552119059044
0.694998940382
0.452356986876
0.436953716186
0.591488677342
0.558625030338
0.519330333776
0.736225674732
0.546098638555
0.445950600074
0.490511346037
0.600054436573
0.519428588306
0.517605408788
0.65087000031
0.703368462489
0.57488365739
0.519960306202
0.424681892618
0.675163266879
0.401631146841
0.568719265585
0.673298024565
0.480337178212
0.35473215323
0.499183639359
0.37352673776
0.758974727017
0.616042733296
0.470378115557
0.47512489091
0.593854181765
0.52658761119
0.607250750734
0.583843700479
0.484487257153
0.474368864409
0.582870015373
0.697774954531
0.591208107606
0.625736596402
0.547199931286
0.515281547955
0.645640264154
0.428026050529
0.638995443415
0.559365156428
0.567541788287
0.649867147003
0.507294135067
0.6752068813
0.517051727226
0.453200989281
0.727794019682
0.516237746216
0.485085739324
0.488745450141
0.796015863416
0.463895587551
0.607821721695
0.429519381187
0.61768028162
0.442815094594
0.782623807704
0.566141799956
0.671134081361
0.639572013367
0.551022443472
0.635752370712
0.534319754217
0.438405516472
0.483463984926
0.603983929403
0.603463150134
0.592231189928
0.500724402999
0.540960550951
0.502943065948
0.590389959678
0.591731053073
0.56447203057
0.56886806667
0.55215389696
0.417857960149
0.606070677249
0.494550967717
0.586058565988
0.435300299343
0.397678563752
0.450666799247
0.601827198854
0.610416619426
0.647823922812
0.498791702994
0.581557972145
0.451788047428
0.633649326909
0.395634927256
0.512250717494
0.544897860564
0.599647142083
0.482039819026
0.487234146999
0.594718938652
0.551402468162
0.408782812762
0.499711475009
0.50966311488
0.531893210023
0.671813343166
0.569717572061
0.523607787334
0.475039470567
0.461416400095
0.344955188319
0.438268206216
0.685813630744
0.523402504649
0.497583171778
0.69970641239
0.717893728949
0.713424042334
0.381843572684
0.573213389023
0.531708892535
0.526902733631
0.597607048894
0.462597170061
0.665023075191
0.533209444113
0.438655313828
0.611440585446
0.579686623391
0.705435741455
0.62474953288
0.538995437638
0.647052023707
0.396133495233
0.490303905058
0.583717670479
0.538221581002
0.690979144372
0.60317668446
0.662561992889
0.572936531525
0.461782941184
0.351449589864
0.561227016645
0.733615892551
0.647053966258
0.650861491011
0.349698926214
0.577340640368
0.432356610737
0.491870518623
0.50858314465
0.438574806219
0.536497612239
0.523533982091
0.588131550906
0.500373117286
0.662953144589
0.557046578114
0.558031921729
0.499975387758
0.608499936771
0.602149583159
0.546053455097
0.425968932628
0.500529010302
0.559864847575
0.72274462291
0.530366219113
0.593902106147
0.482698490396
0.54526666104
0.565552345288
0.417359994316
0.544337714386
0.536913620554
0.471774265356
0.52194129146
0.552922704817
0.685919380192
0.712294260742
0.605674412681
0.690842665267
0.447578298348
0.479684008554
0.411762327057
0.477511494597
0.56400525092
0.70115728678
0.660288786335
0.628940159942
0.543822029728
0.476410519964
0.563684316402
0.495899235078
0.503340696981
0.453616586321
0.640812913186
0.550664475369
0.459565647794
0.605586564921
0.516610249046
0.538097553692
0.461431433026
0.394991508708
0.597562916102
0.332048827522
0.668664616494
0.431849346981
0.566502069452
0.671732315491
0.616334910633
0.61782148759
0.638648879177
0.709826111207
0.493830486246
0.562345632627
0.526590148031
0.481853541439
0.657938731902
0.372841379059
0.54315265571
0.492254517875
0.303251893646
0.622870513983
0.535758626331
0.563953415729
0.425234415481
0.549767248874
0.52551970773
0.50942976493
0.526667739691
0.441170219081
0.520216054231
0.536497616017
0.507242477537
0.420325861541
0.568791196489
0.605510394777
0.46572921802
0.586861730087
0.528118169638
0.565237213439
0.550113397893
0.530714505004
0.521165011051
0.441041186342
0.552732385644
0.634890080387
0.589529945275
0.695028423346
0.445634480032
0.426656541182
0.662617278363
0.445340855272
0.390819959912
0.588663527117
0.729095737876
0.6072055987
0.667817198689
0.776647512926
0.671263951563
0.561870135484
0.519225284274
0.787357932061
0.585129830532
0.478107355917
0.576829833014
0.613478619072
0.661170065592
0.631974254939
0.631401528855
0.59104083146
0.482895359979
0.463097794852
0.521143991643
0.494128908716
0.529118338828
0.421738105639
0.545289990521
0.483027806841
0.490506796303
0.525226046494
0.592183594848
0.642562411544
0.446114209424
0.540292496126
0.512585353721
0.650655887594
0.44320704728
0.553130913933
0.659032529015
0.673379272608
0.67042351355
0.74886362901
0.664940901394
0.647451837904
0.783772180261
0.606877012933
0.581597967385
0.60956009152
0.529730473676
0.462086035284
0.602481899128
0.503162558463
0.487950094573
0.630382803532
0.498364294044
0.529263571046
0.495905201611
0.58498989255
0.516750966898
0.553905155697
0.383494412895
0.57037101741
0.586162674165
0.448842920469
0.690788263155
0.704306156418
0.624429351156
0.638886255072
0.480833468867
0.686814596443
0.522798212224
0.514995990483
0.511127938378
0.665530744127
0.681945012474
0.527428765355
0.538592586499
0.495503288428
0.595630892457
0.51137057148
0.349499435317
0.497843005753
0.515241102133
0.387366622598
0.570941353071
0.621925188987
0.700044292016
0.734891146037
0.509572565933
0.65297314666
0.432236175281
0.552829799321
0.61598759769
0.694141072406
0.531893534901
0.579153489507
0.523267638677
0.566539955661
0.46080814662
0.397849774444
0.613263308191
0.653858323058
0.625979776375
0.529774622902
0.453352465049
0.554373977918
0.550263812241
0.506711147289
0.67527084352
0.614385254061
0.446881300951
0.546031111762
0.69743157267
0.732219293839
0.448387734246
0.480567808008
0.666603134052
0.383967396671
0.453660769727
0.591789890096
0.611337277347
0.524402579612
0.47795517905
0.791714824016
0.42169795975
0.705269044725
0.343928123274
0.67629074806
0.453426048123
0.508690266772
0.45358364905
0.538783565579
0.576780359567
0.383597670712
0.688142344128
0.778523207375
0.441382114088
0.469419280323
0.482986681625
0.401910497777
0.565424470801
0.76046530633
0.369303373768
0.559025138286
0.594520584134
0.673659579661
0.401940832839
0.701024787052
0.43714527529
0.465096882016
0.679499882225
0.576148458613
0.48989784665
0.711974798113
0.639638513952
0.418421764319
0.490605719466
0.522350751456
0.72836776102
0.611954340743
0.542896170816
0.52348861959
0.576201543926
0.669863881793
0.664517599515
0.605338690326
0.414940608705
0.495188617099
0.492872721102
0.805091291898
0.45406608036
0.637301278628
0.547814797443
0.616269582748
0.451948067738
0.570358891172
0.443748115212
0.455550477064
0.668839076086
0.444252796845
0.476265264674
0.565326914529
0.476079877108
0.674665301571
0.553025868085
0.448450833167
0.515307878654
0.423306347673
0.70051751789
0.46133433622
0.398795591794
0.541462589262
0.535281242944
0.464178036011
0.364169011332
0.643321435568
0.637331333605
0.296084733101
0.699168605019
0.431274723347
0.503522765828
0.356766660591
0.494493520237
0.638759620899
0.508988131304
0.489965936143
0.444421672858
0.629946777206
0.567269958777
0.400086193098
0.449511971932
0.595125648167
0.820711167073
0.610745758939
0.515493919818
0.530708753708
0.667733041311
0.685330238844
0.462776947742
0.563540355515
0.444558564971
0.824232534354
0.473688878903
0.717878899074
0.674555191541
0.580830495962
0.488403668634
0.37192156216
0.540201630773
0.710495462218
0.684697651678
0.587773213275
0.665806328296
0.664678372973
0.571275801439
0.487564187548
0.659301426624
0.494988428241
0.569931711295
0.654265275472
0.568014739855
0.479153435674
0.782090207769
0.531992164595
0.590930798852
0.451102265426
0.575136433518
0.448107313638
0.749446009409
0.540398560909
0.527229622208
0.668192454019
0.576131064137
0.671291940156
0.626245981347
0.562827550908
0.422753958757
0.410994923466
0.482533089754
0.68610060831
0.606820231069
0.777623405824
0.726142040935
0.675303702761
0.704027308408
0.486543305007
0.591050054446
0.540044903619
0.587629051348
0.729209930179
0.585800014189
0.352973124682
0.480727905364
0.587940602266
0.497581634375
0.461054078052
0.508124666923
0.591542054555
0.412898796693
0.713407297704
0.660380868263
0.647247134116
0.728891173799
0.750248141046
0.552187154988
0.70974108114
0.408229137901
0.591980323061
0.725369812522
0.665400219263
0.46116662013
0.533048580404
0.618281979394
0.59720442364
0.438802745646
0.570390023739
0.578789106988
0.66574411703
0.534018872084
0.663907122695
0.471330529638
0.378593161506
0.5619641584
0.605101772335
0.6428549036
0.531214776124
0.413048958892
0.445498283841
0.681676827267
0.482576567252
0.565876654104
0.610085127436
0.571324485463
0.589102699169
0.659423682725
0.663980908531
0.494007967978
0.545037933621
0.575092689364
0.463009071901
0.628235669538
0.678136724244
0.502318423007
0.48153092267
0.556137468775
0.540036991011
0.506328939447
0.464278156566
0.563870252259
0.512392826129
0.545927282188
0.511424267168
0.446203966841
0.368155879851
0.632025907283
0.597761585465
0.463949128677
0.591742607658
0.535813306716
0.494618585885
0.672581731487
0.386852608961
0.54378218382
0.456374031201
0.568528967842
0.850495594973
0.614380213795
0.579954262949
0.732519958306
0.604129080189
0.578762815635
0.671036308479
0.604068125666
0.567491871407
0.61686859147
0.506090410298
0.619790866479
0.41734740425
0.608297162793
0.395885372521
0.483830755792
0.580938874902
0.552597193182
0.619248008512
0.465207392839
0.538828592505
0.599169281902
0.533859859382
0.568401188063
0.489381965505
0.467350645099
0.624410849247
0.510467773539
0.682547075502
0.681836064626
0.518841460266
0.626709664211
0.458800612383
0.542919865991
0.617585344363
0.66769329317
0.708016617802
0.396076130187
0.599777916802
0.270604882969
0.557573326802
0.442124649537
0.731558183806
0.516207580072
0.705970822619
0.470983643954
0.473080816049
0.39317251607
0.712532249167
0.462624310911
0.684027557182
0.61746268575
0.53385539593
0.591879730568
0.635701454541
0.585677411307
nan
0.593317606217
0.763843898359
0.771879671945
0.424225361746
0.350345924335
0.502911578841
0.447776896485
0.392063855269
0.535612753905
0.574955659558
0.933334388819
0.444207093967
0.543061184928
0.777359561532
0.482587497092
0.638653966774
0.472586814419
0.554554988476
0.618237551613
0.607410751639
0.642609005493
0.517241589418
0.519787549923
0.720781621869
0.545236549998
0.492910527532
0.542073102942
0.596122945606
0.532546830057
0.633034525677
0.586913423387
0.480665441487
0.72118356185
0.729451888233
0.66733989753
0.618137067269
0.766945708042
0.542598661892
0.530031720116
0.418103771582
0.683283012058
0.467961062208
0.411302885726
0.466552413363
0.578843445761
0.350463350574
0.548162903847
0.58248476083
0.70591034343
0.511487973073
0.573717592741
0.534316905257
0.662210472951
0.744268855637
0.574054844256
0.333271065606
0.510535360706
0.678920288936
0.505332296161
0.571166585859
0.646654500931
0.556308047864
0.392720627548
0.606195825457
0.573350690883
0.456131328891
0.66373975184
0.534823322424
0.498958868358
0.691083707805
0.668223114588
0.559586749776
0.496773963842
0.466214254849
0.925095836413
0.596358383883
0.407858823205
0.363258914704
0.611439812396
0.784207429635
0.475240038569
0.622482320208
0.428564088457
0.662509678442
0.563330944213
0.530866060925
0.568039300187
0.550869091395
0.664778545133
0.450105769771
0.556248063744
0.582476505996
0.465700766524
0.542461316158
0.445088886702
0.527480384293
0.470378855479
0.592642712475
0.621311883243
0.594890740828
0.551131086503
0.589378013
0.585185528619
0.542667634661
0.667556275357
0.650931113831
0.57799628227
0.453092983633
0.535649579214
0.640848728999
0.512660559486
0.502508815496
0.574625861102
0.539184986422
0.507247825583
0.475247293784
0.602873030924
0.571391716401
0.527176987642
0.634378593116
0.588634384556
0.493915415502
0.541020107344
0.480129734404
0.653923144828
0.546564501654
0.770837692823
0.562342714307
0.696078118353
0.59083676252
0.488222970676
0.412902662836
0.559699514888
0.443009561297
0.594432787967
0.749823514004
0.496353791935
0.425079163687
0.542181653846
0.288365953148
0.516207843671
0.527936648582
0.394213457386
0.658401401534
0.413834337617
0.575244156364
0.538456912944
0.51998753035
0.560586696492
0.544178625159
0.588139372723
0.439678527497
0.528372484784
0.485219608289
0.422773068636
0.550661389779
0.504172413115
0.660408561019
0.512567007445
0.52835429202
0.622364773488
0.397311314453
0.618539211536
0.495121753272
0.504891600678
0.576411899602
0.523791838078
0.430150826235
0.375631095298
0.604613207718
0.577966168776
0.670642397293
0.497406697884
0.633249072056
0.509885729472
0.416189056368
0.560198645913
0.620481754177
0.625931132354
0.6298345517
0.60092553926
0.509432792286
0.642335643411
0.711777927623
0.62424294938
0.635399062778
0.514314656582
0.573443790412
0.583258778879
0.554710854114
0.382504972287
0.534300371577
0.517516035621
0.436640143179
0.543585237534
0.700234998286
0.618148608532
0.695012811541
0.614302115133
0.503241783337
0.406237817806
0.603941676048
0.431101592928
0.637079648503
0.604098243786
0.442599332431
0.590575885784
0.555994337456
0.556627731729
0.584423362205
0.435047913028
0.645749869707
0.689162698298
0.525126756166
0.602348965427
0.632929453587
0.585396013149
0.509047502406
0.568360333995
0.623263524975
0.538588051349
0.502516267524
0.606867415459
0.381843027161
0.519061437972
0.58547374349
0.491775225634
0.446629664484
0.482818123704
0.50437940646
0.593206615461
0.599529230718
0.601520538551
0.570482716898
0.543532281622
0.389573598696
0.568079012481
0.544352431118
0.65176105807
0.386440972206
0.875715425857
0.473408768338
0.663256702764
0.617514525951
0.755888914333
0.57856690411
0.429479101141
0.66526364894
0.648019337681
0.654502644385
0.59894346979
0.565914012486
0.54484291271
0.615587207003
0.427817236895
0.521491921748
0.870301080129
0.669928891598
0.522425659158
0.68024946192
0.489008549301
0.627941187854
0.599276215517
0.647225093113
0.51504659463
0.420060639199
0.436895228399
0.616761426692
0.324415214574
0.481140906795
0.473141255882
0.598316675136
0.572701252157
0.602125772082
0.456577005801
0.563267652638
0.614019257046
0.557786069208
0.619174517147
0.636393941576
0.651271497144
0.479206726439
0.470277602364
0.553909709047
0.708616349602
0.534824307768
0.533956499127
0.662127204628
0.535175663428
0.46649460932
0.708911361378
0.5067586933
0.443565516445
0.56231224317
0.450882304707
0.673733736309
0.552755221796
0.498703727423
0.590621610695
0.66174282828
0.679578681315
0.584727421584
0.600174948865
0.654215874413
0.773376910894
0.5426192604
0.440105947299
0.755480539239
0.525465181931
0.460578763654
0.566226476963
0.44995872021
0.395357644759
0.504824287006
0.472704115785
0.657128771668
0.655294052691
0.533274003496
0.764429171665
0.728486544019
0.465248942536
0.60859193619
0.588629054484
0.848362944996
0.6507743506
0.718924496519
0.406300390625
0.64892606043
0.692013080619
0.481573396516
0.593422144277
0.574095524545
0.65759451311
0.673149717473
0.410047971174
0.531199561082
0.606159940184
0.57376981066
0.611264307326
0.652280890102
0.663921217968
0.397632595135
0.525793032512
0.520007186137
0.635151684206
0.508742311719
0.665139160027
0.559746381786
0.686494960439
0.481861140525
0.418649389977
0.672240050845
0.615767454678
0.402611492733
0.48835204351
0.493339833089
0.527936486939
0.598700651894
0.461502153279
0.416006046866
0.464467668863
0.473068276727
0.590295348436
0.492741869692
0.468289530595
0.527950989585
0.735308487229
0.570319860924
0.613369398106
0.558580569035
0.513526164484
0.342419900963
0.499591860607
0.72047577603
0.450349064956
0.53951163988
0.692709779619
0.650334641376
0.619980908796
0.471915725987
0.563305869012
0.540289872548
0.4147219748
0.35868839314
0.615414444963
0.557504754496
0.643377321255
0.633447080057
0.445325480931
0.742744846954
0.628398508512
0.512216833172
0.524349096975
0.475922988785
0.38607029301
0.409064960362
0.390177135365
0.612118304417
0.624938835332
0.617163467931
0.615587918973
0.6756720371
0.784784302694
0.383020552412
0.577063351282
0.520295872376
0.618241179457
0.621391747258
0.665556155912
0.571734734331
0.628078267328
0.607338322916
0.430750462581
0.431098811489
0.512358156111
0.430959994814
0.482389083682
0.666174606428
0.663985015641
0.706315576673
0.539325039488
0.515733488656
0.752057973943
0.522872354801
0.411766879536
0.641237507819
0.451437725668
0.500540936416
0.61699106443
0.56392405175
0.403693654445
0.574938184029
0.6691877293
0.472623972729
0.568328501487
0.631148912858
0.435859698661
0.66105499415
0.477987188731
0.646410259492
0.490179102408
0.355500888971
0.615362696162
0.520010962248
0.454224247394
0.531626741546
0.538722694758
0.651947046767
0.469377977484
0.429927175
0.523451420229
0.734155725732
0.68745987903
0.602001463563
0.549348305557
0.428019729829
0.591170429845
0.497280249766
0.622410527459
0.386676760197
0.313936618449
0.610356850973
0.662743627519
0.65369317616
0.466078548066
0.660447319228
0.527142753869
0.547666029294
0.431172489713
0.56324771635
0.424389977616
0.580764173956
0.550682040466
0.581627448364
0.523648904989
0.522282005571
0.552094323269
0.384382859991
0.651156481915
0.513050656197
0.777709409262
0.504374495854
0.472462099728
0.475893459868
0.615234682351
0.378345710776
0.66393221953
0.491136974342
0.592786159243
0.570655579827
0.540635726219
0.674961261478
0.533306704739
0.651708802227
0.563643201711
0.549455594824
0.511205802896
0.454961954945
0.617321679156
0.66021825025
0.485575710462
0.4894416216
0.702538470865
0.755939749915
0.529635476608
0.697338247389
0.537423274022
0.710539803063
0.562557232772
0.370073984012
0.480893562193
0.627803917557
0.617777480477
0.599925995324
0.712601671394
0.481825400849
0.439252553099
0.493871482816
0.56720420859
0.508929563548
0.620923064362
0.514563751109
0.654782719473
0.730013290744
0.516335192178
0.597089978966
0.420876412663
0.575174796857
0.481661007849
0.66045010561
0.568022488037
0.562100143703
0.682872331523
0.505178848616
0.505164856223
0.426316927581
0.497777028041
0.492582909131
0.546974594037
0.609358138083
0.68280909307
0.682286064099
0.364126742847
0.405156921511
0.532287577303
0.561140352093
0.692653509699
0.347916894845
0.638103942456
0.557257564107
0.614901756996
0.485022606998
0.531405627797
0.590781541475
0.491081588953
0.533808847782
0.386480557389
0.56615906005
0.759646402703
0.516265527618
0.590752292933
0.464169265118
0.555673945041
0.596076666959
0.526697427286
0.439937886987
0.729725041053
0.450449678099
0.511408161324
0.592968804405
0.598755281701
0.535942044461
0.512393848734
0.523844319503
0.568823838863
0.374528378544
0.379055129419
0.478673329703
0.422339706537
0.561029767278
0.503253111619
0.673415012426
0.514707127291
0.838629781882
0.60303672263
0.56984794312
0.572597760267
0.550337149678
0.497634435629
0.56784602728
0.457776866002
0.576667484758
0.472343709101
0.440956331239
0.720068969607
0.508935132329
0.484978317442
0.699125611924
0.599011755782
0.721974839451
0.665605649524
0.725887395403
0.660292179011
0.563839958488
0.660744492482
0.620522543177
0.502791855737
0.565892891718
0.680119043639
0.507310186213
0.588372584225
0.502287524291
0.584047917278
0.706054135328
0.392829601832
0.772815840199
0.449588889931
0.681501736349
0.524266667153
0.538889848263
0.658973931853
0.523491889111
0.434272288516
0.451539801006
0.683837942501
0.565846558017
0.586035166983
0.303295982343
0.484659562495
0.479271076503
0.426320458838
0.489150652475
0.60418923151
0.568560549947
0.541705113611
0.48174518235
0.378890870979
0.532094539368
0.785387539367
0.517405278003
0.561288657329
0.671515007231
0.398844443984
0.552943712213
0.663352445424
0.666114026898
0.318954644326
0.374165906611
0.690549355672
0.571962079662
0.422439229139
0.643033363169
0.76982026051
0.550382054633
0.603841494775
0.396804040531
0.573384714253
0.484841043463
0.684063014179
0.681461618422
0.639944859705
0.463800496108
0.863620574427
0.654244847301
0.362278466499
0.572615579979
0.484466855531
0.448748502912
0.443908911661
0.537319801378
0.610145979921
0.468082626497
0.551584848875
0.566004323026
0.548942645035
0.599868358431
0.517195451848
0.655517474977
0.598488879248
0.814584679265
0.637479642664
0.671689191213
0.533244588298
0.425063013506
0.519525362465
0.545886589223
0.666156746567
0.510291259098
0.559932369516
0.449299407856
0.620361959476
0.487852447996
0.471141783826
0.567922468223
0.518222633766
0.502792228075
0.439609539312
0.482585672398
0.531383792408
0.407707719723
0.702112117536
0.637264371053
0.528229096666
0.631410367608
0.662705710952
0.608928761322
0.457859165966
0.615909194281
0.398368544225
0.486802478417
0.56051139373
0.443686563376
0.493259458897
0.576337120652
0.425538554897
0.542517707955
0.59402538216
0.654973320882
0.661687642069
0.591525120924
0.519881650124
0.592810217394
0.650588945435
0.448491680184
0.413649310023
0.633122150483
0.701878434874
0.604843491641
0.574806411493
0.804666396252
0.58245023419
0.606754466601
0.536062835277
0.658043340576
0.695045951771
0.558349616171
0.333627218769
0.667541682456
0.546463666773
0.473146199739
0.593836994775
0.408879351446
0.711772142875
0.684614218867
0.533446289294
0.483541685567
0.557358019197
0.465401758195
0.622271778384
0.569182080863
0.555063957089
0.578570071716
0.729100399859
0.342739386391
0.696850413687
0.483594060019
0.51864978096
0.509526860328
0.589362768685
0.436980306709
0.546999836836
0.470953120811
0.493226852085
0.439714161729
0.502759253797
0.602798169521
0.556764655341
0.622998203599
0.732799911919
0.697508876573
0.358538113579
0.565393830424
0.529137216404
0.639570953881
0.391858468266
0.601051137985
0.554169519184
0.511027554814
0.562116038312
0.609455921927
0.363643434632
0.38378847572
0.433455581144
0.525451657768
0.570591366224
0.622161612083
0.659328341513
0.565197768334
0.641397676999
0.401500093486
0.614964608075
0.752537678664
0.59354482229
0.442520083506
0.555696094428
0.423576134636
0.460593242805
0.452802283803
0.534372109108
0.555656079121
0.701046330921
0.542398942937
0.587478764141
0.532110654099
0.755248614588
0.468358690829
0.443463148092
0.574981984041
0.503375512565
0.673966605425
0.562208114919
0.527949664095
0.599729269128
0.62881424662
0.569178052224
0.58199852686
0.57856051734
0.419902442764
0.543719991061
0.676315207627
0.512388390043
0.482088310996
0.472696553069
0.68770778531
0.639055869386
0.522016074984
0.681693078169
0.649028395543
0.84164569224
0.75407675788
0.741639406243
0.736947072389
0.793903076236
0.838577864241
0.4744570551
0.69536485966
0.663817072651
0.66845203775
0.556101757869
0.429109014223
0.640965410737
0.432194517304
0.674812639233
0.427758032721
0.455967061549
0.566887715715
0.454464207347
0.690262574787
0.700703542829
0.571112164747
0.838900180404
0.61163956316
0.601906555914
0.472819593922
0.533678443188
0.545312237481
0.733650341022
0.440432697762
0.557421900002
0.500147436559
0.584522209823
0.367650573895
0.41784326108
0.475056208061
0.598339162479
0.668253748654
0.750490447247
0.478712948811
0.539260685936
0.650997619641
0.4620916487
0.624212488897
0.41046342448
0.662202692557
0.454611970417
0.55106615741
0.498538990136
0.661127306222
0.44929941997
0.694509886831
0.702146922654
0.728484901963
0.542496593946
0.70969559984
0.652197278835
0.556210849432
0.436891409971
0.815029262264
0.661108903206
0.528607496279
0.601740304812
0.523495024361
0.806428356199
0.8529149866
0.471390329278
0.371097106549
0.595757746691
0.653832560376
0.628739489006
0.630204993847
0.61095035019
0.558140893059
0.774273100616
0.638129562946
0.391420036744
0.493379802334
0.42927635003
0.464711897501
0.552113440188
0.674249420999
0.651472302888
0.609517246162
0.552471285778
0.615239331574
0.57608850163
0.567533616773
0.536347221357
0.597172357702
0.573135536571
0.519687473922
0.474542711633
0.539422915497
0.491443530465
0.687037573025
0.487693721376
0.605222087066
0.544884009079
0.709009137273
0.59358621324
0.577743979339
0.530466392288
0.629825137341
0.576601171225
0.696396458395
0.427556144905
0.490201831668
0.646558634026
0.619165029619
0.474953122848
0.580843204361
0.639289448819
0.566451883131
0.619580242235
0.578161698676
0.638356862628
0.570437966167
0.408705075995
0.573445699153
0.525021519128
0.673623739168
0.505687883926
0.57606986836
0.579234812246
0.585794036111
0.512439448713
0.516753344291
0.699754702771
0.468218382862
0.63971847322
0.540326073337
0.63142757871
0.511623266678
0.41685871906
0.609230675275
0.549307684392
0.516710856396
0.489972371132
0.560361277227
0.585653885293
0.474716253612
0.514685071071
0.450121136883
0.703432506835
0.575475012336
0.689179122668
0.404303941845
0.549509547377
0.593076506567
0.529287647166
0.664640679813
0.689114541508
0.581455289938
0.558938818455
0.468008300007
0.569846014232
0.403285313544
0.445012501445
0.430052644318
0.868894358554
0.78089794994
0.630911920345
0.615959066998
0.659394892142
0.565495577984
0.668244192929
0.570205524538
0.473678153032
0.440401311321
0.628385552166
0.557245334256
0.384230808946
0.422660956674
0.568671220749
0.431653282794
0.62892562982
0.537185527954
0.556886290182
0.388871697286
0.414706133097
0.509623228475
0.636998246627
0.663134819887
0.715884554742
0.598704615227
0.476342247803
0.583049099463
0.737327434348
0.546505806241
0.501367980084
0.8002875508
0.67755255109
0.410121009703
0.51688139262
0.492731738238
0.650766760449
0.840950874645
0.590286646038
0.710744640869
0.606514216657
0.771326539156
0.669366975368
0.601635278934
0.726787202885
0.743343810667
0.577613044425
0.330446618565
0.66923027023
0.598029269893
0.53576076079
0.823633452984
0.728808208579
0.435933143832
0.638886380712
0.445873108947
0.538686797682
0.5815709507
0.50821140261
0.566158451747
0.616920648291
0.548814166204
0.571245117698
0.540638236212
0.73253600782
0.692629259589
0.616827629408
0.451520386863
0.735495856502
0.5275304612
0.426916444077
0.48754983845
0.478318806001
0.768646205072
0.457376496163
0.571073473315
0.690599633854
0.618580595823
0.591756762426
0.688459235129
0.599166960498
0.443826016626
0.523251036243
0.591483953873
0.656981926759
