0.426329395273
0.270287759483
0.327767184522
0.240401697101
0.274284199342
0.384996867486
0.384687430897
0.234045021715
0.320646497151
0.2679425753
0.255363518807
0.286177932881
0.225384452815
0.313308612845
0.393125622509
0.293752041369
0.391806278046
0.322206291776
0.283752812748
0.250328081374
0.264131099035
0.277136564757
0.268819666292
0.171738358274
0.24557269319
0.253565362717
0.379755869922
0.429000812358
0.201377910092
0.329484447669
0.221328197836
0.192411398251
0.246162830634
0.24159637972
0.25826991445
0.21945063278
0.291945817899
0.179168521314
0.27212031716
0.242600992735
0.242020396069
0.337584320236
0.314819721189
0.37998945262
0.221180808681
0.284539898271
0.180653591855
0.333127616925
0.29299112453
0.299532851916
0.295447699059
0.236128580074
0.275129478216
0.207898838881
0.269623836062
0.244218499382
0.282265868668
0.266999661227
0.234607027645
0.168442973846
0.393538912116
0.485451486604
0.297329316703
0.360154683977
0.267257011249
0.29427494381
0.260539485815
0.345592805115
0.327637743809
0.298770126398
0.36910758435
0.302744886438
0.269887897167
0.349908825175
0.228082308708
0.328643202854
0.321971217384
0.25151787108
0.269349239209
0.279917970445
0.245219362364
0.340012380151
0.339675611028
0.31746609058
0.352625645425
0.431662135444
0.42194145218
0.479738055726
0.279318973224
0.321493501032
0.18964122812
0.349909307408
0.228016612991
0.250691071353
0.277790838018
0.198881143929
0.325255790482
0.233790656433
0.288289286067
0.238693507262
0.226716604824
0.384251038645
0.171004597372
0.38260640783
0.294741887867
0.366989648742
0.243663846425
0.280900176095
0.207746848923
0.337258423657
0.281869718235
0.256703807762
0.205171556544
0.275480677712
0.293532391633
0.368365440014
0.285659210668
0.273240568779
0.193215658261
0.294248770932
0.256139562625
0.286130954272
0.276351899731
0.28478334664
0.368626532753
0.318888145504
0.319484012231
0.239558660032
0.264605608848
0.302535982338
0.385216222871
0.265448468975
0.275967377083
0.245638162206
0.201235814722
0.268509445905
0.215206404129
0.307057230425
0.346523346875
0.210799602408
0.290266394724
0.356665475669
0.236828396364
0.275077718294
0.207487811335
0.299628547278
0.269324006973
0.301986245291
0.274886507058
0.407883888044
0.243582285967
0.390082430254
0.214115372274
0.212637494639
0.22884409712
0.250610415927
0.290896608779
0.293992170006
0.244809455919
0.302709743302
0.345592276477
0.275784425343
0.311219718559
0.254353092646
0.295788822919
0.257488900096
0.283438484873
0.209197765818
0.286284743005
0.278441550508
0.343594205736
0.356646862158
0.280156287178
0.386954488479
0.200175275002
0.321182262974
0.360550652007
0.30181263681
0.264127271094
0.257932466252
0.322978685052
0.246875068886
0.243181722194
0.35107433134
0.200529484505
0.214852906768
0.212621799283
0.190850954042
0.256587790465
0.272389322223
0.279381288607
0.310505265024
0.208996927432
0.390035490715
0.294660160695
0.25043433799
0.236870699471
0.351992427253
0.258240503205
0.287145929465
0.324763794041
0.238524582168
0.16957784354
0.22696811068
0.25727139696
0.340410811532
0.30146695006
0.263238293287
0.360336263792
0.294692616468
0.260002092324
0.250025010312
0.306809520575
0.202513684468
0.295336884368
0.282398900024
0.243860501513
0.26092805955
0.328308402987
0.280923441645
0.390902614649
0.336673445604
0.233285008569
0.250954377648
0.285680307501
0.442919474988
0.384945098768
0.272011979764
0.287690082416
0.318024303546
0.245836304309
0.273093796532
0.314355102141
0.192315085042
0.265611291309
0.266417224116
0.294948412611
0.257728283578
0.403065943269
0.352176547615
0.374479665757
0.210386954325
0.236852214338
0.241765660546
0.18535642451
0.252753627376
0.358035071994
0.26668285597
0.287625980162
0.306374238598
0.208401113927
0.282661007233
0.255974681335
0.422026246557
0.263892590646
0.313023658361
0.273526619876
0.160380347414
0.360669575654
0.368582331021
0.192889346195
0.29098235627
0.167084947363
0.252322349079
0.29011690653
0.356031578608
0.284864145334
0.326776813659
0.261657856943
0.184300335978
0.321638715534
0.324157916884
0.377965267762
0.324986252475
0.287557618526
0.292310518686
0.265333771363
0.262634916041
0.224485970761
0.336995220036
0.313391912986
0.31863094549
0.284107412878
0.298473993892
0.286730587116
0.282886358597
0.264456500487
0.292128575811
0.288127855817
0.313952289757
0.277751901717
0.296144053058
0.247216911566
0.312733066612
0.296488162487
0.376048121121
0.248577098159
0.299350896311
0.239082915036
0.238123177919
0.217392133026
0.328420750916
0.393711628758
0.232735188785
0.323152737836
0.313202772574
0.238825028509
0.294403040307
0.278271713839
0.281617166342
0.250899615148
0.219032169032
0.363908580842
0.234556141161
0.247523072512
0.310150748845
0.2833935674
0.192858840467
0.340079158106
0.225617961844
0.294600574544
0.34651375479
0.270920970954
0.214344843437
0.338412132352
0.314777334233
0.318522969489
0.297767467654
0.161715412915
0.329281698693
0.211819317474
0.249111082966
0.284014849248
0.202238358484
0.31370402602
0.204830878691
0.393513714055
0.337471082052
0.32478893712
0.300130756826
0.342503693102
0.253358744051
0.219390250626
0.359813321715
0.262912012223
0.506908377944
0.164400175516
0.27883176642
0.242168045268
0.21867035125
0.186531198069
0.293949796426
0.385226783305
0.311360808425
0.277155693345
0.273845938713
0.300922564501
0.302498918856
0.24303727229
0.335063256109
0.191495658711
0.221135559211
0.213987806518
0.333533172146
0.3033818557
0.349123315345
0.34353802947
0.250713374674
0.236193843274
0.205999213025
0.277337496006
0.29806230601
0.307590358512
0.286804812117
0.303053383778
0.340590998641
0.332523188568
0.234561327529
0.314223865251
0.206058199767
0.321934128465
0.275969472885
0.273147891968
0.213863515726
0.244021364311
0.182037275539
0.256667208307
0.25289441182
0.198913910007
0.298909013712
0.295411097034
0.281923385633
0.298135504698
0.320744482762
0.326284168405
0.276079454408
0.208307416077
0.395310934968
0.308408002654
0.27986860206
0.253881695405
0.306228184282
0.345250303754
0.584104575127
0.319248737901
0.290390952404
0.454323953931
0.309205147227
0.292588821062
0.22358209526
0.296281942058
0.288284515714
0.391322866741
0.321787988834
0.291600603222
0.247125369337
0.241454570195
0.317623777678
0.30988925899
0.292838957954
0.343661059613
0.237082822684
0.258894953201
0.278972596347
0.384295804788
0.294489390723
0.287871505676
0.273359490592
0.203811170263
0.294058152252
0.181693348514
0.246866280574
0.334653424026
0.338155208333
0.324655529633
0.248779017338
0.465040096348
0.289425958111
0.24676781322
0.376530382315
0.295271255519
0.311192149596
0.221837901494
0.234014439655
0.240413530566
0.371495910402
0.274483611185
0.174054446078
0.301835186658
0.264238713287
0.228733482736
0.240311212377
0.269437494233
0.23092265042
0.295711548049
0.264787214362
0.30286178425
0.273578787207
0.308313842099
0.281724358455
0.328746503194
0.371863228474
0.338324054191
0.262962091353
0.243808439888
0.263488882637
0.243687407689
0.266258589228
0.167375427571
0.275496126217
0.187607346202
0.276658395534
0.293071820616
0.288058471589
0.204428657537
0.267940063459
0.283275819797
0.183599952163
0.256664127724
0.261188855221
0.293771392542
0.294969308372
0.349294043943
0.29225426928
0.192177636979
0.198365284676
0.280608469522
0.243293553975
0.213617567651
0.258368950064
0.265707032197
0.33875715373
0.382964695029
0.295348241677
0.293475317399
0.311230469295
0.309847616705
0.309157309195
0.253145512145
0.267549569754
0.354677065806
0.217217056726
0.228226544242
0.19118170556
0.316567823796
0.234554859394
0.348604990637
0.268102985872
0.256746026816
0.242887179338
0.341919081339
0.327173256229
0.269761128954
0.284001060121
0.328334521125
0.178378066288
0.292559618808
0.419125820533
0.341258442403
0.291931893087
0.25550307696
0.318382839028
0.310376053315
0.182983968687
0.262836014181
0.2929924546
0.28276010158
0.238367430132
0.312463030932
0.252423016443
0.246433601171
0.325607572428
0.28126025678
0.141137912263
0.347432039187
0.309497293268
0.248579108094
0.284537151159
0.314713368738
0.240557725652
0.219195934278
0.290451814367
0.2979275346
0.275868235606
0.404571186503
0.269843413739
0.309707030614
0.361922368477
0.35978734711
0.34457708324
0.314592980253
0.315420583056
0.349253868053
0.281805387296
0.347746303769
0.361750219346
0.242106729572
0.430658307433
0.334935884079
0.278005394793
0.285482146036
0.255012986325
0.282685610868
0.274785112846
0.315341014279
0.202555698635
0.247244215982
0.274604318991
0.351106701664
0.39062131447
0.206890237228
0.273851561374
0.165301631556
0.222423473197
0.349133740228
0.253154796706
0.179764448306
0.280214187404
0.369547815059
0.281886060733
0.261357702093
0.227230699705
0.277902357437
0.260154282447
0.382041882547
0.279693946068
0.214861932968
0.282383319048
0.271391768769
0.285122728254
0.240533520294
0.330121087477
0.408645146255
0.313315282327
0.29278485507
0.247047035821
0.306463951653
0.217557673831
0.40116993084
0.229286123243
0.304587612423
0.237214113608
0.282709336667
0.199418154593
0.212593689547
0.339794130421
0.307430551016
0.386351771482
0.349183126096
0.39464975111
0.252376360386
0.324685199235
0.289216034181
0.229946388045
0.208488546177
0.26120579092
0.353880579835
0.298245924947
0.236734625382
0.323071819752
0.291318077472
0.299717403777
0.330505529808
0.240797935663
0.276345331263
0.385029872332
0.289544087686
0.257165156126
0.383052368929
0.333538023646
0.245417438381
0.314290937337
0.199345587274
0.181794443938
0.303550152584
0.259632232103
0.291737987051
0.379657953628
0.395481010838
0.277934123831
0.331551643484
0.333290491249
0.282484346276
0.329994387556
0.338864361146
0.292873520203
0.214144663459
0.450075628289
0.236102573482
0.256013471748
0.375062613442
0.382209358623
0.258389414068
0.272400112423
0.302847132907
0.205111253372
0.321908172433
0.282912033011
0.201385714907
0.29715515516
0.297107458401
0.357993025657
0.288346599448
0.394547444434
0.167567259883
0.288942783433
0.274605945977
0.159761481956
0.267344494975
0.317053568262
0.404927982689
0.241122435628
0.263904156431
0.395032894905
0.290988092694
0.34622172382
0.293056297464
0.436296732928
0.283615303364
0.330579994546
0.320062334329
0.207118431251
0.280294249507
0.273981925123
0.363167335422
0.323635541259
0.378707885223
0.345386614518
0.387694405175
0.30217794797
0.368789838222
0.348058408906
0.309832926264
0.225545691414
0.274086369366
0.342587495463
0.293397099471
0.25533741217
0.22358775935
0.237772601486
0.428046510551
0.321576921133
0.269096745998
0.292378250472
0.283547152007
0.351689304903
0.246740661128
0.323652704875
0.304778486094
0.27968504285
0.148635056442
0.223124594871
0.344251419138
0.298135741782
0.268847056652
0.310695168216
0.236408951129
0.403918799753
0.389022428715
0.260505866828
0.376364216733
0.322061814184
0.325432878684
0.300934799207
0.42402716906
0.29165239039
0.328334778398
0.229637028412
0.368091675818
0.201039296066
0.303960020742
0.377475073549
0.398067643008
0.378109769317
0.28642507879
0.339655915213
0.29774995135
0.258221454473
0.224587321044
0.317407531307
0.267631753132
0.300016678125
0.369690314581
0.188228027963
0.288858405513
0.331512907448
0.277558231599
0.336993814436
0.358312877993
0.29291433495
0.266934485004
0.26708749695
0.286916104604
0.318462240367
0.307418592329
0.203292353854
0.326545357741
0.32630784924
0.277291284096
0.293790238072
0.286899482136
0.316670268619
0.354063040201
0.268078703706
0.433206764986
0.376204331119
0.334467963897
0.2328928979
0.332142578321
0.344671327845
0.343492774596
0.278731418597
0.142127207305
0.303749535751
0.297453529011
0.354259343258
0.233361160022
0.353995116949
0.256998646227
0.326299089631
0.258959519828
0.3443052493
0.297495010917
0.234042574588
0.259291307417
0.334930157559
0.217062190658
0.205088655532
0.355093851344
0.309151131323
0.294749265295
0.253088042544
0.267085481914
0.254453503631
0.259567775269
0.242270104791
0.266450101218
0.303226454822
0.207597445073
0.229251210009
0.318922206503
0.325991557922
0.261570059397
0.27055878098
0.23738222236
0.30091691783
0.233062942056
0.354657031952
0.320688260137
0.294647481817
0.245292033497
0.25558951432
0.24717213077
0.437773902372
0.269414442763
0.245766157018
0.207905761332
0.360859448778
0.213770318036
0.311034441995
0.327797947548
0.272363935055
0.320151800981
0.179656492441
0.342212310395
0.259277806137
0.322747618653
0.313746833884
0.260789117488
0.273763252769
0.264234397178
0.316836138726
0.278094374643
0.207095692281
0.264209697116
0.298733388762
0.315445015967
0.265465249922
0.273807530106
0.386216213087
0.330599954352
0.370670641669
0.186075901393
0.244591747672
0.206704493775
0.367243457394
0.280914623726
0.220294401499
0.325320752649
0.209112694166
0.318848214111
0.200940708713
0.214878636157
0.200730336636
0.270185422961
0.247541668914
0.258884646695
0.316424646261
0.300119625676
0.361692691601
0.282376999006
0.265115079356
0.230277775245
0.257534381728
0.21509625114
0.25731119322
0.211325157667
0.338671371279
0.260367093581
0.210398409572
0.23921813263
0.348382405776
0.282512313135
0.241359030008
0.215874193916
0.323501146671
0.263917957635
0.38061786568
0.197890318835
0.297431665714
0.266329932298
0.252811017415
0.14585882797
0.21993380111
0.290113631446
0.306202335945
0.376293982091
0.292086950611
0.190778618927
0.306794594205
0.254567796998
0.301595361454
0.273684399724
0.221047251869
0.28799304061
0.224815633685
0.256567813036
0.297058001232
0.232471184428
0.274840948707
0.354392224276
0.350179219761
0.369812103774
0.262480691029
0.338268045948
0.193356836888
0.374217801728
0.255125523804
0.257496788719
0.289944809459
0.200716657874
0.330072528767
0.188657863377
0.238905200078
0.229210518901
0.278334448256
0.235656735388
0.37609110215
0.370336702911
0.199885678652
0.250026348087
0.297301855961
0.218832676612
0.255649601217
0.2524280842
0.252123802431
0.254025169366
0.307090075815
0.221488625326
0.215833466037
0.325288326509
0.283713462355
0.248467952274
0.385540695659
0.27326283479
0.261623866345
0.353067763606
0.282643030128
0.324059749059
0.306056711998
0.276493733351
0.326235612308
0.280966021206
0.324534991319
0.194422694371
0.248827201713
0.214268299549
0.359825927475
0.327154600122
0.298474103394
0.31025017968
0.254998164336
0.23102174401
0.25784158847
0.280176516588
0.255205775329
0.299584285444
0.257147131974
0.289035932599
0.314056419461
0.245048498744
0.231032986941
0.320950699547
0.274648867682
0.250840985368
0.216666238787
0.397796519743
0.230134116233
0.273571590846
0.214841478193
0.304134993787
0.311505676873
0.246587744983
0.296555762088
0.260064362035
0.280214643899
0.231341305405
0.306667473649
0.268840045281
0.249817088367
0.310961972878
0.24448099758
0.282650100138
0.309048418824
0.235325764786
0.230508157199
0.262476886451
0.261904626979
0.30844494018
0.41188173307
0.271290112663
0.292224613769
0.237321773922
0.231647403704
0.250691232834
0.36249690275
0.260248765532
0.230768225015
0.259985245595
0.263383207748
0.22009923991
0.256248991479
0.284820023523
0.258942997467
0.253030831907
0.244852047849
0.2577470883
0.297707786803
0.262637933493
0.274367557504
0.327363591667
0.215819219343
0.282299284299
0.264630593443
0.217625083951
0.317110601776
0.301481577244
0.340296897378
0.2578088337
0.304227086374
0.363484063413
0.244817184481
0.417398851902
0.228975559405
0.276303166872
0.2610144015
0.281883726872
0.241635384772
0.468718758467
0.362091149122
0.441341727528
0.22466184057
0.469803830782
0.438577121702
0.32934841358
0.261171652788
0.449917671527
0.267378014982
0.339616495283
0.252217283338
0.213303648247
0.518564688369
0.253034317745
0.348651164987
0.294167755807
0.46973049969
0.268871549585
0.272364715052
0.386196476021
0.329191969614
0.376202423251
0.365191546852
0.261976729924
0.394536151819
0.288327002488
0.318710349774
0.34005543993
0.365271881443
0.384144690609
0.343467220496
0.261629298313
0.372958109772
0.380670126125
0.278192482659
0.499468568886
0.391146763187
0.40498100789
0.409874445996
0.365727867324
0.346110951523
0.32093114578
0.254112195638
0.399362171807
0.252550338326
0.452902212462
0.358205761302
0.241298173442
0.217215543605
0.315543720613
0.363452712457
0.174255358732
0.347613020698
0.345847385457
0.29745603937
0.374786227205
0.309678586064
0.268096609619
0.240216213751
0.376535838781
0.498228229253
0.351798770984
0.329891488485
0.362663862319
0.290783002986
0.321473025992
0.210520217283
0.345605545272
0.344356169602
0.232595802859
0.30680317171
0.359598785322
0.50997476838
0.259424232809
0.268420539162
0.331499559301
0.34809734071
0.274687232672
0.283091010031
0.294112191162
0.401371126468
0.207950961107
0.35343671642
0.368476781029
0.252235018828
0.370469784657
0.357127320107
0.273700235147
0.300891384167
0.286818517516
0.164466650631
0.314657843972
0.482924773967
0.353799279022
0.412334888743
0.293270833049
0.363371483123
0.287737445632
0.385168446909
0.262062314262
0.32965636684
0.453746689957
0.305628375658
0.430180484694
0.34834373161
0.404138558138
0.406215240391
0.294475151337
0.339542204839
0.333570213478
0.225582796904
0.480072742367
0.197389037911
0.178124008923
0.371555210847
0.345260551877
0.434479592803
0.292798096498
0.272586921622
0.283157648787
0.312233411652
0.394571166867
0.397990846071
0.361725171059
0.287839663895
0.497376429791
0.420967978361
0.41024766681
0.374720202183
0.22270597402
0.491793469854
0.379950507889
0.388367490944
0.313514765414
0.225719078883
0.403228795514
0.342781943954
0.408157233229
0.212212889333
0.256538083561
0.240986096849
0.375680628072
0.333225956474
0.308177017109
0.405124882469
0.281539396793
0.375627126282
0.365652494665
0.383473009795
0.25565678447
0.212512184426
0.393366715585
0.257107486688
0.391967260478
0.145797922324
0.258947823319
0.258804224616
0.312494520131
0.297482566264
0.267366179742
0.272961685003
0.251287413331
0.309241621973
0.340669524236
0.295642163452
0.360871181761
0.378725178867
0.306671650334
0.330591185261
0.309561678806
0.561454045682
0.400416057939
0.348405193756
0.313261369341
0.275456988086
0.333380072895
0.284173410895
0.263783183965
0.336734257648
0.27627465012
0.408926503395
0.372111337025
0.305947565267
0.350084592612
0.40176896013
0.311280551934
0.41598829845
0.38962886236
0.294676095882
0.337447297654
0.283664921085
0.496485212436
0.386116569937
0.432763702104
0.348236647363
0.278335885111
0.412350154092
0.184897082087
0.44750293697
0.276476874457
0.264522467153
0.25291975927
0.21225534077
0.241036532809
0.261660463938
0.306638599431
0.300801324959
0.325229942169
0.452997530095
0.297099208385
0.269956494395
0.225418806532
0.22632590442
0.301165640197
0.465939818598
0.307674470738
0.236276615786
0.300678471017
0.339514292649
0.394601353572
0.307207986785
0.230509288952
0.325765585779
0.399267959843
0.461180687429
0.395460680437
0.30921958727
0.267256219338
0.285920679678
0.295707813225
0.328798968546
0.316272890819
0.270555713577
0.352952588317
0.348107093063
0.33336854471
0.228268095604
0.249300517993
0.252715438232
0.266594268227
0.227343573773
0.338348102859
0.354721291622
0.237414643875
0.269627781279
0.253252401817
0.211880621762
0.349818071182
0.301131828362
0.222385943785
0.247599539302
0.317026870248
0.28231964353
0.234893623081
0.250050245013
0.276374673329
0.348960874299
0.250964455149
0.219688856879
0.302659994358
0.350548449309
0.233101421032
0.259544450936
0.270345367055
0.291685069403
0.217047236937
0.269219128228
0.245896981656
0.297978508607
0.312469058119
0.288153586205
0.415787398993
0.313351727981
0.343795965499
0.207664568281
0.268292001454
0.275535704196
0.209233477678
0.219121366187
0.28555839467
0.383152667586
0.296991321048
0.356538227559
0.276635302214
0.266779485603
0.250551017997
0.342218330337
0.290351508971
0.370420778868
0.34401671709
0.32261316984
0.231747459434
0.287500614567
0.338450783956
0.309343247895
0.324376310891
0.260069752136
0.311805521647
0.268850101904
0.281359606989
0.283288394526
0.249372403522
0.206934356466
0.207741340686
0.254059360543
0.303182010172
0.324303906697
0.301114298705
0.193218714431
0.326182615345
0.282082169588
0.277216131222
0.421349440247
0.295070198093
0.304734331102
0.259261715729
0.39101591601
0.381925197121
0.300415916872
0.311616631208
0.249840679464
0.327705528463
0.266973034189
0.315839452382
0.39510320785
0.29568332533
0.303967935601
0.18412062869
0.344815857078
0.380471635402
0.232951333238
0.323266438796
0.293599206426
0.175608909481
0.328115784667
0.264765018466
0.280536155049
0.248357814623
0.204128836199
0.160057008083
0.313074881562
0.297438305314
0.302575736526
0.348836330725
0.247251397046
0.268669764995
0.348024177872
0.261353203124
0.321926676776
0.309369959586
0.287175449336
0.261211830996
0.23780834036
0.273082158485
0.34524166985
0.324984617186
0.36516077737
0.33437030759
0.273773861735
0.21777463005
0.308575667203
0.206003714579
0.281927782119
0.283777367219
0.309481942085
0.363052792408
0.295203519686
0.214545995929
0.36317865973
0.398185401738
0.268764524005
0.228745822345
0.408924675297
0.203066373327
0.344587553381
0.269195833309
0.315950115277
0.309429688543
0.275609240054
0.340155010873
0.316701214803
0.222007180949
0.290039406904
0.357715122429
0.209085733964
0.261432650892
0.202684338638
0.294633268669
0.312658028311
0.291416538301
0.225447357036
0.277673286685
0.327931825969
0.239781686802
0.329837652921
0.301743870824
0.188139900785
0.268339122822
0.236206093932
0.29600347178
0.262687331428
0.300808594285
0.28323330716
0.272153257379
0.358559424376
0.22476206031
0.252466103596
0.301135552719
0.268630798097
0.271302943609
0.268327175157
0.305152378834
0.321330363189
0.303737006728
0.389328675181
0.344000709709
0.21786721923
0.318060773329
0.260789500533
0.283606665235
0.326131196409
0.278245599383
0.281004138228
0.335135838256
0.333193147024
0.396186364109
0.328384918858
0.240265209269
0.254970713719
0.296907829479
0.294231564922
0.324746135988
0.338553556066
0.243915176451
0.216778797781
0.352595192273
0.448913132978
0.269868057027
0.325399964361
0.25760568757
0.348972008712
0.315813058648
0.334952013708
0.292969266144
0.212277966061
0.362218167517
0.297696504194
0.331753481334
0.274414091878
0.302125462689
0.270809028302
0.250245851727
0.212471825326
0.300386600185
0.266549563691
0.230330883403
0.310520116945
0.33183108196
0.273835800534
0.265571553214
0.222095815631
0.248519941819
0.289385398502
0.22091662054
0.342541929843
0.287039807782
0.243472846024
0.249134712798
0.286902982264
0.238246133952
0.217537752318
0.275671461886
0.29214436893
0.312520665227
0.278057757663
0.334724773034
0.315586243916
0.363397422438
0.271873892614
0.365489478404
0.375849752771
0.342603884337
0.208664880016
0.335256348022
0.262951502198
0.241942139899
0.331863051132
0.316985602544
0.31301180973
0.201178017575
0.301531037841
0.276481991025
0.251092886201
0.335101363942
0.188065196009
0.320553204837
0.231886991716
0.223513582717
0.239000601802
0.266294558942
0.214689522396
0.231825062876
0.326843903783
0.256920616861
0.233140236754
0.347297560047
0.30334587792
0.22926427826
0.266362317813
0.234804415209
0.288897227352
0.266494953592
0.401167199799
0.210460376545
0.363353682969
0.239697109892
0.183237453389
0.353605069908
0.317802141694
0.403522467301
0.218611361472
0.205410401295
0.401015431268
0.373062422901
0.312928344903
0.243036405717
0.197554522425
0.281132452575
0.246524306966
0.364363532526
0.256178029532
0.380241975369
0.148623555535
0.26605363148
0.335257828808
0.324699520109
0.27483495961
0.276852987997
0.400806131345
0.330438206386
0.272614517968
0.362916721801
0.241978223775
0.239057967584
0.25778593607
0.252676122932
0.238568909257
0.227009030332
0.304649497262
0.327608752545
0.285198914503
0.333024782136
0.259666858459
0.297628237932
0.283643111235
0.212687938433
0.392644213797
0.2274405719
0.255380257829
0.270587490187
0.234513480503
0.270992869614
0.26579900115
0.207046512179
0.242905918494
0.165698055658
0.2748053704
0.300519296358
0.301969165106
0.290862201977
0.31907139131
0.222820588462
0.289813104638
0.339131216226
0.248979310741
0.239546013988
0.302276615381
0.273007818284
0.288085604064
0.370152210312
0.288297322312
0.271806018035
0.245084487503
0.278551536494
0.342319748921
0.344370824364
0.317421211912
0.206020603968
0.340708961403
0.338750800286
0.336675254758
0.339229189304
0.332605228914
0.330671532325
0.251903166792
0.315952816207
0.331084470441
0.273366345491
0.36685507089
0.26323029503
0.2486106535
0.36412136215
0.298843555744
0.279311708363
0.235428042862
0.348702150933
0.253589781182
0.475406069895
0.310912925419
0.194888639655
0.324300140194
0.311094329657
0.314596326552
0.244165419452
0.3833585681
0.271856108344
0.283722641888
0.300831478782
0.286228747511
0.326655396627
0.352103048897
0.348726869913
0.25004365887
0.22941072697
0.283424575987
0.210749289693
0.18656283726
0.188075908014
0.236467976708
0.206963059972
0.282747098654
0.248499866509
0.235623699019
0.330006344445
0.239433435939
0.216098150504
0.447444382582
0.263463445043
0.313752852209
0.299446741864
0.262534990729
0.269579119404
0.257252591093
0.280156720166
0.257139011804
0.275713430713
0.250132199855
0.249553427639
0.28299035539
0.283612320104
0.309195686378
0.239689053786
0.315182315377
0.28509774985
0.32280334023
0.299369937488
0.304398987609
0.256861338336
0.379110010152
0.28466122197
0.311193689153
0.29645741016
0.215609924426
0.30761326536
0.296189629816
0.342771020502
0.35395899082
0.364214401172
0.346575217415
0.274406657153
0.254735854175
0.257945240245
0.286688376483
0.249676629463
0.226269288466
0.34118959406
0.315732537949
0.307283024753
0.328763966037
0.309163219442
0.269184468058
0.36613554981
0.286970378938
0.325499133942
0.213954235083
0.382025493848
0.334625816972
0.274471515753
0.281080568241
0.242234132752
0.313160202665
0.298761598875
0.312804021972
0.302814305379
0.314591542655
0.274121879267
0.256495391994
0.322647537592
0.29670337214
0.309414822283
0.210532602989
0.2811406531
0.289102963743
0.319348134721
0.246635607786
0.395468454933
0.259432484699
0.267015724065
0.353182789288
0.331182337126
0.229682960597
0.244135648944
0.306787045644
0.2144848735
0.184795681777
0.332206661822
0.168238389372
0.344072243633
0.338886063755
0.333763872168
0.41654668864
0.403621758559
0.260164114293
0.333257363241
0.311617399148
0.270775601761
0.309669841313
0.380821449237
0.219553761309
0.460065595773
0.485566453363
0.52306968158
0.283063326158
0.27253904409
0.285248355962
0.395081528071
0.337891863632
0.325837175775
0.319886566946
0.341811614289
0.330562575611
0.292875365209
0.314903556604
0.370069851016
0.356718281413
0.335289326615
0.303846281804
0.2854125692
0.432918620316
0.182442783968
0.288950157698
0.367517660172
0.268045912031
0.355476028627
0.314772543694
0.283512622306
0.310564981635
0.253704609505
0.319187668957
0.38349263695
0.262447417103
0.455042592017
0.381015986341
0.285497826899
0.396528915956
0.323960909538
0.299736804509
0.312932962364
0.231169576978
0.381676220615
0.266488209547
0.252227382534
0.314528840671
0.262833204251
0.300462266326
0.313644294882
0.482603468602
0.438854633383
0.470929032855
0.413490295056
0.314986210287
0.357977283756
0.233038952675
0.261457605508
0.54525696132
0.237660240584
0.520670527306
0.406249422002
0.26410078119
0.317414041517
0.308386521949
0.361232391168
0.300845669457
0.233048661133
0.196210830586
0.332392228994
0.353643944995
0.332578803176
0.241839132321
0.425649291469
0.224903407725
0.218981305373
0.273573604979
0.314947276638
0.285507854041
0.272390652213
0.257037267975
0.240425004323
0.236653147395
0.138436211757
0.310781471339
0.360549021629
0.263200495275
0.439063726199
0.279962112965
0.225729184432
0.247519609846
0.362733205256
0.290067080771
0.308084749242
0.253926467864
0.278831225914
0.321568705236
0.299730329378
0.379285910098
0.335873291618
0.299178058874
0.326263596203
0.251494619733
0.268092347477
0.198731675448
0.214999354011
0.355717241788
0.282989766825
0.239270877229
0.361633772667
0.330278783917
0.365193556458
0.248176111246
0.248483274121
0.250110911356
0.42202332267
0.325587694854
0.39945617492
0.428675742611
0.272436687945
0.22033491193
0.370965908959
0.254753389758
0.32365508013
0.314939531529
0.292456619997
0.210784700062
0.266952919545
0.321982565543
0.253756786682
0.377573159485
0.25891418729
0.157058937643
0.33964395042
0.365747586004
0.278799557408
0.316204222886
0.230800303816
0.260117931662
0.30178560192
0.341401297654
0.355631276588
0.142639263392
0.335611643414
0.296145548093
0.234655335789
0.296280280716
0.322723220595
0.245825657896
0.295909726551
0.331915913765
0.199309009874
0.305519335549
0.281804390437
0.336290192445
0.28279268652
0.25579284251
0.273362552368
0.275354769724
0.21740093872
0.253792420571
0.214963722975
0.345092227188
0.249922275838
0.346289142747
0.301380776682
0.231465813528
0.309189268882
0.285623716582
0.294098672513
0.30061440039
0.311600276406
0.284776097864
0.261293975219
0.297433326035
0.274907114366
0.204858120147
0.305976268594
0.443439355856
0.289220987521
0.307893812935
0.294023462461
0.340210967364
0.338304136008
0.368758379288
0.285488497574
0.31983905142
0.277731079539
0.215135983827
0.282436244099
0.392675825484
0.301487266303
0.205067414564
0.422903104721
0.366412359347
0.36487796738
0.329449215779
0.341685991484
0.315080928501
0.298940983056
0.355091123752
0.380609825061
0.290709844003
0.378463937158
0.234700528561
0.250970151714
0.28582000144
0.252255912172
0.297701867038
0.350000523217
0.346206145816
0.38644685516
0.263613208565
0.266574274967
0.281983237965
0.264740410875
0.294288259582
0.359862052771
0.318319539375
0.403569895104
0.270015277363
0.314996823514
0.272533077895
0.251172840812
0.421209208315
0.365333363079
0.202918936984
0.306467729004
0.290417537943
0.20687275375
0.247640251153
0.327096656687
0.289446148271
0.235873894641
0.275644945436
0.27234416736
0.40566926016
0.260720999865
0.348600491326
0.245470886889
0.322999319054
0.306022393859
0.218667569402
0.21302378268
0.216181220461
0.265126855658
0.26247671941
0.271609928057
0.23198055567
0.223379905224
0.299273585402
0.223688014211
0.354691661059
0.249869476087
0.227738088574
0.322275835698
0.376242899587
0.232790421666
0.228757248462
0.258899798854
0.277748205374
0.243522933641
0.26289601951
0.271887069081
0.280306419673
0.317704819227
0.301814548358
0.32305541407
0.36004773708
0.287853742046
0.329501903792
0.231614243661
0.257566076139
0.313536333767
0.418550479228
0.232441249262
0.326000378834
0.210306347173
0.29202124982
0.255731292779
0.383849598473
0.352364936833
0.280168608334
0.325179330621
0.335868431781
0.313080915996
0.246811220084
0.291727300312
0.272751617946
0.191946427444
0.252699923528
0.275451471969
0.307777068374
0.28922077483
0.337649006929
0.335845718325
0.277980434
0.253368556066
0.265126551198
0.202544763393
0.32368102662
0.264340905466
0.287561085936
0.206676357173
0.220018977452
0.244733905406
0.270461353924
0.259516165809
0.29477394667
0.284857726423
0.278449643449
0.304576342301
0.362207094788
0.279212065562
0.220397179588
0.268646566854
0.324585967365
0.243425154673
0.342421292168
0.281636988963
0.26850799102
0.309162891079
0.264858269388
0.284282720076
0.187738469197
0.313234074519
0.2842852106
0.274426414921
0.233170536579
0.340476481255
0.267772730425
0.18090220163
0.273396428131
0.354347206095
0.307628276541
0.230509207408
0.214041122386
0.22445984027
0.224330911637
0.287869420998
0.218698006989
0.246052634241
0.264890572874
0.318561854823
0.22296327599
0.246454632095
0.292388944076
0.350568362036
0.227613495826
0.271247484691
0.293896774702
0.255806897075
0.281446674682
0.336808010909
0.356430778282
0.241942656667
0.49930103459
0.282641917062
0.229151617983
0.345081827962
0.286222831474
0.296713677646
0.368758039474
0.234851361832
0.305603121741
0.292334299699
0.279265057208
0.394260743078
0.350821662089
0.240933825531
0.251332210697
0.243039286517
0.275128347547
0.209411573231
0.246848212909
0.190704731486
0.221212108202
0.353308777015
0.323664063199
0.28904207443
0.211800923714
0.248676886503
0.221616941706
0.435562236352
0.25001030319
0.259991707643
0.336014700784
0.313461168622
0.234907033416
0.227233547317
0.348250509784
0.24813478049
0.301328049499
0.37431411142
0.154953980611
0.341303220815
0.231841465868
0.237099722543
0.245046594381
0.247131344997
0.311597147816
0.270437399604
0.211678968761
0.24662843036
0.296469411809
0.302066377816
0.342029702848
0.213947007893
0.205401245686
0.334861567254
0.241660696385
0.272598220389
0.257494787804
0.275057938223
0.215666962869
0.299213202669
0.318475096701
0.257934636826
0.306730929136
0.187674433259
0.260422157615
0.249366808688
0.303385527255
0.277055365567
0.329823341916
0.194503181444
0.320813270946
0.32437094194
0.343175327252
0.340584042197
0.297905202467
0.280058247021
0.283166815177
0.21860494258
0.245040018031
0.272348279359
0.276558433947
0.24918633246
0.334541158716
0.244146316338
0.277070903319
0.278484173159
0.260745610111
0.286201395852
0.242818259568
0.283773728168
0.285999026139
0.225974133325
0.293400027031
0.252656296759
0.27993833354
0.249489658999
0.249986946452
0.253396023983
0.321758582486
0.24998223707
0.267761364912
0.341399285857
0.265648185566
0.197551172824
0.205505805042
0.258685501734
0.241527302756
0.259261012022
0.291082072828
0.341534143662
0.263141832552
0.199365949328
0.291529252018
0.350153561518
0.255703161025
0.229214045361
0.305427573494
0.277368888248
0.265380444806
0.273610639447
0.260606036346
0.236952210263
0.250285512774
0.258546938092
0.290106051542
0.344415580544
0.251967442563
0.26218179415
0.278817584652
0.281951814608
0.255885806429
0.213498803019
0.243604995282
0.257776531144
0.198229052624
0.282289916845
0.276812648888
0.277606532305
0.243868660521
0.31555850111
0.385263223247
0.315015919425
0.2521596282
0.236135909716
0.396289690018
0.318948663352
0.315108826404
0.269078810083
0.334226147148
0.331858485481
0.183493903656
0.30418935318
0.457362023854
0.249514997731
0.247127870846
0.245562041299
0.22039524783
0.323004562512
0.259825570099
0.376329973049
0.289687111921
0.206585892113
0.342079514656
0.338730977351
0.27525497922
0.14922620927
0.332760123283
0.35723989409
0.312139034735
0.211925383606
0.290990108915
0.27472212561
0.371613785293
0.315441446532
0.32449554993
0.256954828684
0.194307454526
0.258006907262
0.323123644223
0.293913186143
0.28258620808
0.2201000385
0.313996575417
0.359297998177
0.340488278083
0.284663898352
0.265242987081
0.309124604437
0.359600925219
0.268428645249
0.259148095525
0.356606205285
0.326055108439
0.359205842358
0.318300144894
0.371937281034
0.258663888211
0.326024128866
0.396568835064
0.295496140305
0.235029159156
0.311969661697
0.226446481869
0.220984708195
0.237425903513
0.25956079484
0.291439569834
0.288596624802
0.478628115298
0.343780314777
0.332125522788
0.321693692995
0.285606454829
0.262552675714
0.201588584384
0.275571786648
0.332054056137
0.349425670379
0.232093573856
0.317806339506
0.216237872945
0.202494052871
0.262273745204
0.174838365082
0.317683888025
0.286186940386
0.445347854193
0.294616604706
0.280807322787
0.259023726622
0.287930969518
0.237945443202
0.193434296479
0.294052363234
0.231848313347
0.28939100563
0.250125034175
0.363004557407
0.377519330524
0.381284864286
0.366893552449
0.317507300901
0.2376083787
0.25236363508
0.369143657848
0.29297127872
0.373698771044
0.275985913239
0.181165339988
0.354011310275
0.325852647489
0.290827985303
0.212874894422
0.323970684136
0.33953128252
0.288629822036
0.343290949633
0.179282689627
0.235989882883
0.269726844925
0.202366361538
0.225765753322
0.286463281791
0.237363764671
0.252670099636
0.273484300875
0.260484285923
0.286102142432
0.331533949597
0.308036818095
0.26277725647
0.350369097998
0.281420486349
0.249242339578
0.302958873728
0.303914497952
0.25538974435
0.216585820015
0.219630119878
0.279624859316
0.313486444408
0.258529000617
0.281774936196
0.267019916863
0.228745889352
0.273162439536
0.256590244095
0.232826244739
0.280435546979
0.322094714921
0.31316467878
0.241027119095
0.301628004752
0.23232966363
0.262816580567
0.321692317233
0.275245983687
0.2113379889
0.311517762998
0.245193184433
0.255098285295
0.328570006331
0.312367275235
0.228122171529
0.306587856938
0.301412636202
0.291740738882
0.309226063414
0.387127711577
0.353809407858
0.335160046007
0.38837514909
0.258988704374
0.308413535531
0.295236381863
0.311041572029
0.280818337683
0.259627632476
0.253008413654
0.156984154484
0.301909773176
0.198794964474
0.255675420202
0.320641663435
0.204288630202
0.228431476162
0.29773348732
0.289615131112
0.335954331909
0.289279295847
0.225194659434
0.261317936757
0.227081970075
0.29896629439
0.334148368228
0.393785423114
0.249164063486
0.224040351608
0.271239153405
0.308529151858
0.365859766908
0.3537532711
0.351012781642
0.30678832203
0.302337483762
0.307522250912
0.390818034169
0.22431878754
0.245820238164
0.323073302361
0.32582734985
0.276708845928
0.249853156753
0.207162616424
0.27010692353
0.312360705406
0.306095026259
0.379674143632
0.268860007785
0.312587782363
0.268033752334
0.291305412432
0.346727188502
0.395023594122
0.26523902181
0.315246924377
0.281977179656
0.301434944962
0.238776479026
0.204323513833
0.186789487433
0.343731632301
0.312499988495
0.253050545806
0.298650806093
0.334321351512
0.184258715808
0.342014352778
0.309953406979
0.352886645326
0.343743610326
0.233236566887
0.283211717088
0.251238688908
0.182588240727
0.190300125618
0.210060260519
0.291971284788
0.360537689348
0.378637751859
0.217128338583
0.241329894387
0.280774036554
0.157581352887
0.285005432484
0.353728103612
0.344412468802
0.269949201673
0.277836396985
0.247318653046
0.275708272867
0.281525621642
0.403579879357
0.354709623382
0.360678165896
0.342515228524
0.288755251578
0.226021501177
0.315121309166
0.366099029978
0.34042452063
0.367908090083
0.227855751732
0.321160772068
0.26511805558
0.284566876977
0.256956717113
0.319076445738
0.303461653831
0.33490657706
0.2543196194
0.378099380322
0.264517526697
0.280765372114
0.281677847009
0.256781577691
0.229491961679
0.281770613034
0.269010099793
0.35393862834
0.295014003283
0.242492198444
0.231434731751
0.257985951177
0.259602107629
0.290991779747
0.302903629543
0.381834080518
0.288674531538
0.244672831963
0.265055237857
0.202189207749
0.32038420157
0.228644816211
0.237855008578
0.300807443457
0.352683477205
0.247062066136
0.465879423585
0.387124785542
0.541234213034
0.314576971504
0.273627026373
0.365462931415
0.2821199788
0.370320305592
0.288622221851
0.355305008277
0.253444333873
0.25580325022
0.28328609581
0.207258958845
0.197447935834
0.3665252395
0.321035940191
0.226620404639
0.273110824754
0.243032645804
0.313270159495
0.332432644324
0.318998929851
0.310033579187
0.336942791443
0.260590212554
0.278157614008
0.321370981508
0.255122448886
0.259287510562
0.320174921944
0.460307889898
0.241410674906
0.283963933777
0.197011540789
0.271255803612
0.350383728108
0.275946619705
0.341761617536
0.289757573643
0.265723115096
0.430962861798
0.235810578774
0.306281419808
0.36988515108
0.392590126497
0.385561758589
0.424653130734
0.188046751164
0.205364382274
0.322250319083
0.268324708179
0.29421533116
0.327957967793
0.361710000206
0.329463614322
0.307122126076
0.241343696401
0.276395479898
0.180710872821
0.446170221617
0.296772388169
0.344520636995
0.380716740043
0.263009923014
0.283352969018
0.285572846958
0.273956337885
0.321438465244
0.271187377531
0.199413215593
0.229723377422
0.360055782975
0.205020258363
0.250552767763
0.341924524984
0.219110882204
0.450939318814
0.26384417495
0.320971063801
0.231833383277
0.310912876109
0.466335824834
0.434109859241
0.45574829374
0.289380646116
0.30017755189
0.316086863991
0.320802820379
0.249444305356
0.253394469113
0.240644268577
0.333844615056
0.356268383772
0.363571136344
0.361969322616
0.222058821644
0.31993838495
0.290880157054
0.219417539343
0.319655178206
0.377310181438
0.354681445515
0.342324075527
0.295506285575
0.315889554639
0.227039794497
0.319140457036
0.385676046123
0.370642483323
0.31808234757
0.231429910864
0.21491696053
0.21341087403
0.278769526428
0.279740077369
0.326878164991
0.263215387953
0.277179176734
0.27265299655
0.240867583401
0.291972001148
0.204856438741
0.233269310909
0.202574897104
0.354741778453
0.336088118998
0.345595207119
0.28015964831
0.328218503566
0.405154190625
0.273890905828
0.347339134112
0.365795702269
0.294276061304
0.345212091179
0.418573074883
0.540581507262
0.320303501948
0.374811127406
0.274717818603
0.235521257926
0.281141798235
0.286772588426
0.308527489657
0.284424989552
0.294739397317
0.325214398354
0.280415503842
0.260613660131
0.247004238563
0.251322650418
0.277477701831
0.344384057991
0.545111947836
0.275281858653
0.336546542482
0.326328902733
0.329031975589
0.341750265734
0.264947584477
0.520558665553
0.23302778721
0.287924216014
0.213962014219
0.316218482017
0.389114658896
0.288934086215
0.286482483692
0.355414879401
0.279317315458
0.308030847254
0.275843465921
0.330923103546
0.294068059792
0.442072093971
0.329890139458
0.201154681203
0.300030000335
0.347576860966
0.307847002925
0.276244403423
0.241353887079
0.369457746287
0.256434210737
0.298953300619
0.287780849024
0.254201829095
0.261300662496
0.273821233274
0.312137167764
0.289285531977
0.323269386948
0.310422544607
0.241156421594
0.292186348644
0.410879022122
0.223092804218
0.266972914126
0.267828099375
0.353107186715
0.277040962606
0.192291648183
0.260473360776
0.305965212848
0.311911306111
0.292543829436
0.251525633818
0.360616911832
0.279962853473
0.308000064709
0.217379307517
0.268050857279
0.259705935535
0.210122759289
0.275479928124
0.369646098845
0.264693362472
0.356289570938
0.312114198474
0.238446244673
0.222890040628
0.288044725381
0.322436023367
0.239128672357
0.308511603766
0.354454193383
0.252619217981
0.339412828137
0.251829078216
0.218624618871
0.279254113662
0.335220273417
0.261226900506
0.275376243988
0.262541921542
0.308393222914
0.290365656944
0.279750263837
0.270618032523
0.276181835975
0.34562568947
0.301449405829
0.382486075451
0.3906924169
0.336729015556
0.299791955208
0.361418535114
0.214141857389
0.284759670789
0.446307941231
0.339815287467
0.322149105941
0.224774444323
0.240355820954
0.362446395048
0.368288075639
0.210733779189
0.271571426561
0.2487221781
0.297787351903
0.218000770925
0.236277855875
0.324809312826
0.247071906985
0.180139635767
0.253087362592
0.256111205355
0.311695123634
0.290455744151
0.283714403188
0.28601737316
0.306885911077
0.261029913235
0.396205938659
0.264596525251
0.289662261091
0.296935999232
0.295969586713
0.303917764539
0.25754295445
0.20691649809
0.338425644062
0.2471188166
0.250483370811
0.337239546043
0.21345119414
0.359346731586
0.303040346703
0.302185764705
0.296163873088
0.249925697507
0.317136486999
0.300746016331
0.251810107529
0.283770442813
0.201539399956
0.231100184404
0.280180939921
0.233613124317
0.282129926889
0.266943675966
0.369702742937
0.355486894432
0.208514775029
0.19819485354
0.221172283878
0.34960381356
0.365962808994
0.341883477497
0.226534898619
0.223786237917
0.293805589817
0.423424578992
0.372212070965
0.315713967913
0.315481749852
0.319059051283
0.483722093326
0.353362866222
0.415407239099
0.253070225893
0.340058129769
0.305633977067
0.299387473461
0.376039284188
0.315633186766
0.296126248989
0.252951313615
0.314489822016
0.321007037557
0.309237177974
0.382033858284
0.274658750516
0.23283666248
0.289929251934
0.377826471339
0.264848176166
0.270262267221
0.284585899395
0.244769235848
0.257584269375
0.421075743278
0.208593895067
0.272803205866
0.264877119502
0.296183712
0.358873378464
0.329042096983
0.328514725239
0.290927971683
0.273706433306
0.303767831232
0.303269572585
0.234272770662
0.273888338192
0.224046928863
0.343613654175
0.282959480703
0.318082730527
0.188285521182
0.271039871671
0.206788879277
0.26621072479
0.329820604157
0.360901058128
0.288831741263
0.265731126001
0.347196675231
0.257787265327
0.322577736321
0.338873826675
0.243136084829
0.264143261563
0.272932583344
0.350451662701
0.2726111283
0.256521640208
0.222385102919
0.333050671251
0.236413973334
0.302938265263
0.314515621959
0.357745849424
0.25189383295
0.331727813238
0.316014797958
0.297189276732
0.257706048172
0.23130389898
0.311104458804
0.28433454866
0.285227147878
0.159032592545
0.2283831464
0.322516728068
0.401559833086
0.285274715244
0.257001972673
0.287547055421
0.281818690656
0.347791546457
0.316840371297
0.32091025352
0.393139206994
0.31572734499
0.254331086549
0.283633228415
0.296095969703
0.219537350342
0.344368375854
0.303556009713
0.228459953046
0.264292779302
0.240518350565
0.251591497791
0.357518185018
0.292463768025
0.168682939984
0.179735963061
0.268334628515
0.373840768652
0.395272192457
0.222475739066
0.312302596495
0.358985958273
0.264761939729
0.347368046988
0.342841124673
0.25307328347
0.328592942811
0.454630202504
0.381124117131
0.456254173798
0.215936157756
0.232648342056
0.369811591595
0.356702539208
0.178900595775
0.290498329122
0.322246986577
0.302218434064
0.293996415502
0.229881013266
0.379517658918
0.323619094723
0.234773637413
0.282157454922
0.175895896902
0.266893153611
0.381317463934
0.303405631993
0.333556672268
0.245207944077
0.279198834982
0.363007529667
0.321856196874
0.30944093471
0.226872952319
0.292333733439
0.23230000925
0.358840882904
0.218111098957
0.288352624081
0.235584683805
0.297027497004
0.311306017778
0.389935963697
0.316068716057
0.298025688193
0.334086664668
0.28549515173
0.322286316038
0.217483147438
0.227485114941
0.246535116249
0.25827826864
0.265415554824
0.243012126164
0.296488065157
0.278856253391
0.178157259229
0.29314692858
0.239900488392
0.306204691751
0.262456638895
0.347101241457
0.304991820677
0.263107498493
0.20465729251
0.229011121243
0.328842428337
0.365399784474
0.209503439042
0.325480656755
0.32557126925
0.327997643601
0.270212664189
0.338410165208
0.300999065527
0.325849273365
0.257439850237
0.363712109438
0.198333211878
0.267118557024
0.269755202877
0.240452688825
0.279903021425
0.279445028237
0.252847931887
0.426984585072
0.237174105594
0.325298895163
0.231883824336
0.263743980098
0.385871310757
0.255925731406
0.327432804659
0.213804042239
0.309057461153
0.371669888656
0.256840509752
0.246201152822
0.311625017399
0.266967714957
0.269718119412
0.308178216496
0.231565800531
0.421847002145
0.223252922683
0.28328439239
0.217898867849
0.296656104614
0.240776847891
0.360403204084
0.183025063344
0.329193973943
0.212537282462
0.211130982554
0.305433749548
0.2623631671
0.347296729356
0.404640629601
0.251255421842
0.420630224742
0.351445045767
0.3522716539
0.2513728092
0.190537095986
0.284165198534
0.30561579105
0.308771055968
0.370676492485
0.311635923306
0.29036457276
0.310263577302
0.310184897087
0.248868790027
0.32737701592
0.183164362395
0.272428860753
0.200507228531
0.290149719058
0.213302126045
0.274561614861
0.268436708623
0.276035571807
0.250241132426
0.308069776236
0.358230061425
0.310955073766
0.279564981267
0.24512104967
0.262170701001
0.398085553987
0.263238059723
0.364812033443
0.282137627648
0.204654746443
0.394576367256
0.235426400609
0.298195005064
0.178763544545
0.215266444808
0.161901273161
0.272687876035
0.258084594574
0.290346462182
0.294094659056
0.174345507965
0.237232058073
0.312339517954
0.357000222299
0.221592100889
0.220208576089
0.297894435788
0.28649204004
0.291722452228
0.350528859737
0.361892990646
0.326031531513
0.369012277097
0.413175310552
0.383595820209
0.371526316358
0.314537502811
0.29573642232
0.213899047912
0.317129727032
0.301645571916
0.261308592788
0.267218658588
0.284555675029
0.295404939667
0.319793295077
0.26256457484
0.270236316159
0.267951023006
0.274726384518
0.216582340493
0.275917973516
0.301401901759
0.288870620986
0.333779219625
0.272398577961
0.225789243181
0.322102026295
0.331655629748
0.195088670097
0.278166879125
0.228856146038
0.287072534098
0.33021936287
0.238075309714
0.234646698538
0.316851143941
0.386321248593
0.244035622986
0.301148726091
0.309076244555
0.303121558665
0.32816908578
0.33374033532
0.406084984711
0.26399428177
0.272794982117
0.409155894743
0.333675135526
0.181464939426
0.255344956663
0.169637460715
0.323149864612
0.333722958006
0.277382265677
0.273772478444
0.290662959486
0.274310655959
0.337896762586
0.284443426192
0.309504861289
0.406748277087
0.204955529626
0.337381388595
0.276984513196
0.254027574464
0.254473715846
0.280365812674
0.300846581469
0.302599133849
0.272948630296
0.272940853963
0.307658911789
0.320111188027
0.31118891948
0.338558925165
0.357371825083
0.261375746076
0.222398709686
0.320288776859
0.268685439429
0.26424356421
0.319806939685
0.228445953172
0.253098770087
0.291933357036
0.283694857766
0.274678747756
0.317446947145
0.236063255316
0.332118405554
0.277351452992
0.250343762647
0.283739402352
0.260190123084
0.219822953812
0.360739540519
0.321879556191
0.386014636745
0.335235714525
0.263829580138
0.258131199719
0.351301343442
0.36976418676
0.231047814512
0.382740800101
0.252187232498
0.27784371573
0.229378921332
0.283054660103
0.307907586487
0.292961071038
0.229122272811
0.182969197604
0.243064458874
0.357404106471
0.310538950237
0.286810538567
0.294425598772
0.289106168812
0.307542657537
0.365272977278
0.337823927284
0.355666349383
0.312830041954
0.277380572839
0.268124178215
0.42082120854
0.288435625953
0.285602651236
0.301995722397
0.341592937962
0.320404608264
0.333163448849
0.292647073608
0.345348605398
0.211280757882
0.199760983435
0.333062953107
0.244698317319
0.264377723883
0.191650067893
0.303818445357
0.284325256714
0.279758602704
0.327572047939
0.253730477179
0.257703204611
0.310639475522
0.19872211805
0.33603319723
0.263983658071
0.25217296412
0.307691931562
0.309455042471
0.405051731405
0.339864031871
0.174152465737
0.230181889682
0.311851829464
0.34293406923
0.366529517811
0.259624662108
0.366660716703
0.205839662691
0.377645511598
0.340415549305
0.258843336814
0.415933147
0.438376965649
0.301005309696
0.208554236447
0.191999879501
0.265992269322
0.337452618338
0.281680907995
0.26410744481
0.377006544889
0.347701506505
0.404429852684
0.280009308115
0.287448035949
0.307502990242
0.285035675442
0.334707185904
0.346059332536
0.344929058143
0.298619226073
0.375100530569
0.325294849042
0.391777764244
0.228485127996
0.3494445844
0.223895753908
0.267954621576
0.408291279868
0.337616397054
0.286415946808
0.244482765538
0.231591682765
0.311254977206
0.31712147086
0.322868994824
0.324507686632
0.391144514071
0.296227696482
0.311750467478
0.306834595441
0.250732391663
0.306430898953
0.29730364638
0.283090307152
0.305633780212
0.30316643063
0.233377043773
0.221085467188
0.28337693571
0.245018727082
0.23796400969
0.256669897065
0.415317916052
0.355650509114
0.335866891484
0.310112464053
0.366077450762
0.215182681855
0.282344696575
0.277509409592
0.267617809503
0.309603081499
0.278300153255
0.253954512504
0.246624203913
0.381584109199
0.357453426626
0.321449834633
0.34994495918
0.352116416036
0.322714887355
0.2043584775
0.321979952897
0.269099950108
0.273093536956
0.229734067815
0.304006248143
0.237360252067
0.288816110662
0.330502147041
0.241942070294
0.339893579605
0.328900085117
0.367875464374
0.260040739425
0.25244302458
0.356342144897
0.1703570322
0.287887163134
0.310346549155
0.369876558696
0.334457076878
0.315315102768
0.287574320652
0.251174564134
0.31038122584
0.261566714959
0.285082613954
0.342360130866
0.195740335727
0.201349653657
0.223424127228
0.206844409161
0.319058039545
0.338674233487
0.36128956013
0.242224002425
0.228697719108
0.214138730833
0.189409368638
0.271009598922
0.251333565045
0.263848987123
0.327043747087
0.2086729997
0.265806765842
0.376366624808
0.307398478232
0.336417150711
0.289061139537
0.214912275408
0.303422949311
0.230693192363
0.293785669782
0.259741298673
0.281200503347
0.19290790744
0.314947086268
0.322818933921
0.261714920689
0.26981092624
0.300036172404
0.293422687962
0.315135974069
0.262981101202
0.25290093333
0.296433706943
0.271254376984
0.27531169528
0.30254845059
0.250730554881
0.327161882228
0.454696609493
0.268606144254
0.356626281392
0.25552244885
0.312761288797
0.240962213991
0.262487718858
0.288066561693
0.209190610033
0.258592427839
0.316540886648
0.271194999329
0.212173944371
0.323164850783
0.274444155257
0.229043504511
0.317066966232
0.358071479697
0.368466337631
0.243989960435
0.252939439663
0.153658343567
0.300773128571
0.259940382301
0.278478472812
0.32655847951
0.320128878304
0.322617958653
0.175393135376
0.322283633297
0.418793242601
0.350737309002
0.324926566966
0.191355552093
0.242698896794
0.234442711391
0.250789482559
0.293372559282
0.344890044167
0.223945297483
0.247803863388
0.338494981813
0.229193589494
0.351582980254
0.324764256356
0.234198440828
0.392300835026
0.289657120378
0.271062061696
0.283423009948
0.26275867465
0.430738844042
0.249845404882
0.400013405306
0.279717938406
0.207219112196
0.366843448631
0.277376216349
0.405208881438
0.306091954111
0.177733655563
0.274454369455
0.247143710294
0.239760975606
0.296770865958
0.398280237602
0.239866735045
0.344091882139
0.275491489532
0.26113679638
0.303627597917
0.270862987089
0.268293853284
0.314053916237
0.277753256003
0.201809584917
0.317292517859
0.324379986142
0.250696410353
0.247732118066
0.38747348117
0.284414733455
0.243064952989
0.371890814216
0.263623876793
0.252688749027
0.351839876675
0.301284086166
0.299064292968
0.352262039843
0.289440691294
0.26119868037
0.408885516922
0.298098316008
0.276101185012
0.346494835537
0.341999845346
0.305688110007
0.203336944003
0.337395365222
0.480578456811
0.294839729871
0.274527246557
0.406366355437
0.298044494139
0.337367481435
0.316008140524
0.281278515676
0.300223202269
0.290590406656
0.221882354817
0.28102272497
0.29806123116
0.328912234804
0.344002398775
0.357318323104
0.312111123284
0.392681424778
0.395138810339
0.287932049625
0.373700874571
0.257464414815
0.283953300989
0.289313147538
0.35280406729
0.233672234938
0.275465437221
0.336424234412
0.289638496851
0.337190120738
0.320738026118
0.211111554797
0.231317987435
0.242093401275
0.328078580068
0.306262119932
0.316193139032
0.287009270031
0.29605176671
0.383276317716
0.268349653741
0.249363878883
0.203124594216
0.405035229688
0.28616983352
0.383463247305
0.327561030698
0.210244277649
0.332973275243
0.225171283686
0.227953720387
0.224359709161
0.374271720111
0.264719104634
0.257486300638
0.263013735022
0.201412971011
0.196660943087
0.227740874406
0.26021736809
0.326481333067
0.292184560237
0.317327478109
0.371385689978
0.302900728332
0.363839872124
0.367341842727
0.284415205869
0.275189553524
0.28709148954
0.323245434361
0.310521153752
0.248944119278
0.32801717871
0.241515328531
0.216450157546
0.251417575883
0.4103029991
0.29147119351
0.217898095854
0.277373456238
0.336581866692
0.252998276008
0.271407248569
0.337371161067
0.24311168606
0.24032258713
0.267409133278
0.294345974646
0.374933461531
0.26927647996
0.385748727268
0.273890773363
0.268100628072
0.382924346969
0.320696987733
0.275065803499
0.240404725476
0.265306794544
0.232788107136
0.175606128073
0.243214156335
0.333117826638
0.184235087976
0.306059592518
0.292056119115
0.316263994668
0.272351815073
0.262966265357
0.211019579548
0.259183223423
0.31524820042
0.259277859434
0.347268036722
0.299583922808
0.205387642341
0.319968502661
0.234738457029
0.325785615216
0.395250227357
0.270630343452
0.256296138465
0.328377884476
0.289271919875
0.251475592464
0.293289634563
0.237118713553
0.258884271006
0.311985759045
0.329501140653
0.284809673289
0.337891711611
0.287153525217
0.282624434897
0.285319725005
0.218411853124
0.255735178354
0.43344587755
0.191211001781
0.271863212251
0.261295098979
0.241483446347
0.414364874071
0.465893570774
0.280238109688
0.27104691975
0.25087532807
0.369640679239
0.226526143668
0.423433562992
0.235028033588
0.284780347338
0.264119919285
0.327237298844
0.279123406468
0.268801803423
0.323334444917
0.258582513486
0.208525189056
0.177481450441
0.17519900352
0.245304926954
0.250332863524
0.199904363675
0.192405259859
0.303302416363
0.315259667652
0.286382753261
0.267184862449
0.223143356895
0.241225208248
0.320912614081
0.220216879951
0.292354779087
0.246690428263
0.334304970453
0.279566134796
0.269760884693
0.283474578974
0.224987738883
0.303905518091
0.229948833474
0.267451468727
0.375019047385
0.287284630954
0.303608023334
0.303062883863
0.305658347159
0.243614108679
0.251359727294
0.203892079442
0.339417368054
0.38715790897
0.30026069202
0.27328273991
0.261713700229
0.317504639254
0.293230834537
0.299358798638
0.297530959094
0.318511027971
0.338140494007
0.251389309625
0.24821286257
0.204913816752
0.332062576706
0.252930296226
0.174367027334
0.276988910923
0.179412171852
0.311636274473
0.264249602499
0.357472134482
0.268860938939
0.256230654594
0.263308002191
0.267624137281
0.29043096307
0.205523415249
0.283848186841
0.366776858214
0.27351031929
0.259883851757
0.343450044869
0.201445289985
0.206729018221
0.339315210872
0.325830438727
0.320663713262
0.221415617081
0.334717279543
0.345972121379
0.218207265793
0.396257843339
0.377048898346
0.280055056914
0.29889518656
0.389876472688
0.341001591062
0.261233931513
0.396791698315
0.306530830731
0.361202407608
0.31673084612
0.272565364807
0.342387395247
0.233288330373
0.250437874434
0.212449111333
0.232093658968
0.253931797267
0.377279381933
0.414212679174
0.318443140901
0.387165469714
0.414486796098
0.32264324523
0.427574803434
0.325151813527
0.515530406187
0.354766930088
0.358259316534
0.217829647194
0.322737856507
0.303466908096
0.364949406891
0.431515871956
0.432541695852
0.237010916779
0.26734827945
0.326497185264
0.265227320956
0.303028806691
0.311140759211
0.340363501689
0.30386139651
0.315302167781
0.207151921126
0.268196072041
0.194649116307
0.302768951753
0.222008845775
0.34551223186
0.34490154798
0.419411529127
0.235772055539
0.247351503599
0.256907569384
0.261789851359
0.344322827579
0.232313876069
0.186595561102
0.303137637022
0.217121869667
0.296775334784
0.188768683344
0.24633566636
0.359361222965
0.234063530367
0.314332514434
0.247204973294
0.252427856607
0.443093205733
0.36590845756
0.279877565547
0.362212772632
0.315800619086
0.301535145475
0.264122415132
0.217662420305
0.255458095617
0.273756859454
0.258256906815
0.320531686296
0.457268050919
0.467357929299
0.308299045847
0.365810320269
0.395934907392
0.347094050008
0.242268201068
0.350799589004
0.552393174115
0.313769234255
0.46900730099
0.416240967829
0.350759323187
0.359480742464
0.181875766338
0.311658915746
0.349371791337
0.340616098484
0.330156793234
0.333215052206
0.253310684159
0.287736378327
0.296560828462
0.314381908081
0.41039684587
0.224549736817
0.391240021486
0.295041895436
0.297057188843
0.230343113247
0.329982466517
0.270108862695
0.280523010929
0.19922509912
0.378982557361
0.330900598448
0.529495535859
0.394001000775
0.385163192819
0.392514097627
0.516316665585
0.273861304945
0.339822456491
0.278699390004
0.523280149178
0.353500046353
0.261647059178
0.226921731899
0.325644961006
0.460389000342
0.285272155147
0.243334870729
0.281397805264
0.257129748939
0.456898145754
0.382677057928
0.247401126418
0.197137547424
0.244196691205
0.290870437088
0.351815810174
0.323484095868
0.29747703571
0.253437016555
0.287152168905
0.287482944853
0.268666937868
0.245541282408
0.469024385646
0.336818655344
0.211819207266
0.279516238221
0.519588148901
0.361124836244
0.281676930572
0.279286143435
0.35845181519
0.253701590618
0.248229084074
0.341883945264
0.233538205282
0.201466348021
0.33317814439
0.353306484333
0.186653283334
0.365451756223
0.289038698499
0.279675794377
0.202880913879
0.29612531446
0.377416569202
0.211755316395
0.250579396566
0.231600728328
0.512006052288
0.222316816352
0.251684115372
0.319377384765
0.174504462943
0.284319932011
0.269201467373
0.28561175241
0.240672177508
0.250573592384
0.282374786339
0.2695236771
0.282403570446
0.382905785158
0.234484361858
0.245725649994
0.313946062608
0.330249490249
0.361565091029
0.252624931252
0.216033533936
0.237782175261
0.230009447144
0.237971311805
0.433956817553
0.166816462822
0.319646206194
0.345748270696
0.241763350513
0.23131086483
0.262917581008
0.317629932268
0.175153080352
0.451522782355
0.339578681729
0.386299301848
0.344465595357
0.228274254326
0.236048022327
0.336415168062
0.289771682261
0.283565482706
0.422316425319
0.471217707338
0.503075437682
0.255761996596
0.358393321894
0.325720170197
0.358441715372
0.354649954555
0.327551267637
0.462157491891
0.31638457073
0.174393456651
0.348992599359
0.444160492435
0.51063354217
0.386833525282
0.34803710585
0.262141424062
0.218899373729
0.346595518822
0.31414467021
0.345478197156
0.26885009232
0.302092696246
0.291842614662
0.272524190727
0.123370775355
0.271310987362
0.324728845772
0.30756346157
0.341886224189
0.333877960736
0.326009933373
0.247928896734
0.257611538883
0.360228418583
0.518215060258
0.499903175044
0.488066886737
0.266606023042
0.309310275612
0.354775992443
0.236189939276
0.304354473532
0.374166582191
0.347152315274
0.359150855374
0.390913489873
0.360927369965
0.227944189939
0.279451694493
0.208749297297
0.410886929217
0.299040243179
0.31801611921
0.391574150401
0.343853776248
0.392175636884
0.409582397938
0.280842800263
0.312854507144
0.424996825239
0.401063290719
0.402396793788
0.30944654144
0.410949726608
0.382270287487
0.303839284951
0.224540204023
0.282898895511
0.308177206241
0.258187844837
0.439054440579
0.374264957015
0.404003651797
0.366654832755
0.395993886146
0.372574830612
0.402023221547
0.323755280892
0.340189881871
0.311037832084
0.340290821244
0.35917176241
0.316639903282
0.319943368479
0.489363897706
0.366907875286
0.33519325235
0.348929997385
0.352745857056
0.305186760825
0.388996902767
0.223047638656
0.269493073615
0.274230700328
0.312417300575
0.289467714952
0.328503275176
0.3049260039
0.208764784642
0.329265939285
0.269475526931
0.421530527279
0.274704680084
0.21826099066
0.278760172154
0.282509574542
0.331089144117
0.399231796397
0.337293317393
0.225951821293
0.193888046519
0.276688599832
0.339484073675
0.279888232257
0.207167026446
0.369223487019
0.20150756985
0.309531559106
0.227605899605
0.368684236014
0.403675134601
0.322031560348
0.293176083331
0.32614636038
0.276716318219
0.496656206858
0.192924056139
0.376374906741
0.254650390819
0.353357307361
0.272680802081
0.298626330832
0.440720482721
0.279241750218
0.417110242548
0.410363595668
0.323452275282
0.367030643888
0.402594589129
0.269094136748
0.310712652696
0.333151347963
0.401068283996
0.3998845738
0.278362082606
0.271510818251
0.264144373616
0.362182918639
0.279251859278
0.332526454304
0.258204413857
0.56411894601
0.430054902476
0.333631953368
0.399783633913
0.397288686915
0.508293623251
0.431730758886
0.305976269015
0.215205081069
0.351638196347
0.319237314121
0.374364578563
0.297553091272
0.467964785719
0.461787646365
0.215985467336
0.325565670426
0.402918165526
0.526586819551
0.287837230574
0.454688862646
0.220255299571
0.317592040755
0.35632798507
0.261495780592
0.248790941629
0.285329218264
0.299269346018
0.369115765202
0.281471328978
0.22845358323
0.349861261511
0.369088404499
0.608860691412
0.476371210459
0.209190565778
0.381668830008
0.348359696323
0.415851615271
0.36008472509
0.273633011316
0.29930395748
0.271953806477
0.412887827422
0.407102400925
0.356484259061
0.247886745025
0.323749566768
0.23552189107
0.362297245793
0.207768577496
0.408156518992
0.32187563312
0.330485767334
0.291600558203
0.243840386053
0.290274722244
0.320710130251
0.258646931601
0.347825751199
0.242650670322
0.215777533136
0.190879545037
0.252072176721
0.186148251693
0.265116080693
0.321033755924
0.2364590966
0.213801489007
0.341439261517
0.328736553
0.294120850645
0.203499330038
0.27695885799
0.189191795006
0.295707114164
0.247596961224
0.224492932105
0.221054253833
0.300278391414
0.315835485506
0.281379919276
0.251310038639
0.223745651307
0.290963066572
0.247507507455
0.215155072626
0.270487511127
0.249042050638
0.292879071747
0.277971342766
0.263225887111
0.263924073469
0.339634065041
0.294545031717
0.21812655662
0.22612515961
0.317866305186
0.227148198889
0.252782679386
0.303343865414
0.303333653605
0.218663371454
0.239115929453
0.239368325619
0.295096600927
0.281262026881
0.234045282968
0.233912436818
0.344347684411
0.302283000509
0.379055543985
0.255715666444
0.271753889857
0.247018556806
0.311423724959
0.256727753838
0.225347430636
0.284503416379
0.277394830079
0.324525083611
0.405826898093
0.261069530849
0.430123671817
0.31793500286
0.326342434352
0.238565336035
0.312771473084
0.27231141374
0.240051660926
0.294905566178
0.281423814647
0.352476217313
0.217397083994
0.232938902599
0.285466106339
0.284820785295
0.362658720619
0.294756951913
0.221078539579
0.298067104261
0.249464167154
0.305959846201
0.182767168786
0.342341451918
0.298964424221
0.294477158513
0.289100669823
0.213445795753
0.205417323756
0.280287510488
0.274542219067
0.31321797449
0.262750667628
0.237844899827
0.250931076314
0.291794974847
0.413153073732
0.349611777721
0.291864474234
0.211132038072
0.281944749893
0.326297991201
0.389234548196
0.304586368383
0.33945145933
0.324006049275
0.218116638321
0.282963529356
0.284856811882
0.261961668175
0.247450064616
0.259971948522
0.278011461181
0.29859397243
0.25241891903
0.244651386164
0.306604318142
0.262914627083
0.223666075926
0.251905228478
0.361973424844
0.344289660349
0.264835126291
0.294100363812
0.274547219343
0.291608224772
0.361233811756
0.265545621597
0.260906496118
0.393357149578
0.261797634033
0.295811081491
0.278047499659
0.34636987344
0.351216730881
0.242441459785
0.341620512648
0.315606755039
0.381846787247
0.288119022729
0.21383132997
0.251585658809
0.324353273735
0.395830775016
0.221418408939
0.254644070039
0.340432411524
0.312169443096
0.355129814563
0.29774689161
0.236612267697
0.348576834538
0.243605141261
0.243068292896
0.257879761518
0.314739020235
0.188707139039
0.360826910071
0.345502942604
0.286166707631
0.297833522291
0.254134189479
0.308054540507
0.227555541217
0.265164814483
0.328283391644
0.341988492703
0.285033296379
0.311286653037
0.21536459511
0.205608010596
0.260480752181
0.194002176687
0.258369993827
0.287745619318
0.253020091374
0.337739226184
0.220578164246
0.248147666189
0.222588748964
0.213767285724
0.300336472145
0.229735436987
0.215950281304
0.278536729526
0.247735232845
0.306995324176
0.263200914533
0.311654020229
0.380424820818
0.341399982206
0.270864489094
0.34456507157
0.333400737536
0.253768729521
0.302692164027
0.22584716127
0.279075938855
0.34046822074
0.24135096433
0.186747288395
0.225160611367
0.278922524373
0.200904771634
0.289216333765
0.316602829164
0.273908284965
0.308995977683
0.175243102621
0.276237048612
0.262403937131
0.262174042904
0.231301189827
0.205600879901
0.297955635644
0.190934294229
0.356153869941
0.221718487932
0.243128939283
0.281985646701
0.301613092396
0.301036756079
0.241038887471
0.271206428952
0.243745641684
0.317852671164
0.257759255663
0.389205373707
0.342448040746
0.367443920403
0.313110162795
0.273087586081
0.253922113958
0.193939150969
0.353861337608
0.27388573485
0.259313792878
0.374012984293
0.212846865156
0.252459991005
0.306380536097
0.32745059094
0.231489430008
0.362892244232
0.316941040607
0.266400514548
