0.708963551882
0.598674364669
0.679249932903
0.595707480386
0.440031836935
0.574106289421
0.681421210231
0.315027535268
0.534085553679
0.594007538868
0.576466039811
0.386463685583
0.568537033513
0.588264394849
0.361433872886
0.571846647042
0.55324657532
0.485198677286
0.368444155625
0.415753942817
0.417848852291
0.460289584138
0.570916138854
0.513103745391
0.613123192015
0.455499800436
0.650411855836
0.6902840349
0.399679813518
0.637943089413
0.491924088087
0.419309641126
0.646079382235
0.619054070021
0.581019064269
0.517357365309
0.548982602711
0.454709407644
0.576791448091
0.504661306969
0.361414856657
0.507552848912
0.556361213534
0.547751468959
0.59930234008
0.560528453676
0.347111337238
0.717863100033
0.582687082301
0.576213427336
0.326333898065
0.478613899305
0.538004995731
0.591513028126
0.407858091953
0.591124700716
0.447443116837
0.472850259147
0.416293418238
0.476275343193
0.40818830152
0.466743650521
0.51133867435
0.349857789418
0.429205266719
0.63478351365
0.575742218912
0.562064469796
0.482494662904
0.476614026562
0.624002679891
0.578335544548
0.423695274834
0.551124121145
0.512144313135
0.660395217313
0.444405850255
0.511341826925
0.440398750068
0.370234501457
0.540157483789
0.455856194078
0.628284379666
0.693575793115
0.480290306538
0.469726157117
0.549637724445
0.455458602509
0.498300732336
0.545185541349
0.599239837723
0.490331649767
0.427858618987
0.358749117637
0.623644940895
0.467502222838
0.493149029891
0.546113500092
0.507345671991
0.394060113696
0.440188003776
0.372187440655
0.397149461575
0.56036069516
0.651412624074
0.482959935887
0.586495328907
0.433385382524
0.682138895419
0.513661120996
0.443875995559
0.46661903232
0.656020299305
0.574658954575
0.562853219097
0.434743636683
0.507774166942
0.48471825825
0.382719794412
0.379892060282
0.673374472712
0.448940446768
0.394478267855
0.355381994754
0.514874394714
0.6496025239
0.397468807157
0.549420228615
0.420247858138
0.514779912731
0.563872558408
0.537847378612
0.355745544875
0.503497281083
0.432995183597
0.528029811966
0.431863786941
0.52631694579
0.594062496384
0.547502172559
0.607880382007
0.364362381036
0.520813349598
0.44518635553
0.411187559371
0.517122608098
0.498224964952
0.425263153713
0.673121043639
0.311332746948
0.462326980475
0.620519191709
0.443107516392
0.431293276498
0.598463568851
0.568032429362
0.401656775441
0.45822800003
0.559189909672
0.425747186528
0.490165520394
0.493013647734
0.443921257622
0.528624892051
0.377432287848
0.58866848536
0.537396607009
0.465267340263
0.467288252132
0.621792256152
0.525345239666
0.484143144488
0.595519610006
0.537646555163
0.460647981851
0.577523422648
0.500861103015
0.632102531961
0.453294458173
0.389193639074
0.502083791471
0.440708059066
0.454319485926
0.471706414475
0.491039246207
0.559445353507
0.662582105084
0.65419469822
0.422664034914
0.380305046472
0.577404534586
0.607456283789
0.449589167721
0.36631862763
0.551460944846
0.544585973244
0.4611703824
0.471223498166
0.491050097433
0.386278761371
0.568276125205
0.388756497017
0.434331207082
0.534553671091
0.56506563407
0.440571519649
0.429988784267
0.608656304074
0.577021795325
0.589114668116
0.659607535466
0.418630714523
0.529352431172
0.300602661674
0.553185644083
0.483174916131
0.644694338755
0.561432366785
0.414609494321
0.542072461828
0.480289030873
0.549135934198
0.54474699456
0.377868839053
0.499815898478
0.422987026956
0.452046948091
0.295024147977
0.449298897469
0.61673378491
0.458355371546
0.559987169494
0.40034136874
0.561993810445
0.682580397652
0.505232248343
0.469143041831
0.443199257303
0.397853757529
0.39169612889
0.50835210174
0.53644348476
0.424240031764
0.614546938308
0.374798619614
0.526346441706
0.546942224838
0.446743845163
0.477493449438
0.544437249012
0.482144056227
0.646528452953
0.420581703007
0.687285627531
0.395897057794
0.544727996351
0.619293811868
0.531117185123
0.620140927393
0.380426792214
0.565758009929
0.50456586579
0.248276156032
0.496997245643
0.485803139571
0.429017426784
0.426728363326
0.486449785708
0.510566034261
0.523587385504
0.519222731385
0.50780238992
0.347810142318
0.610113091294
0.593361202683
0.529145743057
0.404031368791
0.438879238203
0.538892413801
0.501729614852
0.647650038697
0.502801032938
0.509307336093
0.444611776818
0.525606854624
0.670950889674
0.636836772592
0.51387447896
0.404883939724
0.418583039466
0.458042615044
0.473209969092
0.585768468205
0.39735453482
0.474507519595
0.484821596653
0.507751483748
0.617568800671
0.513730897956
0.433212751699
0.497645337395
0.730395265125
0.464490979439
0.567502314749
0.430148953142
0.508621852133
0.56407733483
0.490508916111
0.616232281504
0.361541749068
0.617080190448
0.405348632078
0.582038972994
0.506096067884
0.707133750125
0.488585633881
0.53407194732
0.493177088708
0.505843639463
0.463078327789
0.39893316024
0.3063693058
0.287746755932
0.526440538631
0.596054415075
0.511927736348
0.578396029856
0.524622237212
0.529179506351
0.466605578858
0.503178213121
0.639940350753
0.42115664157
0.494498187548
0.521833753071
0.518893488109
0.331781319877
0.337847561943
0.557903038276
0.362941778707
0.62225897512
0.433475652389
0.423002449064
0.514236490569
0.404729968144
0.476528501926
0.573835588176
0.513773067459
0.398360076835
0.611080312538
0.47244734208
0.633048795279
0.403533078544
0.262053759993
0.485566472987
0.516795830149
0.330837401049
0.551663602126
0.536467344654
0.655547836573
0.467737049598
0.594825371695
0.538334356209
0.510154996733
0.432030999149
0.511809047828
0.414768892043
0.621672788433
0.212483587412
0.521509270002
0.473359341159
0.467851826797
0.653786180006
0.463784753215
0.366171916632
0.452958880456
0.372060418864
0.402792435782
0.438372857451
0.591997675305
0.300990013583
0.376367274224
0.552050299567
0.563211981224
0.779166898055
0.544923808759
0.430858676029
0.537064808556
0.49331357114
0.506686061731
0.570864164768
0.573950993472
0.426764231983
0.668510391635
0.32739982635
0.384410337996
0.274286727985
0.492118750574
0.31029688366
0.378898739457
0.516353288573
0.581078002851
0.616777546833
0.538959464447
0.403483158158
0.427211782542
0.615450523522
0.435058579297
0.389286423378
0.563578894267
0.502211310729
0.382818463321
0.45870669302
0.694276681851
0.485433095887
0.558909765751
0.617875613642
0.491744793334
0.51531148244
0.571468475352
0.53249128077
0.457013050398
0.41112078149
0.575923075337
0.548261059865
0.455270772936
0.535802014027
0.444731671117
0.558715108509
0.483626402772
0.711641064917
0.45973819867
0.573463908796
0.595163818673
0.587273643087
0.434781795098
0.531912749727
0.483325160862
0.375743612093
0.725833549637
0.70374173002
0.428145462979
0.680530275561
0.498442313052
0.519022990954
0.437564585639
0.543022186158
0.41778562436
0.415274976333
0.441439554645
0.306100475524
0.577142759533
0.474849232696
0.474110111454
0.349981554905
0.573196953519
0.50727253759
0.379151565992
0.421031764054
0.534273394556
0.349815149449
0.431674465472
0.456348138616
0.544985411377
0.544131744932
0.526289313906
0.402274698322
0.663853619142
0.699205583627
0.634589568816
0.781869338846
0.49001217573
0.364415571222
0.366641157338
0.424512311598
0.453455426305
0.399024095257
0.694984845356
0.496333061224
0.327365767267
0.390615760955
0.575586922883
0.617422772782
0.346192831035
0.545418283876
0.501043717821
0.386953901107
0.473763315591
0.655996167256
0.50544879578
0.527094719626
0.358996316346
0.56264477283
0.622457398747
0.395420030765
0.589294137337
0.479081928556
0.604654514956
0.472605896646
0.555712057151
0.510133514622
0.528646468509
0.403220856706
0.394324819532
0.43241252921
0.453547616994
0.675079731739
0.607017388743
0.431774318094
0.49758023761
0.452028223802
0.52275998248
0.542490084515
0.526660110167
0.409171876561
0.693356075425
0.661640955411
0.809419731539
0.547422376739
0.532562830854
0.655508837827
0.557634715605
0.523431016513
0.543752055296
0.576530729069
0.640312765044
0.516281424131
0.571688702179
0.850699501789
0.444422909372
0.575757488837
0.519408275544
0.60726641347
0.323043285977
0.445195561388
0.677631485136
0.606875514554
0.587498712333
0.354234256261
0.490153597297
0.698097968325
0.490546800112
0.473162211309
0.538889424639
0.572700548371
0.459754984518
0.461654003409
0.470435914331
0.468347940425
0.482513162251
0.506651886404
0.412151256473
0.486685119607
0.516785066041
0.485926762088
0.76804725916
0.582434831924
0.635028937644
0.474517178752
0.619069326245
0.501925211788
0.539227976742
0.564184673989
0.582398221443
0.321868891647
0.53870672666
0.547021943254
0.705617002801
0.549397413281
0.502229389658
0.4365569287
0.510592883298
0.488313526959
0.597099756525
0.57101224578
0.577643827687
0.620992547553
0.415598680596
0.347065114149
0.670525774349
0.431692892324
0.827322235512
0.454663081378
0.497772919086
0.401460185454
0.78455900658
0.484193038472
0.543540802999
0.733241761918
0.513413532077
0.644353334478
0.466469766372
0.482500117609
0.484940090432
0.408091481217
0.438302124988
0.455882511889
0.483067522044
0.621294416552
0.60690324896
0.434279361698
0.695458345447
0.558494252624
0.525848479401
0.30702101416
0.395619922213
0.386987160786
0.4701177495
0.541222388397
0.548434420764
0.536070142209
0.511255915985
0.259229629002
0.478720676106
0.437897791316
0.443778282805
0.689817362967
0.473314813722
0.604477261885
0.741620269289
0.532090470351
0.457166269441
0.527831301459
0.446969132634
0.413932006181
0.504702272508
0.606206347922
0.505899462458
0.514044611047
0.470463134695
0.375839307269
0.55235089956
0.659837876218
0.447045709595
0.343919836474
0.471276832209
0.54806355941
0.475930431677
0.435387684727
0.493827998715
0.742505846544
0.523491717943
0.337639762213
0.468929304369
0.53438727187
0.331983824441
0.348959290609
0.47445276617
0.527632550188
0.372928269118
0.508910552087
0.589689508108
0.643605505024
0.708786094066
0.469461266626
0.519146122166
0.497731210804
0.716323199618
0.566906655461
0.723230459431
0.492988357509
0.61359854226
0.579859208316
0.727165958514
0.490329152064
0.35430445806
0.39585650484
0.747425685053
0.667118178514
0.497954657918
0.464282132219
0.734572949491
0.527020798382
0.488670752031
0.416529547069
0.535313489817
0.758026729114
0.727138319426
0.51481348042
0.702180950933
0.633313915016
0.53326481437
0.416654774269
0.597220366204
0.545003102663
0.526351102114
0.453332636669
0.621197461631
0.474705009065
0.431169738364
0.667525984551
0.363115683439
0.519577039418
0.537123467387
0.578836679356
0.600509612368
0.771374058094
0.621602067223
0.467214100433
0.597265648838
0.295112807066
0.546972084545
0.452278236202
0.537285166756
0.592380893946
0.583271312742
0.685496632408
0.60139146282
0.415262441667
0.293943640511
0.429110215814
0.479490934719
0.544658793515
0.784103903166
0.529031624542
0.338179971635
0.489036426362
0.426321579697
0.521286140449
0.491531231366
0.389650271983
0.355402353966
0.431386403085
0.366494425939
0.595712480019
0.515978135733
0.670287172767
0.702923247141
0.631083018039
0.585645985206
0.451899710335
0.64245803222
0.457119971253
0.409194863676
0.625969906461
0.516270690177
0.629121403679
0.422947429371
0.402333424536
0.4574421262
0.596334051494
0.532761366715
0.413721833945
0.64906801864
0.661261187375
0.41796885081
0.551019539189
0.490054145603
0.36190300937
0.471990781342
0.625589494163
0.543970657165
0.560367393463
0.554441613635
0.585445182438
0.444569155384
0.403815271303
0.427387857504
0.560430584367
0.685954252315
0.465398053535
0.483013901382
0.475186654774
0.421906159361
0.442481271072
0.495207706274
0.564784929192
0.499478897092
0.494716218778
0.717982462252
0.697065925843
0.436689724881
0.623510175766
0.454825615356
0.441827254942
0.461541269186
0.593095417179
0.582801615535
0.526032711948
0.583353706819
0.373759756175
0.466790153873
0.578092056219
0.530297066798
0.419468098066
0.477090054153
0.419787226301
0.420022552674
0.457803579476
0.706607152787
0.552308072791
0.577180254327
0.610833324064
0.605714283504
0.423935388645
0.573101323503
0.404942373829
0.500493758773
0.626445768329
0.418450579415
0.533064689232
0.552846090601
0.684459619977
0.302827781495
0.441585226676
0.518439727661
0.425440814553
0.432378597448
0.633085505597
0.520796856531
0.4803605239
0.525975376973
0.68140102368
0.581866471191
0.434310310676
0.564229284141
0.525033721487
0.613666317755
0.42943794782
0.482616531283
0.56759312936
0.507865644288
0.648389217135
0.585915253146
0.66320632625
0.44513863694
0.401106084515
0.687799120786
0.483426935289
0.592981236797
0.463266399762
0.530307748198
0.69030160979
0.585456058109
0.726859288698
0.559405164612
0.606075980973
0.470551069129
0.440725103994
0.470862442114
0.436668748923
0.642806268458
0.563174889245
0.517416752617
0.51141170235
0.615419313597
0.522437976926
0.37744474005
0.503614728299
0.623553623386
0.625110601046
0.450351586059
0.524583444138
0.384089999153
0.610394977129
0.412112700434
0.501393525554
0.493908374144
0.423640148191
0.43802951189
0.428803895804
0.669024918198
0.623460734312
0.393134748449
0.564680618934
0.603240099929
0.453893992848
0.728849734473
0.410931408999
0.533571573301
0.616246037856
0.575465847563
0.61038846283
0.442523514257
0.508487384881
0.425376593648
0.598859677397
0.651620377264
0.533956151753
0.457551163817
0.646360526227
0.503899249509
0.4938952578
0.561272956918
0.575007448498
0.705149622439
0.61800854265
0.680092230304
0.399467198734
0.516358057633
0.413162215324
0.596095434465
0.443160011382
0.501322535233
0.532390782413
0.651512704403
0.585648239503
0.51501394439
0.470368108771
0.436020733988
0.56685901166
0.582452586427
0.600859972952
0.602474139188
0.415093800786
0.353488429691
0.486486709422
0.603312488674
0.544710502247
0.588895453738
0.565776432846
0.5833826421
0.47610474699
0.601443651373
0.62300330161
0.571276829263
0.458096142475
0.431112846742
0.44713012987
0.688874688876
0.392973694284
0.41114540627
0.509937990385
0.575272276582
0.414751228039
0.560619316444
0.461916436322
0.439157642222
0.473303088732
0.63239582172
0.56138570133
0.475505868654
0.671363701254
0.485695383174
0.410793070617
0.573231187934
0.564162301395
0.575300597855
0.652592449713
0.516104379713
0.465453769131
0.437421673845
0.452466422668
0.500260067553
0.612302197984
0.495791012136
0.496141873978
0.540036879378
0.278502158448
0.537784100047
0.462862932365
0.637280489006
0.468709336117
0.613574705938
0.540025371109
0.441442280204
0.38388774467
0.473252937732
0.464333578342
0.487315819879
0.630972567315
0.430116127171
0.556606171733
0.659486138753
0.518118490289
0.602671893002
0.500285017124
0.493040823384
0.512086852313
0.388672622705
0.522290508824
0.504620785815
0.556335638178
0.345404877224
0.508664377766
0.566930238338
0.548578616565
0.591605642825
0.580089215852
0.498270975127
0.473137832954
0.685648744713
0.624460404901
0.505618469805
0.621384374628
0.340802718735
0.336452414135
0.527225730461
0.369330234163
0.519209511004
0.585670904001
0.489993858528
0.701501503811
0.640229252912
0.512651029305
0.53519050047
0.557372695529
0.52563955288
0.524940454404
0.473990041836
0.526690338306
0.542228686757
0.460221798238
0.364559799384
0.529117236583
0.537308655863
0.505996567165
0.497786299977
0.583717459294
0.472897866955
0.532678345857
0.607363747589
0.361110366929
0.630145082688
0.391787337765
0.521000996291
0.498006270162
0.381201777112
0.347874659825
0.670013686705
0.618435519822
0.322845644415
0.537087223734
0.463896779038
0.383438642579
0.420912983572
0.64885871471
0.368809676157
0.462018233203
0.595214421209
0.716252760478
0.52545575868
0.451957813826
0.422766484709
0.600768890346
0.509158430885
0.461422950022
0.502565943025
0.459888386405
0.526415039736
0.629748143165
0.535289052429
0.520053716327
0.457092191247
0.546675994247
0.550497793566
0.543559444468
0.413449749338
0.573463931309
0.493957019808
0.731665857717
0.429994799895
0.531024442243
0.634171199049
0.641323966122
0.420771849221
0.608151452015
0.49120362998
0.381409372937
0.460008584167
0.623108441908
0.553215903718
0.400256838907
0.295423160881
0.42079164368
0.34619354078
0.548698155317
0.487163757571
0.434473174544
0.498736551475
0.396974818388
0.611946378089
0.33873864814
0.39055209143
0.41059473519
0.532107114669
0.459764576129
0.563231924385
0.442263692197
0.497631668278
0.526094920176
0.587790307497
0.568655398533
0.566716853963
0.581891496443
0.371428488543
0.48378354713
0.609907809018
0.506403546109
0.368894575805
0.64896863443
0.49224357268
0.754699333152
0.546079468076
0.688940006035
0.503299396811
0.473822669767
0.56995200937
0.630429059005
0.329420560951
0.422514796629
0.439077039088
0.487187179884
0.309167767375
0.619317886906
0.692463059092
0.356160349162
0.368346212268
0.493397139559
0.589385629991
0.727710940295
0.663262240358
0.703968518187
0.713755331234
0.430649811439
0.420553854967
0.48459889654
0.456460241853
0.437756859727
0.301680504741
0.468124022832
0.382662221185
0.445400305071
0.632075412557
0.394655365547
0.489295530644
0.682301446882
0.480584656461
0.662523137954
0.608460010975
0.671932077276
0.553323206687
0.601594065179
0.602224099297
0.521774715306
0.574242709588
0.568314700732
0.305014839817
0.422198295704
0.355119152605
0.502851702445
0.445976940685
0.425721953598
0.631575079888
0.583798647223
0.51895008028
0.404035490247
0.513558060051
0.526445957721
0.521144680524
0.537398874699
0.523025681582
0.479004235614
0.529226020051
0.56392989888
0.392352379259
0.396153920569
0.466268597
0.461696886401
0.45715350288
0.55819319408
0.424402147015
0.449580287783
0.530599557588
0.451832186429
0.376294532952
0.633732662119
0.508792250067
0.566647504361
0.524283802574
0.534922227738
0.37633049658
0.418646129456
0.402930069903
0.480388389784
0.703808176928
0.426075162521
0.749718090034
0.591678024526
0.43197788537
0.631832109985
0.512431734262
0.404504826514
0.434276530925
0.54713846663
0.339329339358
0.686659837692
0.567909296275
0.450879893305
0.597417806395
0.531360300919
0.321537333653
0.508159240265
0.607347010961
0.656800942917
0.51053420749
0.497904514297
0.459345124997
0.559273129498
0.391284896918
0.499668793242
0.43224925819
0.55203728628
0.58423664871
0.523277160783
0.437888243128
0.551529375521
0.52739226765
0.519097449839
0.475983177631
0.484218582982
0.557137966114
0.60468509083
0.392515453408
0.569714898801
0.56377599476
0.604228488176
0.39307371646
0.524498819252
0.559706958351
0.596525847853
0.329537576243
0.549966791953
0.333010896807
0.689261623541
0.55456174999
0.514793104817
0.562926768325
0.500587910957
0.369137856838
0.450515670609
0.457141653978
0.445301790878
0.545433477862
0.421437204122
0.726886667417
0.648219344017
0.528289125429
0.62546124842
0.531836636857
0.702557592652
0.470857308257
0.470575433146
0.500692259539
0.575654924719
0.429760609084
0.362730507835
0.635921810628
0.411800019436
0.61616555116
0.571358513259
0.434073460886
0.433810572439
0.6160213021
0.534684034352
0.312519497724
0.567945571957
0.265233202387
0.438678044328
0.483328931728
0.45465783427
0.373455445509
0.517661939392
0.503467216752
0.540308690547
0.374498240494
0.696225310521
0.504715198126
0.682110924907
0.286456179493
0.526008006672
0.447607097655
0.556314135846
0.465884944873
0.443473696669
0.5796583943
0.604414192571
0.472171184422
0.355560850839
0.513034395568
0.47179552483
0.550968521601
0.377111835287
0.471166224548
0.421891820401
0.505908910131
0.578579086746
0.524724882645
0.406811602936
0.731280066847
0.459023106648
0.627637487126
0.445778258117
0.442774745183
0.47112200073
0.338431735707
0.581325563724
0.623045444733
0.561952662518
0.446078106026
0.499308556952
0.540685415619
0.586865330814
0.489469090441
0.717824063052
0.746529891915
0.546306231371
0.42252463938
0.629819006195
0.704619107446
0.810437771516
0.517906400348
0.606200548621
0.454394236562
0.556089367551
0.47569881498
0.553793862922
0.510937718477
0.463436417308
0.550619999866
0.451663302609
0.491449070533
0.447036935233
0.541214211261
0.445141168713
0.625557115032
0.391820952423
0.56478649193
0.619208265567
0.347523707607
0.599854904267
0.603638651768
0.5819519887
0.5323386686
0.544315647685
0.535763815534
0.423438854588
0.624779111139
0.463337130737
0.512641987059
0.510859000932
0.376619712395
0.507784097365
0.339380367261
0.456297507206
0.610339317729
0.565582627377
0.432839531617
0.581115675976
0.490974287031
0.365901101485
0.432918131002
0.606173669463
0.485335016554
0.398394740177
0.520790673719
0.400329473209
0.702802357726
0.502727283819
0.484413576777
0.442017409906
0.523803305492
0.729123281008
0.424685861284
0.529670861711
0.543584880998
0.584835476485
0.392733595875
0.395266061303
0.474257665523
0.584688627757
0.657442366584
0.517936931456
0.604117991055
0.542522685535
0.317076269736
0.325022585693
0.623504308308
0.35822154802
0.610703897208
0.513603320842
0.528090191864
0.594504876547
0.484178446299
0.506257630775
0.422582750824
0.440872441794
0.434173978964
0.626377619821
0.475411566848
0.650322144039
0.424751252514
0.567470287553
0.453339299074
0.672486155306
0.383910601081
0.729634884992
0.530120345134
0.488778035691
0.439828188468
0.397314219895
0.46796943677
0.475902848191
0.362853721888
0.580301583225
0.551322714003
0.46535836901
0.437751074434
0.544249806751
0.589813288042
0.679890452979
0.48960260438
0.561441377439
0.632076721666
0.521612971805
0.739369637883
0.585755744954
0.591650267504
0.624798700499
0.31717738906
0.362797499558
0.476760711956
0.548665312673
0.720322426292
0.803115279524
0.566943598681
0.594314793715
0.484733586098
0.384484551021
0.582389409663
0.441302873806
0.402654531928
0.392647757402
0.685416611832
0.435570878266
0.484441623056
0.503055037993
0.389026257364
0.563303267517
0.521341590524
0.545809459158
0.630386609505
0.641482086029
0.508646279813
0.419802852762
0.542177753663
0.445780162094
0.500105870836
0.393194680323
0.495992399093
0.365825929905
0.475163107667
0.546339243832
0.638576620827
0.504810744359
0.461388370059
0.40262265352
0.523340202294
0.396607726735
0.519247894113
0.617296658304
0.647222480476
0.532338118462
0.454823580495
0.481566143663
0.633314929957
0.414950831014
0.540693004678
0.523091777974
0.670624997609
0.362770686345
0.519829837501
0.549497594176
0.518296714524
0.402847054025
0.491421489402
0.42215177608
0.517438843597
0.648057156002
0.361287751189
0.462624285236
0.739934589807
0.532664927727
0.630722618657
0.784756283603
0.361556814304
0.442377348273
0.523367933573
0.412809347381
0.47851226923
0.546212352101
0.516220137316
0.508457379406
0.489757277498
0.512238501818
0.428871092694
0.51563261174
0.606120573187
0.512383434929
0.559907836809
0.341105371265
0.502750329122
0.346380216248
0.599571814541
0.554073172478
0.360474275242
0.583344573988
0.552102119847
0.631533588348
0.552026428618
0.428563602175
0.516041244705
0.429574796665
0.63128465779
0.509762486023
0.478791974685
0.497130651059
0.469703366359
0.552771384726
0.589171791184
0.589194642991
0.607694327492
0.364684725392
0.512404784828
0.607308006456
0.450617622382
0.559087927111
0.59015070329
0.323633002143
0.643078198785
0.560010601006
0.451479075212
0.551783298783
0.465691821386
0.50236937797
0.599299216204
0.646853646339
0.558761240013
0.437844146151
0.581388991028
0.605109370662
0.481458942099
0.516119380381
0.483798106823
0.590182971344
0.526195860623
0.37564845775
0.522769314404
0.510678349278
0.420979210271
0.512872676348
0.404307661726
0.584236350323
0.687734039167
0.634763399651
0.568847409881
0.429079135701
0.419290071162
0.535717857451
0.659947090577
0.445503587166
0.573990999989
0.480877039165
0.662059494957
0.504806931626
0.484133630387
0.509392655756
0.567772767878
0.442973518295
0.565600672679
0.570233776676
0.42569828424
0.619503086285
0.483828979286
0.557105810249
0.649984332348
0.673985679255
0.520333388533
0.50560436011
0.541083767173
0.550100346425
0.567725436947
0.42716157889
0.499978707459
0.536790991967
0.464307729156
0.5821708003
0.498844865979
0.621812759344
0.516014769546
0.434177239558
0.562006529076
0.519903179336
0.715767887822
0.31974554091
0.681462082317
0.545960168356
0.398868421454
0.341991153107
0.561591494294
0.533933680322
0.531594548599
0.457431429807
0.588275306737
0.449795614118
0.628732280207
0.469797988313
0.408150738498
0.505149830844
0.62951368898
0.316345946804
0.548652660473
0.329535152205
0.509674703239
0.562469728266
0.613122918885
0.496412765123
0.519551655395
0.449427129649
0.48905330029
0.579520022848
0.561199234634
0.527318235853
0.798377766851
0.604113942917
0.650296823093
0.456911462766
0.607473563096
0.548308645479
0.427767731983
0.34275961918
0.446025050116
0.318102205333
0.508070628752
0.531714883074
0.419434853734
0.397146842006
0.747751630215
0.601628415569
0.623831113073
0.451422954005
0.448741642735
0.805192469097
0.800512154576
0.624272243878
0.431873856006
0.477894702327
0.549928316923
0.616562439252
0.471984234029
0.408554259612
0.552636213662
0.431304534176
0.518414554762
0.589416580209
0.327166114796
0.735920441169
0.602509716258
0.561484344647
0.488375496782
0.485784260055
0.593889586539
0.450211184054
0.462121282895
0.410565805399
0.636892462559
0.724546041848
0.648304996868
0.561435275125
0.428595328162
0.593006823998
0.54344972402
0.500265723949
0.614569186937
0.624897120035
0.368146371496
0.629134076928
0.566951508904
0.627961310161
0.60646143916
0.463436382174
0.447559711431
0.64429569047
0.599366598255
0.607638975046
0.610378154117
0.536140722349
0.592512173463
0.446558821607
0.448758751237
0.553506905047
0.482134927758
0.486424907171
0.471729641471
0.574470824715
0.512968562743
0.494927174457
0.508329880049
0.535180512502
0.638185785306
0.428363451629
0.661389860631
0.549203237541
0.361584083895
0.556430548439
0.431055813329
0.590983922953
0.614589656113
0.474279914103
0.567411186781
0.510946428548
0.53645589326
0.576742816902
0.569045057328
0.582031060721
0.631776342567
0.741605146347
0.346962456162
0.567419933827
0.519220122091
0.538400476179
0.616910382144
0.499377233672
0.563799689542
0.615789100075
0.426253865479
0.435412956231
0.743007652197
0.519859339173
0.563367111456
0.487533990276
0.389701964493
0.413051576723
0.529114569666
0.624056731219
0.523393334997
0.564138538911
0.626132549442
0.592695000514
0.553192334092
0.442592966716
0.474502507225
0.66001935004
0.733458101018
0.439298310591
0.625667514664
0.603993720497
0.570982307389
0.580466301692
0.639267376617
0.53788673957
0.589536624989
0.534118422472
0.699278004719
0.598737815834
0.697673163389
0.543866483232
0.423511514546
0.377461125927
0.454573721029
0.434658096648
0.531682479557
0.357406136274
0.518153391996
0.573016347352
0.482953077749
0.707057789073
0.573517695068
0.593505856128
0.558946071562
0.366695036701
0.485245458011
0.620667524368
0.613280374341
0.478566293306
0.497143417863
0.338009690212
0.52289314876
0.46345418337
0.736118166073
0.48007483346
0.536613316538
0.528124576547
0.470405150687
0.676299296225
0.51539652049
0.349106126041
0.674618058977
0.576969701571
0.590575387773
0.511983389265
0.539541678692
0.637092058403
0.570602716929
0.507182773809
0.506678047678
0.610114927023
0.495332901812
0.628374447042
0.415635587299
0.440580581922
0.600487896389
0.657744073161
0.514945384978
0.48473810085
0.591520439585
0.449574561665
0.541016450265
0.351477682012
0.49767454989
0.561176416367
0.457309493772
0.406114859607
0.475218214833
0.535631322108
0.484067267531
0.422117557959
0.463262682222
0.466807274202
0.656708871447
0.436325439636
0.569521481355
0.477566066372
0.550519114442
0.445777480916
0.590066707602
0.588791800863
0.472449145187
0.588334689027
0.503622570684
0.431960963773
0.527576075676
0.49637362244
0.483574472167
0.534874082711
0.617897334799
0.502743730962
0.672402740091
0.58025038048
0.56547277911
0.623437778085
0.622797061511
0.492404529391
0.499190881892
0.485664441208
0.5113333672
0.540035971646
0.597048979914
0.362188701932
0.513050113647
0.595033140862
0.43836499094
0.47759111093
0.482618741609
0.523840924257
0.541734221533
0.46350162471
0.57639680308
0.551520480721
0.552056127031
0.443099246397
0.551465671147
0.624564000844
0.402158422177
0.578098983474
0.581564920279
0.44321986464
0.431744544381
0.529898236666
0.656739391147
0.537289107394
0.374234228699
0.509204093519
0.493119131659
0.618164275791
0.565784669572
0.503786093069
0.336875681556
0.520879169401
0.556587586398
0.680281306666
0.527029993298
0.659275823003
0.519529336505
0.460453329129
0.643853426359
0.470067199379
0.472786322445
0.50994399924
0.529811319625
0.476618516752
0.550555888362
0.397754676253
0.536988305499
0.504970260303
0.468011340053
0.406766546753
0.447156267546
0.556299350773
0.528864404315
0.577520030479
0.688222455595
0.402630856328
0.600802593044
0.473911764065
0.313349091651
0.474119841293
0.39299395547
0.558648741284
0.505289764183
0.424481017908
0.406197744199
0.439405867712
0.487142660821
0.345548886657
0.472423735831
0.531484000561
0.50647138523
0.650101282902
0.467908745762
0.515502832754
0.581812354739
0.491595404318
0.486942997786
0.619410163777
0.509477125076
0.475568900833
0.686807508123
0.385724732359
0.46306129168
0.543292741025
0.627391996044
0.560506886817
0.465290697147
0.535204841678
0.433133351421
0.551419300065
0.574083493251
0.45313294607
0.739928240313
0.508603180577
0.598364470184
0.664215543403
0.423339503534
0.681874040019
0.436400979203
0.700374096974
0.447679792544
0.48315476563
0.388735798482
0.372063922385
0.45994469623
0.551108441885
0.451071940682
0.550419793429
0.437926768214
0.379583282841
0.4607421587
0.545187491137
0.455061870782
0.569004982135
0.372990250259
0.549408785984
0.553440398636
0.600458091652
0.61243319815
0.401013097961
0.640836027719
0.840134222234
0.454229408891
0.318853269509
0.543762221936
0.524732075033
0.646113124542
0.533753636341
0.407161797585
0.499320865479
0.696533469931
0.727233657497
0.335087110276
0.506541268295
0.291911308097
0.526343389801
0.337634648892
0.547351592427
0.661930557588
0.554089079147
0.493845208012
0.553687626037
0.503236164708
0.590549243044
0.405679699536
0.398918081382
0.558465169646
0.534876563582
0.52755318159
0.520308926898
0.577149042893
0.410872485308
0.585438314041
0.411384313496
0.4390848764
0.515039638489
0.639978285828
0.453407179355
0.541699773233
0.620402512803
0.489230443083
0.495253488405
0.558084162488
0.358633076521
0.342084029797
0.607508239198
0.463752590469
0.431090788504
0.581933613078
0.375816483957
0.461185131657
0.522706900668
0.723096002502
0.523912872882
0.444909055756
0.475017335411
0.453237351985
0.396919300173
0.507166267588
0.449609477454
0.392612050886
0.54813317107
0.642246910851
0.408540423315
0.532622247234
0.435568518639
0.384949191028
0.368659227502
0.435634810488
0.610288179931
0.55882483217
0.326949364232
0.566760761515
0.470728826564
0.393415591398
0.505050133636
0.57600408963
0.42738020754
0.384089254782
0.474891380899
0.584904900024
0.471275835682
0.492143110747
0.451447037839
0.502199827416
0.567155438925
0.404738275139
0.51420453931
0.524111866114
0.612954095837
0.501270078038
0.512516812719
0.535726509169
0.433529253269
0.559674528463
0.42506782444
0.302088556297
0.41266007591
0.550248123751
0.527758395314
0.557886692034
0.387677756092
0.514650160295
0.525480147701
0.430716203699
0.57437913361
0.557348517717
0.505179930876
0.547623800277
0.536143645796
0.505038514892
0.518362810183
0.62755938341
0.634305036958
0.56828645367
0.468851956789
0.493332380996
0.43399881406
0.446473576449
0.546043913332
0.580544672031
0.479630174587
0.506604122708
0.394217217991
0.430076468034
0.551948591157
0.551036109535
0.42223888099
0.456656768278
0.63316199369
0.57794690175
0.392262800618
0.524766735457
0.518670156988
0.420080674073
0.515730932243
0.393599206548
0.621650511694
0.684442616409
0.479962972554
0.530832217556
0.47935046721
0.508892883198
0.418837354054
0.708555733061
0.582521322898
0.436853928219
0.633298164432
0.616489127428
0.500185167696
0.65825621042
0.407266887401
0.493280983216
0.741435795052
0.600052990401
0.655584494636
0.418970889249
0.633595365798
0.592803058011
0.602719414816
0.564704455523
0.635388679209
0.603670924635
0.47338890657
0.424602465374
0.401545850379
0.647959642124
0.609693150704
0.718961082375
0.588450621879
0.580291681179
0.535127885005
0.593830283177
0.415687481191
0.466477799086
0.379472054592
0.54443408466
0.439404850896
0.437940084068
0.65257141577
0.415356604425
0.552612961845
0.458736497418
0.611810358644
0.430667596836
0.463586473328
0.391150465795
0.60379837269
0.4418601935
0.603236864583
0.621423475201
0.504059077061
0.514730854626
0.368752153325
0.54529047187
0.476433642952
0.49293409526
0.55810906598
0.393422301104
0.624577623952
0.503034087512
0.386540443444
0.707925944868
0.612349337509
0.460991083216
0.469310557617
0.336985452958
0.48508925102
0.468471084299
0.461088128098
0.531646639422
0.451424720928
0.419733874609
0.424538951024
0.548640565231
0.430388207484
0.355813461706
0.547315543554
0.54227100918
0.514982885368
0.443251459179
0.318709161677
0.524771542076
0.358489415987
0.436660573109
0.616427531274
0.550941859262
0.523883167076
0.476794807235
0.462740435682
0.386032267851
0.497332217341
0.458054186775
0.633383871966
0.43063376538
0.5405493821
0.446869323605
0.646614745048
0.577648491072
0.4197842437
0.476802256441
0.417857022911
0.418592465266
0.632189475899
0.436343279896
0.491112719329
0.634995926604
0.375102313837
0.59775981679
0.491702579528
0.457481425009
0.567291503504
0.513574571346
0.427633986691
0.495158373489
0.58464416861
0.558555350663
0.434532316041
0.313128667431
0.504926707306
0.419963280848
0.515527304853
0.543330546282
0.357018239298
0.466383904199
0.521487137584
0.462315495698
0.735004404401
0.450882480467
0.586555267815
0.428584148837
0.473455807422
0.653495786843
0.512345116995
0.628912288191
0.51509957535
0.557634373961
0.594753512027
0.405928547004
0.46392285799
0.538562683288
0.553273956788
0.522252085332
0.358480710633
0.598298821168
0.543270339245
0.453785946809
0.529522557032
0.657457812182
0.485650395221
0.452400770273
0.525660232091
0.45555384485
0.54815542097
0.417123731117
0.643923358784
0.5878419817
0.81611814504
0.590274555423
0.44340796298
0.716388675072
0.511911528738
0.411289350422
0.407849185286
0.524535580777
0.601373994764
0.387596102702
0.621284160667
0.529797584378
0.550957682578
0.599452425514
0.482963944341
0.440049378326
0.663506995411
0.519796656993
0.449020896971
0.47188879386
0.595006956856
0.378856906403
0.532448517261
0.533604773128
0.559880080457
0.454942597773
0.411741842047
0.54039099293
0.463741439669
0.35388067743
0.422651846589
0.413651032807
0.450371882194
0.611756901726
0.509137778765
0.529843546108
0.621498307881
0.417452645208
0.534592815071
0.482018377219
0.579490014074
0.658574242477
0.482415616289
0.374070297531
0.593271158202
0.669101096307
0.536358928989
0.451180629129
0.540067067943
0.418050564162
0.50330104241
0.405989191169
0.518564103846
0.507333661893
0.550204569573
0.484294778165
0.475498427919
0.494278602591
0.696043533349
0.377544751541
0.430150338591
0.423120806142
0.421159947027
0.375333335442
0.429468386741
0.510164851506
0.385851274767
0.536287010391
0.538611441753
0.530783036751
0.497241571121
0.593547742914
0.636486405095
0.579551199149
0.621024700828
0.62747939117
0.469280717826
0.566807091834
0.605015835595
0.454360022023
0.502865033485
0.359815767094
0.577797954202
0.390824675991
0.509537904987
0.461242592014
0.351039042791
0.456782526064
0.379034643266
0.401094465491
0.661746241124
0.400342597917
0.424426396501
0.791204616279
0.756552712823
0.521862409221
0.56656525289
0.548787323485
0.615444071444
0.497966197532
0.593532794401
0.550859499338
0.658755554277
0.533163682774
0.667785906277
0.516387837373
0.479313734935
0.439572126074
0.518883871751
0.474960313513
0.557361485793
0.526112088622
0.497469420544
0.619951402782
0.653991485276
0.465465029803
0.617057623157
0.507068371672
0.398065761134
0.372057361038
0.513746052519
0.523838974546
0.435900121274
0.438335839066
0.573850283767
0.560885441167
0.59331079925
0.574695252326
0.517910194905
0.47730269096
0.556442208016
0.586883788855
0.60737357655
0.472800773497
0.531268176194
0.507226158717
0.610110822847
0.431920283262
0.392716324707
0.562744380586
0.500615561493
0.514534228308
0.396213346382
0.544344888881
0.56158612071
0.636105450925
0.52972935932
0.617529156679
0.513949214129
0.315170510026
0.560145601888
0.379800120597
0.349618496762
0.423606573638
0.493590067832
0.572628338569
0.406605560279
0.609766080448
0.481832699674
0.511364895871
0.478050082912
0.6688676624
0.622912873205
0.528430015577
0.462894344816
0.527905785747
0.465026649796
0.551138557038
0.51765564924
0.567716211225
0.527628336439
0.39336676285
0.270431913647
0.486547224698
0.502547649243
0.39328308723
0.652700704327
0.626672419461
0.458701765126
0.663016785646
0.394915797933
0.385549985939
0.581096852348
0.561841097571
0.452826593615
0.482368752674
0.424527952843
0.667519891769
0.531343732087
0.385699963544
0.626916027874
0.668907403148
0.545265612811
0.447175157221
0.439926046485
0.641568994854
0.553765425343
0.640440865548
0.619874777345
0.661370649168
0.567384775057
0.444867958435
0.57945452012
0.606463258153
0.530371636012
0.520803463897
0.605418298698
0.482487366013
0.673814348233
0.567300982215
0.591470760748
0.494847463169
0.283266074176
0.494704372866
0.652868866916
0.550205613661
0.449469828777
0.53256543361
0.51905687934
0.517206335106
0.352327783874
0.554892470639
0.650827655296
0.668810963101
0.383442738995
0.421471546141
0.487767646484
0.49577915996
0.550441924718
0.580302525847
0.687233321971
0.49174480297
0.40157049856
0.44295330693
0.577002437252
0.587375035312
0.540891264895
0.610115584044
0.39334493687
0.531160420915
0.474121622373
0.426280541106
0.599581066305
0.296135464402
0.429541682888
0.408715231891
0.445262359431
0.421463807582
0.418933087444
0.292661034889
0.522895338079
0.546284473478
0.661011575563
0.570599308204
0.417012588651
0.486371063258
0.508948417573
0.624795072391
0.379971870071
0.554924005405
0.494271205585
0.66452372334
0.585313325302
0.492913689854
0.505616292198
0.403466312131
0.627701587298
0.521407463539
0.315272169891
0.593743192004
0.680459155017
0.471095180496
0.456282367434
0.465049838997
0.38535555637
0.453736453033
0.499510402088
0.72224962484
0.644663805888
0.365180967786
0.587646396001
0.437916586494
0.595511604731
0.438515448576
0.398370354266
0.50398517502
0.409091514951
0.384715205114
0.55428512075
0.64614798145
0.673723610646
0.528429851807
0.473253286676
0.558114008462
0.516957971679
0.641811527872
0.518897640766
0.598137815389
0.490303584887
0.305419467471
0.547768831083
0.57023227388
0.480138084801
0.490764526717
0.421268520592
0.524568000907
0.602813938302
0.565307643837
0.519992228422
0.477751105526
0.491221441749
0.57109198193
0.33876141998
0.462155728182
0.506898074666
0.563606514153
0.575688576966
0.445368785716
0.443799355591
0.580138676226
0.461784850532
0.429568486833
0.528592399538
0.45575397633
0.520014972531
0.578942120172
0.420874785028
0.643361514039
0.535461419525
0.510288629224
0.609315512931
0.297997683145
0.420704816041
0.540509898507
0.569777796216
0.491220786418
0.724696255279
0.596871126048
0.43728437825
0.543181591415
0.347995353252
0.632160435744
0.611969745992
0.616731237174
0.399070159699
0.596697229
0.374653472231
0.452576634523
0.297558033743
0.262980780347
0.460176826398
0.475089973804
0.380914181335
0.43797404709
0.424588745375
0.386213396802
0.390222770971
0.617017697279
0.57088193543
0.527672988865
0.59418653702
0.446863178104
0.553998952107
0.479859956042
0.480104373659
0.645012902257
0.477160573834
0.583650586349
0.43543486543
0.561093760395
0.512815645044
0.443681350676
0.53908828042
0.446910137298
0.280864756633
0.548426805323
0.832764309088
0.40447053375
0.432149353914
0.56923418002
0.335686293078
0.517808127339
0.513374433318
0.488531404105
0.649393491767
0.494852336584
0.399893050612
0.655383810479
0.62313558181
0.438034623154
0.428390608076
0.620205895492
0.514828427888
0.777370883346
0.403534298118
0.596235454907
0.516158338772
0.421749108013
0.459400590321
0.401156560063
0.406117627523
0.588041613765
0.593450352797
0.666926164022
0.43472170916
0.636458018744
0.399859422932
0.3422446944
0.362606695337
0.387991985023
0.480402511845
0.635172715358
0.48157081947
0.554303162797
0.464507526913
0.417847136142
0.54950170801
0.553948166212
0.453269938136
0.504040270807
0.386286896391
0.418216539337
0.643011912835
0.606454571175
0.599344616296
0.553014349002
0.445955392858
0.606166140585
0.463086568396
0.416181753577
0.620348635285
0.544006547614
0.489465197932
0.484963503772
0.564676332217
0.496476205171
0.606280103934
0.603459349097
0.623263086353
0.428054931239
0.383031783496
0.67203837609
0.545905412982
0.709758516144
0.420299585463
0.547930547679
0.597615518014
0.585431204887
0.495383684365
0.528116935028
0.483318850986
0.399872460131
0.5667258905
0.577931094726
0.516719216089
0.563501521768
0.698278763332
0.65377952317
0.421001436994
0.380822486436
0.53305202444
0.539258970176
0.526333312456
0.393349644224
0.400939540439
0.369083914191
0.517003583877
0.579058249988
0.48847193598
0.602842122127
0.650282631478
0.527078894803
0.545140082367
0.390576390542
0.529494785895
0.430101786705
0.528827826124
0.468363603804
0.570380718718
0.492097834578
0.590471832581
0.591416512605
0.383786819234
0.329885465778
0.431679307827
0.371413661235
0.439068941486
0.603993910373
0.362331257977
0.499124440276
0.522308318805
0.589650029652
0.471287342855
0.455397567683
0.558851566901
0.54102563441
0.460535814051
0.519780077436
0.491266347553
0.414854234791
0.561480446012
0.566436660442
0.506201117565
0.456020518946
0.703580051208
0.564991309812
0.486679190117
0.389265717862
0.454648738381
0.653943488932
0.433191461182
0.554499827779
0.433421753745
0.512487920915
0.552167559943
0.494545601395
0.419787985881
0.426722855235
0.621550960295
0.463495690969
0.56776819261
0.603061338899
0.413165452863
0.458866766501
0.618662266601
0.34011451705
0.565187568034
0.41794070787
0.597222911229
0.474526593784
0.467091412363
0.66778098067
0.412470742843
0.599993937528
0.41324332307
0.470338420905
0.506146395578
0.665026864595
0.384318248142
0.415843597445
0.637748055394
0.653757463365
0.505050412473
0.58289151355
0.541090360914
0.539840446689
0.644774570266
0.359810973806
0.690308326588
0.2756837061
0.321152882735
0.505450122203
0.468146889554
0.595501105743
0.469530025777
0.540780061443
0.280574467386
0.649221860475
0.617151600308
0.456609306917
0.486946774115
0.4973331374
0.376353569495
0.470916394001
0.670666351189
0.630946844745
0.473908588807
0.405653459082
0.556875605286
0.608436166039
0.692035055989
0.299780205891
0.592652540488
0.437917044934
0.509910903299
0.458229272027
0.35071368827
0.450222817884
0.474703989105
0.469029200191
0.393232631824
0.50430885486
0.555489641619
0.573695431116
0.356760710298
0.467568346572
0.53527803404
0.303457365125
0.710672441582
0.41120182741
0.669216394914
0.512742202926
0.569556796913
0.432537634588
0.483459813765
0.40476802504
0.542943087369
0.641921123846
0.510453640737
0.62645923162
0.64749156269
0.473851524435
0.606194156622
0.580242954253
0.406582739001
0.682774124502
0.440617154607
0.370435697408
0.519352700366
0.523770978396
0.364056912889
0.51811368926
0.416196000673
0.443680763544
0.507443005687
0.557934534733
0.640204168176
0.512842840279
0.40803095975
0.511171789809
0.59051543316
0.569689783455
0.468887178186
0.461632089373
0.398959623152
0.46495146728
0.555455089906
0.398784048356
0.460542977073
0.598122017431
0.541810777024
0.450746940515
0.619022657019
0.401368335669
0.514099508196
0.586699327398
0.572965277579
0.700125414822
0.428707407929
0.450758637621
0.619213326173
0.624685724847
0.520996704329
0.583869347581
0.546549944419
0.498205931922
0.430944995537
0.342306955182
0.656841118914
0.447091539018
0.703793581403
0.535466721272
0.252874454425
0.397131619809
0.693703504234
0.737942914544
0.57743282496
0.423087120057
0.518341343989
0.464991199186
0.740863577516
0.476120068724
0.605742435937
0.509042352113
0.444898899808
0.673487463162
0.487455167283
0.675394521856
0.538222251368
0.389565314996
0.558349479385
0.42442012722
0.375260764624
0.753005328625
0.422626735832
0.339713577822
0.411194648716
0.506795713063
0.538550983134
0.411570673648
0.374934716804
0.469483116448
0.560657502637
0.71277705052
0.511895848146
0.567698435844
0.502224259245
0.527641593451
0.452703929237
0.600649113205
0.712505076489
0.510676786046
0.419324968491
0.641572599654
0.576431003177
0.520837834252
0.408888643048
0.554022443936
0.611415850785
0.592578242609
0.512485160102
0.490734794062
0.45958788405
0.511473599179
0.625451988925
0.381429863981
0.607532008256
0.524080250398
0.51285485641
0.452310142952
0.488552267844
0.485386673349
0.479147009776
0.520931543193
0.515131348451
0.541262379802
0.541655530616
0.471767065466
0.713403340848
0.599200442023
0.450401097154
0.457843653977
0.626807540639
0.564894734143
0.521344088396
0.629719830339
0.500162461052
0.555374125897
0.383395118605
0.64305566126
0.465311176643
0.351635866948
0.412671461663
0.526441019642
0.369076603934
0.384131120495
0.345161417584
0.612642273773
0.545321020025
0.430008823562
0.420565638875
0.408123229461
0.451091390893
0.342627325395
0.43961605075
0.477384265999
0.587630489276
0.46907304556
0.420959601482
0.444660687029
0.44111331803
0.503180931083
0.620189626802
0.590062272222
0.297727716274
0.370730489716
0.566430572317
0.495690702203
0.536457980733
0.522822409992
0.465167490021
0.390933839325
0.44114357432
0.487972060321
0.657124633999
0.351716913217
0.603267308866
0.595403800745
0.389000142492
0.346168204512
0.594886375404
0.553458128382
0.426878073924
0.654144211956
0.567346576279
0.575392641391
0.478191735161
0.567121476205
0.452881209622
0.439343710723
0.613655264118
0.427027415805
0.563045838276
0.5298184096
0.550348853235
0.479174396495
0.327010028129
0.556014002643
0.667691784012
0.390996569658
0.54792274332
0.426074727625
0.469024672761
0.451171546748
0.64204134263
0.698114073309
0.582329612725
0.623107384094
0.531326740398
0.523092564281
0.404603671597
0.388222133112
0.503945565392
0.721315069525
0.484231077537
0.499666345107
0.276482086528
0.556703599776
0.407557736248
0.528738420156
0.431696960323
0.505020439317
0.455521575312
0.420042485645
0.396977297934
0.472636515601
0.616053701261
0.680575250322
0.432433532711
0.462084678208
0.738056216674
0.47619506151
0.491737608116
0.363552109222
0.479184754382
0.383568433571
0.520860537856
0.463244891878
0.485191236941
0.450282268943
0.484380715768
0.427466625212
0.58729244969
0.64437327375
0.491977270045
0.512243243149
0.622250572397
0.468395339877
0.4876523325
0.650429271952
0.426556295615
0.401744213362
0.557851680752
0.43065112349
0.52477463244
0.511110286862
0.574156123516
0.563753399945
0.454259594741
0.635645360695
0.373025057988
0.608188752217
0.62092616395
0.605175634036
0.509747380514
0.48758801734
0.575976220612
0.669214072433
0.437831400008
0.573971831379
0.583625380083
0.52741570397
0.657717135625
0.484156010287
0.489844868333
0.444902104836
0.521402357974
0.607208022291
0.569630384465
0.505372446572
0.551905949665
0.552620684348
0.536309058315
0.505630559759
0.565656220371
0.534429296288
0.612006528031
0.541230350049
0.4730218251
0.717445603289
0.396259077117
0.503286215735
0.545335762058
0.527890016552
0.518952408567
0.621776165143
0.52789728286
0.574855485222
0.730936705592
0.705986692331
0.701671888818
0.434128356988
0.482338807405
0.427749367693
0.49285642498
0.487494804033
0.431402978385
0.456183289181
0.575742533984
0.624537601485
0.453197093221
0.764480970407
0.40714878544
0.496104524099
0.483088300162
0.511868890418
0.484901028066
0.572214508366
0.447856362503
0.519339711512
0.469473504032
0.552819960739
0.747718556431
0.473322028613
0.485253144767
0.454956977945
0.52254602795
0.381970791994
0.531612339864
0.57616642431
0.511600415445
0.524622977646
0.560351586055
0.496008017448
0.487450477854
0.501356626674
0.600476321131
0.473221505071
0.535492934774
0.608041602859
0.480239333966
0.359500775699
0.420903392617
0.666222402057
0.630015241767
0.474754470328
0.664100936463
0.583845239926
0.633999674579
0.468666535077
0.351965456917
0.477525617413
0.496561913762
0.492600829703
0.413522029464
0.43564297392
0.323321711848
0.508551787446
0.606303736515
0.654656974173
0.440711889016
0.584243119992
0.438372364064
0.599383817906
0.59347399934
0.454272897721
0.433683960199
0.521965091741
0.418967829733
0.523714434393
0.501948630198
0.492281575467
0.529661006271
0.634574178178
0.337635307888
0.517983686947
0.614567264061
0.601889680919
0.60808458084
0.617451747718
0.517479755773
0.476521268048
0.548367480171
0.752787142701
0.440635642416
0.526743388034
0.63173153166
0.7162842113
0.315077404111
0.497879884287
0.694343201826
0.454998778722
0.565420760318
0.470441147134
0.540442497445
0.476964416783
0.506819345754
0.425034441774
0.397011299464
0.707643647553
0.467038331705
0.356165809431
0.382160105688
0.646931647993
0.609018466278
0.501812722222
0.636374751561
0.4495955174
0.524724556608
0.455693033217
0.534130193168
0.306959224458
0.543522498694
0.471556411875
0.510553612484
0.51237364738
0.638511728989
0.551087543318
0.33485053157
0.493820031085
0.590274422361
0.544188067267
0.43978836714
0.404705014429
0.438815296567
0.535725884536
0.671199040512
0.532085436865
0.533407318447
0.640993899956
0.472238950367
0.417200027086
0.45114000781
0.632180105031
0.464643020464
0.489949307758
0.578749774284
0.376603179139
0.444087467243
0.480795899069
0.427199245618
0.583010593194
0.317718936977
0.508324060334
0.450362712046
0.500043868025
0.453106693214
0.374186748363
0.481379569475
0.475728937532
0.50009916585
0.413035731657
0.434376708339
0.573410099071
0.407134551953
0.701361084071
0.534996011804
0.559026199871
0.510558067444
0.571832355004
0.438298930833
0.493501215293
0.566174449105
0.390234961322
0.456696326325
0.395410577097
0.517341298879
0.620505076575
0.492551816041
0.357057755649
0.533943821793
0.449343856918
0.548011862092
0.565526971258
0.676276543469
0.483188689022
0.460616821365
0.63507917684
0.473245024071
0.54611839816
0.469822599238
0.3917353259
0.493043922119
0.432854755406
0.328253562854
0.669034333157
0.669980937403
0.518314999333
0.428425099147
0.567638510119
0.407712490052
0.410390171234
0.524585679455
0.551712504045
0.560233216273
0.61802455239
0.461903312024
0.436819319044
0.437356788137
0.527888551867
0.440657046045
0.376218513466
0.405408920793
0.533565400756
0.398637538558
0.626319098143
0.615351579824
0.521954859535
0.536624272794
0.564860893382
0.555091237566
0.487652688611
0.538441384513
0.406656310921
0.692710670824
0.576838539147
0.418380183635
0.538709120629
0.613126187048
0.422741040815
0.701265374995
0.612255892668
0.681508222506
0.577708984727
0.6648648036
0.45476299469
0.40691572591
0.612407158939
0.522013090139
0.434161705905
0.543489246663
0.579818020192
0.390608335887
0.439060106702
0.586744197143
0.624874038796
0.455146112839
0.497676401748
0.5483163523
0.712538561926
0.376635296091
0.444057475677
0.547789596519
0.451543844513
0.604107809171
0.425016766183
0.550889714279
0.505988904872
0.438991503476
0.481434642998
0.398105478538
0.684295286731
0.45697580241
0.550440168078
0.514998840392
0.612568835701
0.576457340268
0.495056043274
0.423733280904
0.567558882455
0.441249549717
0.444754384281
0.53931113777
0.650985048516
0.344165793078
0.594401287849
0.496632879557
0.393628903892
0.690809908057
0.632759757211
0.513421615366
0.437520454675
0.576442973755
0.52975318022
0.564719083997
0.332280516189
0.407900264423
0.422669090438
0.370848969414
0.388880076229
0.634213493254
0.600366301248
0.501728819903
0.573058127321
0.581008018593
0.623142085079
0.620400379791
0.550613443775
0.44777786947
0.56473785045
0.452966395904
0.352879282451
0.397738853574
0.477220472412
0.468652875182
0.578696044915
0.488361845444
0.516836621755
0.643494996106
0.56588349583
0.512977739018
0.587562318297
0.415744414236
0.604944697717
0.479132729474
0.408243909367
0.620192323557
0.444935805526
0.538720449226
0.557525196098
0.535658209626
0.557535415819
0.40453442959
0.49155006006
0.489584548791
0.40407193743
0.475943197776
0.556393037799
0.430760032653
0.451208558165
0.468482623385
0.581555010649
0.472164248409
0.55451509491
0.585302791211
0.553390978714
0.633439612779
0.454139260499
0.481419341674
0.427745228804
0.562918002807
0.37993597018
0.475317970699
0.531453284409
0.49842264576
0.598083791942
0.446058281209
0.511271481352
0.488518550904
0.512122534877
0.450467067847
0.697847395483
0.58098706977
0.405636365886
0.630288917911
0.472157207973
0.39598713643
0.458199399803
0.452780731301
0.532567806752
0.646681523409
0.41896096877
0.655961989381
0.356328805097
0.426907903129
0.584235799781
0.43353940037
0.580525787836
0.514374993497
0.605349941942
0.468778452742
0.441802353658
0.497957009436
0.614836290577
0.524025034159
0.497018250135
0.650885087594
0.627541223451
0.489892337289
0.583237328042
0.547130309537
0.453203705388
0.447095077191
0.679762563597
0.758213346332
0.457765876706
0.839123367135
0.598781548324
0.625002087977
0.608095186391
0.599308097342
0.300275867532
0.307308543018
0.462635979622
0.534381189247
0.576884018108
0.389073331568
0.544004205231
0.377343273486
0.586304913051
0.573380953127
0.399848847634
0.577929918865
0.459886880134
0.589991668032
0.431700866697
0.550365037329
0.570952174763
0.445192945249
0.297094374831
0.605299335676
0.45994601234
0.54239496229
0.339171165153
0.673537584052
0.657110505548
0.53386559165
0.43973833679
0.441005478592
0.518896525047
0.476307523931
0.600610402993
0.433859428699
0.609355419255
0.473081087215
0.630031622738
0.549488851809
0.632890681039
0.635608559497
0.546148197372
0.428343889779
0.363540146768
0.547468544268
0.51338656299
0.592351899322
0.393527462248
0.60255877659
0.484090675721
0.464080904135
0.515171321084
0.504662547002
0.434265886253
0.423632138794
0.535426094419
0.676900386774
0.524110328583
0.640337727281
0.516944811223
0.546232577318
0.438656565981
0.365765477595
0.560126551432
0.513382540528
0.603307246373
0.619635001157
0.398964554933
0.571919626603
0.452242584763
0.617330307386
0.715791324216
0.685890660879
0.565865299312
0.397874902504
0.563130367893
0.620359267652
0.57562423801
0.528558225626
0.532204124058
0.704111851371
0.661203555845
0.431820004354
0.877427691807
0.440105570301
0.709827961083
0.53682241604
0.487783009659
0.569511170467
0.442463632716
0.598924461311
0.429322677375
0.47996385962
0.510140116922
0.58635901895
0.490354477133
0.419160457419
0.565204518574
0.61651255012
0.727134611527
0.900105667213
0.630840250372
0.509869535517
0.411274612919
0.490485594826
0.653775799872
0.494667933168
0.623162238064
0.576730307581
0.350218840408
0.487758123913
0.541629129918
0.400498579318
0.580539840263
0.607324650426
0.447023563521
0.61984529977
0.469398252238
0.573237086672
0.646088846867
0.324166876286
0.301512264707
0.444739663262
0.527281888744
0.481004395693
0.575216923205
0.475203952372
0.44602710022
0.508493208878
0.534425321597
0.465193850895
0.520617650472
0.482563481509
0.573852029144
0.619346065615
0.538407523943
0.508146160503
0.527143600845
0.577850488771
0.329651435661
0.487947696852
0.651136481751
0.599677020472
0.576946717309
0.547073165574
0.489872315848
0.363979075632
0.525317591812
0.519508710576
0.515201448848
0.635675334124
0.397826085149
0.560650318071
0.523218168853
0.510646583623
0.522131626231
0.566811397359
0.551616761536
0.541753161682
0.432587603768
0.460012067912
0.518283590258
0.452246997012
0.710720265744
0.585383055418
0.590886575726
0.773424204989
0.520043530268
0.467012088478
0.448927142108
0.582877309579
0.419533901659
0.307219141299
0.637896776561
0.407959584459
0.433377571163
0.511351653251
0.864119716564
0.488241924408
0.65715441585
0.564475694442
0.656662418511
0.450589401423
0.352976752492
0.519156348939
0.472401946851
0.50769510387
0.50603658572
0.390337434138
0.875312357992
0.650515062305
0.507906178673
0.404473646854
0.67757742993
0.660292789395
0.531836772574
0.599863198474
0.356207925846
0.507079501888
0.555589455684
0.491345573877
0.658727513296
0.517631481418
0.608285273052
0.516971558438
0.465994643374
0.423134810257
0.56570547695
0.548830726169
0.522518450496
0.555920017516
0.582397122895
0.531220630368
0.425756315438
0.471385557671
0.502595266073
0.488674017979
0.501219052693
0.553152940544
0.631845265816
0.628668396433
0.48336706745
0.6166084402
0.5965281705
0.282150991956
0.502294526943
0.688673034736
0.484442105044
0.405741959963
0.548400199244
0.394225932277
0.602916034698
0.66069192081
0.379958333456
0.447460300605
0.389199483077
0.599215627208
0.460489941288
0.660742480002
0.464039581265
0.518894063036
0.384500561483
0.489579079637
0.460664282896
0.625551630664
0.501174199445
0.634485697547
0.416388320746
0.495225148217
0.528352737169
0.552550734558
0.650839968346
0.396827295464
0.538261521725
0.435190896012
0.524857705978
0.515383110177
0.609494568194
0.54134384577
0.267573875175
0.570832291472
0.499733939547
0.530769529028
0.506156876288
0.593596084089
0.365744059635
0.599155811617
0.491176648271
0.530469654986
0.533137646653
0.535359430909
0.368954382642
0.459369122751
0.639172511852
0.804142399743
0.392244248584
0.412145702998
0.441323795186
0.55160223646
0.26618913609
0.554583815467
0.450954413185
0.661239003473
0.40913974624
0.353203717333
0.883937899743
0.53860411526
0.754360070434
0.516979470068
0.470366914618
0.353442391091
0.548713117629
0.508453639826
0.669426323176
0.588705837327
0.499030351361
0.671405181933
0.622000224515
0.410372547233
0.573419039041
0.341192719583
0.498608578507
0.448497014463
0.677822866596
0.686739242238
0.438290646544
0.539607084321
0.721124262564
0.677739086297
0.450118914687
0.441771143193
0.390211429763
0.505353642277
0.53980376767
0.385036124332
0.471709546162
0.503304010485
0.514948757662
0.598105780259
0.43346759328
0.598052420476
0.546341221021
0.543680719986
0.570191613918
0.604816042421
0.364750456677
0.690446559938
0.657164216908
0.474937356636
0.436609731657
0.54647776369
0.582912986914
0.480342612047
0.427289460289
0.482720243998
0.579942206093
0.381684953212
0.580652781645
0.648840982965
0.69195359867
0.406512181863
0.574723170027
0.60514766837
0.432777166877
0.644093225469
0.651153216258
0.631502976761
0.510094780374
0.657111894605
0.504397703688
0.41861005323
0.363733943622
0.519622394158
0.5554473174
0.45602218262
0.441778879585
0.622023126093
0.469071317994
0.53171565302
0.355486342695
0.429126495391
0.691458462329
0.86876607372
0.643785349815
0.449534932024
0.375032947401
0.445442178548
0.58621079968
0.59561935888
0.552605796704
0.506416433585
0.371558510422
0.468745423676
0.610747443277
0.497960980266
0.532427720212
0.48468206634
0.541939156642
0.51248390354
0.352017562704
0.496787049298
0.802873432254
0.610665861795
0.490739909313
0.424077595244
0.402169348885
0.749203774055
0.434514579819
0.373008799282
0.507547527062
0.625720326612
0.460820998943
0.525553869053
0.314222593814
0.69811078971
0.633768523043
0.546042886887
0.641378079206
0.568268842235
0.348777816061
0.571735381311
0.525327191692
0.588412898213
0.595353988455
0.326878793288
0.463499036084
0.405654288564
0.494746968322
0.521489386538
0.539412648388
0.585903273828
0.454306071379
0.406097339636
0.459140166843
0.593038090222
0.626434821079
0.391808167303
0.631564071997
0.607769676665
0.652827620819
0.488414477511
0.467285854686
0.567785783935
0.668131802575
0.795814047706
0.801465916313
0.374636185499
0.516733955116
0.437500832899
0.67636925429
0.330767514551
0.36054167227
0.585415111887
0.637886423881
0.635212375158
0.524334648345
0.529022429288
0.59862046333
0.58725062392
0.43447857623
0.550494031316
0.723057164307
0.592574040616
0.500633305294
0.738734865909
0.682799047498
0.486178181774
0.32735273663
0.413601856864
0.615828124274
0.500673820045
0.500758826634
0.569690237947
0.498431769084
0.510715444189
0.494244797029
0.414216571708
0.536786703813
0.734089846912
0.665457031538
0.601218601231
0.49528093479
0.511512702137
0.48473049171
0.600372360642
0.617006564928
0.558587908495
0.369154371235
0.50734826446
0.417830172641
0.541781250167
0.432352813867
0.498063766022
0.45056073783
0.520580589526
0.552752475681
0.455909716838
0.476566982241
0.496358154804
0.492457726501
0.541144898818
0.335893872716
0.578296734508
0.529245666646
0.484816490687
0.383526651051
0.372509848785
0.67284881851
0.39581924749
0.514506475569
0.508592304973
0.772555049238
0.511017258062
0.468732499246
0.544989040545
0.334960892477
0.550086838757
0.609615692882
0.492412586467
0.496067431201
0.626309599937
0.408827725721
0.470216916856
0.346888278617
0.504123623626
0.419404860015
0.511840573361
0.661615901468
0.379877275617
0.506322419311
0.413593952956
0.558452589455
0.60361170991
0.572138541578
0.358409951403
0.355114170545
0.406540881204
0.445003443192
0.71788775761
0.368170910602
0.574921967528
0.582502969767
0.484877036652
0.658365387959
0.453690997859
0.397334939275
0.354428645315
0.455077069226
0.578339383794
0.660627688117
0.656982105951
0.558225516498
0.344228644156
0.574263752508
0.538844798928
0.450106475248
0.625702445598
0.388106788445
0.401196839448
0.472359153721
0.542977013244
0.677858340186
0.386720964148
0.592879794041
0.528022762436
0.464358058699
0.374879548345
0.647485171176
0.506854889884
0.450136695553
0.403717553665
0.500517055546
0.459510834786
0.509366795964
0.421718602069
0.563679804235
0.673397331136
0.46508934816
0.430708029618
0.544945038876
0.44489978917
0.638038066149
0.617162621079
0.59765356246
0.629217579414
0.586530040447
0.375091617208
0.468439328031
0.41041640791
0.509420544945
0.679263785009
0.48557576217
0.593806017143
0.510477311994
0.628219940926
0.428400941419
0.463378808319
0.515848771538
0.519075543666
0.37084860484
0.534697337288
0.495878017615
0.659777859467
0.681046275705
0.437370201214
0.611367348559
0.356631446275
0.524257053191
0.459514822892
0.506746892453
0.548749517203
0.537422311392
0.515290002311
0.469615403457
0.54572788566
0.559114633745
0.535818944361
0.36414312254
0.502440837811
0.396474317612
0.554665863905
0.519642325976
0.507953954048
0.455714691002
0.372348105585
0.528760158627
0.657817976873
0.528367360448
0.376323536799
0.644077360123
0.639878271566
0.345681971434
0.480152616895
0.538013171253
0.596964065437
0.573375049786
0.529985269678
0.605536046411
0.712528130534
0.458581972918
0.457181279682
0.636305917992
0.434638483032
0.659419233413
0.649651244096
0.645372007176
0.534489075366
0.423442580674
0.546652420156
0.404406311062
0.550410857447
0.481161026313
0.48168028674
0.56279106733
0.465397315958
0.605689697137
0.407900146713
0.589582338237
0.534091134342
0.571246554021
0.363485030171
0.493620026535
0.459919336059
0.491474750689
0.566315019306
0.46661881303
0.484301446829
0.51112981451
0.560464133995
0.569921740593
0.530511081066
0.525948218989
0.591526248238
0.367889546197
0.433539648058
0.645544273843
0.508620708567
0.466090378029
0.522433141844
0.418252734332
0.462257176732
0.617364361606
0.402897006492
0.420885646136
0.714947318816
0.363657423993
0.526999350118
0.483439459591
0.448720808095
0.477098905468
0.374837617018
0.475623601354
0.592005708021
0.510271419688
0.45572596701
0.321118027927
0.368262572698
0.489414563652
0.558711745327
0.564465086252
0.467302395527
0.478829694108
0.48541894226
0.701498415382
0.484548980938
0.494911799781
0.44601518738
0.444049112172
0.494705820427
0.585519146636
0.510863476657
0.450014426863
0.366760623339
0.510490438737
0.476163554831
0.490335748584
0.48870686223
0.474928994289
0.359736216604
0.560922851506
0.596274158444
0.45565134573
0.508744401683
0.634460419709
0.504170913326
0.496667208905
0.486335713612
0.509842894215
0.646098907678
0.435996177052
0.581042461552
0.403728860536
0.330617326018
0.395085193108
0.653002185506
0.500183535454
0.476198400266
0.527484518473
0.536054183538
0.467790340443
0.450774216128
0.449498125013
0.689705130441
0.586475843742
0.674303878755
0.344725192038
0.54661789275
0.470128627715
0.446555218368
0.551757539601
0.654190498429
0.462494184388
0.55272319517
0.521033428197
0.534617689452
0.566223615417
0.557448164356
0.461798819066
0.473302262103
0.618693578226
0.605630271482
0.514533144831
0.550573663669
0.514958082386
0.390824860422
0.434791268481
0.337125371344
0.573551307376
0.48539826947
0.521570627913
0.711031445039
0.487033369388
0.582270702457
0.623533793837
0.369212045835
0.547983265401
0.596015083714
0.541543729793
0.664450266939
0.321718713892
0.414038233328
0.406146679189
0.58787650292
0.578835514977
0.477862160526
0.367200844217
0.457580741291
0.469671265602
0.640114288527
0.487735472455
0.464239894592
0.570926165046
0.523174804018
0.505592720302
0.561381355063
0.532441965083
0.418042106555
0.579867985856
0.632999374774
0.500904522583
0.518390047109
0.533807795327
0.422787170743
0.679862772797
0.531367467891
0.548905684429
0.60098129103
0.401887771854
0.450940231104
0.40619037239
0.471277668616
0.396733791157
0.575202882682
0.544970014662
0.490915213925
0.471095283631
0.515660080762
0.503510404122
0.516161610454
0.525396735866
0.587117111844
0.464360902621
0.413054576115
0.696024068493
0.489780126595
0.462965666139
0.346553959509
0.425333707524
0.419929753799
0.324247695908
0.453739713453
0.408732407754
0.414304809113
0.410703918587
0.610744894121
0.582902026877
0.588122652473
0.508737881663
0.417735520758
0.547520895704
0.429171975319
0.471655369813
0.649704562335
0.40573231515
0.593780200536
0.431750368555
0.441067011036
0.500344822463
0.489272197529
0.397611850421
0.4608365782
0.478085209046
0.512847914752
0.406933785814
0.485861241593
0.539862219329
0.544046306231
0.564587627596
0.362915219837
0.411927994626
0.525492916802
0.539112295332
0.580087284456
0.467578342801
0.446376147188
0.394533432219
0.614523895173
0.557624519015
0.448030647467
0.598846994532
0.482561091042
0.701149003529
0.494326082636
0.541263365805
0.31363105087
0.418620373002
0.546044691998
0.49642787499
0.552158619707
0.392846948555
0.359970609343
0.604834230114
0.393783582562
0.421261850126
0.475858579681
0.311261306814
0.394731215576
0.640018738931
0.713032549887
0.612632162901
0.563076583565
0.534428356324
0.524174969437
0.520939133628
0.81423283271
0.625743956152
0.629839706504
0.410224862752
0.59955474728
0.469255531398
0.4736804222
0.576348527129
0.440910066594
0.466787087085
0.455369642085
0.625983145526
0.59358962713
0.479285745395
0.516063484284
0.320124544274
0.471534581085
0.464922997243
0.500123947242
0.473628411947
0.601210442376
0.49128849324
0.437212047834
0.47704779559
0.548673400485
0.587705471229
0.463093668385
0.563891812847
0.56158792741
0.359289608199
0.562804551283
0.506387240189
0.633054987139
0.629822986982
0.473257066846
0.630201406005
0.493729031385
0.642229551782
0.28147570787
0.34977195365
0.43584738418
0.657010969709
0.507768633889
0.439470720939
0.442304172291
0.468706056608
0.748754151299
0.617460088581
0.57863253581
0.586023218792
0.438719535444
0.525000889813
0.501858976326
0.456266478034
0.390611932205
0.643467107109
0.628023036438
0.782391807535
0.401829688523
0.602767145261
0.608833321578
0.368635020475
0.551518086646
0.633261564902
0.473451436461
0.53984362521
0.468918947044
0.486091741586
0.453338736485
0.548313355915
0.50609418713
0.475584764073
0.574787811992
0.493079101578
0.462685223959
0.409590638601
0.520913987927
0.584741667768
0.471140729232
0.410759676884
0.592100949773
0.545688690105
0.541495172691
0.513802621677
0.473530589352
0.545602630268
0.344904994998
0.461470025652
0.363127078045
0.318082570403
0.614569434548
0.43850780685
0.576899408415
0.537590898959
0.558582010525
0.581861024193
0.388826500107
0.646955966676
0.442799815714
0.648936785084
0.493523869162
0.440768112801
0.439737582971
0.386357739053
0.460140877508
0.453533457915
0.532505708719
0.402619291959
0.537156581316
0.518430958697
0.635902521193
0.517608295848
0.37545537501
0.492950845927
0.575707477431
0.558087396752
0.480575242148
0.368347218725
0.427536237232
0.645843699198
0.424476364683
0.487257667235
0.441527205581
0.401391932026
0.444953272521
0.398097331614
0.480058959251
0.549107012304
0.550412279585
0.721740253128
0.507728151848
0.665319592796
0.546096853542
0.589151454731
0.453747933129
0.336497307002
0.458476560317
0.522133804283
0.535863111732
0.498366852304
0.527348953886
0.430801875685
0.480692126681
0.449100918398
0.382732353543
0.40304607708
0.540207689194
0.749385428799
0.579870572233
0.676048461068
0.636771168934
0.388175706313
0.627981869058
0.490721748036
0.555781831709
0.604292724551
0.475551534101
0.48681603565
0.5020714282
0.387283235438
0.571940663582
0.541892461182
0.590423831468
0.504414273646
0.57080190275
0.417511474984
0.331110762143
0.626589466221
0.479049375024
0.344524629753
0.59377185517
0.444196824687
0.706428503586
0.55493244634
0.495307312048
0.559785565286
0.360665835488
0.542968186278
0.451430596189
0.403799017884
0.628336553263
0.454933434335
0.540701703772
0.466765602775
0.419818324075
0.396617664203
0.438508204769
0.368735974854
0.453036159525
0.467452544554
0.653931168788
0.58781206107
0.505268470391
0.399697094359
0.55769761076
0.372060576607
0.53944211462
0.447411818672
0.562260191074
0.489953742981
0.643293455153
0.511291004345
0.555830471311
0.488586185746
0.507554522611
0.690992938499
0.5844263897
0.650190992422
0.376689809642
0.279020933154
0.505503633728
0.343790754677
0.503872306718
0.536389341823
0.429734636607
0.487554006212
0.665618135806
0.551351891345
0.546529599352
0.64533448438
0.383592250526
0.449470103744
0.52903589846
0.333255225048
0.465794405325
0.484744196268
0.50658091187
0.487732942996
0.489053875895
0.622742187496
0.45942411769
0.422654845028
0.517674431944
0.58289291026
0.490655407581
0.608324548542
0.45549980286
0.480203215698
0.455479060219
0.509509742877
0.653575383925
0.597005351163
0.468217229442
0.420738209418
0.692450096326
0.459020913117
0.230480881615
0.524853392177
0.536935953915
0.502377016711
0.481793915851
0.454430228063
0.804336645233
0.42484168971
0.375204616945
0.530191006586
0.340216657128
0.625894989797
0.475132088985
0.786265153704
0.447530681542
0.517838147002
0.507373422499
0.40397428962
0.475922937748
0.645236969026
0.418194298916
0.469889858138
0.519166931697
0.543053962763
0.491952629957
0.565422585821
0.445853838148
0.497233646807
0.490517589683
0.507648225945
0.540356217567
0.56212618277
0.513932480601
0.49810289301
0.514843055378
0.382655804184
0.542123626835
0.56491781633
0.568434470136
0.459837573592
0.433262721138
0.756056883538
0.635389533685
0.578359525459
0.300294698033
0.387032671164
0.481443896897
0.530314225955
0.503039468432
0.663588824845
0.653417418934
0.438695910256
0.609519835743
0.641536521761
0.49113835226
0.566754628296
0.490196542229
0.490886740391
0.475884269459
0.56465881064
0.453580135322
0.448334426515
0.500519371749
0.502577953854
0.543110997204
0.573271475542
0.485470404307
0.555909003604
0.444859491161
0.553533591634
0.495487008762
0.580689710223
0.561035185667
0.49120393436
0.671224305141
0.428937966215
0.594531999211
0.410686600001
0.668810961576
0.492725613631
0.660194600003
0.527995096999
0.326023774887
0.578211408876
0.460929570032
0.504570456662
0.455936346785
0.565049285257
0.487811950575
0.643486304498
0.677051597751
0.446667113338
0.654483649987
0.42000362031
0.577387676903
0.460007458267
0.319694183739
0.432824750012
0.521107238405
0.55661906699
0.362884806603
0.480495066983
0.592973458446
0.559966040597
0.453356291762
0.308120010171
0.611382374843
0.672400732748
0.545988252561
0.404492562683
0.525398586328
0.557206688471
0.539405341748
0.562435863802
0.664980890014
0.471858932227
0.48352199654
0.437571571981
0.462164076571
0.619771927384
0.55886937385
0.538603874351
0.455681294153
0.566436491337
0.686548751821
0.609554630508
0.661059658558
0.536092190507
0.423244554648
0.571386658722
0.597254987644
0.473509654139
0.519015089519
0.510546437725
0.42234084618
0.379049554655
0.275589372855
0.544448465256
0.392177829439
0.466925756804
0.555602062522
0.49685811046
0.44924763031
0.325007615795
0.595225305617
0.62112500457
0.356727401964
0.504217111692
0.56695476136
0.670259697775
0.480459639712
0.44949190918
0.490943895952
0.512313965928
0.66439451528
0.405021285538
0.456383837601
0.66048310492
0.367351986036
0.31849573341
0.559655945349
0.554590137731
0.679788277814
0.569082050726
0.545023430567
0.451040786051
0.651056518015
0.493416735856
0.501425835018
0.555244245631
0.713264232008
0.52859698792
0.556899292128
0.644726545878
0.397707923853
0.583332520657
0.535628945784
0.590539036048
0.532941981443
0.43036705645
0.779139503038
0.463895021953
0.529682329687
0.539449462419
0.593723618414
0.436441859976
0.593441594695
0.350094086766
0.676345193567
0.709970800808
0.503367761447
0.407245644322
0.416483654218
0.474849035474
0.71300595249
0.440262106786
0.397232463957
0.524828822693
0.546089827368
0.373530246763
0.445771358493
0.403932408936
0.553950280569
0.526165271722
0.551947183636
0.584508302472
0.546895857714
0.390793245453
0.434294423865
0.801604833637
0.444779694971
0.694184057833
0.247696845947
0.479157143655
0.608051787374
0.586197638592
0.443823006858
0.351718340206
0.590966276408
0.33626703901
0.594356283232
0.559791989348
0.515326342721
0.436351589803
0.519037654763
0.466252050578
0.597596958337
0.340935293295
0.462970679653
0.666833755025
0.393676803958
0.586856209036
0.498090122926
0.532283305202
0.514723976188
0.331298244686
0.38368895037
0.56650580764
0.575055820748
0.568064864835
0.44568437853
0.386847866714
0.402211446748
0.699695827613
0.516674011717
0.400069752178
0.550469111159
0.531375450334
0.426531580462
0.503109190788
0.518925161954
0.561465494405
0.522659844807
0.460983199481
0.618811470777
0.363515000451
0.544666721964
0.429479782669
0.62872239262
0.43312923736
0.481370977297
0.52121901093
0.635125798482
0.491215576891
0.369500063479
0.518543021797
0.536389517274
0.483632608893
0.290008720291
0.693363059217
0.434806957309
0.483735462805
0.527723981656
0.648040817903
0.420797261967
0.493254166116
0.508686984367
0.424364265144
0.573681139547
0.390508582599
0.431606765438
0.607784481355
0.535844584517
0.467780705676
0.560632547544
