0.675099409945
0.339653584369
0.550757146687
0.506300690076
0.371536797739
0.722251924268
0.497528008476
0.48141062563
0.525323902808
0.488715961695
0.491020993002
0.423876439532
0.656584384986
0.655731837629
0.502478722659
0.419144936445
0.528759604176
0.533370705449
0.388606885791
0.42838743419
0.377243697131
0.508138163303
0.490439521474
0.48022985353
0.650827006534
0.523682273045
0.728394858024
0.653987478253
0.651787685419
0.405319791574
0.60191219455
0.360057434974
0.565693598947
0.480500581984
0.525101832733
0.468083724539
0.455166593379
0.457427508983
0.610477263071
0.54266242703
0.505627068277
0.437732654266
0.545576077398
0.66245910523
0.389230892255
0.505392984656
0.550220078759
0.521946111428
0.56356545904
0.543573690776
0.499032704183
0.545435489536
0.628769440655
0.437626580151
0.444191790726
0.45710099094
0.364574133932
0.546286231222
0.578808269387
0.532089083154
0.52746355719
0.372398877472
0.627226070004
0.385365499396
0.574424817492
0.338432845079
0.553859111932
0.564970225928
0.569971405596
0.507376979765
0.563742601691
0.713718112196
0.388050596511
0.594886978352
0.686582580472
0.37980546287
0.483321676266
0.613156053754
0.636710064624
0.454210885732
0.358207287938
0.470707031901
0.481317603271
0.403994889081
0.538362139982
0.517025012858
0.486190803603
0.345417219494
0.498863365716
0.521448519607
0.649946683035
0.473326289358
0.611139432815
0.456665501886
0.416620991341
0.463684332463
0.365595713357
0.527960536894
0.519851873975
0.64533217161
0.387460447376
0.467325483692
0.70992917799
0.590626531073
0.56536031518
0.34722759626
0.523078994593
0.611682315085
0.549723482559
0.589592142914
0.616232667989
0.532121533422
0.446655748073
0.423702139517
0.534754932619
0.607651393784
0.536218698819
0.590742515937
0.419311442621
0.669244989711
0.372787541733
0.636999596178
0.581216610981
0.50423750655
0.633960436615
0.572887653105
0.529976759665
0.42717847005
0.408670130568
0.503799967151
0.621043192748
0.418357276224
0.517063337397
0.533532067991
0.512883910242
0.536220962023
0.498597613248
0.463377856398
0.653094319493
0.504253675609
0.553605264502
0.486885558762
0.405046582352
0.401682631049
0.448329688847
0.686279851403
0.489279094392
0.503914071984
0.435528550387
0.578730844225
0.66517244002
0.561140965198
0.557725445061
0.355774449068
0.695684174155
0.604398054186
0.525878403807
0.48501608744
0.554135752677
0.468368754951
0.412544924908
0.508668831366
0.536473802883
0.64659914325
0.471706905973
0.607884590203
0.451613816058
0.458326375938
0.560141043934
0.425583853269
0.588208392433
0.402582312489
0.55629973474
0.55004386165
0.585508547215
0.514595390189
0.566438709764
0.689442483412
0.386159302589
0.468038782756
0.400397411824
0.341325879623
0.417289318063
0.581031909164
0.576711553493
0.430266319293
0.379901292856
0.561474378352
0.427709326992
0.496161226159
0.47887718996
0.518114852757
0.598247860884
0.46513191678
0.335379575746
0.596556599715
0.412492757738
0.4557976316
0.720965187513
0.629034864889
0.556474856204
0.57227265796
0.607459228736
0.661078662609
0.488333302791
0.528990257287
0.432230459338
0.487960825132
0.504705366962
0.547179262968
0.490016010606
0.453490696236
0.38092268256
0.427580751502
0.577286359621
0.651788681913
0.432431390327
0.518441235387
0.505162414684
0.579515794715
0.342563708073
0.548668240114
0.548970563914
0.475790608955
0.366589381304
0.436546441895
0.606802111752
0.366954711449
0.580716693816
0.417646090204
0.304803636221
0.614812911913
0.325704311562
0.475616126582
0.442780554991
0.653844108977
0.391554848545
0.563132573814
0.429164098117
0.425889341164
0.598213403357
0.480292031799
0.51794386511
0.580959744207
0.510269621629
0.582400563234
0.489469423526
0.467823603174
0.44447855454
0.577323074831
0.335427990944
0.614514594502
0.414784912321
0.355067807761
0.570041357001
0.501121175916
0.454385831578
0.408782336346
0.524767408171
0.444657788149
0.643841984126
0.530591930239
0.622672318098
0.391554697749
0.481484155482
0.521860016167
0.607017923591
0.456309790343
0.593674792264
0.512557228422
0.26458305215
0.578635437926
0.560295883656
0.425134914356
0.628055063313
0.375610850913
0.40597546089
0.569845378531
0.488154533402
0.612218843526
0.435531301995
0.483097899158
0.422294067653
0.504829789982
0.546106478352
0.546968901078
0.534889410694
0.578681590431
0.476725426921
0.49330811699
0.678536720206
0.58140253703
0.544384308483
0.624032265605
0.538770770122
0.333578108766
0.389260615067
0.571177518868
0.569252896707
0.559184788248
0.5961122887
0.566376907977
0.366925069483
0.371673835681
0.51590720331
0.625493117565
0.656766972664
0.474038533313
0.554091659341
0.378984860182
0.609911396433
0.502701353649
0.384370271901
0.480430826242
0.418043917548
0.565360280458
0.436067848029
0.528155374303
0.516097138428
0.460248249952
0.482002235644
0.369327064064
0.729805654825
0.380550518416
0.582665318065
0.584330207534
0.520250954487
0.467743362793
0.615059602131
0.596178567697
0.578739567082
0.565258118669
0.386643180472
0.41101037832
0.338052763331
0.434865090223
0.556423820371
0.382168201459
0.53815654019
0.407796549179
0.437946073307
0.373392501457
0.411096786707
0.589506045316
0.500774184107
0.566339304192
0.543464893814
0.723151742032
0.379984130987
0.675814619386
0.601542163617
0.502889372467
0.434580259676
0.535259039307
0.47956368151
0.582835554798
0.410987374366
0.540437140489
0.649329680253
0.566653411943
0.494028572197
0.60475003266
0.44226027563
0.481798536014
0.211167453305
0.468961219432
0.61781445922
0.413803895546
0.492783201417
0.527177494288
0.495473995087
0.446081986043
0.425630644017
0.42702363091
0.526524900442
0.470040248387
0.49467265933
0.455126106514
0.508629071029
0.51947520791
0.469613793732
0.491044980332
0.395784948281
0.524249185734
0.563779292617
0.602631487099
0.612190792965
0.556754012207
0.42512164045
0.494156444853
0.48304747451
0.594725635565
0.439410730971
0.536414743643
0.41467192409
0.600348069239
0.661907471635
0.365002149559
0.381092209417
0.589958260947
0.342221584448
0.586859871707
0.318590047784
0.563344769509
0.424234299716
0.655295004693
0.408649709206
0.580194047253
0.442164040021
0.360616355088
0.423562799967
0.508702521055
0.444489002251
0.5971708963
0.691866820477
0.495319009959
0.587078727869
0.579363444766
0.332062358205
0.619507145839
0.551719510807
0.694739250567
0.552691305829
0.537393887143
0.670268982921
0.461485199397
0.418759209027
0.67100204371
0.542969860801
0.379926090026
0.464367959674
0.619449902177
0.269697234586
0.528437624673
0.65338996151
0.601223035591
0.38326418358
0.393508872203
0.447767388178
0.467038791268
0.488385534506
0.599501561178
0.577643267571
0.64931437232
0.644215018014
0.612640444955
0.464247074239
0.429754191272
0.642657423353
0.453141364304
0.682771567253
0.334581025044
0.394067633425
0.454386467634
0.41148655897
0.425265972958
0.677791728319
0.444727128793
0.449367559833
0.540598911354
0.75129708949
0.598967940394
0.395679103027
0.595519993136
0.524910205338
0.512569168664
0.456354320676
0.412776442084
0.409892252214
0.581746540764
0.442656817686
0.5176739383
0.490860699132
0.475085854969
0.662984212939
0.466104830257
0.579481147347
0.556889259671
0.702479447662
0.48337452495
0.452272821453
0.498167303399
0.355587692992
0.572946817133
0.472902531198
0.347858939157
0.471050763687
0.501370718589
0.370919417382
0.430576477899
0.441738074843
0.513217481992
0.559287416706
0.368086500372
0.440222332615
0.552279401282
0.372861728785
0.432144914516
0.596619366502
0.545561576708
0.441026671718
0.508285616812
0.585409325559
0.445500353368
0.36988110285
0.493874180422
0.439529354249
0.384913142754
0.563528460665
0.466673522287
0.611345778781
0.526257863259
0.527871762188
0.511073228262
0.545869785311
0.42532305114
0.543047596207
0.423203948095
0.650770948445
0.550316165927
0.371777405892
0.437139578574
0.58408298904
0.455361064278
0.508807267549
0.42344187877
0.601492664863
0.442662254355
0.471565733193
0.60591014432
0.502992747151
0.384207820023
0.574846062855
0.403235767178
0.529209250431
0.489182781284
0.314352584276
0.468068628666
0.542547952333
0.493944826065
0.358195553138
0.601084606566
0.338419043655
0.574010593493
0.53863210317
0.482807479585
0.584616136087
0.487592056795
0.511015814563
0.485495737076
0.664857472073
0.411024145868
0.580971788179
0.467441707981
0.646771657767
0.531166020305
0.554301548391
0.718051773373
0.556394951447
0.624652328099
0.582281485526
0.630978986484
0.412979945498
0.566893682047
0.437502206057
0.582623620468
0.382684110011
0.348200278552
0.533049604584
0.316182303853
0.570777099075
0.567670066889
0.473881087378
0.556507851106
0.557897483773
0.483099205689
0.493421927944
0.528552586721
0.56526904164
0.599423684154
0.355353785097
0.406158896467
0.548354540734
0.378672174172
0.513581447436
0.413702089221
0.462133679474
0.616657740958
0.503131533413
0.505693625314
0.467895372351
0.458720152127
0.623826840586
0.386230511107
0.625142787611
0.516130059627
0.51621565376
0.389866634136
0.360324047006
0.419819026172
0.692329681477
0.473930117355
0.708088258373
0.633082223968
0.587951074771
0.449546313953
0.438784619303
0.402733320943
0.585361629324
0.491682930621
0.523059572769
0.572446409192
0.463156077298
0.509947916134
0.379897631456
0.457406888345
0.535227171091
0.515582047583
0.525857000276
0.627706939036
0.446838164557
0.619055923665
0.382041822947
0.523933901203
0.408816082891
0.478212974508
0.532269645633
0.437692837428
0.344272571601
0.587011404266
0.52350541537
0.674631672671
0.53881757201
0.513610818666
0.551466253029
0.556550060301
0.482786549122
0.382330027292
0.385496375853
0.492153274352
0.436994450576
0.562635516177
0.59197477249
0.478967683413
0.466104396817
0.621138973497
0.586792743796
0.570803592217
0.529274209105
0.470635323211
0.625150095662
0.618815899963
0.434284141532
0.598666848601
0.369019197454
0.383214339954
0.524450412856
0.564481711611
0.486417673136
0.493481605954
0.623106869351
0.556882568992
0.627534985224
0.525902814838
0.512492449646
0.504808504468
0.448612970728
0.350858465544
0.405590682969
0.593049159064
0.579762485982
0.6134631935
0.457454893088
0.669839419699
0.484182432462
0.42456996042
0.52985706256
0.443150204816
0.408380822091
0.527115395924
0.564423875359
0.379127268057
0.708410951613
0.447097757794
0.607644369375
0.338505189379
0.524243486615
0.650200371743
0.501099490053
0.484443905639
0.562713821152
0.482132308636
0.589185174201
0.479354508952
0.540606990267
0.605545167807
0.644160099803
0.628155768217
0.653127358183
0.49424459297
0.492160768566
0.671073632
0.563535663792
0.443628883788
0.459430344124
0.566772471139
0.66745086473
0.353397678171
0.383354736497
0.392684395841
0.495352068929
0.551475306568
0.484023731989
0.332766712461
0.520225962673
0.484372395703
0.571270148313
0.515729305963
0.403891884857
0.595668530795
0.395299299829
0.34520846836
0.693289910346
0.413106532127
0.58624678328
0.549234403806
0.536685869411
0.589068877831
0.520813398273
0.423899415805
0.457032942832
0.683097509224
0.596976198176
0.566913273457
0.603675094213
0.538597949534
0.514267517629
0.592814800153
0.438467952583
0.473463610516
0.483946035684
0.458777594322
0.581218226691
0.585438717768
0.533856311995
0.494535352044
0.623610860547
0.814643612452
0.455467971708
0.608791925822
0.419143196785
0.393499549914
0.509859653265
0.445525754335
0.386638477195
0.448107272201
0.423707297029
0.518342490937
0.363983188962
0.40438283652
0.564770180077
0.553706255097
0.621062595353
0.398192879396
0.513122784694
0.429019995541
0.45491815829
0.547811756354
0.615919398351
0.575791533665
0.454249818854
0.527317988094
0.535746068763
0.373569649148
0.498491852424
0.5544850634
0.555673152254
0.506836077314
0.48265012665
0.533635525804
0.557596549632
0.614067373517
0.528363454043
0.398353413026
0.668217063355
0.482958674615
0.691610535277
0.709484195935
0.4051233521
0.512592665451
0.675709423071
0.521943460432
0.472248758286
0.479428164083
0.698528541262
0.419048509243
0.519259529744
0.610264108585
0.508790730324
0.506992574089
0.628790025111
0.589046842718
0.410089207929
0.61868285601
0.386783071811
0.545837642467
0.545977019859
0.443286092245
0.414813913885
0.654981843985
0.537164537054
0.543475838729
0.389654021026
0.602657124472
0.464351674441
0.517544905956
0.481737028202
0.499384528148
0.472344366994
0.64356744942
0.475623505018
0.475489898904
0.57311899962
0.448567870825
0.529446251825
0.353639382715
0.401026423481
0.305734196554
0.561239127117
0.483409328626
0.500510264472
0.488754798648
0.374276892547
0.362831686916
0.621896918995
0.403834969735
0.624258969224
0.510095229221
0.475595409658
0.373028299028
0.394545369968
0.350605690003
0.455731079528
0.436423064275
0.477682187387
0.615801833882
0.524544395793
0.310489878449
0.446679583827
0.539331511925
0.470676733507
0.506979514647
0.476846567013
0.408970503442
0.649703205387
0.534238981276
0.514795666628
0.542708999787
0.580057033381
0.628375766146
0.322314298878
0.602837103774
0.513824689642
0.408020012031
0.530683227577
0.406099170688
0.520784020137
0.439091450217
0.433404156559
0.468537999873
0.632680210632
0.572195752284
0.374373183672
0.641598356522
0.425295700228
0.459592014874
0.614911635591
0.51228459251
0.528327597395
0.467628020283
0.506705365333
0.564415715472
0.459938009269
0.332879284474
0.589000954168
0.61394045928
0.590702606868
0.542267845824
0.442538419038
0.382716025072
0.575080777796
0.520224982108
0.490912837098
0.477873104435
0.425586201378
0.365588799976
0.547773233303
0.5810725233
0.60684295985
0.513060137369
0.598640736084
0.786303122328
0.448462790587
0.465429219458
0.494471516498
0.42895972041
0.710428652827
0.619658517537
0.432041657802
0.581233414988
0.492139562293
0.549067335448
0.321373139058
0.507495053306
0.592575414162
0.477970870573
0.566932220805
0.577145364926
0.490802650158
0.545299928426
0.507048006098
0.468510894304
0.649547093183
0.658109007793
0.455578137863
0.485215966009
0.541150072652
0.647405823848
0.581892065482
0.561268131656
0.66247190989
0.493320707115
0.349360972963
0.448415419715
0.514962143643
0.692166296289
0.652647883807
0.458169613645
0.560608838152
0.463686354023
0.518275487394
0.447042590801
0.744127147458
0.449984125544
0.479295927422
0.540684507159
0.319040804383
0.512967202885
0.451411173993
0.434426110143
0.623800254721
0.553367560398
0.491664017393
0.516038792706
0.472300778792
0.34708148291
0.490097318735
0.550655334075
0.64160517761
0.67584377715
0.494703262298
0.457449418114
0.518681673474
0.47048026831
0.6380881514
0.465605116604
0.57713192831
0.555904860924
0.463312074181
0.424639460884
0.545974860202
0.590531304642
0.331165721158
0.413860908719
0.469286226031
0.596000066276
0.475493060347
0.381744530316
0.523697021036
0.570194241177
0.553326059217
0.547531200405
0.490365260963
0.622756309729
0.520280999738
0.607077029388
0.644607525043
0.48354494657
0.400902584654
0.379768909591
0.545246482474
0.71605479975
0.502207628412
0.512244132538
0.48195443955
0.592982793835
0.647168442301
0.503067009651
0.352632693818
0.626107555526
0.553500860384
0.506570297712
0.527005229528
0.52569699549
0.517908703104
0.595584829788
0.367043189463
0.456496191516
0.651530606681
0.52745495102
0.454265386817
0.521316784941
0.363558059134
0.524361303258
0.42749591841
0.429575186303
0.526390150104
0.479610451091
0.493256279173
0.426411757491
0.408988775551
0.545938882447
0.606716613661
0.601312030643
0.413804922467
0.56135841599
0.424865255663
0.497428801883
0.534737154952
0.620523036619
0.733964564256
0.4238291815
0.558675309942
0.593558363861
0.542976563304
0.39380296471
0.593398470273
0.446820809875
0.635252209301
0.614718604265
0.45755841939
0.693150343622
0.406968032524
0.528844537167
0.493517962956
0.388564263102
0.412874647106
0.548527620142
0.489921999111
0.54584444354
0.623808577533
0.552654576213
0.513400244373
0.532583365614
0.511558207719
0.478500684305
0.637206793142
0.546524159736
0.559795476188
0.565274698035
0.562872803716
0.356280837322
0.512932514335
0.593974309097
0.552195512631
0.576947625569
0.510685231013
0.422292616314
0.562137912667
0.433224974954
0.411332297396
0.532575093603
0.567560313982
0.54891667567
0.590067753976
0.500926205968
0.513375684417
0.311063952159
0.60217561993
0.560754337134
0.477320118471
0.524589301496
0.445636139332
0.389142478946
0.402587751346
0.624422213109
0.583587466456
0.57342875938
0.63843531575
0.52328563111
0.429321286822
0.681409962349
0.589773267699
0.639001631475
0.567538426746
0.461798028825
0.546991669365
0.531768183962
0.64746265502
0.469767483733
0.506276847495
0.599508634285
0.541411203778
0.557109651442
0.500829664544
0.52743067829
0.570772373253
0.448635725977
0.433699614583
0.54435950975
0.577117340259
0.647611060625
0.480763205312
0.65839707019
0.734707043765
0.339471451677
0.611332181112
0.794956861048
0.456829400635
0.50283160844
0.515205695524
0.485054585046
0.66696687921
0.465787743322
0.507583980256
0.419138175049
0.538298256807
0.571363011905
0.570474642422
0.564840212426
0.423498189488
0.52784730901
0.618795096547
0.668689946908
0.450233542347
0.66835598851
0.509469740964
0.439140727024
0.459930544433
0.323052593886
0.559653181837
0.530077962025
0.44710072232
0.558972006187
0.56613061598
0.559873488747
0.493175489238
0.594458509243
0.602104191393
0.716191195766
0.536273689797
0.345920238144
0.47929007662
0.480079646813
0.602499348196
0.444116747151
0.579271308706
0.633075015201
0.523995336768
0.453181013175
0.357466551969
0.510532834194
0.465802915696
0.666448686516
0.465082092801
0.515873360038
0.425733255023
0.442483699265
0.536225171186
0.723327520773
0.53915197368
0.452436751005
0.468966927856
0.540266109737
0.415184055921
0.636113697256
0.460639760137
0.617229130576
0.607477729576
0.51452541839
0.639473196955
0.430590284339
0.431641375248
0.427928038148
0.617312514606
0.497206811127
0.591827617155
0.544308030562
0.377762168149
0.546579387689
0.439382196494
0.481061499078
0.485605144407
0.486567137993
0.590690180251
0.411685740256
0.681472472548
0.44384060159
0.405693444169
0.493427898386
0.402245838673
0.590462229614
0.476217145374
0.655394318707
0.617617549878
0.549405153738
0.605370998944
0.662732520735
0.528377560733
0.447941939615
0.399360212489
0.51609256465
0.70782303451
0.566036619813
0.552947797007
0.493299451516
0.669863157821
0.546182591161
0.514976898443
0.575951743219
0.706883355194
0.450306696948
0.377144147256
0.506379366742
0.553526822667
0.522599081856
0.324105485725
0.598264697447
0.623052120968
0.617033962146
0.730117538405
0.469584781238
0.546943772292
0.448232174454
0.578713317127
0.545613932327
0.535257120368
0.564849086721
0.706503559821
0.475216511943
0.47014257786
0.428135950294
0.5261053881
0.52833001853
0.442727768132
0.653686316723
0.435056251233
0.543110055103
0.564790749809
0.5456137348
0.513750851885
0.599205902622
0.65380046837
0.415169360563
0.486497498224
0.386165476852
0.547972140891
0.475925782533
0.382606530762
0.567218115642
0.463868471283
0.482800379947
0.495553012782
0.399553873247
0.524906181791
0.556897338933
0.555703888923
0.4149503023
0.507419801208
0.593350962321
0.275068845266
0.457603677059
0.491592306562
0.770526312136
0.657337662583
0.488804745292
0.573650691941
0.479631814833
0.414705438777
0.650644657233
0.57681303639
0.500431213605
0.654431557157
0.415642661431
0.467358169176
0.479255268733
0.50229464288
0.572161610566
0.541331180481
0.571069169885
0.667644736361
0.621064546274
0.461732471047
0.555417852219
0.597319240676
0.317037986087
0.564231022213
0.55625629721
0.473729826028
0.511257950493
0.475908373921
0.656670302088
0.621572213548
0.618074941738
0.433997651481
0.504970256893
0.577864369528
0.436500717039
0.342004264961
0.386626217362
0.552401967095
0.484106973555
0.588361391536
0.886330691155
0.584985619473
0.827738870654
0.491210516175
0.804509116001
0.870960769512
0.918282513357
0.644968955768
0.770910518013
0.666179649962
0.508614787777
0.600352204754
0.797286996633
0.428378479308
0.467891546204
0.455144547121
0.672315999752
0.735256773779
0.652165724707
0.631669830354
0.772622433081
0.665440426226
0.537717365002
0.613702009255
0.618949126499
0.758026519856
0.53621573254
0.505720003829
0.645438116234
0.58015080923
0.558469085396
0.612607288798
0.504523705284
0.523659127898
0.502978314555
0.496824192751
0.517646739226
0.520590813132
0.637645665276
0.81039943514
0.788177136657
0.623715733624
0.520286979666
0.612352027071
0.92313163479
0.610850994975
0.847960639014
0.490715197107
0.887405281602
0.524266913411
0.569375619763
0.791895631693
0.483869091598
0.80330586366
0.449940957191
0.56242349696
0.462126172769
0.549469298589
0.485186602854
0.799871351339
0.444179359495
0.457955290679
0.812881108223
0.629199796259
0.743172133846
0.900414694378
0.569856731415
0.881641069045
0.763129542956
0.598760523558
0.442901300359
0.51621909038
0.735613024474
0.494769158626
0.497127567516
0.371891611248
0.343908859585
0.476512754368
0.546056180683
0.717215400114
0.454469429102
0.449092555806
0.457630118043
0.444819947159
0.37650025775
0.434342752124
0.401031226453
0.545669424989
0.538178191601
0.559642091298
0.419481684823
0.66586112824
0.570260259927
0.79128088008
0.78779936575
0.746209952732
0.634345163784
0.398001331409
0.387507315738
0.730272550366
0.657925312494
0.545028953898
0.648294543667
0.61177873074
0.446341764462
0.625177271005
0.713439891895
0.485592094589
0.614624938963
0.652616272455
0.600792921658
0.486342064134
0.749350081804
0.520816703928
0.51473761733
0.792429539528
0.940331519616
0.754322933242
0.67969934957
0.784728294417
0.526734405786
0.623442660884
0.713967849718
0.454117685118
0.85084569899
0.689311654851
0.750168005142
0.70412791464
0.417216096529
0.424441911283
0.70554053769
0.697774022384
0.600879448247
0.794146283477
0.472658129055
0.487464191181
0.96740570861
0.514864001074
0.475815926419
0.515376133306
0.628596366054
0.711647306756
0.47820421254
0.661520531027
0.489540887518
0.528619984566
0.586844708983
0.53748258769
0.432713116203
0.491132965639
0.452184599161
0.664679928442
0.849604898238
0.610544552402
0.586968060707
0.519931175837
0.561142474003
0.542999479972
0.64533866215
0.405845320164
0.880123906836
0.757299320514
0.413974242291
0.60963200894
0.435018172473
0.670814235087
0.697060462188
0.352777697455
0.842763510853
0.349033723931
0.913650022481
0.554783326856
0.488979270799
0.601358385721
0.560950395769
0.719669020111
0.495915848417
0.585839218602
0.502206940474
0.373034701871
0.636574851882
0.371581428411
0.899576815158
0.428847002547
0.647760743775
0.703954844542
0.618107067805
0.843993158888
0.946968014684
0.649783691519
0.675182930959
0.596960125421
0.492404114446
0.489443444241
0.654053224222
0.706665949025
0.512341992487
0.748862461348
0.354154802353
0.341621624163
0.707034214039
0.572605184975
0.623660874909
0.554584531136
0.866082498867
0.676379423259
0.751373620207
0.760596116001
0.595724743143
0.598948575687
0.620255099411
0.618921620341
0.626133412452
0.615837313163
0.653090964167
0.685776821532
0.783762812461
0.511501775671
0.500844586827
0.480866239878
0.586794227548
0.579736040259
0.641418349769
0.5895122899
0.713667358361
0.838541169246
0.557577725818
0.475923658849
0.458884591847
0.598555384419
0.270169769616
0.746421615968
0.710231174284
0.813940733844
0.3897299584
0.519284691248
0.989652510389
0.666533327561
0.45165706264
0.623008295164
0.588942885624
0.764472236353
0.445048933243
0.689159234914
0.527541498166
0.783517269041
0.624105590923
0.655476771216
0.890631924528
0.53054363022
0.572300328235
0.643678221956
0.541233655867
0.645596717068
0.821966599506
0.491327277982
0.387669136089
0.728587079954
0.620007282645
0.509966400781
0.550822829017
0.532777230274
0.688716936041
0.719441849647
0.472782525173
0.491078781341
0.504419691763
0.764261131542
0.59935784841
0.754189600288
0.292983670334
0.697609657625
0.621673311728
0.750283802642
0.538702534041
0.934024700221
0.679833933639
0.440462039569
0.575545911148
0.653292447963
0.706926484266
0.589848360517
0.599370125668
0.401848055664
0.65157681356
0.881328538892
0.473864821626
0.705008754924
0.745382411683
0.41845166357
0.848619391548
0.677273066355
0.592165729835
0.704972091356
0.575000118267
0.413655023236
0.572804673967
0.472837685628
0.521899325823
0.487674464908
0.372538647671
0.715176470817
0.714996419947
0.477839935711
0.490047271164
0.507939747938
0.502526819903
0.362650379772
0.78707920271
0.513137644551
0.434363479107
0.402724549729
0.435058448539
0.607706788516
0.546068058226
0.595451714937
0.5976548049
0.39685358902
0.680024937013
0.55244636385
0.505585279568
0.475164571282
0.561560827275
0.847866557674
0.767962818643
0.523041975615
0.646604331103
0.576060762809
0.437732250084
0.68096936861
0.828972728398
0.569970762374
0.619682115469
0.808787061891
0.693767119327
0.397775783766
0.504461419617
0.614412984741
0.368269140009
0.791449025969
0.474736223933
0.457837336525
0.73948993382
0.552652603209
0.580402317552
0.743882612063
0.700433795327
0.538283951506
0.59756588126
0.44752626782
0.435322357342
0.623622677624
0.51842452004
0.513436875432
0.598472832301
0.757169435138
0.652849673337
0.769504976805
0.697515130836
0.570822029992
0.528807115516
0.754595230436
0.512422789375
0.654412751536
0.399361219143
0.466616079367
0.500599283808
0.526632671177
0.399069067174
0.549289441708
0.65048055039
0.522547391095
0.654961496692
0.404419293845
0.563073521404
0.570433040254
0.423756683048
0.652026307535
0.568625447691
0.492543000896
0.553978765767
0.703926403367
0.644715020328
0.482944660574
0.601962840472
0.560152376298
0.403529370799
0.793228767762
0.544088158109
0.548310620918
0.398556846611
0.424760000418
0.62699899745
0.618156952363
0.650546711322
0.700516995563
0.721273973052
0.662691949839
0.545517258476
0.440901129212
0.383445655722
0.573998541331
0.418772924859
0.59026269897
0.473931657701
0.59813467071
0.43094831587
0.492397894016
0.605054071416
0.445243758848
0.725651696184
0.483017169385
0.54546187581
0.4677351886
0.438400291826
0.640935110192
0.434699961556
0.692601778329
0.519814428051
0.836700556641
0.409954267116
0.730936599539
0.685904966269
0.631492904561
0.644116485239
0.587967688783
0.557809506247
0.424485077931
0.592047714179
0.630790809118
0.513056048134
0.481010785056
0.463854216522
0.436887531708
0.572199315516
0.418745598496
0.567127808426
0.561982372253
0.598806866155
0.532023444943
0.48178111295
0.879851021156
0.640945981455
0.551355218905
0.663093997938
0.330071461946
0.461908503623
0.617654412918
0.548594925587
0.532698219014
0.647369556251
0.587714830161
0.38333887701
0.480132286487
0.500833797424
0.560508781774
0.581819019984
0.398629971339
0.466202665198
0.445428604338
0.568160664321
0.373628821915
0.306345205303
0.512581254336
0.481795304913
0.446934380842
0.469364803756
0.513267560031
0.782062668342
0.57573294161
0.548599809347
0.480494236999
0.380838352255
0.589088063927
0.556426995436
0.452288594297
0.536955700996
0.502671663285
0.598366427768
0.786159167988
0.590858031364
0.457055273727
0.711603159714
0.537017760277
0.562216785924
0.551261788825
0.613135990614
0.467292189255
0.524600694974
0.502448746657
0.46148014314
0.395286569986
0.710914509777
0.549949886705
0.71223442583
0.447114169159
0.66550335771
0.691884519402
0.529698333495
0.574794319559
0.580155102509
0.578817875883
0.778008727098
0.662383793961
0.879618245332
0.486817729368
0.738641547627
0.608630153768
0.58855366395
0.383248832562
0.724647323819
0.705725234458
0.424450726278
0.593355360584
0.623012399462
0.415985267993
0.621762483819
0.624407010848
0.539215633534
0.616898347082
0.553883302306
0.448833121136
0.602007787807
0.66047062414
0.522110347092
0.69361898953
0.757363057006
0.612633253671
0.651838602216
0.655194676494
0.893038711096
0.48803297674
0.536978174361
0.409481043678
0.650858582508
0.408781366899
0.439096373311
0.507942843798
0.552832164114
0.396720243811
0.462321766006
0.429856680327
0.538572378827
0.421723941864
0.426579191612
0.450997739063
0.556520611589
0.749884822508
0.556606299253
0.497271767723
0.564485088657
0.471020949097
0.495902273826
0.572916044211
0.479895232794
0.534448557148
0.605341727626
0.539561563748
0.484841525251
0.68348127086
0.575372313176
0.611665802101
0.614293791684
0.683204056344
0.23100664604
0.375578808315
0.500147573316
0.711655802288
0.538725293097
0.463734492478
0.495060553687
0.546340696695
0.650532830808
0.605193739971
0.643021206178
0.526197064283
0.57976297504
0.307297593833
0.548076504116
0.429333084169
0.611617314906
0.712410688982
0.45543500874
0.415066175528
0.490231399442
0.550608853398
0.468017379371
0.555711386685
0.649838262675
0.392558562898
0.499240654518
0.550149981461
0.605131946002
0.591624156007
0.533227483658
0.570138233426
0.620065130128
0.447093550055
0.537371581382
0.628350265616
0.535035491002
0.651999996334
0.551385089925
0.617300877487
0.518359478796
0.48642411803
0.662415960671
0.522533946399
0.449805199486
0.558614607899
0.345514535923
0.481400933731
0.528257539295
0.568383178901
0.583433133605
0.568128713608
0.462613688893
0.318329611519
0.711976898906
0.343100663312
0.466085367647
0.403193825158
0.496953755782
0.518047119798
0.566931441526
0.562006921471
0.482398633875
0.489826318421
0.56824147403
0.502241755564
0.474542311884
0.383064517083
0.535368800676
0.516139536027
0.452734675999
0.453968984424
0.383818954157
0.534252395725
0.604328891496
0.455297270439
0.517179706199
0.604805979787
0.598218839034
0.454809445002
0.422246945108
0.45568355538
0.763635681942
0.639701034451
0.444154607687
0.575368071739
0.446760435071
0.634751105706
0.491843453593
0.331634815329
0.692272292501
0.568045181694
0.495389289368
0.634781940187
0.524580219243
0.494085084487
0.450762537734
0.514830974931
0.568577159201
0.490797545372
0.505828333483
0.402391789798
0.569654673421
0.54857271517
0.52875341304
0.346327341355
0.601320231461
0.513330513414
0.541880062589
0.569453338103
0.677386746775
0.482147305552
0.448136080286
0.49618683276
0.581527251302
0.525542194319
0.525826319145
0.44221704927
0.518678419614
0.599431611796
0.919353456916
0.441437281718
0.518709473308
0.520616613311
0.487852841682
0.473172061778
0.688895627172
0.413023960149
0.657426400511
0.595765688613
0.428850291741
0.596975000292
0.607998029674
0.388148982578
0.583922203716
0.581984934754
0.528533486779
0.468465685943
0.6098119521
0.6483030857
0.500604556477
0.740172496597
0.591739081449
0.45426271562
0.621487234028
0.713581466695
0.474724691102
0.466042099702
0.611557354483
0.612021460678
0.691874567801
0.621085797826
0.418793275262
0.503663613184
0.52030172799
0.612473471445
0.596611240183
0.558342949684
0.433849153421
0.376867783695
0.431700602403
0.558557750226
0.44984995443
0.439054351977
0.593069721871
0.440337169831
0.358101971972
0.515389965435
0.510578656692
0.444115047902
0.534420384606
0.419626958033
0.497399887197
0.425906822552
0.520278077529
0.42628624205
0.387977070163
0.597899793939
0.612528623839
0.685196879431
0.476950384361
0.355507304403
0.549943973898
0.581615223072
0.458038142496
0.368540153096
0.526631448908
0.647868407416
0.375404164158
0.461286316369
0.505473194907
0.708600880605
0.549212060508
0.562089166507
0.530384947666
0.57436375354
0.348388636057
0.43438241264
0.438633698225
0.49449126581
0.314166788576
0.500242221611
0.467409776286
0.615297853363
0.362459141225
0.555398735977
0.38599636804
0.594901278452
0.577040288886
0.627559020418
0.642505216038
0.393068075256
0.425582706698
0.588319694314
0.400811430555
0.540444864756
0.530598125507
0.407848180683
0.443674141274
0.536950242708
0.630590992453
0.485393513511
0.573517440844
0.584069337703
0.402941862115
0.398279384392
0.521883405359
0.538201794227
0.501278889713
0.679122547704
0.406254929578
0.603980053035
0.496522649834
0.491862589178
0.440036124292
0.440523141789
0.557427371827
0.322528964841
0.417505109077
0.640133007825
0.513263049652
0.563909272559
0.706364330778
0.637238799791
0.572853920368
0.472290546006
0.539602590354
0.558743646498
0.602236642883
0.595582598169
0.60188177907
0.699605940259
0.546067641351
0.449739703019
0.314743663856
0.663336862277
0.630671166349
0.559469002503
0.482584859181
0.517096033356
0.398487662942
0.38847576503
0.622033520723
0.514244639344
0.64795297261
0.513870909553
0.639044873198
0.483827492976
0.590250813415
0.589109994249
0.613453282188
0.549488258558
0.476031792467
0.486168554457
0.494138874561
0.543089874643
0.565820738467
0.533218180305
0.46583489879
0.618875490797
0.523428073286
0.41010881747
0.644942320077
0.496352922549
0.576312116703
0.599038126474
0.303493719064
0.625595369419
0.479206253176
0.366210125923
0.509651576052
0.445068181636
0.415036912077
0.331792109459
0.449653039822
0.379701167242
0.525474045741
0.4993197353
0.470990077741
0.50444412798
0.474981716801
0.589765117995
0.505330284697
0.661716530547
0.664509137577
0.481800111177
0.449940420608
0.526036822628
0.3699004528
0.504491017591
0.440581895923
0.313232912469
0.561302363589
0.50111295624
0.502730151392
0.491952117009
0.462730550991
0.542749337433
0.474721347516
0.359558354637
0.444353927193
0.492707187244
0.546525472333
0.753459942124
0.519707442232
0.670105267084
0.36366283814
0.597075733672
0.554356682711
0.517650897633
0.329570427354
0.428110658264
0.469617301223
0.564841661982
0.537618922143
0.437658300315
0.598250994033
0.652443632024
0.538549417163
0.654331147755
0.575544553635
0.496816603439
0.59310989152
0.425731066499
0.696743300855
0.623845589891
0.515301318912
0.778642737476
0.611299458136
0.581595669158
0.526879613655
0.513032483101
0.639074566383
0.642793569241
0.378018190523
0.636727089869
0.51763042771
0.641303287188
0.575563582805
0.733068871458
0.679715739973
0.601448188475
0.561066364959
0.372642754629
0.591693085184
0.494244309923
0.637940731216
0.376977572196
0.695542163059
0.822095660236
0.58384592823
0.712670326873
0.33908447852
0.662718758077
0.572902031932
0.481394596459
0.662931323255
0.498355764062
0.673087791328
0.53196165429
0.604855772143
0.725752099757
0.61661665223
0.661433692841
0.436289939237
0.547983170221
0.500703044411
0.433417965647
0.561347798762
0.646305876953
0.40847517984
0.495766194683
0.512294889592
0.456387841988
0.603701098472
0.453577106861
0.479152028009
0.563127799293
0.488422082396
0.423201419062
0.924170062599
0.710462113848
0.669592474606
0.701316887397
0.478764231279
0.543243937849
0.453737617582
0.586521278413
0.573511929706
0.70291737411
0.646288120335
0.643775056816
0.519071739255
0.537669812585
0.491027046781
0.42997507266
0.560838109211
0.371860192185
0.782171225234
0.688295570406
0.400193977282
0.458651206374
0.446397283075
0.581384935591
0.589383049181
0.57139395295
0.538338268335
0.669311595275
0.563180197472
0.450379847379
0.471814839149
0.377631256533
0.589778352799
0.639030413977
0.514420938104
0.619738561144
0.635548841196
0.593720187085
0.611882179453
0.457909537488
0.410602583511
0.459380995986
0.564382021142
0.571399024585
0.736110140117
0.472047424018
0.583259558513
0.45329344793
0.530384532622
0.587581009211
0.651000199195
0.545627179567
0.520598015373
0.499526881964
0.644566202603
0.587975319211
0.49067001477
0.577512020518
0.520276866714
0.410898284602
0.721799062377
0.573599378845
0.50870073299
0.592699836279
0.377431809337
0.566505447813
0.592784951705
0.674595708704
0.582240518116
0.562107915763
0.451987503346
0.50814411629
0.595661300232
0.61743557616
0.666567307433
0.610092670019
0.527784628717
0.462054062863
0.678976899854
0.397897911992
0.560845227811
0.775683998986
0.567780939899
0.52283487563
0.608335617362
0.586836948343
0.546832517305
0.548510718791
0.427819541564
0.465809916419
0.556623822677
0.67168196944
0.570395788577
0.488185916319
0.510634347128
0.633053352033
0.697293891396
0.519318596336
0.440594444318
0.650360790446
0.616737408553
0.404122989788
0.562647670637
0.576545602267
0.66596622056
0.500427551554
0.528829983622
0.653997266388
0.495119188947
0.557007463466
0.552201562663
0.679931529493
0.344560325113
0.448882556684
0.520720400698
0.522073099436
0.601400898375
0.632107318222
0.561237677628
0.541897586797
0.577331942371
0.429568429847
0.577871686
0.394039346934
0.820058574194
0.554007445883
0.515190687006
0.451733345925
0.498754635251
0.518008545013
0.463422186154
0.535728303145
0.507787827591
0.543871430947
0.450165511128
0.752891945143
0.698910482599
0.637096583989
0.46268105925
0.48889729736
0.558643774672
0.510910846132
0.55131668264
0.79347705871
0.644738073593
0.39065982673
0.378421008982
0.428167390525
0.570949985518
0.548894045386
0.388343039494
0.553358585378
0.423862138992
0.58763558542
0.622716706467
0.554757858232
0.49163820672
0.535380312191
0.61954864792
0.692797484218
0.630704605344
0.518765230712
0.63130714424
0.632111030516
0.430284143701
0.505318734833
0.378528089259
0.58156556015
0.583351553517
0.413517619287
0.530156067128
0.474363561242
0.707255945239
0.500375690949
0.593337315947
0.483236185282
0.81918375719
0.718588318443
0.497766946514
0.615395034722
0.554202042509
0.54492870678
0.522289568204
0.472403542815
0.500156945255
0.4477260556
0.614854707032
0.525634148939
0.531579670676
0.436625907324
0.406391387513
0.447025589766
0.498076169001
0.539784372957
0.735407523112
0.390085151879
0.44237785029
0.460962744285
0.587986649139
0.465439305362
0.403517065328
0.522638979218
0.299502505126
0.520147664963
0.468233154592
0.522445929158
0.533715346215
0.435130510189
0.360659897763
0.416880602083
0.756872653238
0.616271589932
0.460216712606
0.437857559553
0.630441668642
0.61339496529
0.508453190814
0.62380413792
0.391146626399
0.518320096548
0.571226117139
0.69033465801
0.615359318495
0.517828854881
0.388622068628
0.661197736518
0.4202753648
0.720865258112
0.587313760011
0.666446090225
0.426959061915
0.456434020928
0.59753003578
0.554447989734
0.54525628938
0.537536311538
0.423499947962
0.473032169892
0.591337334466
0.296866351931
0.613418009351
0.639834171115
0.643962137155
0.647522312741
0.477395296997
0.444785901106
0.335756823873
0.49240768867
0.509826027722
0.467329084164
0.445420978531
0.483431730761
0.512162939055
0.518390118326
0.424010884193
0.482748083643
0.49229126731
0.575567026272
0.439458918956
0.637818458092
0.653153637154
0.502217063015
0.455980646189
0.419256733341
0.734940275472
0.341977990954
0.482714713388
0.430538808491
0.438841392157
0.391891979573
0.490664511134
0.442611248818
0.703382622567
0.470490887717
0.558041055205
0.446208858886
0.595673499365
0.492484192366
0.328093438031
0.307203242183
0.547876288681
0.589734519631
0.543100098386
0.33608871807
0.594392129263
0.451502316824
0.516872971298
0.631301566119
0.540758781095
0.645976601697
0.667961306509
0.627842102277
0.532075944381
0.558897009331
0.515877728752
0.688547699113
0.472540233358
0.480599097271
0.389533642163
0.551519599516
0.412811603305
0.67184938502
0.483242306432
0.397065559339
0.52044851801
0.392929774227
0.532818027183
0.49037862437
0.544357281088
0.488495807021
0.674856899707
0.486578384591
0.603761405924
0.393296098054
0.530479518225
0.471728189173
0.548594092222
0.678817942072
0.666903377524
0.590239334123
0.491101422969
0.474302973242
0.646403538114
0.606840876676
0.570221201081
0.447459053929
0.504194118393
0.451370841909
0.738774001897
0.467631560994
0.556388604966
0.465595913273
0.472408729899
0.455751353138
0.558108051306
0.473707528578
0.532575056992
0.526491311701
0.499462441184
0.458721287199
0.438988657693
0.645411989411
0.617465193848
0.534788281024
0.509198471695
0.639821060317
0.360927614326
0.420276154434
0.528020986271
0.443775868572
0.434565537921
0.30150134771
0.593107920089
0.420473443043
0.628087325196
0.549648952711
0.532747334165
0.492611172025
0.568348926536
0.688236089045
0.705368757104
0.532078802716
0.436420278837
0.531795814358
0.442043618617
0.477252412438
0.42870436281
0.531180992701
0.37029390182
0.438737341273
0.52662267065
0.314059400956
0.55950938303
0.523802684235
0.452338797488
0.463756624493
0.441702900065
0.532978656623
0.595012846506
0.465674978567
0.424759882001
0.55642715176
0.533583123621
0.620011185491
0.439500924698
0.542159551646
0.536921480778
0.441365066842
0.497990062974
0.509414658885
0.446512969564
0.449184259824
0.489475847541
0.574518773495
0.767903404261
0.464622661352
0.367559704529
0.509922552766
0.46826662439
0.468078329131
0.481320148513
0.535583643033
0.723154339454
0.524039111782
0.429635697563
0.351285771673
0.514737667414
0.568414077422
0.457644744916
0.404439527168
0.573829286297
0.470495895033
0.657139510671
0.379307174767
0.459849309576
0.564023979208
0.539453096997
0.448004515165
0.54912060205
0.568482311053
0.40579065256
0.469943657102
0.543298070655
0.557974688154
0.565069951238
0.595790476905
0.582482741477
0.554420059177
0.250473044464
0.565216844637
0.564289044278
0.590477839701
0.63264677993
0.563788980786
0.545452415949
0.385469576115
0.459285337628
0.477797959027
0.352762430936
0.452619683128
0.593916736479
0.632783256133
0.651873056094
0.5230552685
0.597735040921
0.600374503426
0.540596012045
0.482242250237
0.612203237762
0.453751274743
0.423402613729
0.536796658782
0.439610793578
0.50649939674
0.384442155303
0.513902615963
0.58373972573
0.645449412843
0.583592171718
0.666522462944
0.686190577439
0.452289957723
0.511370091224
0.548784685182
0.522602220582
0.437644743336
0.716564817765
0.51835154235
0.441807932481
0.502016918702
0.568436884042
0.525066452239
0.557104183637
0.715052846924
0.542736125033
0.650794478037
0.437049779601
0.444573151955
0.417880148094
0.570774760988
0.565623910748
0.624128216202
0.72649915688
0.380931362966
0.595475454556
0.611963870602
0.511524987969
0.569807119687
0.57926964594
0.52428997724
0.555570312678
0.534592629709
0.435341616625
0.434605463967
0.393293331483
0.543937262835
0.426036738553
0.44045284572
0.400097814269
0.531426208819
0.524883337124
0.442123553325
0.494387697607
0.563630590919
0.479234175659
0.344142511332
0.524956685017
0.448034385457
0.448331421016
0.395890541594
0.554421688776
0.599462618816
0.327944978311
0.662205747294
0.474228154217
0.410162441841
0.591070596042
0.480979277329
0.557929512495
0.489498143875
0.656121555031
0.478877001992
0.44982819894
0.689430960407
0.530429868266
0.35232186321
0.432812087235
0.476720946905
0.531068509771
0.463187060708
0.570286947912
0.407642222631
0.463306597594
0.399279554784
0.592505943942
0.599192752039
0.483571083256
0.460271618144
0.430664533873
0.396945122678
0.481367046543
0.600360385732
0.467910818112
0.4410385695
0.468907189844
0.528644178113
0.467764372956
0.467612099453
0.542003508887
0.391375857491
0.665367382203
0.566152107104
0.44762694391
0.682598523906
0.485234363092
0.57408984313
0.461865525596
0.605236429386
0.452453635016
0.56275854582
0.398556672228
0.545547833772
0.690055256887
0.426437697992
0.532713252239
0.422638584067
0.448640354371
0.531803142902
0.600448919339
0.499019355355
0.413639018497
0.57756440114
0.531498959894
0.449107053744
0.438520704502
0.503586189562
0.37119171711
0.414175600302
0.475127661864
0.584409951988
0.433976283491
0.484421136415
0.521230386164
0.523141812863
0.48044510404
0.334377488866
0.348479028442
0.429287446466
0.386208588311
0.360904459749
0.509914608562
0.554240349636
0.524645618238
0.542807397527
0.50522493401
0.460379621338
0.397927599536
0.469284799646
0.577392551831
0.509865410799
0.41800545485
0.602567320812
0.548656098575
0.468981748286
0.546083710048
0.51039690709
0.44135714216
0.511695709991
0.508028751036
0.62126147183
0.494732333738
0.765033125293
0.600998943265
0.396655068157
0.504077761309
0.407436882102
0.496832454245
0.383866745949
0.545653882805
0.669577524326
0.610023145175
0.469535981375
0.500348988569
0.544649415644
0.657209545473
0.540094243004
0.415253746161
0.416401188205
0.460374110243
0.528061028638
0.493542328131
0.478977951596
0.483102874046
0.32247327821
0.523648972455
0.728961129897
0.579023469213
0.51589957847
0.612637647874
0.537610671718
0.438436217691
0.514249422251
0.379095080039
0.601358247405
0.37341727461
0.530459331448
0.558743721273
0.527347186724
0.573604033642
0.461171121633
0.709986581978
0.486379341798
0.459881042007
0.434746421633
0.441414723631
0.478351730576
0.513463014711
0.665163286357
0.463136875798
0.632713035859
0.663643098994
0.429063592134
0.503813725935
0.541560347155
0.480405086683
0.338347316186
0.437314687154
0.456990469765
0.444629325033
0.562031105609
0.680955878457
0.484279473621
0.590334399175
0.536590036233
0.507486168164
0.55493442483
0.482465268872
0.574737237455
0.564880220692
0.602309537095
0.515902387161
0.476999760457
0.563075602357
0.476804333453
0.449567729315
0.48071103165
0.38486787601
0.511080941837
0.48780859789
0.438958668043
0.618717432429
0.504662529102
0.500536388907
0.388801960669
0.566802677416
0.759448142267
0.529588767645
0.562723334689
0.380567260822
0.570830201897
0.501768758199
0.36907014849
0.434109471185
0.493449227399
0.442047210874
0.428300927558
0.573746393447
0.455029597444
0.613280538066
0.497307533748
0.554127154202
0.535807381572
0.330673033574
0.393181571189
0.445502935239
0.445465126203
0.474951156729
0.588164813775
0.444114401166
0.473972100284
0.613325168162
0.464597535016
0.52677982238
0.43377765012
0.586112410783
0.464657939452
0.436589530341
0.639409655892
0.35301829296
0.492345930855
0.394044448982
0.590438380119
0.51948369644
0.495618466237
0.538866439249
0.721284281286
0.546455350624
0.686110268219
0.503579916519
0.532725395418
0.51599113327
0.561089757592
0.464544831102
0.457547033675
0.46331230728
0.557661655116
0.422584333679
0.440916753422
0.650667129999
0.504683508037
0.454123722719
0.547758216692
0.541997313563
0.451197634512
0.499507232105
0.526420890269
0.375374174736
0.358489147523
0.499956950318
0.490259080283
0.545065113075
0.644323421471
0.605425129135
0.579406466534
0.413604738337
0.57941333126
0.536496185367
0.599256855106
0.579598879063
0.486214253474
0.542389997186
0.342781732794
0.509817187721
0.541893735977
0.394354286764
0.403418925659
0.459982553509
0.354518901531
0.634327121423
0.541316675576
0.523136567087
0.569026963209
0.520323112122
0.366249795318
0.591107498422
0.530814582214
0.510686043184
0.364320645082
0.491938621176
0.654066284057
0.528534170722
0.39037643756
0.517919735779
0.558166361231
0.362671770565
0.619215980809
0.598787052818
0.611274316024
0.634557106548
0.534496438478
0.517900076834
0.471333395047
0.485165555327
0.445762933335
0.378851946928
0.475183449992
0.571126269266
0.536011617579
0.455164364385
0.60047674035
0.506150018223
0.382167863774
0.516511329105
0.540957967333
0.498888246674
0.637880936701
0.470344844213
0.551797034009
0.588627301781
0.462488153121
0.458011655282
0.45004691639
0.519188248791
0.29955134885
0.536811442097
0.479949036201
0.488405695383
0.350755184769
0.420224943131
0.278837920972
0.517499439654
0.390214594837
0.438902911621
0.388688939959
0.537401937128
0.449709801669
0.544397044528
0.542882065625
0.652541842369
0.625087912726
0.511563565449
0.499505770781
0.575977043058
0.536298033853
0.556889679246
0.475839759712
0.369259400437
0.587116946523
0.550172853936
0.452806666235
0.638187712879
0.462943749299
0.46505939595
0.731571865865
0.539995576203
0.44838262292
0.62732001121
0.589385549802
0.505240343494
0.434613492778
0.408670254917
0.527179485304
0.625511541894
0.592096242862
0.433216245108
0.484263156735
0.615782419097
0.416951696034
0.568132314905
0.487850240507
0.616108178875
0.437158982812
0.485738765722
0.487974833359
0.575380404142
0.668593465727
0.493890449622
0.63278946337
0.380179209842
0.454442932818
0.401600592646
0.492709489405
0.656368646006
0.516421021646
0.677345849124
0.54233162111
0.513414432971
0.607422315676
0.541495562173
0.406072491447
0.68694871456
0.342109052906
0.64916535771
0.559660379168
0.5885622425
0.320885176451
0.555786006638
0.695786940057
0.490457292058
0.731072720374
0.685143321071
0.377332733017
0.369902999989
0.517362498349
0.613454530388
0.541613328632
0.542323704451
0.618157680484
0.473668119213
0.402383468701
0.602396361497
0.61609456716
0.682923712358
0.48832616097
0.410412646282
0.537227710775
0.551969393483
0.612668338673
0.467517153284
0.513060212559
0.476274636942
0.470360008317
0.448086097301
0.428998537185
0.42726948045
0.438594406452
0.630403428793
0.637147693479
0.424079239297
0.512650100919
0.4376861458
0.451942564148
0.566442481471
0.364479942252
0.450095001598
0.607965761139
0.426661128423
0.695237616387
0.5122251754
0.588016667891
0.552430962834
0.342740364755
0.591124156169
0.536852381559
0.427479520501
0.531155921414
0.386615153501
0.489064158011
0.536685958225
0.643648875254
0.695951627607
0.620724620307
0.36471166286
0.551503698059
0.664358913429
0.561752349582
0.470467087001
0.468346633722
0.516527796045
0.340163248383
0.503568856794
0.501640641262
0.551655998207
0.529411272731
0.474088122908
0.454780813299
0.401348192368
0.43539959111
0.487978045442
0.345621614907
0.539630365058
0.660251697772
0.367716602806
0.648333651193
0.558159468474
0.594186336009
0.394809953465
0.528104436089
0.39508245023
0.534340088626
0.49005076872
0.439986506167
0.575961314007
0.577919274417
0.401367136097
0.45254604609
0.406993031475
0.650129684539
0.384711459674
0.693888807918
0.64410555644
0.412407984456
0.500066257271
0.533523818721
0.567266439115
0.38809339068
0.396047563412
0.520444685341
0.458943399954
0.407195638713
0.503430556264
0.310715688123
0.340835210339
0.654588845029
0.474292216148
0.605797420597
0.679731967153
0.359209023066
0.549188466501
0.547343456354
0.4276092483
0.395328536051
0.482004872832
0.464756960492
0.411212964585
0.469216113107
0.434098559874
0.410382357586
0.273905281514
0.604652571278
0.592604498662
0.531501675263
0.530999735679
0.527183842716
0.469276186849
0.581148735531
0.698882325069
0.316028852808
0.532247466035
0.495926107387
0.330442405715
0.359391481813
0.471609666548
0.368779432977
0.666412012005
0.517426124984
0.381262771056
0.499626827955
0.409655475704
0.719157331692
0.580206550362
0.458291976564
0.637102801191
0.494327898448
0.392357279476
0.435301974429
0.441456605943
0.662211916432
0.641109571722
0.557742706549
0.492755400609
0.483357515506
0.558677652228
0.552396191324
0.528724697614
0.659646658004
0.491729857831
0.414192345593
0.559192745915
0.490652494014
0.503858428275
0.486930259492
0.528773900342
0.407309932412
0.54520590389
0.556549976677
0.378722001471
0.592309220643
0.573824185414
0.503099996331
0.709704698033
0.734606132847
0.446006136387
0.36850158745
0.530758818153
0.512321736148
0.629591108788
0.491836454341
0.485385579093
0.578744651036
0.496720253968
0.488597493577
0.527850895711
0.457618300251
0.41728632152
0.497506570526
0.579916009083
0.375602645641
0.680902531545
0.336812468782
0.387961976763
0.381277623555
0.468144143089
0.464927767663
0.394356912602
0.454296254631
0.431985527593
0.384533555348
0.71549752124
0.743275751273
0.552147287687
0.409424311271
0.460470616278
0.47387573701
0.548336723447
0.307410192259
0.513500328905
0.605357502001
0.615556588475
0.291966562578
0.667548860591
0.328290742371
0.733762659666
0.759079760598
0.525147758852
0.600589691054
0.776678686176
0.575535770551
0.564726071256
0.580472249403
0.508688816939
0.530038425502
0.506926639861
0.587767861996
0.551650057824
0.564473881614
0.515736621889
0.426849705022
0.625941063973
0.605308541603
0.689755516744
0.550115541989
0.536836450243
0.484223817849
0.430985748427
0.454970345055
0.663509027406
0.402404810296
0.511556781443
0.525817068316
0.497022817337
0.675941240595
0.357502392518
0.632893859043
0.462022695063
0.480790174324
0.386794384376
0.408555221105
0.590574729624
0.405968487988
0.600443709627
0.633395950702
0.490377626206
0.45338926425
0.575249900851
0.489007667365
0.471269624945
0.523382862518
0.575501673731
0.481464746706
0.435912840052
0.401907118766
0.585693991236
0.470008043475
0.460503633367
0.517175035107
0.466819682412
0.720660482134
0.360770912334
0.407237692004
0.539886881174
0.592229448652
0.482285501605
0.371470868184
0.593470686888
0.453987733216
0.487223727654
0.423391852496
0.457909217554
0.563811468562
0.578070887842
0.489028323885
0.509378181329
0.460255039591
0.593779530248
0.578397406494
0.529308304484
0.580230547614
0.279905749129
0.418900022231
0.619271757282
0.604224504416
0.409270978881
0.503915878156
0.596932003758
0.403828025227
0.575642257621
0.558731231413
0.681984004263
0.494490168573
0.410622556803
0.427714307521
0.584035276813
0.58473016545
0.512687797167
0.462890249476
0.44329457835
0.64088709658
0.553948358333
0.639994168594
0.5141057196
0.507590882568
0.478787750819
0.495361583305
0.490372504169
0.437397170923
0.439106386988
0.401673208349
0.628930040222
0.61437950275
0.514663771259
0.421732369664
0.704045373893
0.675488645416
0.530738529341
0.638016033404
0.412365055182
0.433946350969
0.52297561952
0.514159115171
0.5569129058
0.27512397124
0.625966246495
0.640436836838
0.439584234682
0.692968058695
0.44221883952
0.617069331397
0.54141263927
0.449735792716
0.628647576699
0.423269032439
0.487256334173
0.643032437791
0.624161430318
0.435530569245
0.58906175939
0.304969402942
0.448808923745
0.521710918909
0.464560013306
0.592279778526
0.549173480703
0.549968725107
0.476077281077
0.503444640241
0.641049219633
0.582261838055
0.523384268494
0.623452131817
0.552801853165
0.417998940109
0.473479464325
0.361475513392
0.457378322576
0.62520258973
0.447878731063
0.545249643365
0.61080416288
0.444139974804
0.603359166281
0.515282121657
0.631769689992
0.439824155513
0.596534144262
0.657774312852
0.60503846372
0.483106718212
0.499657766153
0.62040330422
0.450430624643
0.649694809075
0.583071769143
0.503640509923
0.544337559176
0.552022420344
0.30132407283
0.506738431694
0.564400216757
0.437011911064
0.470565948679
0.58179674951
0.442806087449
0.516194186398
0.455430365108
0.544382806118
0.503893791712
0.503922832321
0.490549174498
0.488114573604
0.558779311723
0.559490659389
0.531288886578
0.490208188611
0.506279197168
0.43950947571
0.471224660439
0.55492823274
0.477831013215
0.47224080324
0.39330598169
0.496299027675
0.502729180711
0.334227990988
0.5157775713
0.652484260424
0.495191311737
0.700498895699
0.472343030929
0.430618534186
0.496418506378
0.537721841511
0.469742579114
0.5340748477
0.412691974456
0.583723471797
0.313307457702
0.621547192336
0.564305472536
0.490236002989
0.582643819783
0.452431672575
0.50864765482
0.35600391277
0.562322840535
0.482732979029
0.664723027134
0.635602578804
0.514996371454
0.522645056952
0.682934806799
0.433149080047
0.343124169654
0.53958781492
0.529246794474
0.305311242732
0.631568511423
0.716528324138
0.481677722362
0.508031799433
0.645304622924
0.310859649185
0.493558914863
0.48250076483
0.559564639361
0.59024259232
0.690358443178
0.428433577513
0.494829586967
0.447819824621
0.521626560767
0.380807038399
0.542197375095
0.54080042509
0.644995456311
0.507626809787
0.402270525616
0.482978438325
0.497419635853
0.539340514853
0.521037933924
0.566245212603
0.782831391339
0.783308922678
0.515437284094
0.656998841185
0.58905782856
0.581185084589
0.507279871794
0.605565336269
0.377571696951
0.395156594426
0.497217408467
0.591157827854
0.437898110178
0.654398201867
0.576764131733
0.432853498779
0.59060333351
0.519921889302
0.505041164999
0.676293649483
0.528403864086
0.600848631647
0.53341270116
0.525635543637
0.560254444561
0.581583477214
0.586158110938
0.503973109471
0.525091203858
0.632396625062
0.487291053325
0.608203887214
0.273768868715
0.487123445636
0.591839010913
0.37841871862
0.533153169942
0.381361407385
0.522931283726
0.403259858787
0.646666076038
0.525542125047
0.500547633956
0.520314057205
0.581277466109
0.616013974503
0.377175240986
0.582869505245
0.537428783708
0.522200652402
0.563423348877
0.316822109267
0.479039465567
0.710837745149
0.529619083938
0.342351028289
0.536070681275
0.409406289599
0.34540698335
0.410969211612
0.45167012912
0.451663560879
0.386440039617
0.538569675755
0.728474442017
0.587753775831
0.69223409394
0.544797260102
0.567876200229
0.614680674748
0.505586406423
0.447698428989
0.496578944358
0.566627289732
0.419132624559
0.450057130493
0.578048133326
0.375883039335
0.347309593616
0.761846356478
0.655131679214
0.606674973748
0.500785862873
0.478602173673
0.541646092574
0.548564197029
0.318866205589
0.524989124179
0.419875782668
0.552817867796
0.610792018356
0.561248190579
0.641142025747
0.508142064702
0.442913461467
0.448454291316
0.403539200367
0.69563377817
0.48915496881
0.529219795581
0.352494544254
0.557983072972
0.553513294435
0.686966866177
0.65916798662
0.456290655404
0.428653194527
0.662531242642
0.514577874493
0.558786748392
0.449141933896
0.539195480505
0.512797822306
0.474389366137
0.596812346685
0.506681038038
0.438730866093
0.352684551401
0.429446517534
0.5282339018
0.518012669489
0.684887169562
0.430284648604
0.495066277221
0.650943650394
0.369783621161
0.419539033859
0.746969479534
0.47999951623
0.486508023609
0.388135707412
0.598896720954
0.486350769593
0.704217015915
0.447878594302
0.43696698135
0.502190969179
0.484254416917
0.437373670163
0.477987050559
0.626895386417
0.618457649102
0.500197744404
0.574644166982
0.397789742749
0.721723540001
0.453249636658
0.428686831693
0.552823054777
0.468852207249
0.643882356693
0.449636067466
0.641550393539
0.565468061429
0.544583693513
0.565125992017
0.539430459807
0.374749563254
0.439716717678
0.626220909499
0.399740223524
0.377443391957
0.407991268839
0.494393911838
0.673203147801
0.387201644173
0.462033781193
0.462233653974
0.447682396917
0.392333344292
0.589453736972
0.558449824527
0.523977707994
0.584809461056
0.465786017069
0.491638886556
0.417073297668
0.46166890737
0.582908229266
0.413851805945
0.369214200068
0.613344834777
0.617047641082
0.700079064948
0.525016762677
0.592612139208
0.776980807131
0.650094256218
0.472596274772
0.557362016978
0.53995519565
0.493142791188
0.413966150019
0.570079102936
0.426694374948
0.555051128915
0.475407903489
0.508901643112
0.727263214463
0.488072367688
0.548112670107
0.511693065773
0.473994018842
0.42421862
0.655303480006
0.581229823689
0.617103105109
0.63916665407
0.497135317925
0.470309551424
0.569566494696
0.606471618329
0.443794575265
0.44188235229
0.468362415569
0.608279371434
0.384308032869
0.540970910865
0.448879369207
0.538253927709
0.568575541093
0.425956397588
0.550899716838
0.315416512146
0.48528548057
0.457626192563
0.477257517814
0.597364702819
0.634238994729
0.523045068192
0.471802550061
0.748932602806
0.612793857635
0.589188448425
0.42882724861
0.295298385576
0.519152761015
0.673079583591
0.408852439338
0.421235722334
0.528149953353
0.434100316527
0.489463645112
0.611032978746
0.58470585076
0.552852060207
0.417651220788
0.604813252031
0.536953745778
0.486122026802
0.582577272461
0.555685478611
0.474117192921
0.613808187754
0.537421503792
0.515222443778
0.468167005048
0.366221120408
0.674962092089
0.611018687585
0.49714325266
0.44115882334
0.457302781201
0.649299652541
0.543144437189
0.256279749528
0.460513797799
0.605348462145
0.41921424441
0.598659248068
0.421182500506
0.411703488285
0.383269492414
0.454128043372
0.518017536508
0.738386528485
0.623146304837
0.383532071883
0.577038157869
0.581141441283
0.45706124263
0.505265410983
0.596505467917
0.525786410128
0.719642598567
0.49636483872
0.568400749932
0.494532644198
0.590154105018
0.505396533064
0.56913735151
0.526717259895
0.259274933037
0.519568307915
0.458097563263
0.583214071793
0.520190464004
0.607525610883
0.621264987066
0.499240097641
0.483372555595
0.402350413691
0.567190647952
0.591587700941
0.669254529462
0.470635908327
0.560090217072
0.618686332584
0.265014486083
0.487998299397
0.632959678025
0.445711607489
0.451304238977
0.517608208137
0.666241465012
0.42701726295
0.381000896305
0.554274665229
0.42576161545
0.519269545327
0.644746078215
0.587482502676
0.366839014005
0.460431879837
0.662625811955
0.398452404066
0.483344436072
0.53918693416
0.614936716886
0.545245183073
0.486490200872
0.29051070968
0.671265698636
0.339139771542
0.382854476207
0.592547731468
0.513175625007
0.50106232678
0.595434938344
0.682192465308
0.335934156184
0.674889053665
0.500913935276
0.517914911658
0.526408754397
0.454602069215
0.45072619791
0.737584832155
0.505508515904
0.519648760394
0.552507722576
0.429012957206
0.50490184361
0.655615094227
0.50178881988
0.678539926284
0.358175364681
0.455699171533
0.607975920844
0.388166232498
0.491068681893
0.558874571017
0.519905367027
0.481725790795
0.370400427368
0.542421059885
0.512864993943
0.458280768877
0.609090625237
0.559349364274
0.344767100263
0.486504438554
0.372576806562
0.513790823956
0.559984226913
0.562537585552
0.394032788864
0.400410180956
0.437640728437
0.404757753152
0.377393503201
0.569924669222
0.502938243864
0.691004204978
0.497645811831
0.425355399899
0.421364933115
0.538422380553
0.492201779119
0.499984027287
0.538889547127
0.496159530077
0.372419065287
0.389457914019
0.62997273371
0.56457317133
0.721806494585
0.478323554708
0.405765317609
0.575598930476
0.614581587253
0.570632769752
0.512670807773
0.442120513455
0.498312296329
0.444004810902
0.386957685977
0.471379456853
0.404591795874
0.493172954739
0.59174868527
0.541118690678
0.45668048226
0.529473752941
0.476162062742
0.523530300379
0.442628085555
0.472815017453
0.52337332373
0.39234500666
0.472416622109
0.697582867537
0.612440019001
0.492233210324
0.501463181481
0.417772420995
0.598873023191
0.614569860735
0.521230154123
0.301562303503
0.364802014206
0.499247389261
0.519850547106
0.598352918389
0.474727784464
0.538043597709
0.49065082804
0.449292652564
0.543630350358
0.431703217484
0.602426196346
0.285778702498
0.47384400736
0.502882147153
0.6038718281
0.562261808896
0.373159782984
0.577042419137
0.365673218412
0.464385822737
0.681297289887
0.43371023163
0.480633267628
0.390516719112
0.564151769732
0.385666724719
0.601840371044
0.615111497274
0.609958299057
0.588655540873
0.390811494564
0.449706294256
0.596837978217
0.57821018102
0.44204639837
0.467954929557
0.584496807468
0.629158315832
0.60423377644
0.617067526718
0.752046471779
0.472388552267
0.686442658315
0.434686024964
0.479972610522
0.350563185696
0.522172815645
0.662091039086
0.396089142163
0.443969892055
0.589830062769
0.608002317553
0.557265358618
0.630512752768
0.667709358844
0.534134678364
0.475866015473
0.498106750889
0.548490648188
0.537449924177
0.475841039923
0.52536795478
0.424918683239
0.569126967488
0.412156761311
0.572212229657
0.510971982023
0.512046479275
0.491519872813
0.536738360841
0.53976111123
0.367182099702
0.573210854666
0.489876056985
0.365500379649
0.508967849462
0.590037130315
0.518108355316
0.562348859371
0.70986855663
0.382639815595
0.434025091067
0.659045574982
0.683515858826
0.409297839614
0.447468499436
0.469446322657
0.523764355464
0.344755644058
0.545720391934
0.701500251863
0.589625297448
0.445634423998
0.506918190739
0.538301938563
0.587998890644
0.514262299841
0.561707820233
0.432206608345
0.699795656116
0.505046035616
0.536190898009
0.460053827391
0.677732071077
0.559218745424
0.685829984094
0.48083617407
0.4793472867
0.529451732867
0.454911850046
0.452284720814
0.653184793305
0.549409908236
0.595652718413
0.592158785207
0.605525069743
0.491440737495
0.463865073999
0.529190530465
0.49048533003
0.485168797237
0.557966389981
0.509707446125
0.50337371463
0.612552494765
0.547955934612
0.604084974641
0.565201709296
0.723563970466
0.388474146295
0.606271391858
0.569796909307
0.672437647024
0.59822680766
0.502504479719
0.499189489082
0.539289232227
0.562551272163
0.642725803172
0.422524118122
0.499891242944
0.422896604204
0.44691302464
0.486094970034
0.37669537019
0.466263076021
0.6657495604
0.473300967546
0.549526281377
0.528022500049
0.361584583918
0.444101318166
0.456246171032
0.55950517165
0.409543355585
0.69962165802
0.403224889807
0.470863608587
0.553989855936
0.623556633753
0.554876663907
0.468811552281
0.536889923417
0.476840112746
0.554751193176
0.645887390016
0.584981859545
0.505287190862
0.481451777552
0.528057316973
0.33051160776
0.482756297485
0.367001697055
0.447935301133
0.558841739471
0.520712859699
0.436794725408
0.399093593453
0.394095875839
0.641054834744
0.678081276141
0.368055508949
0.642276582623
0.416778338832
0.484033044153
0.482490451967
0.451616765975
0.400851024365
0.505896796009
0.533821453625
0.524753051048
0.370081305375
0.552589491802
0.386622537681
0.382747357666
0.510397221943
0.646932765503
0.575543366493
0.709228264699
0.43740453915
0.605779477416
0.37479876474
0.489696402164
0.5201366833
0.622539025905
0.574279555427
0.568831421797
0.551610763027
0.507827494427
0.395688649354
0.535728003919
0.450571989734
0.533481005326
0.631839408315
0.56192373001
0.475081319237
0.42287461458
0.516683553945
0.595509464925
0.371199650946
0.441498543328
0.541225248164
0.521801634881
0.525356147673
0.371944726716
0.465922166827
0.656176325872
0.423412803466
0.316272931102
0.69356670368
0.38788519125
0.553680697913
0.408543885215
0.498843910832
0.479387838205
0.58348664404
0.677087769482
0.296716537618
0.574216003942
0.460767814888
0.656551237969
0.579015873102
0.478596215655
0.477213998408
0.536001613488
0.519413672755
0.469433357839
0.508768607678
0.503867126679
0.491139251056
0.371952547494
0.55171087566
0.715153512232
0.702612950092
0.53573272214
0.513509657233
0.606005556686
0.685997573314
0.513467683071
0.58083145252
0.375709615382
0.485423923994
0.449099446892
0.633403101447
0.552403419296
0.430489043041
0.398915662986
0.503555787959
0.470436647471
0.525096486442
0.351856004188
0.623374347196
0.692391173913
0.468503929082
0.446955918723
0.373347629322
0.515863430049
0.457494934896
0.483803825345
0.452684189671
0.499278214202
0.42451887289
0.663227073187
0.330869906461
0.386768300788
0.645067156556
0.44536737833
0.533084510532
0.694001003244
0.405792074499
0.368095001762
0.550610105538
0.400712946407
0.492563147514
0.364235385096
0.556563747665
0.462300562673
0.502841356627
0.329775143774
0.544235051832
0.497564874898
0.463252591666
0.466743053965
0.434316246556
0.479105935094
0.490843350174
0.489117881813
0.65550255051
0.592361727119
0.671182724131
0.49912870036
0.430625508154
0.442168836282
0.495298788006
0.601902168131
0.565397776473
0.572594702088
0.620317552148
0.670455432913
0.409162968294
0.504626962305
0.434795138081
0.46199843384
0.495337340523
0.468008922099
0.628603075411
0.48102167119
0.508327801791
0.416349177083
0.390674827112
0.649745313862
0.545107734409
0.536997387426
0.471394761213
0.379665551197
0.57537897631
0.332711419942
0.527810146827
0.600669227168
0.561969672365
0.577876403535
0.562493315142
0.802608234995
0.439535672074
0.525592516151
0.540326066632
0.489166104234
0.531820198335
0.509849415694
0.574175688505
0.554276726867
0.36707743144
0.536510691618
0.622587835304
0.521354926249
0.579710772716
0.433879274316
0.433294690842
0.512085296151
0.556589850705
0.281885598513
0.578296020596
0.319521587272
0.55052274898
0.49374645842
0.604575434452
0.545101530776
0.422592005687
0.5626578928
0.487970471677
0.466998708108
0.46625094317
0.375670013484
0.524331598449
0.439131237266
0.493905992071
0.528315574019
0.606906165071
0.581221356132
0.531671788114
0.647896645686
0.467955741164
0.500283363942
0.621076641215
0.546899328876
0.495859299199
0.387215445511
0.459637034369
0.371595286336
0.432216419405
0.802547995111
0.494309555421
0.374573858517
0.526474486865
0.716469736404
0.479330068577
0.642423469496
0.620163024056
0.507187042314
0.613149420703
0.648949523534
0.602776503293
0.51223804985
0.406135051685
0.457681155497
0.612232402142
0.467619180119
0.6701001306
0.601837402348
0.502164440854
0.480299988318
0.474873441171
0.493662226344
0.544028750713
0.628144910776
0.661176926387
0.73781288983
0.515683558666
0.491206500167
0.409830936731
0.770647280367
0.474509626632
0.495795285282
0.57502077366
0.376371056721
0.517193883614
0.561173856752
0.504467440354
0.392685665219
0.585187965548
0.503579952307
0.518728337267
0.44321745721
0.488560286085
0.312754490853
0.584830620102
0.456435321277
0.374654525944
0.556668199066
0.546412315175
0.587233544931
0.535503708141
0.622297917459
0.492320996681
0.413989545392
0.3975636035
0.557835356996
0.684052145781
0.500565958874
0.542238358506
0.696287944734
0.455602964176
0.482490630118
0.612930570611
0.578757778833
0.424272621026
0.581734352982
0.442515617102
0.506374519949
0.49723593869
0.547659353375
0.489112206145
0.45052001781
0.585009853573
0.545244982066
0.5922557964
0.577623167476
0.497134098099
0.435540469934
0.461332587011
0.462488032676
0.613770875242
0.623885077688
0.402043660761
0.660867806074
0.508685091528
0.54410855934
0.456713855521
0.506027423342
0.546176233849
0.480396423612
0.481262218223
0.339167462738
0.517352562713
0.668872333772
0.474996904646
0.660629371097
0.562404764534
0.396856465894
0.646953441488
0.420935531687
0.508206009086
0.50178686397
0.550040750621
0.451893729728
0.576757651627
0.561798576126
0.401297016075
0.613812482008
0.442810557239
0.4994846933
0.492715798112
0.31432172185
0.365943858202
0.545652239396
0.41727358251
0.49700515092
0.440282079887
0.482476035286
0.418887275931
0.699174150051
0.623681734289
0.530179772092
0.502244965321
0.589157625119
0.457994866985
0.517337435058
0.734018324976
0.477447137687
0.511876054026
0.625857202306
0.395966129776
0.525495951025
0.488679935632
0.437585015849
0.776848123483
0.516171575186
0.398816540305
0.540618309955
0.514875484167
0.663613967685
0.496177321682
0.418840528451
0.427065875769
0.395280951253
0.546230226757
0.591135166372
0.464234655367
0.467461637017
0.48179422479
0.547468066094
0.421757032954
0.480117213297
0.409822124642
0.455694508996
0.562341132781
0.415946614723
0.419276187094
0.515915007365
0.398273142039
0.575892030649
0.611158793848
0.455579761444
0.56408878741
0.572307852984
0.472403785812
0.325959515546
0.337852029712
0.349332529182
0.538127412496
0.296841427559
0.485486978872
0.481376456358
0.481585391304
0.474705266627
0.407390786566
0.557038140203
0.649154727812
0.654901132336
0.461925838444
0.620444675036
0.489918288217
0.341056610329
0.529527324597
0.617061347766
0.52438956319
0.421362995018
0.505561570198
0.594998703614
0.53040979384
0.467368703593
0.535741226703
0.316151565061
0.492498190818
0.507790746319
0.506421858079
0.531881779205
0.443062924335
0.533372164309
0.489052666658
0.55037571246
0.503531641458
0.562285456485
0.564209143173
0.442961129648
0.41638226385
0.416973624085
0.503696850513
0.644539752446
0.453543596659
0.41133555775
0.437856114781
0.553763129137
0.448269940277
0.507431507169
0.467496521904
0.627854120284
0.475492050046
0.500242618627
0.446934244338
0.632483610787
0.605485989263
0.597169380332
0.527455208145
0.521750612508
0.461845459454
0.470860685402
0.46639620424
0.668728257226
0.530348054096
0.358091545027
0.558731101153
0.494838484288
0.532066294365
0.424401803738
0.567288054478
0.394578424185
0.548305139895
0.497435864385
0.523002039749
0.480041587266
0.657534667562
0.523125175552
0.609478865363
0.528354048051
0.655639329944
0.454365562934
0.711171781366
0.526783350536
0.529213265172
0.407165548359
0.510301749385
0.559273635877
0.385326757675
0.392713544062
0.572841915661
0.544551279149
0.467343054713
0.464884324207
0.588495876462
0.581753680328
0.525462894964
0.604450894317
0.474831022121
0.489557162936
0.562443084511
0.621124712415
0.565447370077
0.507980377559
0.431561618084
0.437789887582
0.510782603924
0.378327285178
0.322768141156
0.419182218438
0.428857021028
0.461817808438
0.483862916205
0.545604274254
0.453561010939
0.515366111758
0.474653702416
0.630801498252
0.538170149385
0.672010055032
0.515068838413
0.625515768201
0.474747280009
0.568115525349
0.676220241494
0.540233148283
0.464333824679
0.539012981521
0.560029223428
0.437690103047
0.600730121676
0.322167992044
0.528411732429
0.381017116275
0.534036243066
0.357037562206
0.377004917197
0.412099798313
0.496264551445
0.425381694414
0.643922140078
0.387930186386
0.515492492218
0.484208363105
0.500747185069
0.463799047895
0.497463910399
0.534057979367
0.470739749226
0.400826837784
0.42953811045
0.511395351358
0.592289042779
0.644439845884
0.359500546185
0.571728664217
0.457294585563
0.716909012598
0.482127646852
0.280064379461
0.561510325864
0.446406706857
0.507989022859
0.423767664105
0.502208575614
0.564429155503
0.410206036352
0.57920807801
0.658269887562
0.542410464987
0.527520701846
0.46791713897
0.645308881585
0.51940565759
0.435586974647
0.554286054062
0.348982693445
0.581726996974
0.457719414917
0.335764048274
0.632667439345
0.431352992188
0.576319197173
0.470722229352
0.488225149895
0.567577368738
0.409058708392
0.573853113849
0.630078412889
0.492350716351
0.62834069437
0.655269464046
0.664296881201
0.429297076295
0.504184274786
0.572904197434
0.423293312831
0.559556990446
0.475745165885
0.506973864636
0.38302033665
0.520140545356
0.611802088787
0.485881060187
0.639844863334
0.434354920489
0.530344412897
0.45522714528
0.377256653553
0.501772920536
0.406287606053
0.593139741399
0.587890544577
0.611930626468
0.504370056056
0.726197089555
0.647744265704
0.480944748433
0.547616640872
0.501449773061
0.482831580411
0.475170866486
0.61357170674
0.487772181988
0.574392191719
0.49719826965
0.554028461599
0.653189478586
0.59659910423
0.49115684016
0.408935069562
0.436074980822
0.651149061363
0.440822245181
0.483069705833
0.429555369066
0.458699958622
0.502532732169
0.478014991297
0.294880434195
0.313532866111
0.444036055165
0.468041155605
0.480059808523
0.648757873318
0.530774093793
0.509151075392
0.591182894544
0.502011216025
0.473047344732
0.485405186262
0.440887760493
0.443463802015
0.584313205109
0.548783918654
0.481912386985
0.640239593718
0.495470076178
0.288043809596
0.527543539635
0.596578792662
0.607591110043
0.552368809659
0.346625530402
0.492237489784
0.476538320219
0.667376579802
0.517174129273
0.626259267412
0.564132611254
0.487686941807
0.560836024247
0.50435395418
0.59935990359
0.455088459101
0.542367569528
0.524370558996
0.451966030959
0.566041231184
0.528683916125
0.70793110733
0.480936998278
0.559181006735
0.52909127654
0.416890993249
0.577705506789
0.677676674826
0.552930092801
0.652621347731
0.532249076922
0.267236591766
0.521369139364
0.538896131305
0.588142749296
0.268109742647
0.473085663273
0.412572201033
0.501613280061
0.404729113016
0.485507342474
0.45282885122
0.6846571404
0.37564243786
0.45093281861
0.528436564072
0.570722584853
0.425400268834
0.606477393648
0.495294019282
0.576603585592
0.342388447319
0.527540219268
0.559876140966
0.480060458272
0.562047205787
0.483359458226
0.330470557811
0.573825700206
0.452536457787
0.591046614729
0.612329430877
0.489867294414
0.508365091682
0.72954717353
0.502057593426
0.488127715574
0.723622170265
