0.345937824963
0.289722388037
0.278921843283
0.276895366492
0.203017982669
0.300345751301
0.26831626452
0.217508456671
0.258567980371
0.314386040025
0.246765232345
0.281395413324
0.262428241101
0.357999189615
0.244509779002
0.313815247937
0.243926459825
0.203149815119
0.288852054808
0.320594923802
0.233404101371
0.19386389358
0.280453101118
0.191660951463
0.243561374544
0.231090435208
0.232676008698
0.472108331956
0.337726905381
0.281253213421
0.266295457161
0.19698126799
0.27261397625
0.294374908706
0.200256954699
0.287829514577
0.268474911175
0.286309724564
0.203428695043
0.26891255953
0.336671730174
0.246687000302
0.273707578606
0.271497063607
0.30909775384
0.236358065048
0.302045661662
0.230941328216
0.272680790049
0.310981168069
0.237921064842
0.294039973648
0.315880318243
0.250540704364
0.300448627038
0.289936441739
0.325423934031
0.197341501538
0.292011101012
0.273791216871
0.251327203606
0.270308252455
0.258424381932
0.278538211857
0.304541587659
0.268961007694
0.295782577647
0.308206675642
0.359348177524
0.273850323022
0.261384012757
0.339098199606
0.224034599264
0.310340755353
0.356718373141
0.305427372897
0.366507579657
0.278935511877
0.249199819831
0.304641666985
0.22547001035
0.306150249145
0.221862482716
0.384021626203
0.29321325146
0.287562855337
0.287398393189
0.271511746031
0.226565234018
0.267026582666
0.254218929293
0.285426893657
0.306877758427
0.374275371987
0.212054631539
0.302638320387
0.298898174099
0.279057676789
0.286627167805
0.344613622739
0.233636234771
0.269832720159
0.330018562346
0.33639846136
0.206429808703
0.279137647935
0.31483355413
0.274900267394
0.356004747891
0.358686251116
0.285145238563
0.255923380049
0.386586256312
0.289710162336
0.299211846212
0.224288823733
0.32404591411
0.247255302884
0.312423878375
0.366770525938
0.329835400608
0.286255274414
0.319825785967
0.304716593556
0.243443048945
0.205506585863
0.340086774189
0.390419857176
0.236444716771
0.365837533659
0.272689047746
0.364323732148
0.311283961634
0.293180611657
0.305272745912
0.267073233223
0.270386743428
0.257986643884
0.238992276442
0.274209876386
0.284439405426
0.264686589841
0.244045763766
0.272322450824
0.303285694526
0.203041568506
0.301292552467
0.263387241032
0.297986462895
0.297985961195
0.277074229503
0.322685543626
0.367245314335
0.387395715924
0.307443106033
0.230002980481
0.350891128655
0.371216487082
0.318298896169
0.199279618286
0.198208820303
0.255613381243
0.222081787743
0.260758189767
0.284988749779
0.367987846041
0.339854838601
0.255332749799
0.250869922276
0.264346775172
0.245140030106
0.207415316172
0.205506382615
0.312258929707
0.266202285555
0.334456678516
0.219731017959
0.227259773563
0.294715852802
0.322295243273
0.234568876536
0.321201116359
0.216093958861
0.268370263043
0.192495374156
0.265304907042
0.264595795794
0.325491988073
0.311294497622
0.353811728402
0.29902887578
0.300111495632
0.205885422329
0.288341958908
0.263018135878
0.310491784726
0.23500444713
0.32296087173
0.232427264768
0.286834539697
0.256467792601
0.264737950259
0.243730678894
0.351440581301
0.266719150555
0.327082107462
0.281241483513
0.343058716666
0.242057384612
0.339962643852
0.254960469666
0.216816441023
0.27131193354
0.257988845146
0.217949702854
0.309547793078
0.227059537909
0.249563217533
0.384420435958
0.263838842096
0.202828466937
0.294857293695
0.287954587996
0.345993545495
0.31573548736
0.293594580059
0.285778135735
0.320145546656
0.231061719533
0.379900641215
0.207356533534
0.309021284213
0.284450021543
0.264974901093
0.259491667408
0.221126201577
0.338689616866
0.288396849947
0.342203604552
0.341699579774
0.244567093096
0.257408929194
0.37432870215
0.272477366676
0.205940345903
0.190408742577
0.327445155029
0.25108913179
0.373781764334
0.271231356114
0.210337810586
0.359117321326
0.335765462376
0.23055294358
0.383232082377
0.233268807893
0.337206452536
0.34088189331
0.269453408128
0.257380050289
0.233793210588
0.276589226769
0.242123635411
0.314768470429
0.355316137497
0.331080091052
0.271262682562
0.264097138333
0.323213161313
0.305163262475
0.197560777483
0.189017407733
0.316869287424
0.269660293564
0.35058635997
0.262138972486
0.244994207817
0.245283296923
0.261930780686
0.355800291474
0.315745512377
0.246843822573
0.289655040704
0.294431905149
0.213118188565
0.295013812291
0.403054158024
0.282557755361
0.243998864501
0.38529776779
0.289725607683
0.285776664091
0.301675631531
0.307833717406
0.223177991102
0.30604396691
0.368139967686
0.207118441133
0.326596616842
0.31856207982
0.310340157124
0.329793401503
0.243466020438
0.264341373545
0.353004671068
0.231314830618
0.38622651026
0.241897873944
0.31251128602
0.249913565356
0.261937888438
0.304447015452
0.276300520275
0.307333070568
0.207399926908
0.374950408852
0.271924183261
0.24623825865
0.296472843407
0.253021788877
0.238031547477
0.35609971143
0.362483131407
0.322928891637
0.317573327817
0.249797020891
0.311504972621
0.235705091976
0.2964391536
0.261540379224
0.183727634283
0.29667707528
0.312159045173
0.320854039399
0.256831215494
0.407712075801
0.302869936798
0.236368417228
0.301376054566
0.300234165842
0.268883081739
0.314546085188
0.312410206491
0.250525263855
0.303969163954
0.31242663287
0.305894943078
0.304492896953
0.295938148235
0.302168428444
0.221591074463
0.391692003014
0.260433666911
0.389348424534
0.29122344059
0.233900089867
0.208738778155
0.240247359471
0.229636606208
0.264145053635
0.264981355158
0.271250759818
0.386483879874
0.381100649873
0.236723373117
0.332379491298
0.235125628799
0.26475697059
0.314973401028
0.191407485576
0.226790579316
0.25100494148
0.260530362798
0.305516784165
0.365839575087
0.257750955506
0.276443377358
0.293292701617
0.221450993929
0.253258308286
0.238800029443
0.252508500322
0.229008470286
0.21993311425
0.253281105851
0.235594264765
0.224422054984
0.373766408994
0.398729830033
0.364159019009
0.342609503836
0.265531560414
0.284489031533
0.19965268461
0.241021435864
0.284805905946
0.285101614399
0.292510697567
0.324797176812
0.29825941746
0.191458671629
0.210812674015
0.308333118785
0.204337970579
0.297269805116
0.363493001309
0.286574368996
0.320758430008
0.26931358101
0.278895577604
0.335642207589
0.280374747196
0.250713394703
0.325719386079
0.323284713439
0.289038768827
0.338824439506
0.293499113858
0.35501666817
0.343664983383
0.206903483326
0.299508980135
0.21203866795
0.275233610229
0.231115724068
0.394411876975
0.344181099816
0.327057232907
0.277860444427
0.294230702133
0.26061888207
0.295492736707
0.265969358516
0.281071579326
0.293809710338
0.308503905834
0.28200796512
0.336369841265
0.320957142264
0.291076660896
0.295440034041
0.288640933989
0.347597983298
0.19038155301
0.319821471838
0.250938191256
0.336182116916
0.335180596666
0.304097479178
0.261811128007
0.341035697925
0.334101696678
0.35289312362
0.350885692051
0.270620675455
0.300878531739
0.209991308908
0.248675576713
0.270037133807
0.386765148618
0.270794502625
0.230010835939
0.358498136136
0.219178929479
0.338995896774
0.302112159414
0.231091535897
0.25007536548
0.352111876356
0.291705861866
0.330374352893
0.319959324668
0.234796845643
0.265357311004
0.230631038433
0.295527577297
0.3159745489
0.356255635635
0.392312080478
0.226084209502
0.304587199577
0.174461628364
0.221737248209
0.273160516184
0.309228988201
0.239104805201
0.181766969054
0.26544297803
0.381162610459
0.27234406677
0.270559170662
0.258283589637
0.303138598657
0.262637519043
0.291670855487
0.235245108437
0.279074670919
0.301937836713
0.250934630893
0.25570173794
0.347899649585
0.290046025845
0.265914181188
0.252820759518
0.284559679007
0.266759217021
0.305071057319
0.286076609459
0.236263435877
0.19598511037
0.233820986265
0.260197145595
0.368529536318
0.273343973491
0.389035372511
0.277466154502
0.241358740902
0.35437098244
0.198045370851
0.217460612908
0.283025371078
0.282190744577
0.283758971663
0.3835026128
0.26222427337
0.237032071565
0.254826785178
0.322579158076
0.331449721446
0.296288595355
0.306961683374
0.313488841934
0.297826105245
0.388298107925
0.446743737248
0.393231633242
0.23994626094
0.33825435531
0.266203007306
0.214321530582
0.291062746316
0.228741090338
0.277029957988
0.232463486766
0.310296054458
0.258230121302
0.305632739508
0.269919857798
0.313561957108
0.308326419358
0.184293258418
0.35348406708
0.204246579592
0.316036264618
0.199515205597
0.356107485874
0.311461375416
0.211501856599
0.23062867015
0.247896277841
0.244361471882
0.34906384044
0.426496136864
0.326335456307
0.305304166173
0.296630642687
0.346701181663
0.226098810493
0.221614403802
0.223906498147
0.284195670819
0.290978085722
0.267471828983
0.238290849914
0.244974926307
0.320243467486
0.332289239873
0.278850638781
0.329862220222
0.286401482597
0.249880283952
0.259543472326
0.311852331649
0.233523115267
0.326903914338
0.256831266357
0.297421327281
0.28517528981
0.217137685291
0.25605797322
0.270364459105
0.272563571532
0.300306099512
0.264193118222
0.259526047316
0.328986355756
0.171128712124
0.3467980267
0.273810928522
0.299936306701
0.160101877548
0.21806133368
0.39131474766
0.330158596751
0.322126501273
0.374409496142
0.304637082055
0.28287098802
0.228679521833
0.361928750257
0.31675927265
0.214859450794
0.290928339266
0.240983027949
0.287078098787
0.226623724726
0.290776552687
0.179698703353
0.222161315967
0.319197404405
0.277624335368
0.241306978798
0.254116217026
0.356234304482
0.33513638473
0.271422864599
0.386736259471
0.292963606722
0.323296872603
0.245644463849
0.263496809287
0.225045339946
0.274014769434
0.215256212889
0.2917588745
0.272322692487
0.26526971799
0.27437785974
0.323851836425
0.295633378517
0.256453955491
0.338905508411
0.398352971126
0.384422542311
0.365414683852
0.33493816582
0.326956676857
0.364762803544
0.408352275443
0.333333478179
0.354389742191
0.283150725626
0.395111893803
0.296591899626
0.242119836607
0.326557323014
0.415428771748
0.270624939023
0.306682424412
0.286874157173
0.367060260703
0.352675217708
0.352469719454
0.302091851037
0.26618521248
0.245717002996
0.259610387043
0.272950555442
0.369063717528
0.317871365166
0.219717153791
0.35884999768
0.3825501598
0.166798012654
0.351012731456
0.320815674631
0.355841407233
0.234287322891
0.293606579647
0.271352748386
0.214092865146
0.274356361941
0.316509578615
0.286703386052
0.32665212593
0.263953533918
0.222865348246
0.326427020762
0.217007152944
0.244302327848
0.285400391487
0.240251742458
0.276722548715
0.360494872056
0.309147367066
0.318905247824
0.229592242766
0.299809910196
0.328760117312
0.257747781368
0.254589294577
0.22571095216
0.334390566717
0.264439516121
0.434749859932
0.242271692513
0.329096450096
0.290788441896
0.368672392327
0.271160665466
0.235395499251
0.289022356702
0.310798426372
0.2481566358
0.203957640797
0.239309654784
0.311976634535
0.264346564905
0.276888587788
0.245448269536
0.405132298508
0.279386751006
0.247324573047
0.291502749238
0.220757894728
0.247440690847
0.237803980805
0.337452481454
0.344682224776
0.281884247374
0.334137096058
0.30669830533
0.255817114799
0.278821014768
0.2947601343
0.213067621782
0.248629559164
0.250741877416
0.341294423046
0.239106262892
0.386163021876
0.278582551037
0.33427662084
0.351915212956
0.280068966041
0.322974796606
0.25245867305
0.310666182311
0.1834943405
0.399951297783
0.246570653913
0.310051432929
0.346324694171
0.458883395764
0.314003125443
0.283560036122
0.348795311947
0.266720847052
0.170197730914
0.257428506764
0.191401018869
0.24375583715
0.260783125314
0.253218932977
0.249329247211
0.2512681824
0.338371233308
0.366106768015
0.355585483856
0.278404214361
0.362151088332
0.211231049791
0.354836819684
0.304189670995
0.344286955954
0.262182673983
0.219500822463
0.319157561447
0.322402669535
0.227887919026
0.219000739863
0.25211492512
0.35049482153
0.23174339543
0.291903545274
0.212204792046
0.310266105175
0.256858485136
0.22783440388
0.336099224616
0.365244401884
0.251480107085
0.301645416059
0.253145171358
0.24261986135
0.298474013501
0.270234005773
0.313359734944
0.326370544296
0.240494252478
0.384936158988
0.258187810289
0.264436975016
0.288912189073
0.290504499506
0.342847297374
0.252161170695
0.232461230616
0.264451932046
0.315264508639
0.327811468227
0.218925679149
0.275158916721
0.274130539269
0.305682189161
0.29480742099
0.353761760991
0.242526439569
0.291945595046
0.329807687713
0.299783854809
0.30666439258
0.320571194503
0.295928470931
0.349888640269
0.317601049156
0.331934569764
0.3690439945
0.29481447172
0.289634581961
0.346635992407
0.229842325185
0.295003281867
0.268147160131
0.363559718376
0.402247840193
0.256903026157
0.337204883536
0.349884678436
0.254019613835
0.281667787935
0.189973792173
0.341585812412
0.243918132518
0.253984587834
0.300755987179
0.232742231907
0.409285253486
0.294008145024
0.288165196373
0.190602094731
0.386575560463
0.189091654861
0.30838375231
0.38189045115
0.314796938189
0.249169365791
0.286405157727
0.298323759424
0.26581444462
0.323100646678
0.318027706739
0.332980366711
0.238962292388
0.220599895857
0.333936843557
0.302856591997
0.259169141427
0.252841718617
0.258335152265
0.280049396768
0.257429796931
0.313772746625
0.224262036491
0.269949179082
0.294688122422
0.324641781777
0.280626802834
0.265517374025
0.241594239605
0.334202938728
0.289274532924
0.247113140732
0.278623839911
0.244136941926
0.233720526246
0.258540604141
0.229293314666
0.260819165309
0.309469575588
0.298805206224
0.402395063369
0.297801022337
0.27258997659
0.227830099382
0.261571897934
0.353128798604
0.307197739621
0.284964231955
0.296528266732
0.239761416293
0.285949486846
0.226531412971
0.290152481749
0.292255107682
0.182712369865
0.30139692202
0.327312304742
0.269230613864
0.344394904323
0.264085150172
0.350591630134
0.309810224316
0.284041325392
0.319214895806
0.265225614161
0.276041964414
0.265298743767
0.331008348364
0.180099720943
0.214293371272
0.263251362515
0.204844349724
0.355779129666
0.351711886038
0.293353570131
0.255838841546
0.276233180491
0.335310586272
0.273302769136
0.265554336625
0.263042593626
0.249601755362
0.171726170788
0.312188026644
0.208989876063
0.276668121134
0.277449764546
0.273867330386
0.257595945993
0.308765749592
0.295442143878
0.297165122684
0.351774907273
0.229595730926
0.326466771143
0.220673815374
0.220034300907
0.348061030251
0.299175465042
0.237821877063
0.276064980843
0.277868594241
0.263470343459
0.318247543819
0.286037008266
0.354291141974
0.280545793314
0.283591893714
0.351164912482
0.337781965539
0.267442060145
0.315187319978
0.29609980951
0.310823039639
0.327243097293
0.357221116047
0.279022355703
0.344843117598
0.29033753375
0.235124768796
0.352307143535
0.313285958708
0.347317446051
0.227690050998
0.299287389662
0.303461047997
0.289793457666
0.297137815883
0.361812166623
0.288439753821
0.277180121753
0.31367122508
0.282199743477
0.314505969053
0.342084686379
0.229810309304
0.256735544272
0.250266093045
0.344149968065
0.372173265358
0.271755039136
0.251438367294
0.30762362936
0.144271301325
0.259085549478
0.228108948599
0.235198147241
0.387542116853
0.331446700466
0.2207647467
0.28104824012
0.322279605844
0.328477470721
0.287657528849
0.220532865502
0.373412344771
0.316150567366
0.298365043661
0.305669709078
0.243973681912
0.277086459517
0.254339167861
0.206950368521
0.253906744815
0.315812866805
0.331435270726
0.269832873948
0.336445119638
0.245569437303
0.338576216725
0.239384155778
0.303248085455
0.265094581463
0.265693215374
0.313849508807
0.276032493049
0.328986066279
0.323084263127
0.221848916627
0.222156789999
0.263630052504
0.260520967928
0.320470769388
0.290538271416
0.277907037244
0.277749246449
0.33020045995
0.250793745085
0.368178303093
0.330599369825
0.255163003698
0.32886148864
0.282476706986
0.243963266246
0.321391191521
0.278003102717
0.288188783864
0.271396202646
0.284901966029
0.226449852455
0.324965148612
0.311754972604
0.221573497628
0.350658470971
0.291644591174
0.239902915378
0.220447857336
0.224251555409
0.287941664995
0.295178741196
0.247338796422
0.319630451546
0.31025101121
0.381915659413
0.227523280953
0.300142435097
0.342640352017
0.251350694791
0.278022165632
0.306166444874
0.266171047353
0.285716092739
0.273326927802
0.293111626193
0.194903704894
0.266510358455
0.334077180195
0.250043019451
0.273585151826
0.290541595057
0.273918136286
0.246017791634
0.273427083539
0.252154228938
0.202999969775
0.241530948893
0.304439997035
0.251038141383
0.250109672588
0.218783319862
0.246187462994
0.289268060802
0.333954039359
0.325681849806
0.347238036267
0.314334984062
0.242301011269
0.363252618917
0.251097773668
0.369000043181
0.20443785771
0.305420409026
0.406046721094
0.238337018695
0.306345381042
0.238923637702
0.312205616466
0.253939044224
0.241071840975
0.305037540924
0.24783487702
0.344911913409
0.339984267758
0.248327226525
0.256276192783
0.385880305021
0.201085758691
0.36569676875
0.263699482084
0.383359417358
0.334304927023
0.257134860497
0.248987347307
0.378032224132
0.246802105981
0.283372611766
0.359319168394
0.25581413519
0.323879982387
0.28784946603
0.285875179225
0.292226962649
0.277505598009
0.290606856292
0.30488501199
0.227313882346
0.327751778573
0.292441158878
0.352106164226
0.234076438389
0.276551999708
0.36147972702
0.393745446778
0.2950570718
0.276416753501
0.231669301116
0.29016045291
0.200183706426
0.307654322794
0.205040242289
0.25481025533
0.252760656575
0.20942046867
0.259432748809
0.264919108972
0.246511450901
0.23985457717
0.248541990815
0.330112412592
0.340788843335
0.298772309195
0.202777726106
0.208231164477
0.261088183151
0.29651223397
0.331165064356
0.277474230754
0.328250537845
0.274386877482
0.283940345199
0.332821850524
0.28546872009
0.31114274311
0.254860056836
0.344419379759
0.223396568393
0.285450076352
0.231804017227
0.242578412202
0.373263827635
0.328463173913
0.266192887034
0.319105869047
0.304484118796
0.291313484675
0.29735418459
0.280953603129
0.252646384624
0.289857949779
0.264440780946
0.300795627568
0.343000630827
0.280087546632
0.230894429643
0.343549048518
0.241844066783
0.24040721883
0.288346030595
0.292163683676
0.223352549019
0.303820088719
0.306340781554
0.439221010579
0.323646980338
0.316329859833
0.258481773929
0.252691218291
0.283651476342
0.407038365931
0.305283605841
0.237525443138
0.323630616457
0.283442682154
0.323932689675
0.253518789131
0.254343014781
0.300647813213
0.270252493349
0.281502475959
0.250919687095
0.250532053164
0.309549872729
0.3069187198
0.261715073748
0.18111265173
0.241623780182
0.334616551474
0.396865978393
0.292562632979
0.214197229391
0.183958775343
0.297004521471
0.288470540254
0.30258676269
0.346628361516
0.301961040515
0.284571079752
0.261401288476
0.307313293255
0.279086517201
0.365157816604
0.199574828883
0.30880942382
0.274738555896
0.305769828697
0.301059238309
0.223297676602
0.29204752702
0.328544452271
0.243326158169
0.405287514222
0.223619365972
0.258566388565
0.310865785555
0.285037378122
0.29641654291
0.234369624373
0.301903984642
0.213153803355
0.318703995946
0.285045390168
0.249587637405
0.259564605741
0.300542276471
0.250722597278
0.14287491746
0.220318787869
0.225677108433
0.275605294546
0.308024860736
0.224673024592
0.346156116431
0.287794375381
0.307462218097
0.282962086778
0.367632101519
0.286887072506
0.263350532004
0.235759415131
0.299542660043
0.267697126568
0.25071048443
0.329808711077
0.292034639975
0.256606444034
0.212289567767
0.273012360992
0.37711419289
0.380392843335
0.293840143207
0.251911138141
0.237972367715
0.34084036233
0.250257366383
0.268353511055
0.258287744816
0.212155547868
0.319283522085
0.289031437818
0.267156459224
0.303705960042
0.317914427423
0.27508300708
0.359540716423
0.375530048442
0.286290689951
0.306983855285
0.287926172741
0.168232233112
0.296267877482
0.310369387727
0.24594956395
0.337250708956
0.287742026883
0.368168949417
0.322495340244
0.309491647819
0.335388126837
0.27507733032
0.204276633248
0.252176351646
0.430150003618
0.182682122944
0.264418055295
0.416833122796
0.240613317728
0.374019206316
0.388205909511
0.284267210237
0.309688861844
0.269258876406
0.284125340143
0.393347610316
0.261420553528
0.323631114944
0.320828927954
0.29700912122
0.230967465079
0.204071897683
0.280833645627
0.372434575937
0.262906838993
0.189854834627
0.280963660617
0.291880983124
0.206735108382
0.35127725468
0.238726031528
0.31771981719
0.192705618382
0.274177257785
0.283006084163
0.207649073055
0.337256648966
0.338549521784
0.320965591657
0.189412917782
0.322396049122
0.256235558532
0.262945677965
0.298574042204
0.299693726882
0.425132537735
0.293946603634
0.361184555103
0.273331831271
0.288252506643
0.304385695346
0.302660337374
0.294702947738
0.222265968388
0.310823815466
0.239239357155
0.287319000952
0.327120728941
0.282310922767
0.305356833194
0.339237223225
0.313752840383
0.238541994365
0.269629711521
0.256010246759
0.319833405356
0.377758526646
0.273519078778
0.331761122157
0.320067161402
0.371814836364
0.308351370439
0.320962620484
0.311049568594
0.293462243015
0.284012467108
0.373536386506
0.252172425245
0.303086823618
0.260488856508
0.346613590735
0.355121491833
0.274830944723
0.239576435013
0.262240015578
0.275026311385
0.339022682415
0.26590219974
0.369756509144
0.2473821183
0.320742968461
0.311997533819
0.302849186444
0.312047192577
0.337688834496
0.243703998074
0.309431800003
0.302734003207
0.311100425133
0.306966969095
0.33378719866
0.384150041026
0.248587756307
0.350073820895
0.241856725139
0.387936505481
0.358418250407
0.331159915271
0.353024161831
0.29574508148
0.287569346982
0.285609351793
0.374916505625
0.361555186793
0.289896012785
0.377385724341
0.251100925488
0.261299714361
0.243736425052
0.250171228253
0.249572005505
0.235267182122
0.315401832948
0.243773048663
0.265402811573
0.295183362403
0.262713245312
0.362776148371
0.310601997719
0.270182774159
0.29816325107
0.317608040699
0.248902560847
0.17632591011
0.342410824884
0.311540814482
0.253441711607
0.31196138614
0.303586698619
0.269995835553
0.302209526939
0.271500175808
0.307846553353
0.314961714417
0.255367105159
0.31295230599
0.153256454696
0.293852765973
0.285800995967
0.219921519366
0.345354222974
0.215545083592
0.263425823924
0.284455547475
0.292489359213
0.284413554121
0.252661336247
0.202782784918
0.27727781365
0.323952623074
0.359044335654
0.309083199859
0.252141962941
0.341327862894
0.374047673709
0.325182182243
0.2420431907
0.286362196771
0.248562718051
0.312499724661
0.262821127922
0.382460061923
0.316458872385
0.285299279254
0.299892382838
0.228627910146
0.326212132521
0.304313230808
0.294480703391
0.285844490131
0.39956287586
0.259251079442
0.3685224696
0.427096378122
0.246581746651
0.290554998971
0.267076455651
0.278069948172
0.238117965815
0.291730609819
0.291566833593
0.325272737851
0.325308811486
0.402303986971
0.348474850165
0.226160234657
0.19174492108
0.365018403545
0.284819933984
0.305575364684
0.265006612638
0.240504711727
0.310870379135
0.289339347838
0.308690536808
0.235095298361
0.325490671934
0.355209547116
0.237895263331
0.271511952905
0.346453633507
0.263877772254
0.25642252054
0.239827960917
0.220453177475
0.182485347227
0.259516299579
0.288750773387
0.237108369539
0.200627833362
0.243677242284
0.258753347392
0.324628687615
0.416138953908
0.29950897657
0.323845652962
0.376667962788
0.235153431422
0.283634378556
0.288980970579
0.328186550863
0.240830961505
0.301301669588
0.281109394522
0.258595397424
0.301709057399
0.359310560961
0.269515141437
0.284617032862
0.308786144062
0.201724444174
0.342282374888
0.265097832095
0.188924457339
0.285600647593
0.246721935286
0.258721739305
0.273941945249
0.307307903357
0.205445735311
0.302680914848
0.273299074391
0.285741757988
0.410936974397
0.247622069236
0.237469823227
0.325208660936
0.293571597708
0.285880360518
0.300368170383
0.260719845261
0.318800656944
0.304908084388
0.297013070586
0.29809949389
0.348597591855
0.290459590411
0.380356792354
0.321827665734
0.427579051178
0.370918090976
0.280685911886
0.285652269477
0.282296847279
0.328232446324
0.27200065902
0.243708407882
0.373491434573
0.165028554995
0.360763441893
0.239104054234
0.286581486446
0.427326095106
0.306398688895
0.220953232106
0.309632070684
0.353261729264
0.239114287883
0.269017625149
0.353442798588
0.337907563037
0.347998496842
0.386430128012
0.292689229894
0.306194521409
0.252397327472
0.369813261157
0.287956375426
0.256789616795
0.282171737599
0.300524732125
0.254428671165
0.333605352818
0.215962453437
0.250666366584
0.314671928471
0.2366021932
0.303646264712
0.24245472225
0.23499520636
0.264358451503
0.243876985484
0.240395202673
0.246782493121
0.302306909435
0.294571628456
0.267577394423
0.308055059101
0.221405269086
0.273622832823
0.309154195393
0.362132723651
0.292887812836
0.315948152395
0.195343871808
0.245201905446
0.288467187044
0.28783524902
0.291223528725
0.34767505649
0.3335798807
0.359738581676
0.251172647479
0.207308378253
0.240152870016
0.32946192909
0.274375665795
0.255065396782
0.297203556614
0.397406623414
0.299466364085
0.244924233472
0.318584580769
0.23167826559
0.274057205355
0.328100680118
0.274369142319
0.239867322807
0.399248118228
0.38577912451
0.399530267611
0.242825759161
0.23076016029
0.300178611826
0.348644038182
0.322200080793
0.299609399018
0.270361424908
0.216099718242
0.348437108717
0.232894834233
0.381294234861
0.361894120388
0.19199451092
0.281405571913
0.332917040005
0.321468910574
0.297829865215
0.385474526508
0.300824397023
0.289400109178
0.273882758738
0.371909603599
0.391531536908
0.367961773417
0.299883090917
0.362076918236
0.351113705036
0.199539475725
0.273962653007
0.304967096386
0.281076140692
0.238962189988
0.262670152471
0.265089274331
0.264147472727
0.370303922725
0.386536831496
0.352143920757
0.323139884662
0.290457844581
0.294608902167
0.243091898456
0.381629525593
0.284314720335
0.261424111625
0.307053346765
0.232809174182
0.296419726478
0.257964630813
0.297461399333
0.319142102966
0.265783570504
0.242445571466
0.336679907344
0.312631649876
0.323078406002
0.308243431212
0.30722794812
0.243223316094
0.311279430695
0.31644497278
0.20395142523
0.311896857981
0.362705237058
0.263309730336
0.246656946501
0.22299729976
0.257628783192
0.345858062147
0.242671945745
0.344963157999
0.28350251423
0.277465527542
0.337068006718
0.348193148912
0.366407797294
0.349465311108
0.256192362709
0.264653788995
0.251626349439
0.319056561178
0.326565122486
0.269910087583
0.26704067448
0.400408888119
0.29631856622
0.252862788407
0.238678371757
0.319422143933
0.312707433224
0.26974931612
0.277539424586
0.378747917078
0.219389942748
0.291406037511
0.259051056674
0.315559757659
0.260405845128
0.341461612117
0.314606569404
0.329475503346
0.281892023199
0.236233432536
0.365881388881
0.361945298137
0.216328899205
0.369892727785
0.258649333514
0.263181071464
0.219770610285
0.291603752973
0.29697719801
0.2657988803
0.413941521575
0.286568646757
0.347383217678
0.318034995384
0.227857503993
0.266039824388
0.278309978305
0.220757208805
0.306388496132
0.281893372125
0.209069812872
0.418081747072
0.27835818683
0.288077226051
0.296364198067
0.298716260213
0.213905654812
0.390255034023
0.279819269147
0.246830218605
0.262013825753
0.250278292644
0.309494937581
0.221580467999
0.287935146754
0.456574200914
0.345239530558
0.226454618962
0.288293076734
0.208872785553
0.307793264158
0.360961840645
0.308805681559
0.304614542604
0.344515495211
0.327142303191
0.268773488043
0.306448112434
0.272396008792
0.259427781335
0.415632176313
0.270813978792
0.243632983528
0.461616196752
0.211050813727
0.248372061721
0.404854466653
0.280698119494
0.341698949358
0.30837417679
0.270905805862
0.240771820754
0.272447017755
0.273734244618
0.407696699465
0.319252103989
0.240534018286
0.196190035886
0.341711949919
0.294465814073
0.272427358143
0.218786523311
0.21166342621
0.265018375863
0.311102549507
0.28513015609
0.308298346271
0.262642007049
0.269538466379
0.270228495927
0.362868020732
0.221858037254
0.244360555569
0.243443324168
0.238402600691
0.232842669678
0.265913472043
0.259361623365
0.273611421803
0.28849832783
0.331100788853
0.366835988642
0.280781005183
0.196333059179
0.292968005471
0.293612336449
0.293263886384
0.35721893325
0.173500608943
0.26706980832
0.290693417862
0.224455050143
0.286474903757
0.224341810756
0.327546042498
0.275324875085
0.335899093786
0.322197856116
0.239121193983
0.333361455155
0.197404524204
0.367616545464
0.231353451605
0.320197427557
0.244210155421
0.284113965716
0.303777215762
0.227547470738
0.306575398355
0.263389335231
0.272905599128
0.317184613136
0.326635212613
0.355875736259
0.221944777793
0.318451672458
0.303705685548
0.331331061188
0.340763217304
0.378983574283
0.31284832682
0.265147949213
0.31898622956
0.274479101129
0.387182468634
0.22955576242
0.263954826235
0.271318000761
0.276382164854
0.337251576772
0.258172424189
0.278134271815
0.242033560739
0.185226553937
0.252403939121
0.345883769928
0.337171017507
0.22597747969
0.297848969427
0.31707317948
0.497697217857
0.32548184511
0.27133837776
0.211789930651
0.262499136887
0.252248214844
0.312144805423
0.229329242762
0.273632779312
0.267544770237
0.274353088957
0.274218671065
0.364469176197
0.289234717335
0.308488305938
0.269807926883
0.224923579854
0.296072400516
0.418617503578
0.430063372831
0.277923411221
0.304448350195
0.297300705113
0.285404835961
0.340595289323
0.204334569833
0.374453686979
0.205957317949
0.29622995532
0.263391968669
0.228395453384
0.238590514692
0.32798252447
0.210002388772
0.309124191296
0.205983560184
0.359124705825
0.23297719085
0.291066088661
0.350826636261
0.315705837827
0.381664120807
0.260916054075
0.219987433889
0.24843913882
0.320838951196
0.356874435356
0.249666468737
0.271056140162
0.233202670118
0.292871645451
0.309412958139
0.363131405751
0.270439236991
0.307553992463
0.288912633203
0.260957763208
0.265441316339
0.239737693939
0.296643415346
0.276004604217
0.246844581693
0.348567294842
0.207209691445
0.308765589356
0.321048233327
0.286632252841
0.252827544087
0.390156334468
0.240545584321
0.297877252656
0.242400641745
0.305591277794
0.331547094469
0.322152034867
0.268201079207
0.317059511775
0.319820713491
0.402281357721
0.435288769388
0.254610310835
0.302849275114
0.32721672231
0.284575735592
0.248824744129
0.331577557982
0.218018277934
0.320350962687
0.257657945042
0.313773176801
0.246587082978
0.30957007137
0.272873836354
0.349947306048
0.300759439856
0.295398382753
0.258562572899
0.210537661663
0.22814572301
0.347210646175
0.295019950641
0.362158165692
0.232026174433
0.269101170037
0.311683259323
0.242967447133
0.327539244502
0.371599494704
0.293076946819
0.224724538464
0.395995059626
0.336568108378
0.250265978282
0.370184592438
0.296118738732
0.294087667362
0.26209424172
0.24350862645
0.303582362688
0.326133751884
0.374201903131
0.231528950795
0.333546124736
0.20719648448
0.231578000104
0.392935670682
0.297530852235
0.239630005715
0.19320617218
0.332410006992
0.317837751163
0.322702339894
0.25332832839
0.268167845877
0.346723518692
0.312623876594
0.347318468785
0.266667124337
0.362246662733
0.282050543433
0.345633512144
0.274474694402
0.351056610736
0.297694796696
0.343780939085
0.346842494242
0.252825333726
0.250730251286
0.236976570271
0.313981814896
0.234551477619
0.225245229873
0.255511667216
0.30257922819
0.29660481789
0.236293852874
0.314976648759
0.28638384869
0.257667547525
0.246819260453
0.389918631747
0.234414679603
0.296475574959
0.294388634225
0.199715444699
0.288792455048
0.388644210194
0.297361370565
0.370027001467
0.347107660075
0.257463261177
0.259736907221
0.287725797261
0.366201073061
0.336597274496
0.241987904151
0.252628771571
0.260561674784
0.241237651626
0.281206329784
0.233049658275
0.270777309001
0.24838601806
0.233439096915
0.26775562276
0.291311028013
0.26374396904
0.276246729042
0.257332118665
0.258335613604
0.28988756237
0.308126822799
0.298242478343
0.307294683095
0.280898892123
0.285349947825
0.277936335452
0.325561567757
0.279943896947
0.301862873623
0.270147272028
0.252290667848
0.219792063627
0.243168347918
0.267554401911
0.248853717707
0.287447159655
0.300310584902
0.354959323466
0.278740161695
0.299480162849
0.304017224229
0.246783161072
0.362087669007
0.334447698008
0.301014743586
0.303789275371
0.355232129795
0.267837113762
0.317012805681
0.219822705149
0.325862713861
0.218798160012
0.26427442471
0.343672250662
0.238466626811
0.373128785741
0.280733401533
0.304483365032
0.295232408251
0.204178411955
0.270792205189
0.296186323853
0.360905833537
0.250914877663
0.273342080305
0.179306672456
0.284388501965
0.247896863952
0.324535890319
0.308018541623
0.323573216221
0.264602002165
0.385914852748
0.275577853666
0.298960385763
0.480789494072
0.238066933029
0.24185157602
0.316054529562
0.242740101379
0.31230923243
0.29387786231
0.291829238208
0.262159180444
0.248177972709
0.289579663701
0.329408353055
0.305961829596
0.351845292531
0.360388537142
0.270490437185
0.22961344449
0.236920294064
0.244164142598
0.197871084676
0.186908933157
0.269892397018
0.346728862631
0.331813788574
0.282343752214
0.223640197895
0.273115601454
0.338182630835
0.228007823818
0.275160696201
0.261692445132
0.285014363453
0.293336267896
0.271866600016
0.225940345031
0.268676908819
0.351120064287
0.28837510039
0.360939515535
0.295173624801
0.280700917247
0.256993002645
0.305334639923
0.181255416421
0.231212189819
0.278387999055
0.314402564988
0.337214814412
0.227262202451
0.315669324099
0.207188614433
0.3071791924
0.256207221859
0.244827035082
0.234172024489
0.334172325559
0.294465558492
0.239065495916
0.306275932773
0.228456795176
0.234583155812
0.246454746035
0.257234639369
0.284291943325
0.230259300472
0.296391690071
0.303768254413
0.242533122823
0.302876177945
0.266124052618
0.236627065056
0.287889911192
0.263599031968
0.257693116433
0.356043065804
0.377526637879
0.273484712742
0.295126390921
0.318871366343
0.239917576545
0.358868971386
0.269121674097
0.295963021169
0.293439566011
0.259888674346
0.345840020497
0.266193332852
0.295544946688
0.285425985526
0.262014125518
0.266244510991
0.317928320928
0.277063758684
0.28239385982
0.219704842484
0.198235756399
0.299262732919
0.311937592341
0.331397369418
0.3556272777
0.298460140796
0.284156327736
0.260668736282
0.245692690346
0.328303790166
0.267695718811
0.335032343767
0.255790888762
0.27669367284
0.326673238436
0.300569481656
0.361828389517
0.28034199902
0.34338198762
0.245524781381
0.318385778542
0.276299293769
0.300974098047
0.257227384335
0.279553495195
0.243289053074
0.285815565554
0.275429981536
0.32459167086
0.295721090436
0.342101268757
0.293820344552
0.273824887687
0.261113792484
0.255190565596
0.19517532599
0.347274630193
0.353978525418
0.293183310565
0.208282961325
0.250756097281
0.306603338454
0.261702938607
0.400836106361
0.20585928045
0.27897608469
0.296001502624
0.294654324315
0.266918700412
0.262480675424
0.349443804756
0.270382982547
0.312792437057
0.33887952985
0.230121336646
0.205011172202
0.234378131761
0.34549297586
0.250404209258
0.31214987863
0.253060720801
0.2103657421
0.298036106735
0.308451026938
0.302189721748
0.218668709384
0.3423415864
0.276291109667
0.41770505197
0.349639905016
0.26375033436
0.328455774922
0.272677166427
0.307797855456
0.241530221703
0.346495199764
0.334507952446
0.341923815796
0.333818586491
0.233396501593
0.299363300425
0.258918735322
0.269344695553
0.228176375624
0.342882349133
0.296776752959
0.291928896871
0.312841450854
0.311899325983
0.287448260444
0.321410502639
0.253932564638
0.270215314093
0.356793003037
0.236268820388
0.25268372629
0.28946556343
0.284054679941
0.234089536673
0.277395959728
0.308900520598
0.278562257874
0.386233030835
0.298724657382
0.308617850795
0.186229574464
0.385250130687
0.32676880102
0.281086879503
0.299162546435
0.405353813584
0.188793757118
0.251104525949
0.328361597076
0.328732162546
0.24773412186
0.213871423873
0.199007898504
0.327071336783
0.301046445091
0.286693753417
0.314985351689
0.23411157177
0.267472185493
0.236307020243
0.280445806918
0.238985783196
0.247643128817
0.24362331129
0.319413359818
0.390617653058
0.203933947395
0.26554610617
0.326303532545
0.259120280243
0.302603895709
0.287448526955
0.244982543707
0.339460772548
0.252146079454
0.313949320334
0.291474217126
0.199193517478
0.271161818473
0.380202521686
0.308520562741
0.292781280989
0.269038956013
0.343275599725
0.245041705174
0.290783067231
0.26344749158
0.249099041158
0.367439992815
0.21898687839
0.343070606902
0.215837561945
0.29065577576
0.352960176625
0.205459874271
0.24121537856
0.375535574458
0.272773431033
0.239378412373
0.264277057424
0.315388145871
0.254373202226
0.338317032766
0.373031144595
0.263562179637
0.264627305458
0.337805016864
0.272983008264
0.288428160077
0.293867149523
0.258852976334
0.278338142573
0.335793498778
0.301529694549
0.288685664238
0.302628308541
0.306188728253
0.290650317489
0.295999330775
0.284164615947
0.321366309421
0.302757076724
0.257995458628
0.254417586422
0.247501625052
0.241436509544
0.288806730142
0.178504021394
0.278903168245
0.183556647958
0.294482714646
0.285036393846
0.338707378345
0.200984374734
0.3580612785
0.315032344012
0.313933185522
0.384700609192
0.286731282458
0.382242764726
0.272004712783
0.313480877558
0.325502053786
0.294031434959
0.218205208206
0.173990218307
0.286241537327
0.224547590127
0.292838178465
0.319323785949
0.240725089314
0.256404219239
0.273159054753
0.226198329217
0.289531339169
0.336317920714
0.29859688819
0.343657139316
0.265263410688
0.323417796552
0.342037818768
0.349340820132
0.187025899977
0.390406708816
0.232470079164
0.281879912904
0.265872726112
0.357812473025
0.318686127003
0.260583077448
0.291804387699
0.227393857743
0.300961275194
0.221582884954
0.308780083798
0.294205020622
0.264733580165
0.273209220618
0.223085245777
0.366998759102
0.301775326461
0.323556868071
0.33537431563
0.181925755526
0.212110103947
0.225563625687
0.35462252641
0.38530820405
0.354800110668
0.264830565548
0.333235385419
0.22375207238
0.315442355315
0.341708252314
0.376659743504
0.298183996258
0.327269898397
0.35908004158
0.320342157826
0.293883268436
0.366485280759
0.277885943466
0.224737527391
0.189422552595
0.238125867212
0.217568222088
0.234057729915
0.381920928388
0.208610177233
0.260380318937
0.262126816956
0.209634723004
0.245531570325
0.260535149436
0.291382712648
0.22247127638
0.25785115573
0.315349655266
0.33333059149
0.343930079126
0.286614402588
0.333988776804
0.386081169548
0.311944651702
0.256383384357
0.28794034935
0.332238138118
0.351642232649
0.2649356768
0.259308712742
0.305679687972
0.365894116215
0.310218098157
0.326757363757
0.264907493515
0.306379160357
0.274220957773
0.176438625847
0.394747347381
0.304101872806
0.185001423052
0.302328082908
0.323122564456
0.165213924242
0.213759392389
0.277203623397
0.359144022813
0.393912583355
0.229502740627
0.27730313596
0.295900860935
0.278216175084
0.311512680216
0.300373927504
0.327784330228
0.388646294601
0.224488731141
0.254210833864
0.346480240161
0.279282709296
0.428025322711
0.301490783121
0.211283586483
0.215957476151
0.288942240166
0.266518276343
0.339058563857
0.279141698438
0.230936726201
0.279604634744
0.247176989087
0.359328270394
0.272535798232
0.34228100146
0.266824184957
0.256533010046
0.224547597144
0.325261444077
0.300562559925
0.29406210937
0.397701991233
0.24581316367
0.281737494871
0.385896839503
0.292391366509
0.207691262119
0.357753921174
0.186534303477
0.274332659449
0.348370870153
0.267629509023
0.334628061629
0.21173390182
0.307296024516
0.302197713948
0.283835156239
0.235965841374
0.297043654865
0.240585587249
0.203470087135
0.275695934962
0.265376254431
0.345688230663
0.243776797386
0.287341196833
0.216304646468
0.290488983734
0.390542567944
0.250315763505
0.229591066607
0.302886993207
0.280496452802
0.334564836135
0.319231436764
0.303161679938
0.249950054381
0.310151415646
0.224553665538
0.236631119236
0.230313943948
0.239528022115
0.324462804598
0.271713406472
0.285098188262
0.333737373456
0.351946122479
0.302186329558
0.199265180513
0.304474932789
0.327960074654
0.279014902684
0.224834028362
0.405939107467
0.312202848488
0.308667046168
0.292662856432
0.275103230235
0.229676242985
0.331085423635
0.278073604257
0.316213061168
0.302305821911
0.297786139227
0.33595643914
0.319774185118
0.31690268623
0.254865010692
0.284906634527
0.332404326199
0.341442511507
0.322420947266
0.383010122419
0.296230007488
0.190682142812
0.342291334182
0.351095443384
0.249091631119
0.300431972299
0.306483202132
0.381028293782
0.392308159277
0.325398301385
0.234195079554
0.323278426494
0.307294710819
0.298128058932
0.27492268823
0.316485250679
0.232803984837
0.293367302369
0.271130187146
0.240007113327
0.331476977333
0.276251884887
0.247565771653
0.298157876521
0.227188098543
0.211116008772
0.326060099192
0.3314411695
0.28816819632
0.300422883643
0.272850708215
0.284238327395
0.248004622348
0.298439453587
0.324082678744
0.261948022555
0.276038865475
0.385540796773
0.244528981453
0.321567472023
0.265319026211
0.247271140969
0.171731455281
0.215120365636
0.206343822223
0.277147612391
0.441654131751
0.320179932222
0.213341768905
0.203072593903
0.254530557144
0.237721722627
0.249531557719
0.258991606711
0.306705527578
0.310890994995
0.270160114595
0.290459141484
0.337768705378
0.28929195489
0.225452088765
0.377271911777
0.356182951784
0.340118025524
0.262400305381
0.253827782868
0.321512965153
0.247033534549
0.266951052746
0.318199777754
0.278204748318
0.266100375511
0.282062239056
0.232370006592
0.282486167567
0.351435667464
0.264008557658
0.281686316068
0.316315251938
0.345745585229
0.21736584547
0.281110987124
0.296975542863
0.250190120845
0.277825814409
0.324664431444
0.305400820757
0.279403824356
0.216471519534
0.33001097635
0.334629374989
0.327700089293
0.333384134725
0.223785910016
0.220979652166
0.256565482342
0.421525007424
0.2881822825
0.242570705129
0.306665014717
0.29364712781
0.260921538795
0.198726043639
0.323683303372
0.269014216628
0.359536238066
0.224523582319
0.335884414656
0.286383179169
0.220911505082
0.266558532023
0.30148741999
0.318458389683
0.30453394634
0.272309392169
0.234572482295
0.227710674523
0.29690154138
0.376741760986
0.256760576695
0.34396664151
0.28195159155
0.233425132994
0.305614913624
0.334058573082
0.383569544879
0.330040288459
0.177986509639
0.253021784427
0.269037472135
0.210310787748
0.313857530968
0.223078673658
0.329107293082
0.348126545836
0.346039139035
0.283035517626
0.273756845926
0.313614522047
0.209178752446
0.359748798827
0.250209307962
0.283435951353
0.284256915345
0.300472615581
0.409790746522
0.206550118276
0.327534617447
0.263345555194
0.264162356965
0.313685182591
0.249537278656
0.283582207026
0.272488150033
0.299612128135
0.249280054837
0.323635759209
0.237874737852
0.299955691492
0.309004910003
0.335092692471
0.191032433646
0.281323005396
0.372863741216
0.269005219739
0.362723229424
0.285679456629
0.323076348146
0.359130903528
0.227288569337
0.263679387773
0.32193888597
0.278137448039
0.256442278834
0.287100217213
0.324120894752
0.331185769807
0.368636262105
0.248563964426
0.302644742438
0.329298461493
0.365826555041
0.278421057034
0.346041102375
0.264707359572
0.293683889206
0.302432359829
0.33132307317
0.233426959585
0.270793201202
0.313800555286
0.369170976035
0.177527820389
0.177003381394
0.199531518484
0.243712281344
0.319411407436
0.243835995553
0.314079269781
0.346405376156
0.256317758306
0.264258685975
0.248954857918
0.25187474253
0.230226165789
0.272689658062
0.262809563
0.385143507049
0.321000906335
0.322920625999
0.29113915932
0.314406618166
0.236993312061
0.270760688691
0.325168017037
0.219643469104
0.161858388924
0.355139205352
0.342475487374
0.285715531146
0.251779068475
0.216336968258
0.282508393631
0.208985194348
0.296747863529
0.300027092271
0.281957036455
0.329127516881
0.199843031184
0.337879085507
0.317311239902
0.275618521151
0.382782323085
0.282683521571
0.25853029583
0.365356613623
0.275909425088
0.284304048793
0.282561439685
0.258493609258
0.260940056106
0.289560145215
0.225543568554
0.317809239513
0.289916074003
0.241428724953
0.212032023144
0.311355923583
0.238361328377
0.271093252266
0.296722524372
0.353659811886
0.257990518472
0.281037489056
0.350034113127
0.349825101055
0.252602753384
0.227205455186
0.233124636903
0.287191891631
0.293500733724
0.324623540952
0.276367465775
0.252959943688
0.27260924149
0.276244338484
0.325006489249
0.279111102899
0.32277699223
0.255512821716
0.257401546297
0.25552724614
0.329235894614
0.301129661711
0.289735803592
0.327598651377
0.311776200769
0.430464230308
0.352153048974
0.286825815729
0.23893178761
0.209003642518
0.32112261654
0.247612290714
0.356085010388
0.303495081166
0.289850662884
0.255770994083
0.322743794724
0.336836523266
0.324393717106
0.254401061613
0.297657013411
0.27135729912
0.363349293338
0.323756338961
0.261491046474
0.266256381776
0.395853956561
0.199878703519
0.298228016914
0.259308713442
0.363471589628
0.251576318628
0.25332647755
0.233207657367
0.32471348253
0.327420914291
0.278651758952
0.284117848732
0.263508804045
0.247531992725
0.344654154133
0.371609022737
0.231897886377
0.212497111029
0.297810041029
0.200347410556
0.288545749709
0.34963942165
0.252349234188
0.219470714594
0.322417448873
0.294299308066
0.322789041517
0.306298537947
0.244524512619
0.33286179471
0.25206537076
0.254282176447
0.352388112471
0.281216161063
0.252312390498
0.296901744183
0.266001511658
0.211143875147
0.302301638623
0.355590844792
0.203391712904
0.217055383239
0.268825481426
0.295197891975
0.296564118511
0.254622873045
0.338239954992
0.305876928659
0.289770870623
0.265402966779
0.213355187606
0.291638632802
0.26169263758
0.299293117066
0.189500540173
0.319083789279
0.181723078155
0.281153412297
0.271951603695
0.302708229774
0.234089552721
0.334079072725
0.256477479503
0.302381764907
0.246699550274
0.222425656419
0.287288388478
0.258656533243
0.30608744058
0.318540810681
0.30727654019
0.242689392958
0.331770935596
0.280172311665
0.296514127166
0.238728885082
0.28262032707
0.308459650631
0.27346645816
0.29308480951
0.249700903536
0.276454906272
0.319748207587
0.291045478834
0.289651542326
0.314423133012
0.355591743834
0.235338422728
0.320885054388
0.331241153088
0.309577002116
0.3269874669
0.287519528109
0.286083957823
0.296051510194
0.387193661648
0.258530583628
0.286371025362
0.251526763135
0.251098748331
0.252790442405
0.330547192485
0.348723182489
0.238849589302
0.246764537446
0.319688911835
0.377684474851
0.261467392355
0.209741616894
0.375030686975
0.273491889986
0.303727054816
0.340973740046
0.19781553043
0.260840399013
0.324107138686
0.31550026611
0.330092140243
0.315358933577
0.327919343592
0.381453667813
0.332317851515
0.22366928729
0.271463582775
0.301991217255
0.306074285161
0.190885784057
0.292566960263
0.388972855173
0.316772779996
0.262149310803
0.259927847163
0.198850203098
0.336548460127
0.327254791211
0.349064067106
0.3693542808
0.289920280868
0.265785272543
0.235436549777
0.274090977985
0.271001715837
0.216730280352
0.241618672586
0.282286509653
0.306767071065
0.224849798077
0.340565852671
0.349505276148
0.28146737106
0.310759618475
0.322128786329
0.27094946434
0.363146578296
0.275014534772
0.297196490004
0.294330701774
0.255702873638
0.342049512047
0.258548617484
0.240335688039
0.212280861245
0.274437956655
0.202817652146
0.299976222839
0.399431331531
0.353112793421
0.270702818417
0.255089170661
0.358422155113
0.298591816848
0.272577543258
0.261113051989
0.288134040506
0.403869112034
0.302126511125
0.223620495402
0.387618839937
0.219525752907
0.234831402151
0.397503380487
0.261080572557
0.274186979257
0.326574068225
0.405405559377
0.316329094717
0.272198239287
0.291831579032
0.324762126342
0.26125293959
0.226849237267
0.328436411508
0.391321907305
0.217361712924
0.255156034235
0.224503478891
0.485372626396
0.246535971917
0.316851884977
0.240805385111
0.195075155339
0.328146716674
0.203973330448
0.368092763786
0.307916579095
0.314211334302
0.269304734534
0.262824383377
0.295591644393
0.239669145969
0.264942080534
0.293320109958
0.221430019308
0.289110359322
0.281431986117
0.2978257694
0.211193913182
0.359349621874
0.225792822997
0.270546599228
0.349818997414
0.380466574051
0.240774257522
0.342976007677
0.311802449685
0.378055618609
0.27700243746
0.161745773717
0.282535809968
0.204327832795
0.371477044227
0.310966476934
0.364829464643
0.265239241281
0.286983686217
0.312747911005
0.232173028283
0.186330039202
0.288114714208
0.31836297522
0.424049021869
0.299673807269
0.195822033166
0.336252143154
0.234913956013
0.335077094312
0.372481807334
0.318058186019
0.266684051709
0.370504408838
0.317256040785
0.376329496046
0.313846406459
0.295594672766
0.248695193875
0.288033302497
0.209211710298
0.254897200414
0.241842318469
0.292990672362
0.333954099017
0.39199903654
0.360631775117
0.284136772816
0.279878379064
0.258832669183
0.226814092857
0.306913970696
0.205047737586
0.256478116149
0.242809588597
0.265662586287
0.362077629752
0.353206790668
0.276637194663
0.290209506355
0.329752567101
0.321977835134
0.257478072383
0.318049405727
0.28565510179
0.341232960292
0.231968862882
0.24201828833
0.292745158236
0.319841432075
0.274679739051
0.351834790994
0.305484970374
0.224365147874
0.278306905462
0.210877196097
0.243849415731
0.33778695677
0.246560586367
0.362187050118
0.344433942549
0.243192770133
0.227368768536
0.331394610808
0.313923120588
0.22247657555
0.285504912849
0.262975902545
0.346421852271
0.308109569316
0.330269796486
0.237953257294
0.34649652066
0.287615205313
0.248898221345
0.207053220967
0.280270188188
0.272511814957
0.421813305757
0.392293777673
0.317297218134
0.327401942855
0.259498934694
0.22146191034
0.286479254962
0.287496220044
0.306869762503
0.294347727895
0.288867262089
0.320944318721
0.230760827071
0.254482427806
0.24941163051
0.296305261892
0.315803713782
0.300343958849
0.260773796984
0.352538019222
0.224701082117
0.250410548261
0.30428348899
0.261143370661
0.347479150924
0.32203975677
0.252278571977
0.28075805912
0.235767498026
0.271865561706
0.364687798291
0.318389350149
0.303087396891
0.335947198093
0.337145967149
0.289762788049
0.364378881229
0.247077758752
0.276886206662
0.321937608055
0.209571021061
0.259434239532
0.316294873057
0.238916555682
0.261022571069
0.314448104727
0.29835016768
0.254970492981
0.362741450496
0.30647426367
0.271654770202
0.350675419845
0.220865634739
0.332833097357
0.174592586513
0.345100607526
0.372056588875
0.304819290309
0.39373363318
0.257368952343
0.305055001798
0.290237510595
0.288273274908
0.344644405899
0.372217103209
0.263225885235
0.359691318915
0.222091983949
0.350677302844
0.33694009024
0.251375995384
0.264844057536
0.182018656421
0.257741129667
0.208100785022
0.326483145488
0.285011673884
0.280095195349
0.36592035485
0.305798072188
0.21323406033
0.284977409975
0.280414923857
0.31846131364
0.320358399341
0.240101470059
0.202161258765
0.322498123313
0.256353549107
0.215664988402
0.318001992665
0.326372654103
0.289546476252
0.290498242721
0.286667767413
0.251377978483
0.28739485015
0.171275432502
0.204791661333
0.221906687886
0.267367670463
0.332067204209
0.272907597339
0.317882325327
0.304473182716
0.273665306375
0.373543377907
0.424911199945
0.294169838062
0.294416498149
0.388033603557
0.199283524504
0.182659304775
0.289786447137
0.293374849744
0.262013297006
0.315630757477
0.201570379087
0.338294769723
0.29232190283
0.243910427218
0.216554338532
0.329381172232
0.367174825465
0.337940135015
0.363630623719
0.379601374138
0.419759291173
0.389613948526
0.241296192773
0.232068908949
0.315299261674
0.250671561242
0.239364036216
0.269067504785
0.320282701726
0.194806938792
0.332277999247
0.293886091183
0.287532963377
0.377998535397
0.306186681781
0.326081809109
0.343884590749
0.278942944713
0.304617171197
0.271255090498
0.244345024066
0.2932997529
0.309265238666
0.311829407646
0.223752616601
0.357083860538
0.397827136245
0.270702991229
0.297020198111
0.298870065727
0.289103698949
0.264864278297
0.295817642811
0.329056912917
0.289744750404
0.356936477067
0.24815625194
0.335990792693
0.248295861107
0.263282014807
0.395966609734
0.306352001579
0.254413420859
0.289147423557
0.275851616933
0.296723301761
0.257543739909
0.25844468063
0.322201294743
0.303965314597
0.271550214245
0.189423945431
0.267568582547
0.309626097599
0.348389303422
0.281957690045
0.358814812715
0.387307910977
0.252808768998
0.406741182449
0.355429113424
0.262019416222
0.284545701238
0.278374573395
0.168852533363
0.241593575492
0.294693115435
0.201623553578
0.316085726923
0.294227648394
0.290841942218
0.27063586801
0.256860517412
0.318014653165
0.307023109261
0.318299718461
0.34675719822
0.359577229111
0.277446545352
0.304430106848
0.294964371125
0.340602510233
0.265258912657
0.296930402944
0.275075467941
0.389618170828
0.30934373937
0.349626457777
0.327075054699
0.33511240551
0.248277653221
0.311012085042
0.330736010082
0.184886966329
0.348281270673
0.359330023127
0.279639566767
0.223381823271
0.281446052107
0.23531205882
0.320768900608
0.381376766965
0.233168148931
0.336706961495
0.389689031999
0.309871307582
0.320933762958
0.29136986559
0.332085934316
0.232121732219
0.238401014011
0.292143416356
0.298924995532
0.176923948427
0.29907386232
0.337361630854
0.263868556029
0.325646912182
0.208819400405
0.198572374335
0.263094496512
0.184981854194
0.253608002004
0.268627283487
0.208277869347
0.344151694553
0.286092989839
0.253994250095
0.27771785989
0.304291697716
0.24249116507
0.254624673327
0.258905178238
0.279826134697
0.259556149192
0.26685691447
0.31511095317
0.29599804759
0.267517983591
0.328447753858
0.221058108017
0.26880148558
0.314691281296
0.222792844024
0.415012559294
0.319151075722
0.314649832987
0.338375046581
0.291242852906
0.313451608955
0.449830485826
0.299228430509
0.515505067998
0.306815714471
0.246164442637
0.301812381543
0.277846563949
0.267666294135
0.280572522767
0.330088831806
0.275435370254
0.33737056165
0.298161465963
0.345489223801
0.184379724907
0.295088145097
0.329842697303
0.330244086554
0.402871845802
0.290914262963
0.210059625181
0.287147330197
0.310628087058
0.314169183758
0.312320540471
0.180098208515
0.316250571936
0.318697923386
0.231006721352
0.283693406192
0.354814845992
0.2448546649
0.365133139362
0.325822887463
0.293279136985
0.268131126676
0.215432886276
0.254296713573
0.293811333172
0.295553980665
0.277674157703
0.300022520215
0.320881469121
0.243316554559
0.300627681418
0.267774151187
0.38664024045
0.220942028968
0.22321243123
0.34127865552
0.333394278313
0.242079662313
0.234578831361
0.368639247931
0.325847916072
0.279998014159
0.211363441853
0.243214302165
0.2880120675
0.341968944157
0.40855039426
0.260056304844
0.300920630544
0.356126558511
0.331325569659
0.29581711932
0.25029449234
0.445270934097
0.30782768711
0.29994283851
0.387015253726
0.2407117463
0.277672829754
0.332574233155
0.234429794126
0.348854516259
0.262184782933
0.228289665905
0.308008915033
0.313103085267
0.272780393463
0.290646080735
0.284724718295
0.434068900346
0.176511157813
0.339132070337
0.241775193064
0.334796990858
0.33635356883
0.317207992907
0.32034481327
0.224571469847
0.288407294361
0.341600257741
0.266344791236
0.226602869059
0.275994327143
0.313578286657
0.265185722929
0.171030340707
0.248769236007
0.269411057559
0.29428543077
0.219798473366
0.328695226941
0.434394941867
0.433021648727
0.223486464024
0.243958951879
0.237383252039
0.332928065903
0.261466252323
0.2954016115
0.345234327731
0.2316303645
0.27485182663
0.366269572166
0.28797877858
0.303892504492
0.333518456114
0.232317727652
0.341056919832
0.299802175318
0.326619440383
0.325230273486
0.328942748053
0.293997493821
0.252650987334
0.391092554573
0.251911032669
0.329778449588
0.240491842208
0.290621556025
0.341000253254
0.254358014935
0.285016348105
0.377752741949
0.306118374604
0.186752734478
0.347530044309
0.271826797212
0.329888781891
0.275477447461
0.414289778046
0.253198741182
0.310316497426
0.224762504291
0.250096193361
0.315658692637
0.304328808304
0.362978073564
0.411595746018
0.226183946264
0.286405760415
0.176802207457
0.280687394545
0.318927605994
0.194014298475
0.325392651223
0.330149278401
0.266084901489
0.343590199636
0.296954612782
0.24753461515
0.347857686676
0.298665456248
0.239371902146
0.279502230068
0.319695416413
0.289184067213
0.236704957934
0.281816496947
0.278437590371
0.373415379115
0.451971241785
0.292953635679
0.331330865935
0.253011220667
0.233648098812
0.2871204361
0.281622697787
0.28081841856
0.280785478138
0.432007596192
0.292112846704
0.279737531859
0.268237427403
0.243274153647
0.265065096736
0.27676327865
0.294538928404
0.285192735433
0.269717395093
0.291513258608
0.264336692764
0.35588361806
0.293239529261
0.234741399757
0.344639618499
0.259796348844
0.244934126702
0.232587185835
0.29629450859
0.345489157332
0.273041036912
0.337190065114
0.341335231421
0.341539744786
0.355120550964
0.325642034299
0.221067191805
0.288932983856
0.30459106042
0.301246260229
0.343515239501
0.207400721835
0.235654971365
0.284140271693
0.241561634816
0.237944287861
0.225188706593
0.212773335613
0.272458115887
0.287391876363
0.331415716772
0.212673790726
0.249049612749
0.244692486204
0.265380346948
0.214183806631
0.348428058519
0.292904693966
0.313281674657
0.401239412675
0.230554480014
0.296147695337
0.299572371036
0.366262780141
0.325609017538
0.304340890162
0.219627970991
0.320551005939
0.227771081496
0.388678098599
0.327922995228
0.458579137845
0.348827424921
0.335063872604
0.196090722422
0.383416602488
0.258974242193
0.386201964142
0.334049344631
0.282912440111
0.276038444286
0.276034528771
0.276795766138
0.363820954364
0.228195067438
0.29885647009
0.402707573688
0.333886577864
0.325226311436
0.374371677348
0.241908461065
0.3252704696
0.219687314122
0.296165119626
0.238236460835
0.358229223108
0.299006072193
0.251813973412
0.206323250517
0.291454032652
0.313755678433
0.210679945367
0.340614216518
0.280862394374
0.27609634345
0.196401458869
0.279851810599
0.246388064293
0.359597160504
0.313536646405
0.328057128215
0.162280939981
0.203911077715
0.330499240581
0.280981398376
0.230359322709
0.271598329243
0.283221979388
0.305864991674
0.404827519239
0.283082952247
0.337739688306
0.339928771259
0.306889935499
0.307201138869
0.264928041582
0.252430083303
0.35450995768
0.378433888961
0.289002670217
0.36625834109
0.253045588934
0.244801578365
0.244164363918
0.249857478157
0.265455020048
0.307105824927
0.293600497964
0.309711679611
0.395427926712
0.231649892407
0.281132558199
0.301098342668
0.170147658874
0.26090121326
0.249092119073
0.213549688326
0.20020125724
0.174086139926
0.446102367948
0.259646448808
0.323779063592
0.29918775001
0.275197409107
0.324935230973
0.3232393596
0.299304064684
0.343962879166
0.292825545876
0.22959226242
0.422356284857
0.357332264552
0.252015068163
0.373444213799
0.350213313155
0.317841869109
0.267666498391
0.230763778021
0.342478886701
0.260889933034
0.286551756803
0.207056237892
0.321412432409
0.178199021339
0.273580660147
0.299093134807
0.262005227612
0.343870474474
0.27394390486
0.275600822264
0.339055835882
0.326707326583
0.367000116982
0.354882402153
0.298283340658
0.228364958358
0.252932535422
0.295144509645
0.334171127463
0.17644519677
0.257226253669
0.314016450246
0.271198441379
0.296029087362
0.345490724682
0.251595896981
0.220719213926
0.313389397215
0.225986728807
0.218377020607
0.269380771361
0.335405645151
0.328145978036
0.397379799128
0.353408559488
0.266658462722
0.273798990902
0.289102263657
0.354493498926
0.360861198104
0.342582096297
0.294658410607
0.306661907142
0.247063709017
0.293797820538
0.314303450129
0.344736307488
0.319508743369
0.178923676303
0.245026765585
0.238879691465
0.270073900042
0.193082186865
0.212044955024
0.210527234166
0.275355733345
0.288656546854
0.332319723854
0.280383544876
0.282376161282
0.281488100655
0.420340561165
0.386031613066
0.249242028993
0.287684643632
0.252328239419
0.299552533575
0.16183845322
0.317783430878
0.390462815124
0.223027051363
0.340871135259
0.308259620003
0.325858292869
0.197404832093
0.249207116775
0.264529367463
0.441900223536
0.341212843264
0.242242468336
0.221113944384
0.309899182627
0.204294809239
0.362064525299
0.331783774562
0.286284923444
0.376414784901
0.309209284108
0.226682641735
0.265521159039
0.32867602217
0.455282927345
0.283826222606
0.28594641675
0.282705602598
0.338698748061
0.276714562587
0.203997217241
0.266895149102
0.265176759391
0.283208824759
0.222475443923
0.231065314392
0.238983340985
0.279439557045
0.322611687429
0.289570583505
0.375068461562
0.3936578626
0.314384498953
0.394385459417
0.295807285753
0.374860583506
0.240492489393
0.287177023587
0.334185722526
0.321655331149
0.262344241543
0.250639119271
0.290734508856
0.263098213972
0.32205668158
0.301328631205
0.370623186978
0.282126887286
0.217159888655
0.357052849325
0.26747218725
0.307440138978
0.282472096222
0.205031999293
0.271809115668
0.241923381219
0.208592786511
0.305949745509
0.242110276151
0.224745405379
0.232702139275
0.290659368211
0.330008223299
0.266214134248
0.345926334877
0.335410142018
0.218143233034
0.241617686316
0.316448701398
0.335171720418
0.330606277249
0.323566385366
0.285338693578
0.379148051429
0.287199881261
0.294730917983
0.252555112102
0.320213605855
0.296980167496
0.254878904139
0.29668110093
0.260738376002
0.410228695263
0.269411961178
0.261174096951
0.383791233686
0.353026725372
0.163684317881
0.299438529499
0.267233378003
0.233016255838
0.345791962662
0.275845378122
0.348004046328
0.198763674051
0.269042099395
0.215665335825
0.209883056657
0.338827173118
0.341553384795
0.287788534875
0.24489559075
0.23536218065
0.216028159637
0.25397453006
0.146133937549
0.164888830552
0.294099589194
0.335465090547
0.367284576545
0.256350762265
0.302490193232
0.22532811242
0.242292612412
0.291424919704
0.303421857199
0.250580695656
0.343646861729
0.284676375587
0.306019905286
0.293170253202
0.306922774445
0.325484077902
0.229041945389
0.265268650571
0.271974140088
0.32350504974
0.266499943675
0.278079601766
0.284682891965
0.231404767858
0.381017938563
0.322616374256
0.295351276732
0.256601781525
0.272468724324
0.273070551247
0.398933339904
0.294365360759
0.36197668404
0.259357965906
0.269677370372
0.230904244326
0.261499107279
0.342671851016
0.307684738762
0.310759548886
0.291717544866
0.287366384516
0.360421223278
0.321539489292
0.340027808733
0.340045471922
0.295561239352
0.343752499198
0.327891594163
0.173447273608
0.198282558045
0.311753348857
0.296984778525
0.331306666572
0.311631240106
0.301329941694
0.267183205087
0.359281684537
0.302969924121
0.260499406859
0.213746713683
0.303755736434
0.24758903442
0.334364601519
0.306162012697
0.239436686522
0.411911331291
0.331378535565
0.422145644605
0.374832046324
0.358716434219
0.302284901754
0.261892771956
0.307590567122
0.226715419676
0.245418981221
0.241356822428
0.298141534991
0.272697313713
0.224289542238
0.268148928886
0.278154788625
0.344853310887
0.21873986651
0.311786535356
0.207146653922
0.333574495844
0.33195299124
0.333880303655
0.291566367381
0.319614018211
0.3187348611
0.262843087438
0.362522442686
0.201949395931
0.278279847449
0.269345949536
0.311805707086
0.259431422981
0.356676907157
0.273838690712
0.382141511539
0.313484487325
0.327163597099
0.247863014876
0.311888358255
0.296587227201
0.361953871527
0.250726788586
0.288459814635
0.29027925804
0.282203808809
0.26047304298
0.247969283289
0.286671719833
0.25674740814
0.314326946251
0.313891685594
0.321031832813
0.285485402034
0.206723175548
0.280230996446
0.270118864141
0.210173221805
0.297059176579
0.180931439419
0.337545107274
0.310555928946
0.209010190112
0.296430811622
0.26668732014
0.304873464575
0.263222600867
0.323095282769
0.19821884448
0.281772239645
0.212054063201
0.280126445318
0.29978943893
0.40126834659
0.263942524566
0.278738619233
0.243700957907
0.38326542549
0.259355143518
0.295668048056
0.289474561731
0.324643244378
0.302334550891
0.280533328161
0.269035187225
0.269597966819
0.310954158165
0.304750745471
0.274420839205
0.331789097413
0.30589823982
0.321539497927
0.231134626961
0.408129769552
0.306048839532
0.297716540831
0.317485498293
0.200803220486
0.246997613037
0.331483966037
0.368652650239
0.223856372507
0.213104864712
0.299635449255
0.234652944312
0.257377220733
0.292289199078
0.173971099108
0.262947976228
0.306202709744
0.291626176362
0.254261151306
0.268806171338
0.242968475659
0.232413317083
0.279859980277
0.256058570983
0.26766400185
0.334165901033
0.349526753787
0.28579130214
0.249118080137
0.263624965249
0.318750349017
0.224987659784
0.285098066399
0.301627688461
0.281549731088
0.249984466075
0.338959875665
0.291679478793
0.214153856503
0.231997308239
0.360126351127
0.284654015603
0.251579841777
0.268502278295
0.330809827195
0.277060233904
0.260804585697
0.247546068025
0.356418656919
0.297977542868
0.333640987076
0.218650555254
0.244465719099
0.286529087063
0.258452867167
0.298373444984
0.266130360655
0.260256079363
0.306917512796
0.182445646594
0.287194522109
0.233046938996
0.237230607545
0.24602881127
0.284109584015
0.270814444479
0.215455513805
0.308176060644
0.257470438952
0.276410729612
0.262190444717
0.232974808923
0.272769066028
0.224620834764
0.369208419662
0.266139875161
0.341013292744
0.25764798086
0.19798822504
0.299492353097
0.242320238972
0.381381864988
0.261656189949
0.366261411515
0.280262450853
0.311622270322
0.218170959401
0.227503069133
0.349149750835
0.172591468927
0.342276177549
0.227481714977
0.263749511589
0.355167389341
0.300569781223
0.342402044196
0.163581617854
0.25254780546
0.25213039955
0.360211005965
0.210580740192
0.355096213206
0.267365444925
0.196113688031
0.345927302082
0.356660425386
0.291819027053
0.306660726894
0.301083718643
0.235306779468
0.307530722512
0.331700353155
0.258362901885
0.35608996933
0.347317703594
0.283092369964
0.204458579107
0.351927828201
0.28729520531
0.268879776232
0.247416286465
0.263461981831
0.218386217882
0.270664926571
0.346464300164
0.224931355925
0.283776194441
0.337096368325
0.283808631628
0.300768267331
0.329532221251
0.345072292527
0.216611777622
0.284599647041
0.225411877264
0.253712727734
0.266949016849
0.272852441836
0.314834226371
0.327930064406
0.286677257226
0.310728608679
0.242476152961
0.257432422997
0.306985225172
0.19621045541
0.261245482703
0.252324519116
0.274641207526
0.313674922579
0.233704129461
0.326213035459
0.249873543483
0.375519586835
0.194129874632
0.351990010404
0.282930086449
0.164207090736
0.313520319401
0.200636381182
0.406881692782
0.301235204981
0.371555172149
0.267015544936
0.29855442702
0.27461646288
0.215167137993
0.316798813035
0.302205303243
0.284661175308
0.3082103498
0.240718090276
0.34498792056
0.335640475952
0.228877045749
0.243349667756
0.228299083612
0.308436910735
0.408142247147
0.363775191389
0.325468736759
0.212127129324
0.313152212758
0.32584787816
0.272657016381
0.282351414801
0.213320175024
0.228349445926
0.311831320401
0.288576251665
0.309813704616
0.188863995804
0.322430116772
0.330990555713
0.241459576656
0.42692241459
0.253108691169
0.239619535427
0.301010393006
0.446694614324
0.258751585159
0.286259226726
0.340191703215
0.364790264416
0.299640828388
0.259161260852
0.291264294835
0.237310296243
0.290081543015
0.32998699337
0.330732787343
0.34624892748
0.306828857351
0.37461094427
0.365011071841
0.315872362255
0.313595401244
0.344853270238
0.309239002279
0.321299139373
0.268058183849
0.28138504799
0.288153983295
0.352345189101
0.260614382504
0.389188257901
0.350073261816
0.29210193566
0.250511092978
0.264847797049
0.209187182192
0.319792023432
0.318814080523
0.263576915945
0.287612742739
0.312715405819
0.225432770876
0.321947472486
0.455518188605
0.269637738963
0.247904638693
0.213201073178
0.326820769686
0.379475344573
0.239403345898
0.279806975169
0.299105378891
0.364934832421
0.29124747211
0.332755052531
0.338830047542
0.321228780275
0.325957044746
0.34177183846
0.281322320942
0.285541034607
0.217470325322
0.202348883577
0.252585786303
0.32553004239
0.293528726518
0.247693626
0.226735419066
0.261228064191
0.308730787721
0.244211373861
0.221821399999
0.324267574821
0.299482084884
0.352950911748
0.347782321777
0.247056690633
0.261412736591
0.253083495214
0.281549307511
0.203498412481
0.26655906934
0.295832812367
0.2431700689
0.326761471932
0.268891257605
0.321669942819
0.375856998665
0.332020560977
0.360847475939
0.203280711648
0.284710556342
0.295621919825
0.194963696481
0.225770680459
0.285595458135
0.282991610155
0.325669532739
0.338971662311
0.215872075509
0.264338058308
0.361681323996
0.360754169522
0.264177783154
0.230114053191
0.330265858193
0.273845425408
0.282342362328
0.29353762993
0.258621283587
0.277555870837
0.329379225929
0.194534396374
0.296744103726
0.321517300259
0.246161854808
0.266114505382
0.31920586264
0.337541789132
0.286417164485
0.315372374941
0.285893171934
0.295807284943
0.315841341434
0.235186875805
0.254685376174
0.287667253462
0.16783070458
0.37065353302
0.350593925197
0.233514723056
0.164784604542
0.267295133867
0.264081620427
0.312346224675
0.362095035472
0.293644667221
0.368665283452
0.380493360103
0.265721452218
0.275524531476
0.230158343665
0.222662295649
0.259108704048
0.339422621685
0.200387724268
0.175657243464
0.289139394546
0.336723832012
0.276006206323
0.303671990177
0.159442077799
0.325936679077
0.270859216445
0.304039372402
0.357854448843
0.276657169798
0.271407759557
0.30965112318
0.384679424722
0.209192620313
0.346536910535
0.176977580808
0.265511923258
0.208667950627
0.297067751001
0.324642402459
0.290208628156
0.251105667747
0.26552133934
0.296498764871
0.306067943957
0.294354882578
0.35006326811
0.309963701082
0.282815412139
0.222222637813
0.293722957155
0.262433499394
0.277192825523
0.26730906263
0.358441161605
0.292374363656
0.250468862181
0.265319055229
0.334940804295
0.351793345337
0.205777786842
0.312913136372
0.237113458027
0.255570648442
0.310111813663
0.283750183217
0.214002963808
0.222771486991
0.289771807366
0.317358534196
0.249695717295
0.289611789371
0.224005733641
0.246415646681
0.241759821659
0.241181637034
0.243060105881
0.157788974498
0.242861307688
0.293050476944
0.228548709946
0.291574524829
0.276517110951
0.27872625155
0.255824519904
0.223238421199
0.324706121174
0.256045361303
0.359666345827
0.336627481155
0.268866325662
0.330454666829
0.329381055848
0.364033850845
0.294869190438
0.249965162432
0.263702930681
0.228339026447
0.359118373401
0.316177522662
0.341545670214
0.28738443327
0.408263664365
0.240324270451
0.216913100155
0.193740625695
0.229287706505
0.344762142598
0.27351410575
0.366874933203
0.361626961846
0.383323998729
0.26559546439
0.295758596544
0.308411966395
0.263716477434
0.252308120821
0.259821254425
0.28571303813
0.294653072625
0.21309222756
0.291745235997
0.313801389859
0.347811971073
0.31193959072
0.203805248662
0.337667105466
0.331778891849
0.310035037574
0.280593140266
0.250467766291
0.211728740058
0.239215117206
0.295984140211
0.364938839699
0.279479843484
0.260150064149
0.232356237057
0.334813964636
0.290079295979
0.201356856222
0.294018804807
0.304396843452
0.290210909936
0.293207857206
0.310690093131
0.215153268928
0.355461067442
0.239569751394
0.275333676023
0.26260212527
0.324890325012
0.25658284108
0.277788622251
0.356397821453
0.276581074414
0.229105563312
0.277395108536
0.28541134215
0.345871755846
0.235434293063
0.28944341072
0.231502284598
0.263600224105
0.295112338484
0.247492997649
0.24657754569
0.35435272144
0.314569978346
0.296571561835
0.461919015669
0.26758294052
0.469736083629
0.295458970886
0.22973352582
0.282805039864
0.290273291716
0.347451947479
0.285875277933
0.248511240962
0.230285906154
0.342220363767
0.301505131413
0.257624413656
0.293926120624
0.269494283653
0.375824905279
0.240095937652
0.349821642077
0.310281055634
0.251109314119
0.226276205572
0.332976029518
0.326042996225
0.240997762188
0.297531975548
0.298855270908
0.377421784036
0.289140722031
0.285232263004
0.305829844236
0.362438434706
0.342998875129
0.29919594783
0.184790847895
0.294866744233
0.237165512801
0.357819259462
0.400047988866
0.360363853628
0.325981848
0.232376258315
0.269114893638
0.245506139305
0.325330961666
0.271365969002
0.254426681238
0.301706622085
0.308216325323
0.40504970497
0.329965105053
0.295999650242
0.338538594349
0.214532349546
0.383244805632
0.28930531963
0.231660125867
0.232554955933
0.292965115654
0.248105940513
0.308255277209
0.30125910714
0.382553013617
0.271968710254
0.302396878656
0.210639791055
0.295608795962
0.283388463224
0.31622268308
0.305379162797
0.283663375175
0.301507671939
0.344823355818
0.239348658301
0.248488255926
0.361513185018
0.375967078547
0.243070784549
0.266728266656
0.33816108839
0.242791970649
0.276524289759
0.345713389802
0.312749933688
0.284634674178
0.301000772607
0.296101575107
0.271047360311
0.283638004947
0.280236241848
0.372673462996
0.253195846281
0.338139736439
0.231179736232
0.279150199522
0.220295078508
0.298561155957
0.293089957416
0.270875291992
0.269829205999
0.249487190577
0.293287943549
0.267106771559
0.237975055857
0.360000190543
0.290005338753
0.279919934422
0.329962016959
0.323178698019
0.363994597401
0.262999909791
0.275828258811
0.29210020285
0.259547268472
0.327931960786
0.296196487117
0.316502723378
0.279303031708
0.142694325892
0.19451013328
0.25152041334
0.264067724968
0.27738205156
0.354806989483
0.305159232097
0.314739582137
0.333619203814
0.327981266495
0.371577164219
0.288784997835
0.281277728314
0.340232981746
0.322400994702
0.27076289226
0.348540833627
0.385082255537
0.319304145408
0.356806080473
0.248811034145
0.28907575406
0.294493759219
0.275461217652
0.27395676036
0.316877619737
0.289811035958
0.348817287613
0.376930182818
0.154195026182
0.284538378239
0.314300377806
0.271672485534
0.246161883922
0.294405345681
0.25086994231
0.27754845114
0.237712517025
0.3136064463
0.287431300379
0.322834633029
0.347682967379
0.248595705381
0.301923777533
0.289549322755
0.237837258138
0.258262262302
0.307414598657
0.270761851196
0.356053280116
0.23016071405
0.20328421687
0.223794067903
0.310586652734
0.325503287366
0.296031728975
0.266933961436
0.409082243734
0.343664009708
0.265121988743
0.30153123274
0.320370543406
0.242774727865
0.200284267254
0.243087995043
0.286891495589
0.258937068205
0.306753550171
0.291628730516
0.310319491694
0.291449401738
0.283063498329
0.256129681032
0.236707044626
0.254317584929
0.310704899997
0.286152609771
0.268622393064
0.218163023679
0.289781792025
0.288611879718
0.32045678318
0.243475653089
0.3053737907
0.288768870904
0.370961991839
0.350108967234
0.224125725468
0.286005197881
0.324920625225
0.285536747407
0.267382069683
0.260713148236
0.255291142882
0.277425029173
0.257433710728
0.252726125445
0.197798942069
0.262085971349
0.308962248837
0.266893790555
0.206535344698
0.218022527752
0.413717784887
0.238679833384
0.280325732621
0.282068862113
0.240991865128
0.289261221439
0.24970768401
0.327558248898
0.305637741213
0.293651345835
0.315486500812
0.250648889518
0.324195097858
0.432423850123
0.363452227761
0.265306103704
0.350331427817
0.282497026416
0.229620978678
0.290942008316
0.379204622901
0.221175024875
0.269868802602
0.326499435044
0.231850710195
0.31368337859
