0.276209595552
0.24093949844
0.258910618316
0.30277891663
0.214719382998
0.165463993239
0.257929447353
0.294999926292
0.242834943765
0.254821585577
0.202006926521
0.24664613782
0.217535941002
0.194610662022
0.195330168279
0.231685236461
0.285436728206
0.207896465508
0.242041395724
0.21896258697
0.196013692282
0.151868203425
0.251224016348
0.301660084836
0.29111086294
0.238925194
0.236893400387
0.248958990746
0.250589115667
0.214199684561
0.23081705138
0.231047614511
0.173359731353
0.265108829233
0.306110143703
0.239387414599
0.291456618872
0.37494840711
0.235192808057
0.320651267985
0.276493200246
0.23356659438
0.287787412916
0.326739942288
0.310867693757
0.257136748174
0.278298585026
0.21619726216
0.216137270116
0.214813770169
0.232887896843
0.324349208323
0.160977601344
0.237089831261
0.319849257655
0.272562306614
0.169384366491
0.231251864115
0.277588734653
0.238397593522
0.265448144782
0.246296304438
0.290539895521
0.400755640963
0.232270811653
0.255429368615
0.206441402583
0.253840265966
0.214243983616
0.186669056219
0.185030633921
0.228118249472
0.426130552497
0.238683354788
0.188735161011
0.294876249366
0.217039084699
0.263681429017
0.211193332056
0.324869761164
0.304145988781
0.181616231338
0.20665023645
0.230016819738
0.230899731548
0.216279820732
0.282238408168
0.214020951824
0.270129058692
0.215243197969
0.353962878552
0.171167800955
0.237865504922
0.263901536495
0.245457770019
0.201028088928
0.232928457313
0.206597644206
0.250192090314
0.217609055689
0.270196718705
0.3254598426
0.221998916371
0.204894291208
0.30424943752
0.293662453429
0.222707830387
0.157254980294
0.272651982997
0.229891717413
0.24762012205
0.253334018388
0.245874065029
0.127964972186
0.237611399271
0.139511671413
0.295911281529
0.360244640468
0.233743832048
0.26032362886
0.248934549517
0.200406382497
0.242550331299
0.335906713156
0.256675976496
0.233575790466
0.317889030972
0.242882882406
0.241806050814
0.188980100684
0.323960761649
0.410184330792
0.208254503673
0.361528417195
0.234708902754
0.260963538776
0.220821600668
0.161880665129
0.255883017342
0.281674198292
0.183550800147
0.250975424682
0.299566198303
0.249445409469
0.264065887457
0.213251025756
0.234862242595
0.319965536515
0.266849624365
0.261521218168
0.185896543724
0.245378444644
0.3345793662
0.28529684924
0.232869757826
0.279698519797
0.200896941775
0.213366822053
0.257550578923
0.177765821513
0.240913667235
0.259613026022
0.222112139199
0.264120691105
0.203928710364
0.302724627012
0.254564927364
0.296550074526
0.345739560138
0.188883311648
0.348035225529
0.299816119364
0.296079178964
0.248776647444
0.208795432869
0.202971933629
0.226213100672
0.264692327704
0.173023323424
0.213773246164
0.186899194998
0.24124054881
0.268532626438
0.27759621756
0.26044021779
0.226261607297
0.304312020109
0.150608691228
0.321292879815
0.282700604394
0.195584311971
0.307196287118
0.311882457288
0.236896594942
0.254746836599
0.192258942058
0.23930806182
0.184230634405
0.211375614853
0.277700215391
0.273521884351
0.249467594407
0.299505468337
0.210250444625
0.277565433944
0.226155168212
0.21174208663
0.259462083744
0.192450683307
0.225545667109
0.319896886417
0.21711773263
0.316823466323
0.288167639642
0.184260460289
0.198957823243
0.261629490155
0.264482713469
0.240747569274
0.333679296493
0.292859853009
0.224105960853
0.253840491818
0.265802904713
0.257269267771
0.202144891332
0.131732168105
0.195654849078
0.226605950854
0.225042588367
0.359523222587
0.254854173135
0.284892679174
0.186211407343
0.212458185963
0.231549898444
0.282483023785
0.230642324369
0.202083387379
0.282794966147
0.233923603953
0.308305891279
0.235634730642
0.206072019185
0.224392263298
0.314406727563
0.241491370869
0.265870825361
0.2261565327
0.247675350642
0.279075661832
0.334463796945
0.240470969342
0.261672224248
0.212956113914
0.285881596486
0.193408427444
0.317509604162
0.211650915638
0.22817664857
0.2821262405
0.251024452556
0.253540373061
0.332738656664
0.338922194134
0.235999691316
0.240379188671
0.334831771176
0.25208066854
0.28064842462
0.204057086228
0.278916466335
0.213779287388
0.231074786397
0.250313747299
0.249431038293
0.317051930402
0.344825030088
0.239274617433
0.225665833418
0.253718656961
0.333865910662
0.222499650458
0.293265108343
0.286398333699
0.223763283914
0.262893325297
0.282976478266
0.225012394841
0.24683730979
0.201574325302
0.256307293098
0.250081966887
0.241756387102
0.195748858526
0.354516842221
0.190693238417
0.23110988445
0.324069188531
0.221928395136
0.18995198716
0.258045770919
0.266115627272
0.32274791122
0.256678669074
0.267427627907
0.209801399647
0.180194875668
0.340578808635
0.28668571525
0.213824409804
0.257851815488
0.270946333183
0.239206314224
0.215198726066
0.189389577771
0.248177215814
0.227457942973
0.2660784006
0.169817307397
0.160919216059
0.24982749246
0.270731092518
0.185874425708
0.23710857978
0.196553010802
0.278276994693
0.250289037159
0.279316928902
0.236260569243
0.251742501212
0.171765627123
0.164280830145
0.289776240403
0.294342321445
0.299261225407
0.248771559162
0.194113238294
0.198542970746
0.187516989242
0.241111495265
0.248987102655
0.220610347361
0.178189160677
0.257867763248
0.168738311405
0.231538046449
0.183152654222
0.292358309671
0.274086901063
0.390918904852
0.23273536302
0.213753992694
0.249180763468
0.259472260404
0.15062675575
0.212220701054
0.257769398017
0.151908982221
0.19274564899
0.246615151631
0.267315715262
0.22638806258
0.289959157601
0.2117240485
0.318454753852
0.312497545286
0.300494523971
0.257515463642
0.23256818651
0.28638339034
0.346821484286
0.263998180217
0.220338392261
0.223755304125
0.315631179208
0.267900464427
0.304361426003
0.273051731059
0.253180613411
0.156239015227
0.308878892852
0.22647847982
0.318387809846
0.328923768457
0.212875023253
0.252425101452
0.248887202755
0.341167528224
0.318015888596
0.22854422369
0.23236381152
0.248614502002
0.144927051052
0.194467641191
0.236640986219
0.378744327092
0.273755884453
0.206327669296
0.22311630059
0.217168637632
0.258039021987
0.331076165013
0.188602289514
0.235127654868
0.301280258609
0.320403291422
0.300242871111
0.252155881979
0.161199640922
0.255270727969
0.249265099912
0.247020088514
0.204244201905
0.243813255663
0.284450620428
0.278379859936
0.25278998188
0.286571043561
0.251275549309
0.157205769686
0.303012579331
0.237004048538
0.251703495051
0.204707999999
0.24644587273
0.233484747728
0.318778081777
0.273628268554
0.304180501284
0.194953594426
0.256506078249
0.168202900838
0.192842297752
0.277414121265
0.261429608914
0.26733267976
0.233086647546
0.222707366335
0.226625383314
0.234642493997
0.176658725585
0.186195618249
0.232840289699
0.316039848873
0.223456143939
0.316589891071
0.225481861972
0.207345820061
0.269794247253
0.262413160688
0.221569587993
0.36386266745
0.183471288106
0.156453464044
0.252191940853
0.266221552931
0.204074755105
0.18712345528
0.226433803314
0.315694857057
0.35643722666
0.300220268789
0.27762990617
0.248376399195
0.265875127997
0.26429269355
0.265262942185
0.294634313549
0.29842534751
0.196046708759
0.157953647386
0.236184901914
0.167594473642
0.313321199076
0.22899238211
0.239373637119
0.182115182575
0.184500076632
0.196161096869
0.308701669242
0.305810351299
0.176386032162
0.253476000843
0.285406849772
0.270031942398
0.323059489372
0.299721229954
0.202381966615
0.297714529237
0.316638327738
0.270493480445
0.317316665458
0.273873134637
0.287493615587
0.277112832054
0.247623136309
0.333630712835
0.245065717381
0.172038010963
0.326105235873
0.275389727813
0.286373547934
0.256159820023
0.18516170567
0.256697670688
0.159132020397
0.243131906794
0.247162786151
0.201745331116
0.168969576793
0.257753198982
0.292750980119
0.24711628209
0.213651765815
0.234667800316
0.246108916059
0.261274396689
0.22427766453
0.163438093915
0.229630991495
0.208389142015
0.226224401768
0.231448879817
0.169000209485
0.278738081547
0.315940517278
0.291211607425
0.266896226069
0.209019283373
0.297199829345
0.286683149139
0.275024785285
0.267845834456
0.20086863308
0.19631554673
0.235564759995
0.280508055374
0.265574160769
0.367619873277
0.30316997678
0.299787247817
0.334297574585
0.248691431692
0.161435625321
0.335324173419
0.256399797766
0.283531216922
0.242110474245
0.221744680537
0.222889649831
0.261845668964
0.195483397352
0.214508358569
0.195615714478
0.263959345031
0.332602561338
0.260668323738
0.209572254845
0.271718399892
0.32629701241
0.302251613548
0.21899316303
0.322585312734
0.258685678661
0.229360125584
0.214060001288
0.228267117664
0.250138333842
0.28544206446
0.278520583063
0.265022519857
0.215830251109
0.335013059489
0.294530511462
0.221847720887
0.226057994185
0.351179344064
0.37730297399
0.264662947347
0.25418176905
0.316609244764
0.221583703021
0.233788756034
0.227843190036
0.177765644947
0.348329132757
0.220789924176
0.284007124415
0.206569115671
0.230117523052
0.284257026192
0.228876359294
0.197317950752
0.290253806886
0.165349989471
0.333533878823
0.277335577941
0.216884478761
0.229934898812
0.375657014184
0.187237803341
0.229311249974
0.222933787387
0.220056001668
0.247584943032
0.341653728768
0.241117081423
0.21413881725
0.258974183259
0.210097805567
0.290326610182
0.312548369236
0.286660304628
0.238162229755
0.292207535709
0.175297718328
0.179835908164
0.183709636485
0.208214735637
0.201442102455
0.249603623804
0.209077101608
0.190855688198
0.231670996327
0.111816891673
0.418724937273
0.213768378166
0.225559514624
0.313932386452
0.280070797857
0.218713760309
0.281850889263
0.259520232074
0.250330862034
0.199315542249
0.205626604653
0.263822845986
0.377602267488
0.254581483985
0.270899244187
0.190600603945
0.310212906639
0.242053441028
0.322496705662
0.243232063697
0.386877563346
0.177949344852
0.184892089949
0.275268923184
0.254524118606
0.396275872669
0.352392352836
0.314444823813
0.307100350123
0.329353201872
0.239622174686
0.256230422517
0.352782051807
0.262891225919
0.170490059975
0.271858371609
0.214087342189
0.170057532979
0.269793181332
0.305159643652
0.227894587451
0.243727548748
0.235161254793
0.336957068638
0.266065953693
0.305682706077
0.3685425728
0.269987666875
0.219893232021
0.356453580464
0.256567088378
0.220036826742
0.182073470933
0.296383827557
0.259195726455
0.298449079357
0.280054411145
0.240194426354
0.203219515721
0.225516661936
0.305970501173
0.267802947979
0.199160849666
0.290861470611
0.246646465896
0.337204747981
0.351424427897
0.232543671626
0.307418792956
0.29542359997
0.277856806191
0.264549321837
0.281175705894
0.227878771809
0.135890678776
0.235088117733
0.207160022745
0.319712249112
0.261324682401
0.288970004327
0.218006778909
0.162533857772
0.17567651993
0.244408444786
0.346236234859
0.198893397334
0.25349454153
0.288960654461
0.195605592813
0.261407657364
0.26143739997
0.234123802749
0.342168983113
0.24501381434
0.22218352843
0.41787807739
0.27722606461
0.329482002503
0.288578767489
0.255420098923
0.222764480683
0.315235962591
0.207325128268
0.20951942811
0.286035768113
0.211718916864
0.301921011947
0.303115221601
0.15688570935
0.31703483789
0.216655107864
0.303063504602
0.218878966296
0.163732960912
0.227231223445
0.32019497563
0.270700295608
0.22699945255
0.24140342304
0.284839974744
0.20583586952
0.324750698341
0.288991204582
0.269357455224
0.343381369276
0.344184714988
0.237311547081
0.316880114956
0.257403189466
0.226371787077
0.308468844424
0.331513943338
0.260047956275
0.205425379598
0.265540158378
0.282581489912
0.275083840355
0.266324325952
0.285253261392
0.296210685626
0.311959373699
0.246045877811
0.251053210537
0.219875298774
0.259050765323
0.276120698617
0.25261054838
0.189952856236
0.308684527769
0.272827549115
0.189973672295
0.251766420454
0.248916489263
0.298198553308
0.286307090441
0.204559414072
0.252828613096
0.171388496902
0.282307649093
0.262479952534
0.326729108048
0.25288784636
0.237046542464
0.282848893409
0.307264054102
0.154674749127
0.255060468612
0.226382619093
0.323542018379
0.305498573468
0.207388692168
0.213543717616
0.240622666292
0.214866986257
0.233305704025
0.270450569033
0.21392521068
0.226670255111
0.242011703909
0.206307719811
0.234103781214
0.245055008508
0.26770264092
0.321458350092
0.230836886766
0.24459341251
0.262152988628
0.241763461818
0.249335125023
0.287149345507
0.244077490928
0.361447948131
0.21844036734
0.206538838218
0.220544879461
0.251960881123
0.246812552581
0.234481408837
0.190143153265
0.268535852067
0.268998193959
0.204453577877
0.283281109539
0.232187559846
0.328553501845
0.240832353422
0.281952240658
0.270430593248
0.251870292928
0.206858532607
0.229771944998
0.183738957
0.225555175234
0.244449535215
0.410524638341
0.225935683939
0.298452125715
0.223846284996
0.26644145477
0.286391060304
0.185712506299
0.276255880161
0.209929647075
0.272520838903
0.239984699201
0.253673675713
0.255756358744
0.321482390665
0.268221939458
0.255720110874
0.254272372221
0.272253393361
0.255426404327
0.251680931256
0.295766565809
0.205419247968
0.267024076136
0.235206349046
0.291104754202
0.286078673402
0.201198437804
0.291389898518
0.275018155252
0.290862349946
0.238983513966
0.22207446508
0.215769038633
0.301128137462
0.186338029465
0.299671232958
0.349345134921
0.302761481329
0.268659419435
0.190234773302
0.218959430728
0.298333768292
0.213089553183
0.16084114982
0.300639914862
0.180312639279
0.225771177116
0.289703538244
0.281988137116
0.137663908037
0.340428153251
0.335805848968
0.187568604798
0.241020706478
0.345421739905
0.250276792738
0.234427188336
0.270095420808
0.24903574837
0.34032419502
0.259141994223
0.215581028038
0.267751201442
0.301929685759
0.309375652601
0.274639271469
0.275035515321
0.231752593684
0.2476801362
0.282240062663
0.260437802076
0.304832893587
0.230409350406
0.265647187056
0.332050975771
0.227001947195
0.272271055796
0.263605497165
0.203240635536
0.204499600247
0.198856408936
0.197526715246
0.187904037149
0.211857113619
0.320062627091
0.371887498362
0.147775489041
0.210725631726
0.22404954481
0.225966030355
0.231379433544
0.210462803105
0.254447018166
0.233830798869
0.229979589584
0.289764321221
0.262951825687
0.241596497752
0.161232724734
0.289695886336
0.240289043408
0.22782424669
0.191322819783
0.286363336816
0.194355838275
0.270930410465
0.255189155559
0.223712023141
0.272575321186
0.265909456013
0.295735822711
0.338741104273
0.255966668391
0.292179205765
0.133239905249
0.201612730542
0.204401157114
0.397926909196
0.184052182918
0.219113733946
0.271101331579
0.332400285293
0.278224859429
0.213093122296
0.246591538134
0.241942424051
0.220430824053
0.276984976086
0.238517658274
0.320887393824
0.205000347228
0.174652719236
0.260225173245
0.184711214214
0.219016174381
0.234760500316
0.24763522809
0.262734385094
0.267074778587
0.276785095674
0.310500182216
0.192230652398
0.248818253127
0.222643958427
0.236911054042
0.255793803681
0.23206136139
0.173715082982
0.236585094332
0.228538543001
0.244062953332
0.268354279372
0.215622288967
0.321423094795
0.345996744996
0.240183506241
0.319795086648
0.255714580101
0.262364416759
0.223320471001
0.298494760819
0.307711042477
0.254002073125
0.174800932077
0.327756103227
0.258233583104
0.277403455767
0.243073136983
0.254685605482
0.225485560933
0.218517804361
0.292466710865
0.167247150963
0.301263368934
0.284071165825
0.333456201345
0.212652223148
0.232342657793
0.167261966231
0.25550371352
0.252442950513
0.190372718969
0.192903830252
0.280278417304
0.2607669131
0.257836829235
0.222829358902
0.27771256157
0.2363349015
0.309829527544
0.242781871424
0.386221711051
0.286515491977
0.310080773331
0.193739693924
0.217879787115
0.173960665534
0.248105578008
0.232311630142
0.281503107729
0.277138766842
0.247086465373
0.221014597755
0.270076625769
0.229331399273
0.273859327959
0.254152729664
0.268359369152
0.183938272948
0.345837465383
0.282909837367
0.238750018117
0.299255073433
0.226480257808
0.309678625485
0.288216602154
0.253421365622
0.340864042904
0.230984978473
0.26777652257
0.292445875159
0.251029156389
0.16009256655
0.284284999344
0.186894176305
0.245663026763
0.178706178301
0.277141024239
0.217964316314
0.216536724668
0.280257163607
0.267617876101
0.275557940523
0.227653966831
0.283467378639
0.259044929563
0.285574650543
0.254552494962
0.327743600266
0.246260240972
0.193233344865
0.157521201386
0.194682200553
0.22673260421
0.264913208429
0.211145416714
0.270395456045
0.240116532732
0.238834211397
0.237744681553
0.248698936981
0.269964533765
0.191020540702
0.247091439086
0.167286933593
0.319080117237
0.348960278078
0.21049232345
0.230691659843
0.281871655285
0.193364251594
0.231170794181
0.214989385795
0.254146755895
0.24578212152
0.277666327141
0.161712276732
0.235553032247
0.255895676964
0.245008540317
0.249770880077
0.193662506829
0.271190500748
0.343090657157
0.260317322473
0.268409294552
0.207022569431
0.26938484093
0.281948214512
0.240654811596
0.194150985832
0.218717950899
0.2057608456
0.220690078686
0.311544653948
0.307627912773
0.193558428343
0.319643534386
0.26955806197
0.265047592506
0.261269639828
0.184359752414
0.242786001779
0.368652064513
0.21978495571
0.239423725331
0.305940683676
0.225952254183
0.264518449212
0.313503191973
0.244695439922
0.277577928663
0.276091501599
0.222118760241
0.300960737085
0.283274827438
0.208821781684
0.242274240918
0.286015422218
0.315431871083
0.243495755002
0.298249768131
0.262238327273
0.202829120939
0.293421563532
0.288933098744
0.243023136147
0.279545885448
0.240997945454
0.261698333709
0.210823253235
0.326702161087
0.252247528272
0.241510244393
0.218448161593
0.220902756486
0.260086512307
0.216378386284
0.321636939607
0.220006872139
0.232011638144
0.192595107619
0.245654842108
0.263334641648
0.306844668124
0.258137870828
0.370146074966
0.308733390917
0.268833259612
0.261990962173
0.271333412817
0.265995202861
0.330975805992
0.234581690606
0.213737529498
0.209472832099
0.269812682388
0.222913985018
0.225483520621
0.310132705853
0.255464144763
0.351550422836
0.302157862869
0.267533748562
0.223778224301
0.20153286894
0.167803020271
0.214900440689
0.275373747617
0.314427369189
0.278410457796
0.281298889592
0.343610935853
0.213250626954
0.212819435307
0.153373651183
0.240959769561
0.206613982316
0.280369005419
0.296511743766
0.183408454386
0.189149374364
0.280690000299
0.227620131599
0.287851364299
0.27368678017
0.254861256236
0.288249635772
0.17460558001
0.225346787955
0.196178849819
0.274500412863
0.228989075448
0.249809958305
0.301754818812
0.180599595591
0.382168006273
0.267921072223
0.237973361995
0.243936097771
0.234993535883
0.257631012084
0.212594517543
0.247019118573
0.177522679728
0.23885751558
0.21144254591
0.275133544521
0.265228603977
0.187286951456
0.287797639481
0.236451191947
0.231099467938
0.316011615501
0.288249889763
0.313533086092
0.297239613727
0.299195665183
0.301415943106
0.320894327618
0.360503377914
0.271346861587
0.244075207372
0.304699910472
0.20007946052
0.180985919349
0.274043350084
0.299286401513
0.247439493989
0.334567992945
0.218853574457
0.155551663466
0.314279783545
0.249368950102
0.236821509056
0.21959053453
0.229202357516
0.234854008682
0.156052939103
0.220943448625
0.295845843033
0.217318224734
0.299208426694
0.248346347982
0.180816787424
0.234348978266
0.279667887206
0.281726759637
0.180895870347
0.20058708301
0.349731903673
0.25652966791
0.281727894908
0.238345502075
0.189401555989
0.265013507396
0.186855484202
0.281385264454
0.281493888643
0.282910268825
0.266595805727
0.213504902236
0.175709681944
0.212852525268
0.267470369051
0.201522351029
0.270005385475
0.252436371346
0.377575263392
0.233823257359
0.312950315065
0.233908318549
0.204089075362
0.236144372244
0.228786479685
0.261972562826
0.23781554961
0.235229860166
0.289461626986
0.235362794915
0.325969808936
0.374103888013
0.319132756923
0.199712493352
0.257452818207
0.257446734147
0.283094907551
0.22012540632
0.242995577498
0.229953675066
0.325424443961
0.250842210098
0.35967723015
0.258774647711
0.261389623
0.23044217436
0.287114313676
0.25449657761
0.299525572332
0.328720421075
0.217781155701
0.262253003113
0.241491915222
0.252751795897
0.195389500374
0.233457374781
0.221344850259
0.303534988398
0.309009855746
0.294910654975
0.327433653543
0.246245484024
0.289300957387
0.255509521434
0.385563860167
0.341665994003
0.239031345756
0.223705948708
0.254129702036
0.259523132595
0.237018287471
0.292238930012
0.270703207402
0.23848892598
0.325246525656
0.185622765714
0.201530401572
0.337817278575
0.27022822822
0.250703884167
0.172535070018
0.252656744833
0.266815038251
0.254017762344
0.248155716205
0.23577649135
0.197882225759
0.27059840104
0.342515241495
0.313772683248
0.288012791319
0.223330400111
0.158017755212
0.199209964603
0.312289506336
0.146609467868
0.271320812198
0.322022910527
0.168884989998
0.31780968618
0.29691153813
0.224139322846
0.301683013566
0.258628707332
0.165325637587
0.252057461366
0.182500170997
0.423344750446
0.283439872915
0.200602304556
0.169970293709
0.275492924181
0.276620876531
0.187617483301
0.404154358281
0.208217521214
0.299869527168
0.247797524683
0.254797348795
0.200958671747
0.289477696499
0.214239183849
0.256812380241
0.244730285239
0.279066113938
0.281747799225
0.273244538194
0.320824517711
0.208737015705
0.341065272513
0.28122360088
0.31307285468
0.264846477582
0.263801254181
0.270234146025
0.276027169695
0.305333787286
0.145619348639
0.332782811353
0.214567648802
0.307635180355
0.269190727133
0.307411694939
0.256163369594
0.233758584909
0.207810555667
0.236528127875
0.294732008287
0.173539729618
0.278454975743
0.21399394255
0.227085808514
0.148726108932
0.268125233968
0.259518509916
0.270483648045
0.261637699441
0.265326534119
0.191018448368
0.373592107064
0.238795323149
0.250147323248
0.1775702626
0.321562076755
0.225433984892
0.231996631489
0.269925201428
0.289684848344
0.207108730993
0.25703191526
0.348164798863
0.210152351381
0.318937423025
0.273582033316
0.298159313322
0.184465760719
0.237956279463
0.218312190311
0.435394245734
0.250085943271
0.145616971741
0.218195491714
0.195982320192
0.240241272349
0.210146212041
0.2490595348
0.324672653644
0.335680933417
0.325782146918
0.26082720207
0.285033451294
0.228511776932
0.332856185535
0.228087286476
0.404829340619
0.226669115719
0.142346236409
0.291731431153
0.298202020184
0.221437236876
0.171337524432
0.269529697435
0.283237613418
0.205310280408
0.217410558563
0.310082435123
0.157937368585
0.195548704624
0.258486062569
0.266429688555
0.216556594431
0.264381232798
0.323726181232
0.288246531623
0.295019837359
0.228802297142
0.289712575081
0.221581206719
0.218670903907
0.243592431814
0.242423446973
0.316279518329
0.237681024712
0.293714666595
0.248963277929
0.21062664933
0.152354839956
0.327228322495
0.178261885479
0.265132937605
0.233496849775
0.243930376385
0.201761771777
0.239996378667
0.228030435281
0.219826070142
0.277071411806
0.179890760643
0.187741330636
0.322049533528
0.18331865743
0.250825790257
0.189313558945
0.205671176307
0.242070872765
0.302031501247
0.252736644453
0.285375562282
0.262947303848
0.182472008271
0.274385219438
0.266569978167
0.306432116338
0.382431837247
0.328870224373
0.283566630303
0.22784042469
0.211855150734
0.273526274567
0.256806608934
0.339921502818
0.22252111954
0.291203733224
0.300939776411
0.21771586847
0.218758629927
0.249805203426
0.310541075779
0.20480811231
0.235502585989
0.364445479054
0.269086869268
0.282933278634
0.183520720389
0.256648291504
0.199118141076
0.170337212152
0.221884689653
0.337772154247
0.218790791886
0.286365678427
0.288215448363
0.285206904952
0.244819896068
0.238968051012
0.291477881621
0.360627546071
0.247808168604
0.332768430766
0.169750419908
0.253030180007
0.29556912565
0.23394524887
0.304230977172
0.18165708495
0.223871452069
0.192150154733
0.231966160556
0.31079665271
0.23312823016
0.234802703992
0.244249922061
0.306848129515
0.176925378526
0.284762168351
0.469346895996
0.323327131532
0.262453449641
0.246456117566
0.170880173177
0.189044693821
0.2159461095
0.284664518128
0.292955557465
0.302077189425
0.229657418748
0.306722899281
0.341801206354
0.223457129163
0.2102083741
0.259322291188
0.303904977845
0.148726520797
0.338851597333
0.284386171403
0.18373508226
0.273164211132
0.224821774975
0.237566040325
0.386508834397
0.253196450275
0.340872905045
0.25178492269
0.27441641845
0.201868588713
0.41302639746
0.322646297127
0.256504117147
0.232220904571
0.238525558117
0.297562783606
0.235692413824
0.323316545796
0.334260706863
0.279075678216
0.283135158987
0.16984640586
0.200625371452
0.296833900696
0.313071967493
0.36862328269
0.26303961349
0.263327011196
0.286349849984
0.280888346353
0.228304386769
0.211896989022
0.277267501809
0.136897310839
0.302785735591
0.209129506822
0.279753528488
0.278637753828
0.227854244808
0.238361170808
0.299542888508
0.244293637361
0.186607836359
0.204063870088
0.205397721713
0.236434263832
0.191426200184
0.27162725713
0.287655856193
0.358292305874
0.271681755428
0.284530484118
0.321345222877
0.306610480073
0.169677997453
0.269675461505
0.288809760432
0.305547753009
0.305321188436
0.286702562264
0.248021261229
0.25603406401
0.262809611027
0.288439070501
0.277767747157
0.327402984049
0.216024088835
0.271345696713
0.292535319338
0.3040342689
0.21711326904
0.202729772384
0.287700073042
0.217957519979
0.207454323239
0.213367693138
0.372408347668
0.389176719597
0.288182172023
0.224624391417
0.222091296099
0.30123006381
0.198907666405
0.213512242442
0.203140588917
0.296064011058
0.256729057038
0.545765479985
0.350053449599
0.377008333101
0.279807169675
0.267412683988
0.291980630501
0.226284806379
0.295379713861
0.287039305253
0.235612300299
0.32509707856
0.235970985845
0.223817322777
0.306949712374
0.237184136588
0.209533667165
0.207017637495
0.310926014854
0.307314726103
0.240263165933
0.2111374781
0.289821704401
0.259480570061
0.256683618161
0.271304147322
0.240665442738
0.363939082718
0.322706052465
0.319879745526
0.269842700751
0.290127540581
0.197042631239
0.240529044663
0.382317844966
0.312725102558
0.241934781649
0.166999670571
0.25401507063
0.286099884882
0.235567726022
0.18618456979
0.226161390159
0.289700969026
0.296956263483
0.307628046888
0.296859650624
0.229781050242
0.481952674008
0.330740774619
0.234257856227
0.31312044265
0.304177663605
0.205342513021
0.247483628136
0.179621877314
0.233774575229
0.262647687115
0.164448437171
0.225888931778
0.37387283625
0.302228700163
0.386983949265
0.413488982701
0.290839550051
0.211879543389
0.245278640715
0.216586663301
0.278083472129
0.239690309561
0.195620303092
0.24506315317
0.244414129979
0.237902511312
0.184343143259
0.300729493253
0.295869608582
0.201544787985
0.252986816603
0.181704061233
0.250403475512
0.355701416458
0.360782688037
0.337899330047
0.272553666161
0.264923417928
0.277200236508
0.2267602993
0.18857594265
0.292701125628
0.195449347237
0.340601051997
0.261028452991
0.260788233051
0.212589214877
0.241727534229
0.152143959769
0.360891640375
0.307256335118
0.291326472043
0.196139266976
0.183338953893
0.270291076685
0.295046727286
0.257015184706
0.305867986837
0.204156847077
0.238444670565
0.202063955253
0.189440378375
0.191521943109
0.251853061293
0.268396549567
0.248275681212
0.231731908216
0.26013340268
0.263649384829
0.282729144099
0.201435934524
0.278814405028
0.197494572779
0.22637267179
0.223235815007
0.292533531575
0.233533226089
0.200721657317
0.211313196283
0.33905785438
0.252321921221
0.303376935967
0.204420614312
0.232073517828
0.251714682998
0.353883391476
0.284679649878
0.203521158785
0.200982361892
0.440017433103
0.228244546157
0.200321755751
0.322634115801
0.319000953137
0.293250083141
0.337656640197
0.272548246581
0.229470075006
0.189605166991
0.207169926863
0.261398760197
0.208473563623
0.239259994339
0.236805092244
0.282827746981
0.19255490484
0.252524734854
0.187211184663
0.207275971032
0.330616809678
0.24197169954
0.207596490908
0.309592938105
0.192287348734
0.211980413275
0.269436837154
0.248970500177
0.224110485097
0.396432205343
0.383308926523
0.251423986365
0.297144455818
0.408645071938
0.239698913687
0.478681858739
0.323826147185
0.263165280695
0.234837733616
0.290071134667
0.35840847388
0.314940629225
0.362388200098
0.230242702644
0.284085728171
0.203859121466
0.278136484219
0.209630572003
0.373729580148
0.259658775157
0.223289458432
0.323643335129
0.271842752737
0.284063073672
0.245238932934
0.261105401617
0.31060337775
0.260908397121
0.332990322815
0.30695273206
0.276085850612
0.218173861306
0.354250145628
0.343361901603
0.269889944035
0.367503752353
0.243411417263
0.330525260719
0.30734880333
0.292448075315
0.244197743238
0.351066922841
0.31713483009
0.246344513474
0.23255959418
0.490552717255
0.347324638483
0.221520804749
0.177724680158
0.302002724472
0.33358429262
0.307386433081
0.320304665515
0.361920743527
0.267759359743
0.383323594223
0.402026858601
0.222362390139
0.418561519524
0.228772072045
0.357734809286
0.250087946253
0.385556054688
0.358159351715
0.281301243864
0.230911050886
0.292619782493
0.374254997737
0.294838015197
0.413851572163
0.500689510164
0.366933551547
0.320851317743
0.419470519777
0.258432835273
0.227852741487
0.226545997825
0.290679162307
0.250688503929
0.258321283416
0.288429240819
0.316998749105
0.237496220231
0.280686776762
0.340097385668
0.163544209315
0.391619580791
0.245707753742
0.194815823543
0.289113825298
0.208672738757
0.262794777602
0.198078670765
0.463262595193
0.317495102401
0.227195532669
0.291364186634
0.329358423804
0.243781345139
0.233583688713
0.328753457588
0.312184296825
0.195423496332
0.250391173051
0.311232269351
0.336639307173
0.30744517376
0.232209376872
0.242412667272
0.21693500326
0.400459830285
0.271079097609
0.339992797141
0.29689342645
0.320430314477
0.259331033251
0.351983856699
0.181679487945
0.332697208742
0.217988486923
0.240227275289
0.37299913859
0.295480737949
0.370242321704
0.262128410122
0.226203536533
0.273000990521
0.163749453623
0.332771260497
0.304805099239
0.297042800822
0.332558153284
0.304314291088
0.310508341509
0.346951861646
0.385042044702
0.378251605953
0.478673816911
0.258251745458
0.355545186229
0.309615385955
0.327557737237
0.277342298749
0.259978299998
0.380878357622
0.203140978118
0.332296329498
0.310554414227
0.24518507127
0.260521989018
0.237765337207
0.253786652622
0.363127472624
0.294918995747
0.299943500805
0.268791860961
0.294817188389
0.177258432196
0.239509854938
0.283803911372
0.25233055676
0.28872582911
0.300386391532
0.237264131348
0.354021484169
0.34939084039
0.274501871849
0.446736634062
0.160152023821
0.274267192368
0.38025229508
0.374590522156
0.384357348966
0.35310752608
0.231435956086
0.221858657958
0.171193596634
0.262541184549
0.285995672036
0.283863358293
0.30268039321
0.307057793645
0.320424117094
0.141193904862
0.263437030937
0.330057580304
0.286193761718
0.333032230051
0.301861310793
0.383020507965
0.272689439881
0.280219447472
0.273051593436
0.360714905265
0.40238591602
0.351234817775
0.263300389924
0.191585682204
0.405730486664
0.26045526495
0.390000250875
0.31528085312
0.294445573997
0.205689000435
0.211004096209
0.328762610596
0.226035830147
0.282653664249
0.465708543671
0.278973221284
0.275468377724
0.194383720918
0.264448853324
0.348181119472
0.256752565813
0.295517152686
0.18301798028
0.295619615461
0.309167207597
0.255584911333
0.208365745328
0.364497224508
0.310432245973
0.320179462794
0.264944913896
0.269493697749
0.357205776628
0.220783794629
0.389824801568
0.457114110264
0.249058855085
0.327401936086
0.234038413338
0.33533407765
0.365725837448
0.271613507013
0.274992746603
0.331996446112
0.242240127328
0.334193809269
0.279633671157
0.316861330048
0.256823114734
0.291903724796
0.292639580919
0.306681522851
0.289200932387
0.221364923965
0.39328509494
0.360538261977
0.310472659887
0.335065206291
0.20791107724
0.362541881877
0.238322403728
0.330220544182
0.352892423595
0.226712661651
0.227944881869
0.407216207046
0.42554598419
0.273133503793
0.304567179659
0.195240895342
0.336465560906
0.251718809534
0.326068020823
0.259490071948
0.305382024482
0.260016566358
0.265575705689
0.214450009337
0.264186648093
0.247301280655
0.183360444943
0.351585403825
0.192019465161
0.293676485493
0.250597076337
0.266552670982
0.246301516558
0.286908511268
0.229443235002
0.240227774913
0.256578638701
0.215162586163
0.269096339615
0.302943003859
0.296658861504
0.236589459875
0.253679506965
0.222176309418
0.29529060305
0.265840993154
0.273303890171
0.212322168873
0.212668070044
0.246637220489
0.2680332291
0.241368966945
0.384597435351
0.19985483657
0.201555630674
0.280643475702
0.262538323043
0.245097597124
0.274460701232
0.226681982923
0.187397827363
0.276612243537
0.223161356833
0.269365693845
0.196705785715
0.249930464867
0.273146922038
0.238531662645
0.25029534813
0.252695683829
0.232451185521
0.307610109347
0.233847516758
0.267374413644
0.252012547516
0.30347345808
0.326414797696
0.248679130732
0.372692404156
0.355328427892
0.224248773925
0.292038665006
0.191868330656
0.263790376376
0.273878629825
0.279373151517
0.28337088617
0.255497617412
0.245393188445
0.183150634004
0.220581771913
0.33590701578
0.29761690059
0.289211113802
0.256433453938
0.365439666704
0.217894582005
0.24674667635
0.234567889495
0.292798641936
0.25644185432
0.247413784429
0.297695040192
0.272826322461
0.273170163709
0.262038546791
0.227814207039
0.221950495092
0.227607548839
0.34588278263
0.274871600044
0.269852235446
0.29911599902
0.233518316856
0.307300348627
0.24586368862
0.286341852708
0.3234957544
0.244668832301
0.256095066112
0.248589564055
0.292016322788
0.266268179038
0.360960986021
0.246272959892
0.243984980247
0.261596849009
0.196895538988
0.253397742928
0.210338236993
0.146200891835
0.21461701656
0.275443780849
0.240647780213
0.289626428213
0.193532691545
0.162557810439
0.18001144282
0.274467864938
0.25147744318
0.226349499668
0.203010481264
0.258451889632
0.281308716972
0.247528612669
0.230369924852
0.226611143628
0.338189566505
0.195779456846
0.208198974861
0.244749856533
0.26050654744
0.211927218648
0.239011780142
0.214476479237
0.230196940132
0.254461843238
0.21190441631
0.223353419165
0.196554435492
0.209755567462
0.265461071869
0.165648821354
0.164450971085
0.287074331683
0.3923508307
0.233256126834
0.24436479211
0.238452292526
0.227494743715
0.277012955193
0.169649335538
0.245517145579
0.259258673516
0.280771454669
0.22707497349
0.286173056619
0.285941257045
0.277789410792
0.261169921872
0.261125485059
0.215196600246
0.248395220244
0.262851165117
0.271288947121
0.304786905333
0.32961509417
0.153928973849
0.260506235448
0.225739166707
0.27568936151
0.244881481158
0.231666076971
0.277848449966
0.215722015596
0.262405085736
0.263415910188
0.205912883287
0.295554624459
0.229352055638
0.272903409393
0.249238529938
0.231304219888
0.28311959559
0.266325327192
0.232293103471
0.296504538337
0.202949218428
0.188475695329
0.248071749976
0.325243891655
0.261799956192
0.288413205846
0.221873497785
0.253846863665
0.21373229572
0.264722833833
0.230934689346
0.180942567869
0.260174693548
0.240146762666
0.200694645043
0.334478601327
0.227976111398
0.276537777072
0.276724082817
0.25368033813
0.316306411761
0.279181007189
0.223440002078
0.227986456355
0.244206917817
0.319772750086
0.274110178836
0.21548361929
0.23015822923
0.269054040234
0.262276553189
0.346844124964
0.25654567282
0.250009860813
0.204888049029
0.254456626229
0.221330748649
0.236905237377
0.185513314824
0.189315486865
0.233784381972
0.188617908083
0.266347786025
0.309325229406
0.319751772996
0.230967789079
0.275396658408
0.198595415626
0.200359551091
0.254281749426
0.239218064456
0.190028326014
0.192111666872
0.292496079324
0.306498489806
0.209083239101
0.284638333037
0.24061040215
0.222339618201
0.320222789319
0.297711333011
0.253020970336
0.261056859998
0.310564065035
0.246276503223
0.238514311575
0.247703148864
0.208479108632
0.278026008827
0.273248748831
0.230271664391
0.169420153043
0.261312051437
0.219520198988
0.20281245882
0.202262013957
0.317010151646
0.259283152388
0.295325959925
0.2211040566
0.181468517837
0.265303147796
0.219474962573
0.219772201941
0.217664753141
0.293681657672
0.268828193361
0.318588765878
0.266381039719
0.270276893062
0.244726612338
0.228753838913
0.306222079797
0.270989960065
0.161187599755
0.279945457515
0.324930522472
0.19577916718
0.219959158744
0.194555884857
0.255174790116
0.249208315636
0.312732116967
0.356738776369
0.22197683316
0.31301773187
0.330223037725
0.270945758314
0.209655522505
0.297839542885
0.276020656705
0.168787429118
0.260467290043
0.258823897167
0.189543930897
0.289127991762
0.184293929713
0.302508150785
0.260330930721
0.234034099194
0.35046443332
0.18829362838
0.238044157493
0.251115398263
0.218414754299
0.227785588904
0.335780721445
0.332060427656
0.276889933208
0.266782700348
0.211613294478
0.290932619881
0.273379926529
0.155262812491
0.236073694939
0.226362712883
0.202926744903
0.266613172345
0.242892316011
0.30805935994
0.227928232402
0.171141342755
0.260218274933
0.225747501448
0.294665136602
0.268537300367
0.274130597981
0.333444750845
0.209695742352
0.273005764129
0.259196882667
0.305083193504
0.21112571647
0.192649633528
0.319920297004
0.275273039532
0.231302038005
0.259086350123
0.260800266096
0.224758135954
0.134202751992
0.248513563905
0.177993448461
0.249927989811
0.29385164097
0.307945253863
0.322332946416
0.304333686956
0.237137007253
0.273096613326
0.243750622493
0.236652449724
0.234262594409
0.246463388977
0.311492486514
0.234455482043
0.280760268902
0.218378575894
0.254218181246
0.350422218881
0.179410311496
0.222651207822
0.24019340717
0.224200694792
0.286027896381
0.232894737807
0.217574217383
0.344633730081
0.262120184698
0.226483453709
0.332272629365
0.260717903445
0.256162576021
0.243359344674
0.265874835128
0.210986097079
0.272080416585
0.281863948873
0.29816334298
0.27914248379
0.227499823266
0.239156590365
0.257836650077
0.283693793184
0.179061554188
0.291202433585
0.275981104766
0.283127898956
0.361753787969
0.250415217243
0.194081345433
0.315080526623
0.260683002326
0.255010667345
0.283170858514
0.248986818158
0.228821900426
0.27650971024
0.197177516626
0.278328196617
0.228651694627
0.320031090966
0.364123370232
0.272104554777
0.300559366744
0.20697326691
0.251173481062
0.208673372506
0.294609807997
0.24172934779
0.374718774404
0.288063230181
0.241883444918
0.202576098222
0.240713370892
0.211668663791
0.218547952493
0.344644933156
0.311295658923
0.212938599026
0.236033515997
0.31853107514
0.284574982856
0.285177613619
0.225234968111
0.266844021905
0.264831576825
0.173654191591
0.301521943199
0.224384031529
0.216229014083
0.198898546734
0.188609033952
0.266729541406
0.198531933457
0.297082715535
0.227455159319
0.220641726171
0.273306670093
0.295182846682
0.217094987564
0.201047329643
0.212541167904
0.244677216276
0.198590720583
0.209552593908
0.244417989829
0.242891024378
0.215174076142
0.21292702148
0.277050659563
0.238372325808
0.258817746857
0.270428635147
0.198838138508
0.253967587886
0.316700791073
0.347778904715
0.309885476391
0.35734348386
0.26194645417
0.262978478388
0.27517715958
0.317337573002
0.288049819969
0.240400287021
0.224041001838
0.173145390391
0.205941062878
0.335725737994
0.289492697049
0.264589024774
0.267692076095
0.253348821817
0.21771933253
0.317383826074
0.28142091037
0.283967507232
0.306648256978
0.230262619614
0.223641871647
0.264330069159
0.2398478408
0.319126482438
0.228534839896
0.226662169386
0.302369232396
0.269128442022
0.338568547425
0.302429942352
0.216061183996
0.26500850497
0.211816760885
0.345467978213
0.226702901692
0.288117649497
0.253689639531
0.251472148475
0.276850111536
0.163028609303
0.246947201597
0.214184958449
0.302149011849
0.180901172678
0.224287788886
0.266685627798
0.195563361747
0.29332085619
0.266173296547
0.31433059075
0.285952525565
0.205734671096
0.19390683651
0.247678553435
0.248383847795
0.314025723073
0.252534143954
0.196568722267
0.286457499215
0.326447957353
0.318950501002
0.306346145839
0.241831642217
0.144934599696
0.243299739675
0.263035036071
0.223217370683
0.291172789408
0.204775570318
0.226566426032
0.185880952983
0.34561619054
0.179626460871
0.259425312521
0.264763145848
0.280244816465
0.227351143389
0.296568268594
0.253848569833
0.201571741292
0.161334723451
0.232090137503
0.300350664169
0.280378660819
0.221736013657
0.261262724779
0.179464629995
0.117354748151
0.328193394308
0.213337258297
0.245728758705
0.199203184384
0.279992724878
0.216928410718
0.255882623048
0.233358080192
0.292010606225
0.20946228507
0.222587555155
0.30213831856
0.239823998517
0.287109079669
0.31595850712
0.30456437202
0.257672554131
0.206165428442
0.24676524078
0.325125400427
0.338483849716
0.218156287784
0.258295928116
0.272873720887
0.204785712118
0.316952535501
0.304960417057
0.19037101967
0.360571662271
0.231200375234
0.221708910362
0.306670444247
0.250755907102
0.203888088812
0.313895529502
0.233055037874
0.205148298224
0.253896988334
0.279941821102
0.158451600306
0.296564319535
0.215586643701
0.257734422818
0.348587318814
0.295106346736
0.207794783055
0.300211677732
0.237136805795
0.231718104267
0.181705048173
0.256240677982
0.240841145859
0.228559582785
0.35807932441
0.280485571927
0.265877330401
0.233149513432
0.327980107822
0.352779596159
0.285204480498
0.261906887089
0.233012674897
0.238875242643
0.292469126987
0.333677734636
0.333837686234
0.280393749929
0.26977971138
0.272532320076
0.281849537423
0.203174583546
0.2524153427
0.245418337183
0.2132278699
0.3459777201
0.187261463975
0.245045915807
0.305922244222
0.2563668751
0.214685788273
0.23293219768
0.300164993461
0.203592116913
0.292593470419
0.21242754816
0.210702143958
0.313679198613
0.228801499639
0.247123168867
0.314413128876
0.236544421181
0.300780166859
0.297259163846
0.262997421165
0.302218475748
0.233411379069
0.262319795824
0.273971464423
0.240861939105
0.262559222945
0.323085590478
0.297984358404
0.228725952923
0.202819811425
0.3194550897
0.273592595676
0.257722393538
0.204764355788
0.221563588152
0.343216651769
0.287281209411
0.266178401189
0.237112922417
0.300290698988
0.176723290013
0.211389728512
0.320493894798
0.270525903589
0.262303326065
0.254241901965
0.266173628219
0.176250458135
0.310300675054
0.216329185504
0.234292424519
0.250054794482
0.179942506081
0.223501925685
0.282848294567
0.344801254984
0.235098657203
0.243718413793
0.296394662799
0.300303115699
0.274995145575
0.266921641462
0.375130205968
0.27286621306
0.117307143496
0.232952512176
0.162427171988
0.343158218678
0.26896664166
0.223766877651
0.206854670182
0.297116133018
0.236099007838
0.201761513883
0.293503857193
0.172548137392
0.170709912999
0.21936050417
0.183455570736
0.228313486701
0.214285913976
0.312423051275
0.259633731365
0.264379763639
0.1875467949
0.226443518858
0.228772276735
0.251299695154
0.246900649879
0.239884066247
0.247360414549
0.230799704036
0.241743375159
0.206259894732
0.240371610768
0.183169935603
0.239130641647
0.292317479138
0.290680746694
0.216505194347
0.217501444016
0.25544209565
0.24787197586
0.231465968749
0.253701064853
0.319973748366
0.215601550467
0.261456138825
0.341427308923
0.229089087804
0.296773678772
0.314843209633
0.224425247998
0.244847540417
0.25209773379
0.292957265882
0.34077943637
0.367607744244
0.237888274762
0.264093389843
0.226642509929
0.201074461468
0.243503700295
0.221535871132
0.272131797951
0.18723200455
0.318660441122
0.263452659938
0.23779621684
0.301212515297
0.21185943533
0.198706532528
0.207073379634
0.170301253432
0.390409989925
0.169387103517
0.288083751772
0.225360881803
0.211785653104
0.223966172477
0.310049513318
0.261297094594
0.253922602868
0.239322072525
0.317357203384
0.247320081945
0.260337159806
0.390755360466
0.349201284908
0.18907627589
0.225653616574
0.26727853185
0.280597068318
0.264455924651
0.334494167676
0.246998780805
0.271699707016
0.277147053822
0.219383224609
0.134852729358
0.274503269727
0.251955587738
0.286827589821
0.17855978632
0.197628079274
0.270601236617
0.233417391454
0.249341076116
0.264817824684
0.235819237151
0.318229854409
0.245908693708
0.326366877735
0.250174742166
0.292909965833
0.315964067514
0.220367887237
0.320282885584
0.271140135334
0.183244293601
0.283634363653
0.253494772484
0.248646339673
0.213914948486
0.220444010667
0.27175901483
0.224881082426
0.276114923438
0.271720366459
0.255970804617
0.25148302414
0.224573791019
0.211425571605
0.290323761337
0.313581919482
0.324568953337
0.174834619044
0.235908582122
0.267781866381
0.164939027976
0.287993045854
0.17905194711
0.325849535391
0.207418597398
0.292385555309
0.268255259038
0.306316407751
0.222351130037
0.263252697587
0.190314157712
0.224834766571
0.260424456484
0.29653333533
0.288101133542
0.199829014847
0.187734887606
0.280956990267
0.233276549184
0.253655717394
0.184755290969
0.285663519343
0.237327850791
0.296532376333
0.276480650485
0.272685007097
0.203365070497
0.240323218742
0.285598768678
0.217772086197
0.218722678833
0.22950923574
0.233589729742
0.202608330613
0.237123034569
0.251292376397
0.24047220497
0.168943373589
0.342078499855
0.297185439173
0.247725655751
0.310766902046
0.298794929397
0.217562981366
0.204232542872
0.316259116009
0.259499204713
0.346174531145
0.279035721887
0.247627503572
0.272148133352
0.171884145448
0.221104303061
0.216730826698
0.266210545119
0.312679303874
0.296279505246
0.313698920136
0.229283826313
0.19331822632
0.18121689048
0.274471874672
0.230626677258
0.181840627556
0.248760664099
0.204397318324
0.169427179357
0.249498856484
0.386097804014
0.277207375849
0.246668753492
0.239726659761
0.284940602855
0.334093887278
0.25866397561
0.297491366195
0.222794386703
0.20824375188
0.266729302727
0.255252602203
0.367752892935
0.288897029364
0.282599252885
0.248677485928
0.279030617387
0.29437202299
0.311689266718
0.281762442707
0.173133385074
0.260896608248
0.175519821397
0.205858981688
0.404052110559
0.223952410315
0.269813445124
0.283139050087
0.25327428379
0.228121994761
0.318449400047
0.257467701388
0.208104617194
0.24836050461
0.315133785514
0.290568914711
0.163982368782
0.219868033269
0.269369938471
0.30654885767
0.177614817859
0.210550330468
0.230790864483
0.344476885625
0.27816170464
0.232910757356
0.317122047965
0.244344957664
0.185033432603
0.298266599798
0.26310306181
0.252190110682
0.229733761941
0.305836626538
0.219520785315
0.259047149351
0.269564370259
0.270726278212
0.286694864587
0.285715257963
0.321462557343
0.269287018744
0.314278471394
0.217979590985
0.314646582739
0.236443686042
0.204097149147
0.291202435589
0.248755225861
0.183926294423
0.306368587363
0.228539494225
0.208254936632
0.18188988427
0.282008713641
0.214359288904
0.21437611554
0.204502756318
0.248605199727
0.326011357626
0.287053158987
0.386835163877
0.260031339368
0.23891438933
0.157822191064
0.297332591261
0.276405522283
0.202693999553
0.212824397244
0.247440771455
0.260001904444
0.223969845545
0.32149174582
0.220334582686
0.215014053044
0.184800511714
0.238338403001
0.21023457769
0.273178949634
0.31312534331
0.252323553873
0.256720872183
0.212146255968
0.237046904548
0.196328260898
0.194788360064
0.252613941085
0.280279782991
0.279433227907
0.241245736747
0.189446404546
0.232411859864
0.273753884814
0.279406416646
0.224615945555
0.266079057795
0.214466474462
0.259855191541
0.30211807394
0.187526791195
0.326364748547
0.330930653201
0.3670906188
0.207236134619
0.242177210038
0.333046417894
0.257560755727
0.294171881137
0.215971961738
0.214980477883
0.297963504578
0.315921970754
0.205438374843
0.28876201821
0.226114684156
0.276095926708
0.295425704
0.266204761247
0.262547805497
0.325350279683
0.182224544254
0.214362879491
0.253822809234
0.240385894458
0.242546194624
0.283957938244
0.346462611505
0.327882906589
0.314106408302
0.228596013702
0.262732474424
0.252135399677
0.230290997981
0.219650407931
0.21742128132
0.329514517746
0.237446093749
0.255927154497
0.287484574222
0.15362666293
0.304681964415
0.232040696436
0.190577919424
0.271610962692
0.227193664737
0.290882247275
0.282955202125
0.256140960859
0.196673650668
0.281561319296
0.239844156122
0.174038385879
0.304740620259
0.22328949673
0.263218642662
0.250417488398
0.274356725547
0.297718577058
0.230321149036
0.233593908383
0.285395973582
0.240264516459
0.33680440458
0.282380652463
0.232887742763
0.331975137925
0.218132579774
0.151796415441
0.166790256944
0.278364100378
0.15982954322
0.347803660901
0.167394477418
0.262262666175
0.289245601694
0.291259189093
0.236345546445
0.255578801217
0.458672609744
0.415200596824
0.286674549762
0.235867316553
0.222608533639
0.211465756001
0.212253696504
0.256682110806
0.195960173087
0.30354756869
0.245383940519
0.147940220275
0.302274771229
0.248585697825
0.398938089461
0.368610498236
0.35886841839
0.225653913859
0.273881086419
0.23921692235
0.25851624151
0.204325565484
0.337243431686
0.224667981327
0.285384718297
0.274560304173
0.245591968796
0.314793402402
0.334686092463
0.218541462566
0.317547773113
0.272575939927
0.210564678393
0.15079991389
0.214829518395
0.222695372919
0.277645531465
0.239033826867
0.24467785242
0.261271015453
0.285299690054
0.332020992897
0.199507997793
0.226695141198
0.260268290272
0.279576012645
0.210375136691
0.324930962536
0.233813817543
0.268171406389
0.194949881721
0.218963784323
0.212868721055
0.251424300418
0.243624798879
0.241497143885
0.218931957449
0.208732078636
0.233995220406
0.195105162644
0.348350158065
0.245244198347
0.235460617106
0.249542905245
0.249374187532
0.277781478241
0.224219933586
0.171623618728
0.294530494071
0.235580161008
0.26199101052
0.344379361883
0.27701035135
0.295041949504
0.3229771268
0.264600416002
0.225998316871
0.253672222147
0.274137328345
0.281253908011
0.247255100939
0.253540204544
0.268169131565
0.223927160605
0.317728952155
0.373632003533
0.251029297922
0.20101819869
0.322713661748
0.267088862329
0.277665784456
0.291148557879
0.25018137416
0.321303961329
0.218211948144
0.274976530425
0.198294707254
0.190644130345
0.22170522871
0.271947652327
0.187003864913
0.30182418962
0.216105144821
0.253229398812
0.222549094432
0.241129408332
0.210167616662
0.259245810667
0.2391389354
0.228623305186
0.240170354048
0.318184491078
0.250028859298
0.321137933913
0.318103188806
0.226781005841
0.269677805785
0.277955578375
0.258190115596
0.271986501761
0.242689992516
0.269657071596
0.221891248557
0.243959706913
0.258002282156
0.277673778995
0.318976237898
0.186746646592
0.207576716803
0.34502280101
0.214821700715
0.284731159592
0.231557448602
0.309280533925
0.201481556988
0.280953682496
0.279228224839
0.192020108376
0.212896551078
0.270333536003
0.301440198632
0.205631393923
0.284289892901
0.421342220475
0.38651792488
0.263811138701
0.282650557405
0.218236790209
0.302971337942
0.282559695333
0.245592240388
0.244463946044
0.26855764685
0.245503113877
0.169374440214
0.245094584451
0.364138331753
0.235670763163
0.177889668686
0.315749550924
0.218271764262
0.18936993156
0.21140701293
0.337096731205
0.267942728824
0.273043314864
0.229133738876
0.226086898251
0.204274721571
0.244580983631
0.240950788601
0.241916817097
0.254894244816
0.202235702447
0.215741349326
0.240636368881
0.252516905051
0.165850955887
0.258275699435
0.218879906832
0.464874575191
0.254672501666
0.284917351054
0.290883251319
0.243535866461
0.219002188462
0.260459290513
0.213271778597
0.292000791348
0.277035407147
0.317648362774
0.21325916803
0.268437870619
0.147885197191
0.231972003563
0.253526679109
0.382054323806
0.300010386878
0.272640928678
0.372340169671
0.239770869347
0.211281015354
0.213386545538
0.179205344982
0.187027446278
0.27507764202
0.218909460818
0.19889569956
0.232622837199
0.31934454394
0.202511282716
0.323513748008
0.279177789748
0.240822300169
0.308130650172
0.222350687504
0.183360149956
0.25367063829
0.256432418217
0.208039972933
0.303301993734
0.30419852632
0.266612949149
0.225231433891
0.272666478584
0.232695242157
0.246777603212
0.223854490667
0.270657769558
0.224531130554
0.28696261411
0.316027024059
0.274036975674
0.354495404686
0.22925404817
0.208765263964
0.303250505985
0.205296463667
0.267148232634
0.229223764221
0.230970084101
0.324661000091
0.179916271107
0.323928707106
0.199241306257
0.26020265474
