0.385081120778
0.323798286167
0.234082277959
0.27981790996
0.347363912998
0.280160362959
0.28079075094
0.290274848318
0.179399588767
0.287280446568
0.246088647062
0.222052785557
0.356399103815
0.319636628289
0.23934919216
0.220024100753
0.201838089384
0.260740461398
0.283063476353
0.3223846953
0.277090125833
0.183100637909
0.285504413517
0.31753435598
0.285189348439
0.314916785678
0.360307977629
0.282987084123
0.256916942327
0.240046954751
0.323049893297
0.286240566769
0.346292116694
0.364067781072
0.23218770112
0.241966870179
0.382915390075
0.328477091471
0.313002622957
0.228844636791
0.303780024029
0.329105036207
0.293329125513
0.249903745302
0.265562931877
0.196620867376
0.228257852288
0.287471668594
0.202999387368
0.308737178061
0.287361736975
0.266652218851
0.37148976422
0.373378395662
0.383315943895
0.363117287292
0.302690325106
0.344855350247
0.241660755017
0.333953293992
0.269273602923
0.204496705868
0.36368526102
0.285420224105
0.305270151792
0.286570326039
0.304900723468
0.325188369846
0.332297462837
0.252730302184
0.216907815504
0.314984136561
0.26338703304
0.25641202455
0.272785762894
0.309057605537
0.296549740532
0.333422289929
0.269819222889
0.360964179473
0.184985256878
0.331034554297
0.243127444818
0.25957514245
0.255737598765
0.266418629969
0.260390910826
0.326169372242
0.407443936167
0.210940354978
0.240400491857
0.215305767638
0.333677688754
0.271322964769
0.277746200742
0.328020697845
0.287918840027
0.137259295952
0.381025351986
0.299668073794
0.331169832455
0.274416350626
0.384476430912
0.270191722053
0.322951813279
0.398124209995
0.396379909097
0.307448463548
0.250362051001
0.24993534708
0.26520334338
0.231010784445
0.298925798434
0.360698018701
0.249020730774
0.307981757246
0.254105086468
0.22372715218
0.268621211707
0.251083225078
0.293199792685
0.301416835217
0.229711354224
0.204792751801
0.336120713871
0.287638367472
0.259147884649
0.294827956227
0.352827458263
0.20006816322
0.275257524315
0.261746329646
0.246940830741
0.222373057777
0.253794572304
0.226900360334
0.231754165198
0.274685114146
0.240622181913
0.3221544239
0.317815260676
0.244313595557
0.24506225693
0.328485692214
0.27243552966
0.29924676327
0.337150881261
0.252904203011
0.284827250855
0.267542814466
0.297716056624
0.242891175041
0.336177353718
0.26660000406
0.286789231194
0.230356343989
0.318816048629
0.393854461377
0.225440930838
0.172565528289
0.208207475038
0.239402783569
0.316950588735
0.304483974821
0.345654915599
0.33624560465
0.420266509496
0.320517296936
0.312704676792
0.25003779562
0.267924986627
0.305715375975
0.396728306817
0.245193088296
0.19398590783
0.266029743919
0.216393166889
0.206822668894
0.263539370661
0.330043738484
0.414227172815
0.342480572835
0.316619355258
0.28325446603
0.215542174946
0.413341084768
0.304495390167
0.223890469484
0.259210887245
0.293644591864
0.331970329614
0.202984462247
0.357892252726
0.259178737159
0.294102121591
0.246240056923
0.207556404446
0.316376032602
0.183882585835
0.329706511483
0.265124318331
0.26700732426
0.307594318151
0.339915345993
0.198080726312
0.361597616337
0.292968684131
0.189583481021
0.263943450619
0.255954460283
0.405587272337
0.255622148019
0.179560386822
0.24035551939
0.306116583093
0.307299397411
0.200952605017
0.223350297785
0.257488353205
0.256322925377
0.299815888235
0.365179605865
0.264212556765
0.287394919284
0.173800338517
0.32785071545
0.305597825873
0.339703817071
0.372689560617
0.232338864729
0.272169691885
0.328432425798
0.214679293091
0.357278995634
0.309245974843
0.259586771561
0.366967737783
0.228693514431
0.254281290646
0.214606616381
0.294761871151
0.299656485132
0.293500866027
0.330377040505
0.243760598221
0.28354282844
0.403744782323
0.403185042989
0.262295085007
0.305152516527
0.25924839654
0.298246770989
0.350624692289
0.237498229958
0.362646473182
0.26359280101
0.328721491736
0.304136533147
0.207197327965
0.316786059062
0.30347937283
0.270592820362
0.324219286554
0.277542817462
0.412308238712
0.38253663545
0.246817180795
0.262752256999
0.340158440286
0.253503582425
0.350161728669
0.31212421323
0.255283339825
0.275560668019
0.315922283574
0.223640282082
0.294279435521
0.321063257422
0.223420118218
0.364426820456
0.31652721099
0.374191966159
0.297659649367
0.214532494449
0.310713881225
0.180290431013
0.226893756243
0.254961038182
0.230112906455
0.226796205082
0.195746866062
0.244125112162
0.324151206525
0.221077891411
0.302182330611
0.363587089898
0.225202985783
0.269433638511
0.330450799036
0.342729572752
0.340907363106
0.219874132926
0.238823616013
0.299343957534
0.356147564642
0.283141330339
0.357490183692
0.228254519328
0.353766947948
0.25959403559
0.3074743858
0.295326799937
0.230857266661
0.271922011979
0.255004216795
0.339457141374
0.282828019009
0.290699366085
0.187820361772
0.179974542783
0.304807420857
0.356462746874
0.181278447438
0.190451822469
0.379328878103
0.289915210752
0.280578674323
0.199511137669
0.307323949787
0.304579252952
0.212926061942
0.2908864698
0.241165442519
0.296745870974
0.262556140669
0.282820737332
0.188191849666
0.273027378639
0.419531945002
0.332910372755
0.277942649662
0.340665117648
0.403603686275
0.268358447953
0.31590400615
0.293147921696
0.443606488202
0.286940150211
0.373423524146
0.292501371572
0.24717362299
0.195423060007
0.257446487474
0.294956752029
0.393792168547
0.262853969155
0.23106495612
0.276569944703
0.263013354192
0.320608862705
0.243573137988
0.232862193749
0.236344532451
0.379273917842
0.324731143803
0.159056914082
0.330561935006
0.307974180609
0.133701718358
0.275255810577
0.388517902724
0.281531497938
0.206994333116
0.225282345673
0.224473841092
0.187429121571
0.240211194883
0.328821038353
0.269529425614
0.243933793156
0.302117783507
0.290158425145
0.253203227295
0.207985202632
0.218484245242
0.189989348585
0.240814770687
0.244685315267
0.26846461107
0.239503053393
0.268567355156
0.203115695572
0.276125170558
0.339287158416
0.200000953482
0.247942874469
0.326894944356
0.200247235333
0.271527377641
0.388192227298
0.351315782462
0.343009451568
0.384332315681
0.318335553929
0.314056096252
0.328796184934
0.29395462046
0.306368040826
0.242845829619
0.287011609617
0.37901714316
0.399408931294
0.332671523719
0.225129157933
0.282578492471
0.320531296308
0.251724117173
0.317825190803
0.399046632886
0.297351976965
0.184608647418
0.274190734409
0.226319542568
0.244860126846
0.310601110297
0.253993137991
0.172173558667
0.286474491659
0.302442936106
0.355966283086
0.260776855397
0.320902148013
0.306936778722
0.375674709206
0.199434480447
0.26492738969
0.187005410662
0.282447576678
0.329865979483
0.400986189407
0.305334459954
0.362239971276
0.281348028092
0.216966050367
0.266979956167
0.371110704724
0.281443637808
0.22327702573
0.223343902911
0.280296843634
0.291748573103
0.181054291373
0.249911927104
0.316053225254
0.35484346387
0.311437001817
0.366029509632
0.312240249223
0.245670113007
0.33676717647
0.207340602861
0.291218662146
0.263180311224
0.163999222045
0.254735421703
0.255866927311
0.279124616515
0.267939450119
0.296547388748
0.256998180256
0.236736074225
0.257608200323
0.264303697559
0.357338141424
0.229320830332
0.276349751549
0.302399604224
0.261296508662
0.208821172381
0.306171292074
0.351954260169
0.29341097079
0.218331692116
0.27299935959
0.304734797593
0.206744494661
0.22399982093
0.361505642266
0.22682859459
0.314044903871
0.24196420935
0.294630610568
0.31436734253
0.307703560731
0.260584120812
0.299857142824
0.150403245251
0.268650282329
0.236398998513
0.25044756051
0.21830129805
0.27458579941
0.373276484403
0.277142268649
0.253027645696
0.277324367043
0.295468773012
0.231417316317
0.309182527689
0.322506799367
0.320435392044
0.17712894487
0.397307626276
0.309183215718
0.268499345813
0.2895264331
0.125124271258
0.238598047574
0.319936730305
0.289034421922
0.313311304485
0.308311705059
0.313504575669
0.331545744016
0.285648165471
0.242058842766
0.308133214644
0.200904706327
0.314450696136
0.288690569705
0.301741472001
0.322806147501
0.226922347198
0.295806535128
0.400291403424
0.222478065295
0.368433426877
0.28373487928
0.347975480205
0.300272564036
0.287973986479
0.227286184078
0.251930611583
0.271298066996
0.294608591736
0.241487494955
0.223920862148
0.194673040844
0.234254491591
0.322606122433
0.233975797535
0.155317776508
0.363676652791
0.264615287267
0.274990696863
0.276832348966
0.248876068163
0.21110824129
0.314537109455
0.209089494559
0.223450597367
0.269569751597
0.19047773099
0.365224318258
0.271595050455
0.324511294498
0.239342736297
0.318596053975
0.152796968894
0.26390502842
0.278474128281
0.234628476436
0.229941653414
0.308879062528
0.274763342703
0.237573525266
0.284234569464
0.303618703436
0.286262584209
0.326831080702
0.31066866081
0.294333009846
0.258449884956
0.190611924728
0.306317161536
0.377588553559
0.277926287704
0.312693206129
0.356771320445
0.280573903611
0.197927170679
0.297848087668
0.257300529989
0.264605176626
0.318212475246
0.281873755072
0.317188316603
0.36462545666
0.271820959564
0.211794537543
0.299691804524
0.258336715407
0.221616204695
0.166516337655
0.27701882696
0.295202435017
0.280843871536
0.288872092335
0.216050691846
0.177533671204
0.333393401948
0.349988204417
0.310812374983
0.345355371311
0.277407737614
0.390377254768
0.282991173411
0.350828842564
0.333661011282
0.22156223585
0.229529684422
0.235837255545
0.291252438501
0.280801318679
0.242865526194
0.340568035809
0.308082955708
0.251541968356
0.394084806904
0.268548934318
0.292518092108
0.367382531641
0.34474186417
0.295970228144
0.325971526846
0.31104310908
0.375570962535
0.217318312234
0.276222749729
0.282140955653
0.241159717372
0.372072836782
0.128340302367
0.256887120362
0.37610361475
0.360309738239
0.226064765303
0.29928891104
0.302421288058
0.260059828489
0.27049186722
0.266362025433
0.247771066272
0.303598990957
0.378830632999
0.274019283431
0.285176041364
0.252445402254
0.288426404949
0.188812383952
0.197541130891
0.26355519545
0.260293033445
0.268722555345
0.204037053688
0.176184899137
0.205720272022
0.361063724547
0.261284357207
0.233697583029
0.300624440589
0.244202172575
0.239699397146
0.36190019629
0.330959644766
0.328973929662
0.280240682119
0.295850765555
0.293041419719
0.293567330096
0.341852026887
0.305081013971
0.289761632015
0.289367460727
0.28837505945
0.322379479999
0.247665768665
0.354433462277
0.156160264136
0.338257333187
0.304324274099
0.304242339368
0.247831892426
0.265998733611
0.331100351218
0.215404992982
0.24934276841
0.269144411242
0.273138741338
0.247680956037
0.238887906042
0.380942841373
0.23077470139
0.332363641183
0.299323115722
0.35207290063
0.261959762016
0.231190204143
0.259273612821
0.340350368271
0.221039218254
0.314366867931
0.234990351473
0.380800614538
0.209596294253
0.238703265362
0.3650973796
0.32115086847
0.358999416557
0.222737179957
0.250435369202
0.356727584939
0.2881452239
0.314563222328
0.26513358788
0.203135822511
0.286201085569
0.254390715931
0.284797047321
0.216400078168
0.300765819492
0.320614278946
0.262864615046
0.199347464369
0.300418372984
0.290384628742
0.326120890461
0.252584904191
0.294381736526
0.317103250699
0.380289957675
0.272474464411
0.147698470139
0.291491488527
0.3276449426
0.381406411104
0.235140049127
0.270290958099
0.382933488873
0.188977651873
0.279857412696
0.185116578892
0.346367991014
0.394136451882
0.362733535368
0.297269280422
0.241426529861
0.321421277691
0.216059342517
0.284033863338
0.238385607564
0.259417819606
0.253000738587
0.325997255321
0.193278834849
0.20738337265
0.240748370773
0.328760356316
0.308402599632
0.262091110331
0.260631158505
0.196327643187
0.247442982068
0.240004159983
0.340320017944
0.311157843114
0.25001808345
0.388044789677
0.324473820795
0.292901215709
0.249239398239
0.283685168739
0.272146651705
0.244933151811
0.29791184322
0.312063193978
0.279093404418
0.32321313264
0.291871257822
0.207434695637
0.253252785581
0.300820188311
0.218232516982
0.295523883121
0.242316141972
0.291612191287
0.238480715112
0.22414020706
0.368766385626
0.264899038878
0.249032436319
0.277113505502
0.28586972262
0.237885250626
0.258295936317
0.255672427218
0.373968885074
0.287761528367
0.275486277912
0.298416735689
0.181997828882
0.243202710664
0.2534930475
0.31105819367
0.112869500702
0.214759691268
0.221978167255
0.317070596947
0.229096165232
0.354025030324
0.328905103426
0.312411376622
0.300188944832
0.244382931049
0.248968267545
0.298839687926
0.143518658978
0.252910395973
0.236248854288
0.379235474114
0.193429335909
0.231520859769
0.190861072735
0.323026346204
0.307546192205
0.304135712264
0.24091527167
0.275874869647
0.281629704605
0.33765698792
0.35169039516
0.260619816123
0.223907247625
0.328501622263
0.309910548897
0.299881040552
0.231708307323
0.268952682408
0.177211746136
0.383728505684
0.291369848604
0.336223605206
0.162535266689
0.297973312922
0.327716883131
0.352063603658
0.34395024327
0.286997398879
0.223552077171
0.410512102783
0.195637793586
0.373349032739
0.285707472526
0.274254103683
0.3947129306
0.310831430307
0.215306260358
0.339802270973
0.327383025382
0.282071924353
0.380882325749
0.298566844677
0.1888111423
0.312079015517
0.230756427781
0.321223697648
0.23398913431
0.248701292876
0.251265441837
0.264706245934
0.307046148708
0.266249345788
0.294622009895
0.296637584061
0.319015725682
0.381163695427
0.386832915315
0.249127007654
0.279401182037
0.321986824198
0.24796698597
0.270409892256
0.303452599066
0.224536001517
0.296635548312
0.29847220139
0.295285433315
0.292404866778
0.316789486823
0.31491004214
0.251931754944
0.237479995056
0.290046802587
0.334457881821
0.266559726527
0.240176626058
0.189502301656
0.289022985998
0.320573873818
0.321827109286
0.291537030283
0.290173501732
0.185334506591
0.31697849638
0.258943779176
0.250422241706
0.247268976445
0.29884961593
0.23142481179
0.300468778023
0.273424133717
0.25869736238
0.313723158272
0.259991401201
0.3029314488
0.284131523215
0.34668194959
0.245889653706
0.328132839407
0.242835644688
0.24182151624
0.320069238611
0.202704693209
0.275930444495
0.273208220132
0.30828492604
0.361231410493
0.189289797328
0.436289477894
0.295455023883
0.322388181893
0.313543861568
0.261173116996
0.361396565483
0.303649291763
0.348297066566
0.228715682329
0.248452408209
0.275208339791
0.296219210566
0.333258816703
0.30385587348
0.315392612773
0.324760193606
0.253795005109
0.271326752912
0.48821215363
0.432237504728
0.216272385089
0.227347994169
0.209700294134
0.312899111301
0.254070696544
0.245232527816
0.259115832985
0.242544870181
0.256666540279
0.239271181807
0.213850973812
0.210787753648
0.271894293968
0.338802761715
0.330496726761
0.249755049597
0.256648141633
0.358565228259
0.28194861992
0.247563683267
0.300454472862
0.283269993498
0.246163297295
0.239838972232
0.364435228953
0.270491791112
0.376100372493
0.193312785052
0.205997927732
0.271337026414
0.256009241737
0.279746192706
0.302734765602
0.263832083682
0.312683304669
0.389222136765
0.318588939985
0.332449684308
0.20443448494
0.380226058484
0.307051206362
0.264121011119
0.33334129667
0.336830421245
0.30098071805
0.37483374613
0.306934320181
0.291664343244
0.269460439678
0.220310659988
0.188386816814
0.285309166401
0.350862829948
0.18556454485
0.407392933294
0.282216495796
0.311587381396
0.26497271318
0.242413062644
0.470162546106
0.310021032721
0.247811070303
0.180448546674
0.265855602678
0.306430184474
0.256024833212
0.285003779325
0.205369240672
0.295261389834
0.237640010736
0.260181254805
0.264459745857
0.320042596888
0.200675321872
0.260627703387
0.238171242934
0.296403115608
0.269101873967
0.26666389142
0.336156085056
0.282915078207
0.302205618334
0.269432099757
0.32042632352
0.137615975846
0.248602712763
0.306396041337
0.256985704414
0.306121080209
0.329011847551
0.31107703177
0.35784024882
0.38310796402
0.232776837712
0.360261450612
0.323454849367
0.397421940353
0.257657067715
0.2771286258
0.249837405947
0.235382804773
0.279437215652
0.241469151078
0.261504790133
0.322631497492
0.371170825314
0.255919738988
0.326969015623
0.260998008749
0.183335208496
0.389277454389
0.248075082706
0.297878399196
0.194681301222
0.364700200257
0.335076031558
0.345957214628
0.265242270766
0.248424103884
0.300731740491
0.360449451011
0.260035488103
0.318896484969
0.374535357131
0.235508846155
0.309250220428
0.325905246293
0.376474046209
0.353991523092
0.182500900521
0.357472221375
0.414625932842
0.26058133612
0.280094058959
0.213773423135
0.316616717793
0.263836451814
0.262910408501
0.257188380033
0.277171139064
0.24239596454
0.269776202738
0.262113349345
0.267335002083
0.287315114405
0.283380336537
0.284666030006
0.252057725813
0.304048395833
0.206856680846
0.315859943892
0.342836868466
0.288058295353
0.371266895237
0.277753855855
0.314158496466
0.282045890748
0.301648463451
0.240259058328
0.257554690149
0.256465103883
0.259432919679
0.317148337966
0.24392838531
0.326443533337
0.210560803186
0.410225926398
0.336411675992
0.285442313914
0.340073111883
0.283908381413
0.278822764894
0.316583336825
0.245751359363
0.277088511487
0.286986669144
0.386695301056
0.247065017885
0.337717832353
0.329616628362
0.35478211518
0.219630647518
0.278357530931
0.228758612107
0.226701796476
0.296244787751
0.199001531277
0.283095434004
0.36577306607
0.364585729201
0.277924793196
0.346301904713
0.373612784878
0.28666609756
0.232292592764
0.348229962077
0.270280635215
0.350523595
0.239452049079
0.293040310902
0.201927636623
0.305529308106
0.257198651138
0.36742879607
0.275821103531
0.205056664222
0.308382340612
0.217420881117
0.323398247583
0.253693837581
0.24774929228
0.31024285702
0.263176738086
0.243886148911
0.34131621175
0.408067190228
0.169623970583
0.205552517842
0.301332758966
0.241655758985
0.28474701217
0.397635659127
0.330023688294
0.32057193904
0.332604860938
0.362567177335
0.30894498876
0.385130837952
0.348739882121
0.24731459851
0.293049699823
0.24570280781
0.304408098025
0.308145153027
0.249290377573
0.24000694516
0.342027881881
0.3207530696
0.278709823101
0.33597495077
0.302407465104
0.318855384746
0.234237281739
0.273827595829
0.356139789665
0.254175299897
0.387897740538
0.272992793214
0.259633338444
0.263502713955
0.324590229525
0.260662991517
0.297020290365
0.20488676273
0.345533960676
0.29997790139
0.322047868918
0.252844780922
0.20322856393
0.241245805842
0.357692292429
0.343536648259
0.269495089148
0.37697825163
0.235147107045
0.328873892564
0.385989147687
0.300203537148
0.25804405692
0.313341020506
0.348781887807
0.252607240793
0.261620778316
0.24951820603
0.334377446405
0.23907478668
0.253268911399
0.305122105637
0.375320088239
0.258995624191
0.277196085145
0.196089653102
0.326464613817
0.443223834979
0.342284556984
0.313322017005
0.38428808771
0.260852574958
0.365206725818
0.266827558588
0.315956785494
0.27874511895
0.338412949879
0.21732355588
0.297661062668
0.231832203055
0.309472376782
0.317727843236
0.299596641305
0.266566312755
0.310387398683
0.274803482431
0.269779184503
0.272536328748
0.225681078571
0.31800889062
0.395454422054
0.341684991779
0.233150373291
0.2951264263
0.34007396116
0.261741665953
0.187762948802
0.234494316679
0.380220287627
0.342367534191
0.225907862512
0.267739204963
0.324002347202
0.278475692736
0.224404311946
0.26424479221
0.193988564117
0.333098759793
0.29529555448
0.273787136025
0.282324875812
0.223021752071
0.220622423958
0.280079447372
0.299331734277
0.300991416101
0.262925061133
0.349362686944
0.333251790117
0.281340588832
0.273601586888
0.316471017345
0.299441187675
0.258427051016
0.314387059943
0.310061940724
0.313085842535
0.246634355189
0.274362949118
0.340968471221
0.34037617364
0.28827095274
0.278498349195
0.265251450622
0.266987736136
0.266241262352
0.335235881184
0.288956695921
0.26772343067
0.191134169609
0.145359062824
0.307673154533
0.363092208487
0.387917939829
0.335503197006
0.294581303605
0.341178570212
0.263046062432
0.274546485758
0.29841119189
0.253427463461
0.230623229784
0.265140615584
0.269184377922
0.201219884682
0.276117745083
0.269250231771
0.407066163324
0.277779690416
0.191496668141
0.23271973916
0.312042234417
0.235739405686
0.190398925566
0.286370600589
0.318583124361
0.23881519222
0.334076928574
0.167185430265
0.336234972199
0.291494147008
0.290865108469
0.347297921513
0.395121316938
0.310626556881
0.302781331389
0.361257747624
0.288701409094
0.206857660702
0.300394570479
0.339329715652
0.295752926932
0.317760562691
0.278896458356
0.32073449282
0.241479665307
0.297371347665
0.243679335528
0.408981105508
0.294900163941
0.334150488048
0.295170958516
0.293199775579
0.281766979828
0.328181980764
0.242184983694
0.359859810217
0.400865022249
0.286775409284
0.239887325744
0.302687324943
0.326215746238
0.275701134007
0.281801296754
0.291710085008
0.317323127271
0.323339883885
0.330879406392
0.244699635471
0.226682200017
0.238899236977
0.227491695688
0.285614096813
0.288363180751
0.174465959066
0.299074365794
0.278497670393
0.281832515417
0.338608996037
0.315888694492
0.22402863493
0.208825558238
0.319974275524
0.189620665586
0.381278633131
0.259244022189
0.273194572759
0.224764280684
0.1673193805
0.343405820415
0.208143770086
0.200463301103
0.243177371397
0.324816562227
0.264455152172
0.20639702305
0.316360229192
0.28164683843
0.400358021791
0.226561976904
0.417965226778
0.340135458085
0.279277594739
0.173053736279
0.258349360081
0.233620740973
0.272312767521
0.298671645229
0.235011489591
0.347122533904
0.302906815038
0.268670430667
0.279306850624
0.269832068082
0.404784527409
0.291248473004
0.377924041041
0.282324440117
0.37410731597
0.226515620751
0.268584692879
0.32015097011
0.240757337202
0.344028660007
0.321142097596
0.254809536584
0.270071939699
0.372519826778
0.273306107023
0.371317285642
0.320891319501
0.259735136155
0.280005521404
0.27361489088
0.256477174678
0.294167073227
0.215856189236
0.330682666773
0.309988230889
0.268592752588
0.251109558175
0.27200023297
0.27422291571
0.308134118117
0.24215390183
0.187065697608
0.317662714663
0.258912422948
0.293242470487
0.233925990016
0.336411787537
0.311396653883
0.240383682116
0.376107477357
0.301676994981
0.2289270056
0.285111846153
0.327455067896
0.33821065271
0.330112230685
0.179852755912
0.385838986903
0.316095275884
0.208835820994
0.253279278884
0.336079291144
0.272368206526
0.218543208203
0.259063158961
0.291981452162
0.317580990926
0.328908383414
0.236104643428
0.312732070084
0.251675058477
0.243935426789
0.268911994256
0.295371228553
0.312854760829
0.187593327404
0.148980323444
0.333969479246
0.247883003517
0.219547743216
0.300443146557
0.284723833125
0.229131318326
0.256529000234
0.283501811658
0.266275120854
0.393587438965
0.224357250199
0.26337639169
0.319910957219
0.18985724063
0.285144069595
0.26801032685
0.394856841494
0.243517228425
0.284170486764
0.270537589429
0.22233465229
0.307095272451
0.185110453235
0.397535691079
0.259595931595
0.251854445743
0.272044458433
0.268095377383
0.327427283038
0.335557461476
0.29678810802
0.390660772531
0.3530472858
0.299790947216
0.261139952335
0.305194007302
0.339661048407
0.360354556596
0.374921556301
0.306146623817
0.333687902246
0.269324266266
0.259197533698
0.193432549214
0.197972523292
0.294519889011
0.297779752647
0.333148063654
0.223206987215
0.302761448361
0.27525764097
0.317181488335
0.283026941953
0.256622847891
0.224491287286
0.266838518854
0.235935015624
0.190583285223
0.293692070352
0.287496497832
0.209005181723
0.318379861136
0.408410245966
0.305981126977
0.288423735652
0.320328835572
0.269358796994
0.218953601963
0.200553787048
0.208855200467
0.251449682171
0.293918731036
0.270082487294
0.250340009666
0.184495588681
0.223820455013
0.214361419363
0.249324661343
0.310601312684
0.312503011199
0.258897935085
0.328170079452
0.20078539545
0.277797121181
0.273923138147
0.275665396171
0.278647922381
0.287966273931
0.251834870069
0.286885172716
0.231358222678
0.3404758751
0.302123021191
0.312313902246
0.368032075628
0.177905748394
0.332909605881
0.365477765638
0.294477196901
0.335014231657
0.299336487261
0.236187696802
0.257156418741
0.353133755019
0.250438407538
0.263374645945
0.247814256858
0.286250477419
0.228251291597
0.317817779203
0.373918071148
0.175328672548
0.207336465216
0.218657604673
0.206864636792
0.204994905352
0.388166093344
0.29565354791
0.36499346616
0.292020148982
0.303160102076
0.325284250901
0.288051481315
0.305201580871
0.32706248167
0.323560400946
0.323252285466
0.279974762185
0.327046314322
0.324667527871
0.286115370138
0.315250014693
0.312340942275
0.234751533787
0.301690172335
0.307449294553
0.297613027699
0.190712640903
0.328430454933
0.228374824766
0.364569643046
0.291159796834
0.529652102903
0.226369117271
0.242703937458
0.233411194807
0.214367283717
0.272625881729
0.27458442441
0.333912330826
0.337899289386
0.246959381172
0.361281523953
0.292548053969
0.275645356107
0.254525460267
0.266748016735
0.397364946165
0.293882999809
0.231892958166
0.268236048266
0.306041080317
0.270135436632
0.174167792922
0.288573912766
0.296249773767
0.28418603491
0.281027998202
0.331761117197
0.258287586959
0.341831366529
0.365351155722
0.278012439176
0.194454005573
0.201980206973
0.215469606984
0.206245909521
0.265747152203
0.228805286713
0.274322503508
0.518334470538
0.300305819972
0.171811195041
0.255465335396
0.355609151515
0.32699501861
0.310208256673
0.301235447709
0.341856060753
0.356752303326
0.314889906188
0.28423661971
0.4021098616
0.30831297232
0.258576996605
0.377364984173
0.261167730454
0.187010176286
0.412480775562
0.330662919545
0.291684293017
0.326969384458
0.219827921326
0.266843405287
0.285220691089
0.255404873149
0.302149939644
0.303096834387
0.241423219197
0.303313351862
0.251607769238
0.394869058593
0.431051950879
0.363873608828
0.260993857094
0.276217169479
0.379555420805
0.270878491199
0.254642935655
0.269071396159
0.280609727389
0.330149377966
0.3951631879
0.235768303653
0.3407074558
0.228566221023
0.280440068734
0.232238015519
0.230996812092
0.363100198073
0.317276165371
0.328142193057
0.37196075079
0.296172384924
0.26802468045
0.305005984696
0.357906788118
0.2925560325
0.287833801268
0.293364697572
0.332863667089
0.23024613618
0.19281946649
0.307857720438
0.330840015692
0.320828241302
0.422223591881
0.240054219943
0.267032809506
0.368944839431
0.322896103868
0.270736142849
0.246741082373
0.287712408507
0.330622424147
0.343097560704
0.355142919158
0.377236918764
0.265730274355
0.243753330518
0.348750764588
0.223691159191
0.312362086779
0.28850212198
0.319618472654
0.348714969073
0.33808974688
0.269914749584
0.236149303804
0.398279288403
0.251078661794
0.318476959171
0.192736987951
0.276288562346
0.327738781585
0.287016352293
0.340215420578
0.296312083182
0.380004521088
0.336675966679
0.313353552338
0.281545577997
0.209100362513
0.339977714198
0.347191586435
0.276795528446
0.219099127889
0.413437127952
0.358594116621
0.334411838179
0.216434432074
0.301598510902
0.331014946857
0.318685426377
0.228014371084
0.307150427533
0.245073040471
0.306369098114
0.261422734502
0.257130742161
0.265695255478
0.313977573422
0.217508956815
0.233456977407
0.298627880694
0.292336616528
0.242515034606
0.305805311425
0.25399564594
0.305991111965
0.284776168825
0.365246955362
0.256349393213
0.227559346688
0.38861502294
0.330582529781
0.30977831815
0.330478847432
0.3528116499
0.278202846724
0.298561628109
0.191857140617
0.311622597777
0.296575951336
0.366314977427
0.300393790812
0.239790765085
0.264276683886
0.325904719715
0.230882122892
0.33677262436
0.391744698241
0.208948984864
0.356384912491
0.31411108853
0.299228710197
0.254668718803
0.28079130207
0.310407816988
0.241370184918
0.432956443465
0.314986499763
0.277173612832
0.317408838042
0.307064221552
0.324868773705
0.309615601453
0.270257617427
0.219637303783
0.29000722991
0.225177559861
0.244722668941
0.30935141138
0.334914612204
0.293278760122
0.312388319428
0.388058977429
0.260158272487
0.179038686581
0.258800640248
0.204865365712
0.289310105369
0.169422970672
0.246379458734
0.267555220509
0.231601316014
0.182865020761
0.241760148718
0.273589611275
0.278599444237
0.220976193474
0.335293011742
0.247091042436
0.27300008883
0.285013084369
0.256512115584
0.295489723849
0.278394140561
0.264438408828
0.3652931016
0.331731337157
0.327624945469
0.344082057889
0.288688924624
0.26288943136
0.328916981453
0.275333312598
0.263825841413
0.327270129834
0.272348961586
0.241922985539
0.305629056406
0.309733457633
0.236870190445
0.273238991002
0.266880647534
0.373801853111
0.309825334015
0.307272511359
0.316395422883
0.320117526641
0.324140397357
0.32872777
0.291000038047
0.336631764135
0.340673242462
0.419251528471
0.27216832949
0.293411846349
0.268673177837
0.290474581478
0.282009522942
0.266265527275
0.276235514624
0.329634179188
0.211801411589
0.488252161942
0.172480214945
0.33831648742
0.332466083405
0.320514501926
0.267169699945
0.395651479679
0.242055684034
0.355518404342
0.229096989274
0.219632016641
0.269346374555
0.170468591772
0.240501396197
0.250867315576
0.317531001405
0.324884606949
0.327546016536
0.203470862312
0.255993046189
0.257308220902
0.301131458589
0.304680557049
0.234015129129
0.358536135676
0.274640349793
0.269914938253
0.355085437562
0.314558576703
0.300868965531
0.222490272458
0.251664729732
0.292470577242
0.321858768643
0.374689970264
0.312826312024
0.290557238795
0.238741831745
0.301153904877
0.320958794013
0.326040238379
0.276295906807
0.247599666725
0.25352894741
0.207675745815
0.356250589537
0.298425556139
0.40631662622
0.305965999722
0.337699265662
0.249329943008
0.319855384333
0.325584658607
0.221848813362
0.248556838701
0.305385979275
0.365742350897
0.289243898943
0.283876733874
0.29688691384
0.341722249013
0.252698319291
0.273991355632
0.199189640759
0.329678293853
0.252289253936
0.168330765866
0.340346382249
0.21496744925
0.225971469066
0.366126435265
0.301021950754
0.384831800338
0.238964928215
0.236629331393
0.297810913283
0.327188585664
0.322205654684
0.378372448041
0.21666663518
0.264616977479
0.286598941586
0.32184602111
0.238660253715
0.313941709369
0.208992450589
0.413605836841
0.290271348277
0.248857874959
0.325987995213
0.302142064863
0.281438340936
0.194733820939
0.273148345763
0.314969095523
0.174272708966
0.352873276537
0.238733806549
0.272967058126
0.280601693385
0.241607409778
0.322308833776
0.303641370963
0.211282093576
0.258434372464
0.297314974777
0.259413818287
0.283280881251
0.322419251413
0.253021666021
0.363443322204
0.333002812937
0.30434058092
0.211711497697
0.218545644394
0.298464759479
0.290369609541
0.274976452818
0.386573348926
0.345673857233
0.234750253016
0.208232558863
0.368671702095
0.391838372958
0.317895086126
0.251619968239
0.273323760754
0.221365233812
0.311058240245
0.260124450883
0.273378857125
0.28690271385
0.279235076939
0.32996113226
0.290101669855
0.247714989399
0.272178430989
0.345943143152
0.262153754936
0.215484960812
0.292107793908
0.327144563842
0.311869165048
0.230464592722
0.198353768747
0.340981791633
0.38555217573
0.313476648642
0.309941946867
0.282780582182
0.211437660324
0.339461518794
0.257895885039
0.220365760083
0.314104202953
0.339403377044
0.290794953618
0.295070650214
0.255167003253
0.275041505069
0.50921464839
0.225102420654
0.29074451996
0.339086075862
0.340579489837
0.371511175457
0.379845433618
0.233505478326
0.267691346679
0.267359918118
0.252011204255
0.225866498329
0.298436620467
0.303305468153
0.233421290897
0.283525943085
0.171868121624
0.238659404062
0.305497227209
0.22304439242
0.303877738007
0.265571004023
0.221682091378
0.201496616799
0.217227390357
0.387971591478
0.361781932467
0.145471348863
0.264467677591
0.383779913773
0.295385677434
0.292332303989
0.28028507333
0.366125799019
0.322535903621
0.300219003853
0.303566333119
0.303402225521
0.224679900866
0.162802597203
0.230422031021
0.311702050538
0.254816138997
0.290907742479
0.310655556165
0.237198588102
0.234898413153
0.41335294666
0.256528461369
0.273725917062
0.213168647343
0.21523606673
0.305772857196
0.286974278434
0.228819676004
0.231225988656
0.274551156657
0.211566386122
0.381413454797
0.213951025912
0.285319323565
0.285528539802
0.232385185983
0.22389155522
0.249268829452
0.217330294845
0.2816467085
0.23815533128
0.193452188421
0.221484146768
0.274779973463
0.319014536163
0.146866257042
0.267740653563
0.348202719489
0.244189314473
0.298626768473
0.223442588996
0.372887630894
0.460902111808
0.327598877022
0.275095159068
0.286213704624
0.29956106274
0.254147097757
0.312950962817
0.394173041249
0.26243882452
0.328600340757
0.292702887539
0.208249020716
0.202911414363
0.332992142239
0.236241593645
0.2984801423
0.205953420157
0.2585893479
0.306604397541
0.193868003109
0.220536720531
0.29927476808
0.269305055153
0.263781337731
0.286986425425
0.190265969878
0.31459143526
0.286919257658
0.299449569199
0.235585933423
0.309325574915
0.299155562204
0.263150547337
0.224747235547
0.257096973038
0.222999320146
0.280183951229
0.419531190297
0.345506336213
0.344611310599
0.403666267961
0.250833932605
0.335723510967
0.241381660978
0.296950712995
0.305670689729
0.222821130023
0.325726916099
0.252977448761
0.282339057358
0.300101524992
0.294980484183
0.288937253426
0.238267889327
0.261706866671
0.209427657325
0.306373940934
0.283567919786
0.318222353077
0.248630673131
0.221965092139
0.203439638049
0.249155556945
0.254077479195
0.411916440034
0.206794729283
0.206720596648
0.213121853191
0.277896635019
0.325074143039
0.294614900943
0.317067942571
0.30692013103
0.485506262727
0.385253702632
0.35449909788
0.146548277515
0.165034609609
0.257093378045
0.318675166128
0.292763371888
0.324623555508
0.238468547189
0.326093150377
0.244278063536
0.255964892339
0.396386719512
0.29649616906
0.302832134901
0.311155973731
0.337619896069
0.28065968619
0.24668011973
0.241360882678
0.294769366329
0.309058187544
0.333442781172
0.219145766726
0.302945610774
0.25801733186
0.240373414689
0.266367129469
0.277503917713
0.376511485161
0.312935942749
0.196884642086
0.302620698252
0.301083951756
0.294077317359
0.31513439588
0.17120098036
0.359302826259
0.302653056002
0.337065565188
0.259370143947
0.245049604739
0.373824192506
0.378645573604
0.372307549937
0.211922650381
0.315668396722
0.266272993183
0.246587428234
0.285425579476
0.279292982519
0.317969821643
0.244466013823
0.420131968408
0.330860712213
0.288632714956
0.192578594683
0.345487075191
0.243011803368
0.240247851595
0.37254424562
0.269315394128
0.36296603865
0.189929462642
0.38852400206
0.19471509106
0.277147706516
0.207916517434
0.296678119314
0.320923941348
0.337414343914
0.377606183628
0.281781430888
0.305446807414
0.238086211999
0.333572562992
0.357880892276
0.322236113137
0.272612381467
0.276483504219
0.280479553781
0.269100416931
0.24114723257
0.306787971401
0.244163378021
0.32777379478
0.32523683343
0.308812985325
0.281998460568
0.305116958828
0.335769860931
0.361220615366
0.249123426167
0.289971479858
0.32592991299
0.21016167436
0.351170108265
0.262748399616
0.319488494446
0.256222421213
0.358515042613
0.243180751153
0.248499165696
0.338176159504
0.153033100373
0.317019710922
0.227935883636
0.305061365109
0.239394413557
0.334425654105
0.195210178733
0.349759094375
0.311044176054
0.35901645529
0.180049906513
0.324444908808
0.222341228845
0.236801265218
0.271229582278
0.245567123699
0.199755349744
0.217744474551
0.378351766785
0.31049350379
0.295113381991
0.331768630046
0.197121817159
0.294908839456
0.22092824349
0.275164144837
0.255211421584
0.303902501913
0.211856249973
0.255462931336
0.323152389214
0.241808491119
0.234168303446
0.229517920597
0.212505521635
0.287145948646
0.283925629447
0.311451566568
0.300351588075
0.294438976467
0.252486891967
0.298364909436
0.241991230881
0.294108845979
0.27288226217
0.274350210529
0.21740780505
0.27628671981
0.28907060131
0.241656927529
0.319440646601
0.282469440504
0.366218922693
0.239674751265
0.329219041916
0.263686194634
0.263570671355
0.259862329997
0.294256349749
0.33437001373
0.251431595745
0.337925616622
0.324172584129
0.303021103741
0.22766539041
0.239015086215
0.361599799814
0.307591450454
0.262550027196
0.276060489351
0.291407615577
0.255744556011
0.256141057347
0.299350827386
0.294331384742
0.235003714914
0.327845326842
0.250710048756
0.261991044348
0.339099283713
0.338769747864
0.267983022764
0.382511132137
0.393314593745
0.333380795324
0.353025655206
0.246026839362
0.249051816834
0.293768001221
0.377712421075
0.278955440501
0.217832166185
0.187420213682
0.243735306531
0.298878965664
0.259111572631
0.322399757958
0.234950221802
0.232174587774
0.22805971183
0.221517073177
0.325717640788
0.376757131596
0.333639393697
0.240700997116
0.251272285316
0.25937596751
0.336056317316
0.281771846562
0.332663031666
0.321306684209
0.225174639683
0.325374566218
0.282835948771
0.331434029982
0.216317675632
0.290960702062
0.335565017087
0.336557781414
0.281429419556
0.316923808011
0.224072683524
0.337989241967
0.190065702856
0.213509001692
0.341675119064
0.239470310437
0.291210017951
0.293818042946
0.328026958852
0.268728098331
0.283794590472
0.282254961966
0.20100719104
0.429989471645
0.303601203495
0.285304743768
0.211034637922
0.216169937118
0.291725739988
0.266974458085
0.257832340835
0.260893024131
0.341982004559
0.260297192231
0.267276638812
0.24487384512
0.391642843022
0.289558800775
0.310586441654
0.276948737209
0.300799350133
0.247281531139
0.193128438219
0.301492027838
0.308712677367
0.277489021657
0.328058695709
0.221462506314
0.299516235325
0.285665618231
0.273297638508
0.347423576992
0.161128218188
0.339849451825
0.248586650687
0.332538085707
0.318250365762
0.348109456089
0.225329402123
0.308987066165
0.302858900817
0.222783875881
0.284991297619
0.23496276552
0.379482280469
0.178908062728
0.242656843032
0.258272335048
0.322886402389
0.340193974113
0.221639094267
0.226636509284
0.27354409077
0.229823546056
0.257800204272
0.278739065573
0.310176819809
0.386756278419
0.263065240439
0.209293157468
0.275013714993
0.43131587916
0.229601528138
0.306248016208
0.277903510329
0.249515065493
0.226696509797
0.245831667131
0.303724029161
0.260002536915
0.340148768849
0.21343836339
0.28639287604
0.290086808497
0.316413484714
0.288331484023
0.281108163211
0.330943553122
0.229017090992
0.311538290469
0.249781952806
0.333848321575
0.271904656099
0.306612976746
0.242217518468
0.341404254941
0.287717568237
0.291184711791
0.237302515042
0.255245333902
0.316236511018
0.41425068808
0.273560652875
0.292639298286
0.37586287554
0.277190927281
0.216241684668
0.258990916241
0.240167807947
0.230118764735
0.405766318594
0.265311087393
0.372246668103
0.334725097574
0.336394786492
0.309763730525
0.306835780437
0.279560451697
0.347689309118
0.245394999844
0.327925963957
0.237883417562
0.275218814182
0.329904050624
0.311126288596
0.348840454125
0.247168469367
0.243932417274
0.269492644956
0.279608777487
0.260691892139
0.210842409011
0.213650844681
0.23632562707
0.269174232124
0.198020314039
0.276701638781
0.27604317528
0.31318158546
0.189085881525
0.303782554618
0.355820908886
0.305712655804
0.344897121519
0.287959783071
0.288682333462
0.234052363481
0.233997244535
0.33477838503
0.297647615931
0.263540317865
0.245509487493
0.356738702009
0.280313031852
0.35542088997
0.337761866334
0.22554153051
0.260176781668
0.382871204715
0.324419493701
0.312642958596
0.319527418138
0.284096751231
0.30200766238
0.212347276657
0.291347839648
0.190627422599
0.367604332924
0.294593473905
0.323958880379
0.317715617078
0.405054940568
0.158330208546
0.312987143439
0.321840755838
0.255038960511
0.261667876056
0.236119491449
0.282068015759
0.244657447007
0.215996981102
0.270711714152
0.329346379328
0.322117457441
0.241229813415
0.270344189895
0.277205773196
0.302078214758
0.283781798864
0.28843950115
0.291214436385
0.327770728594
0.331836002688
0.310134381527
0.260658991854
0.369796991741
0.222959308543
0.292726213566
0.436909393627
0.252883770225
0.297248525689
0.341025761169
0.381141976015
0.2686542733
0.227109610828
0.186100532178
0.249039402189
0.310595342584
0.307535505472
0.364348816712
0.360382132508
0.27385701808
0.233955203861
0.23938068392
0.362054240052
0.228112896174
0.275037315958
0.279052280934
0.317270295758
0.333704523802
0.24734194952
0.269211760072
0.392078604058
0.267333142938
0.289108059353
0.2591741169
0.181640155077
0.319059331305
0.193172060698
0.362662233501
0.421861084185
0.267035211861
0.274769670234
0.251566763854
0.258834655792
0.27535630094
0.21040325038
0.35737205937
0.315988439005
0.308491078271
0.196116452851
0.201664724228
0.412892528215
0.234569835357
0.324590852393
0.235748484762
0.331590727807
0.25640764345
0.340552928553
0.346642124301
0.227616623367
0.23718751246
0.261993160843
0.322384674863
0.307954434442
0.278022195112
0.352877458552
0.313468491556
0.294448495252
0.389827149485
0.25547604257
0.291331447266
0.273345319065
0.293591873248
0.286296241064
0.186959493569
0.283987859128
0.377858863799
0.332513516153
0.182827872562
0.247022357588
0.30742231508
0.256292554564
0.349801708675
0.294272651149
0.335978574119
0.289216703196
0.302869516028
0.245953243236
0.287750758395
0.329674327994
0.296346340405
0.257470487528
0.314355976938
0.267617159111
0.246872672142
0.288554282246
0.394960121033
0.206633387981
0.298262244415
0.247865919823
0.318516228186
0.323923105178
0.290611093953
0.318166712764
0.232593888589
0.212212163421
0.33037839443
0.336709259023
0.22091171607
0.256853917198
0.279491137291
0.346434916963
0.293392560803
0.344752393006
0.242834714558
0.262617447048
0.266475032671
0.309311674547
0.364518099502
0.250655290392
0.21863749292
0.264476605777
0.266965900913
0.264864825318
0.292803912213
0.217312903903
0.362125359945
0.239406625416
0.194336545641
0.277266569565
0.240120662815
0.327314719617
0.29506449275
0.201646587753
0.293859636713
0.360843793541
0.279731883986
0.205436840532
0.286454649837
0.236005296136
0.256864705863
0.340274160231
0.254720509759
0.280753507107
0.35009533752
0.399351508591
0.385708641244
0.266750047358
0.267004781047
0.267196823227
0.201577452704
0.313798421418
0.244652293733
0.203710441419
0.295141928432
0.264147477
0.29302809806
0.270679866081
0.257617386267
0.341901466275
0.283985891673
0.304023143966
0.346452651413
0.264398676783
0.237499720617
0.195970898816
0.27958624851
0.318814325952
0.309592073981
0.205325394673
0.3351883296
0.261985284994
0.326720006224
0.212663069141
0.28135974834
0.237962549603
0.29766074383
0.378580910434
0.243943279867
0.271432910818
0.266476914436
0.292114244815
0.327317353968
0.359382237362
0.387525836012
0.349808080189
0.324980889707
0.253631587936
0.207969751631
0.246601143388
0.346813424841
0.278793694153
0.231039506417
0.312648500588
0.269892706663
0.419028593507
0.308589655537
0.255958484857
0.359666083199
0.26042899007
0.406596361436
0.259085642921
0.289957720185
0.258958048441
0.413889278656
0.265863311783
0.334608215124
0.229595838318
0.27636670566
0.436934073352
0.245276657024
0.248714979729
0.278068222107
0.408093478497
0.241821348013
0.286908582429
0.328619322259
0.25943925565
0.302253293294
0.284661580927
0.313711678108
0.202544261604
0.232429364735
0.27682193234
0.270189326379
0.247232901631
0.365314983184
0.235471202385
0.346165294692
0.273120310044
0.25202209065
0.335335188114
0.392316759002
0.202732728213
0.39300430975
0.228316127065
0.221359571935
0.289003120067
0.260874473699
0.321664546543
0.36504831651
0.302974392989
0.349500767135
0.345272037605
0.281368900248
0.273144708056
0.441688171561
0.285590141215
0.314368620982
0.285890142136
0.272271964385
0.306439026177
0.158601022652
0.283513564302
0.304550262143
0.30502848791
0.271331010997
0.410956297967
0.258755510746
0.399218353135
0.260427711381
0.266842848647
0.246187127001
0.320152429463
0.248855306671
0.253977409381
0.245549195641
0.205035620724
0.318085279686
0.390990819954
0.218957475056
0.230842366166
0.350136536455
0.287018292381
0.242734937347
0.308686664807
0.294954573145
0.252337608896
0.323067251989
0.32076577362
0.294437409693
0.229445611664
0.3005733368
0.337846172292
0.347160637432
0.310810262413
0.304151540477
0.356634494628
0.402845281336
0.281782458272
0.337266139649
0.314373518197
0.356884074036
0.364225642792
0.237218135596
0.365531276688
0.293233341702
0.399947082362
0.352290126923
0.276656416414
0.30038945018
0.40239884651
0.360260885969
0.324606385507
0.199965988994
0.305626224958
0.271378848434
0.28404865091
0.340704870973
0.265094331787
0.361182107648
0.254787697348
0.315131605709
0.262750751437
0.282773027661
0.409459584324
0.371960534312
0.325808953676
0.284358999731
0.317210558141
0.32284877471
0.279444910069
0.278003912744
0.385333089278
0.255911337056
0.327463097995
0.255654027483
0.305185652099
0.297215503294
0.318359151727
0.248830266584
0.248247886753
0.356500628244
0.367699575389
0.303935921742
0.326296561395
0.415349240581
0.251292711728
0.319686933491
0.21797033416
0.264316833429
0.287165412208
0.169207689589
0.314727973792
0.258948800547
0.376143943796
0.217724952219
0.194974289438
0.384429433576
0.25197045238
0.287731624132
0.296326655422
0.322317610213
0.327627903481
0.203634949417
0.257215501885
0.394841039562
0.351034067165
0.347102571179
0.237367733372
0.262598206145
0.34759247643
0.284953670961
0.331644017228
0.323398040661
0.303604656105
0.242906206784
0.27036443961
0.314518818124
0.341859762508
0.287312781821
0.249822891191
0.293874273804
0.297555763695
0.278480454786
0.290132816206
0.261256805288
0.239466098543
0.215872568836
0.318771465076
0.253843645413
0.361779937393
0.288371045109
0.243181583266
0.318510993802
0.327460664526
0.326167853995
0.298086681812
0.234469620408
0.316652847366
0.218163565769
0.278408758017
0.249715230258
0.246163405069
0.310385247826
0.348164874747
0.292380718116
0.351782676773
0.216769264444
0.359031622086
0.254662073123
0.331358933212
0.231090826613
0.316662793317
0.304838065849
0.249143394965
0.343693914952
0.322509621123
0.338170882082
0.330133207441
0.331537371492
0.228887360594
0.385346101882
0.260742049173
0.32623151385
0.245969277796
0.246556739202
0.446770575844
0.24208908165
0.298022877904
0.257603688659
0.263901743918
0.364259667082
0.225076360661
0.296952175917
0.276071711436
0.305026439578
0.37599860838
0.30114177043
0.323813660976
0.292896783608
0.281640219809
0.296139683652
0.333743196098
0.321610741404
0.270674913438
0.258242128898
0.306619856978
0.307017844518
0.241774723682
0.22043886887
0.320437639362
0.27168922949
0.314913396722
0.314361552328
0.310144546821
0.27555022029
0.352412575332
0.280065006365
0.355524719386
0.251481696967
0.337844101697
0.354697676967
0.29445290574
0.266569185391
0.30946051754
0.368047548416
0.337183784058
0.352420378696
0.25759566214
0.241494236442
0.303109132594
0.269438681829
0.29301626861
0.331239039664
0.294097918433
0.264607281129
0.385921466749
0.275897007315
0.337159021906
0.202926916114
0.292222362304
0.417487296997
0.253533759571
0.226234131743
0.24319598295
0.301522361865
0.35204003194
0.29954839914
0.438121001082
0.216177975077
0.245409793141
0.392188941101
0.283370544035
0.219812738814
0.217497042713
0.327896176349
0.38793767998
0.346052378703
0.343236097223
0.355692277177
0.27773296087
0.303146795447
0.31618032565
0.365455076262
0.21604409116
0.251706823688
0.326400795185
0.348219616215
0.232095205874
0.298001968707
0.281217377697
0.328613413206
0.358782804562
0.287708195529
0.268425908495
0.254672598881
0.363686925739
0.371229912051
0.359763923124
0.277443579626
0.30329722133
0.320886865675
0.257476561899
0.245124425622
0.260109399697
0.161473498105
0.215485459193
0.403160241468
0.198653798577
0.29460668955
0.287063762996
0.24675613894
0.321667633168
0.168905816735
0.253770789455
0.290656830518
0.249469340786
0.332730075047
0.323445140699
0.254466925714
0.234943590744
0.271691612487
0.388196939475
0.387340133017
0.277490498772
0.306380966132
0.299445417287
0.266237098401
0.249797727348
0.281735169899
0.212609296689
0.283558453743
0.263272384686
0.330822895976
0.177363164493
0.262623532642
0.321029986021
0.342230657613
0.226844273584
0.302222584993
0.219972256283
0.275190301384
0.302823652302
0.244820968494
0.287074354107
0.342964942512
0.31621566174
0.292410676252
0.287210240792
0.304002988267
0.39286146399
0.243586230863
0.272278673368
0.267631021133
0.376196080317
0.311400430042
0.239973002561
0.298524511
0.278613024533
0.190632743928
0.31321276478
0.226188032943
0.341371442533
0.278112593035
0.262096904466
0.320073938509
0.26398603407
0.377379655696
0.277225214684
0.270620023255
0.391321299818
0.259289323869
0.256584156845
0.317225625452
0.293291434512
0.309725567295
0.25162361465
0.268545107158
0.312368422949
0.282800829098
0.232999321219
0.212125253227
0.329985868346
0.394505841272
0.27153643827
0.328822678333
0.353077897396
0.26072459585
0.344163017494
0.248743079404
0.239449567101
0.377241405299
0.310270287528
0.380119368509
0.33875675335
0.275426437345
0.323429539573
0.211648956492
0.267707080865
0.305623953673
0.335105757913
0.235458153239
0.367571231458
0.267914583491
0.275604636725
0.281800163652
0.212575270803
0.28917330624
0.390938163518
0.271210010826
0.322293453764
0.240432548137
0.203760311379
0.197864307364
0.257636794864
0.25355613777
0.207719441547
0.296741286087
0.26350975528
0.417494590015
0.362138029234
0.375860376368
0.288986109524
0.372883334218
0.227697766419
0.329351576674
0.215202400672
0.259615054168
0.37709026095
0.223746335298
0.348448491481
0.252361068057
0.37713094559
0.262092672966
0.286820468533
0.267780838474
0.326463907525
0.304134089439
0.313005714542
