0.683198969257
0.412092767967
0.689784012305
0.53393386082
0.550379702364
0.497507519502
0.546330481407
0.496934539994
0.525302113852
0.21984381473
0.438081126005
0.662933308746
0.731456607437
0.528552262304
0.366625637818
0.579950677615
0.336946638036
0.548659692444
0.619147584571
0.489304056997
0.380775750139
0.524940900279
0.439288287824
0.33937513641
0.568480603995
0.437845476121
0.393957806823
0.338089195017
0.578479480274
0.570778372724
0.59558884038
0.587201007105
0.599337541022
0.626830132174
0.349912509191
0.689796245932
0.659358171994
0.458054902766
0.59265094627
0.426998298453
0.726676462905
0.498732362539
0.305990635527
0.614652357989
0.394632995487
0.593604842419
0.633278349561
0.678579455087
0.486239738874
0.460962429254
0.598439966754
0.677768391618
0.687574679386
0.570198785469
0.613276863551
0.525420225972
0.55171808668
0.429413322948
0.49563922539
0.46501696254
0.547824631807
0.411635828362
0.572362540291
0.554367095389
0.459240209557
0.606604058227
0.502078405787
0.662027487622
0.451891527163
0.487624230503
0.622634661828
0.560295957785
0.495388479616
0.559033861471
0.644495361041
0.71421886674
0.68793666334
0.582132802947
0.830789348883
0.652608075963
0.626091628457
0.562088510214
0.416099377438
0.485612652165
0.512301616571
0.560640796074
0.476811409461
0.585876216527
0.456771668782
0.716097066824
0.571134328221
0.426545123611
0.542832645533
0.466492192786
0.470550113853
0.431754602257
0.430816954936
0.575700305369
0.701719079451
0.417684751711
0.512450363638
0.358771846846
0.536346664511
0.640624497817
0.616455373891
0.501310811795
0.340829415847
0.530524583592
0.508991892622
0.495188637656
0.575077823473
0.486601494155
0.721585579022
0.410495838451
0.514694272903
0.52347386232
0.622152920946
0.53051211058
0.396357455825
0.498820387166
0.528750921888
0.417631855098
0.600575196782
0.693112203415
0.509033131764
0.484759206334
0.537263737941
0.511120136531
0.478136914241
0.455000462526
0.437446246628
0.588814086122
0.464087618912
0.70302625279
0.40476196221
0.639391269218
0.702232051211
0.547022462667
0.605216307338
0.535657593735
0.466283624996
0.646875315892
0.598058607232
0.363579920997
0.653141687186
0.551454775599
0.534039741146
0.404936875362
0.524852134011
0.502950505793
0.452431437259
0.562510455026
0.702833954817
0.489109841914
0.467543064353
0.515828528327
0.483335097795
0.517760637324
0.389413656718
0.591322296306
0.536360201146
0.32780234833
0.57864017376
0.69158985882
0.628413019661
0.569478159753
0.473472108495
0.518132774735
0.423620692457
0.555035080103
0.573751341688
0.79492963359
0.443315713433
0.433475138075
0.596213665412
0.571070817087
0.46283614545
0.523177980594
0.57296357376
0.586579191527
0.428393318429
0.519280669659
0.604274658319
0.673080664969
0.694638981305
0.494007933676
0.717083311589
0.582238039298
0.384272213713
0.670102961186
0.72902770366
0.46299668242
0.499436748527
0.541498728626
0.574893629183
0.56674391447
0.518224621038
0.735458786529
0.32935532739
0.591317689545
0.422219982429
0.544205904977
0.314933937016
0.704979054705
0.696403485044
0.573522964109
0.419467474118
0.789446790659
0.543972472458
0.33940805418
0.560173153492
0.548795587413
0.478716505789
0.517186928123
0.690942753282
0.428639930728
0.410113603838
0.63590075164
0.528242716258
0.390742321808
0.515107128879
0.447306762127
0.489092040621
0.575322700688
0.782915295956
0.440640905637
0.595392177379
0.422085560812
0.565990166835
0.381627900817
0.572374866602
0.570372509252
0.583769228676
0.627054004113
0.517591697987
0.467126405646
0.570515518712
0.711135608459
0.450662608015
0.561663953806
0.45689327849
0.794497208479
0.569588113477
0.602805754761
0.432468883361
0.534379736814
0.476343708527
0.521955602295
0.627839668017
0.466389797613
0.597803764342
0.483406908629
0.654123516015
0.602013289984
0.616672724266
0.655662150326
0.633619664484
0.478123786118
0.564866282786
0.514667316712
0.632915275854
0.701799259484
0.377980761385
0.459271466545
0.598830705307
0.607893116848
0.488779671556
0.682381153749
0.739917430996
0.487098588462
0.486790339924
0.466183516667
0.341294145061
0.593518896702
0.501834376508
0.667699684883
0.494992807201
0.647315834462
0.6491302763
0.630316566272
0.593716273483
0.551099985112
0.473546286186
0.397212233289
0.574922290514
0.546441264825
0.500258624194
0.603055584896
0.486481440415
0.702490542296
0.754560630094
0.688681856115
0.426020772717
0.489220928944
0.533680278418
0.488131071478
0.506695321321
0.544695814047
0.469897287401
0.651188228808
0.534304617025
0.626185665404
0.597041908942
0.559460128126
0.508172855828
0.660494057899
0.476010254675
0.523466533059
0.477112721005
0.509013208472
0.379860794387
0.499664153835
0.526157863839
0.595439992782
0.5266429843
0.570509291377
0.616791377011
0.480045532979
0.620401607786
0.522956554293
0.517656159062
0.64616525872
0.455382406123
0.456153092221
0.661729312218
0.484416443423
0.565956976812
0.331760895877
0.619623669535
0.459586823844
0.413968714106
0.380528856338
0.524268202894
0.542272221737
0.685737343882
0.501509705561
0.596604584852
0.561243851553
0.569105261382
0.455024802407
0.64864832936
0.582525687979
0.656729071737
0.591569209213
0.444437828555
0.387863456588
0.42390903333
0.38347603327
0.415385324253
0.434319112082
0.717252991216
0.594560433545
0.549308083354
0.436892529171
0.58341802275
0.451010370248
0.681797538737
0.541714521604
0.563368241336
0.825544699985
0.621030359843
0.448882760167
0.46355277221
0.659603823366
0.488957157571
0.533087798231
0.513988441159
0.381584449118
0.388826012462
0.561462150846
0.434162901574
0.51407638655
0.616120464505
0.564393166672
0.509678871319
0.456499466673
0.467455354656
0.483285713796
0.378875560276
0.429194999943
0.607748706382
0.593849380396
0.488816736489
0.652651663293
0.545145849994
0.607676186823
0.482169442271
0.480754950442
0.620283536376
0.645845049606
0.6798852609
0.494623837611
0.650951766981
0.47992584282
0.576980486724
0.593330310556
0.496229292882
0.410793557371
0.381501871986
0.629620124077
0.50663287136
0.61501108248
0.644594599091
0.67036287528
0.381984674866
0.542910962433
0.521317552801
0.541279048002
0.484604296853
0.72548801749
0.598646837406
0.543214671588
0.54100904508
0.585684072867
0.610520196555
0.63783050016
0.64937452825
0.472026202742
0.452944100157
0.590449447095
0.742360418727
0.568542823029
0.533067934508
0.600693599336
0.711236879274
0.436336233084
0.467747275331
0.840114192852
0.445183285311
0.53370236254
0.472918961978
0.428498112353
0.433990371104
0.633881564616
0.593874837465
0.73849470404
0.612149333649
0.4525293669
0.45905670008
0.574343476257
0.395940849543
0.548163421982
0.592369115094
0.487480621278
0.59906147208
0.691585127947
0.724305012633
0.491839400203
0.33224870093
0.515583196254
0.530217426976
0.448179440768
0.466512010508
0.474376201461
0.493735431447
0.420858979195
0.665894300619
0.569222129291
0.451237132423
0.658253963051
0.464728552519
0.457405215133
0.464778729704
0.501787775339
0.68587424996
0.544836434524
0.593079454092
0.547394938481
0.665917828705
0.498460233428
0.529424629155
0.32534395781
0.456940308697
0.351017241852
0.400166200463
0.57241528876
0.50118621132
0.498818383863
0.639297868231
0.70537733283
0.729445521633
0.717676910729
0.574950331101
0.593058973352
0.477562953681
0.539461552444
0.49792036564
0.591212519951
0.590106200799
0.553170095303
0.340284251189
0.60041077754
0.537248530162
0.403131832122
0.479304864139
0.538137897369
0.534592507829
0.701380265802
0.447018246222
0.532189379828
0.826950514314
0.420896680824
0.563091931234
0.765028890617
0.457698137944
0.319444309799
0.490658027096
0.707795673342
0.524633268029
0.626913307863
0.644461699657
0.46862937609
0.463501229676
0.531739900718
0.443436549564
0.36867220676
0.600955060388
0.585777673869
0.614184484586
0.548103420558
0.498541671891
0.795536994735
0.454458712743
0.506535658297
0.535243408967
0.49655589307
0.528736809549
0.544202485739
0.473406263474
0.546167838835
0.450032879332
0.622201903471
0.453872421721
0.463461335836
0.373931579905
0.606110092125
0.553041801312
0.417542046176
0.502075976965
0.520867716154
0.473009015215
0.458610962115
0.695938895836
0.42957838148
0.516614691816
0.474941706122
0.417485539444
0.539172591926
0.35351819305
0.640137612998
0.670024845639
0.389165523517
0.403594253059
0.787479968225
0.703305389083
0.577253726734
0.647252297651
0.711487278126
0.44137822548
0.627171577085
0.521257189391
0.660824972033
0.614437138464
0.418719074688
0.387680836531
0.65409210915
0.405619193969
0.362740085394
0.650356316434
0.395421792565
0.452131587223
0.615325269466
0.559814895612
0.583256960523
0.541710458051
0.460731946194
0.405471384995
0.544436350112
0.458976456226
0.684247194448
0.589575314844
0.528451656178
0.473726455728
0.493889745608
0.547060585336
0.554342863477
0.413718963865
0.395818878668
0.5346491284
0.567600819883
0.442898438737
0.517092947247
0.475230033167
0.402608872502
0.450567264322
0.58068535765
0.613012961501
0.542334552553
0.626685589747
0.566252489872
0.420490943997
0.515693511808
0.390810372099
0.375810873215
0.6195977173
0.545240835144
0.515133682096
0.623305973459
0.544689874374
0.366746715512
0.494754848241
0.575486193388
0.508521921665
0.666168194055
0.451768183495
0.557036584676
0.702690318663
0.528781128139
0.601502234386
0.624973804712
0.42609583703
0.431401090208
0.374917734346
0.272399707156
0.570364015394
0.468793612878
0.662379610525
0.454175977296
0.56575726702
0.494725134774
0.420690395621
0.416529471953
0.543061588966
0.644023895271
0.490074359971
0.576275086527
0.40397711723
0.52277423112
0.55082152203
0.55924243497
0.574457022022
0.538121960614
0.314659262182
0.456750218689
0.369230232601
0.480661901139
0.525954629137
0.641081900665
0.484901713287
0.569367990297
0.506681777365
0.582577931364
0.624002902174
0.595885943552
0.402541405281
0.639097307377
0.399458783707
0.536291776764
0.481439142445
0.421957607125
0.432162302145
0.458512986007
0.412716582498
0.475263445514
0.381731485247
0.448396511782
0.415395063834
0.435760697319
0.548306828948
0.666302967378
0.5134344695
0.423421470772
0.531600288898
0.435855985371
0.57014199689
0.439783284092
0.636818178554
0.548087295952
0.507379902453
0.434990601532
0.378213673082
0.454826795973
0.399792400297
0.475303596053
0.613215580931
0.677906250704
0.593683194622
0.604527532875
0.514607776746
0.600425036755
0.643469881952
0.444357617923
0.569605385366
0.596288030208
0.434279138367
0.410181953249
0.495506564204
0.774600279727
0.475524094733
0.464514451229
0.563940407362
0.46934269728
0.519426288282
0.405253341826
0.528940016736
0.64214810179
0.406892393044
0.412348952775
0.509069047671
0.424772288851
0.621073403327
0.412414286158
0.389944765391
0.384720780307
0.585678534432
0.553478552203
0.41562024199
0.41108855047
0.441547041539
0.469371260796
0.448707322512
0.442736573303
0.631950255647
0.509220290675
0.372550470872
0.661552794224
0.511312722895
0.573241875372
0.699204777392
0.433472718622
0.455245149809
0.492219834027
0.506121612509
0.559874587709
0.4711283593
0.443674017527
0.691943877411
0.455848552234
0.306246999956
0.542850287048
0.603229756829
0.510730447042
0.66095398667
0.515021336856
0.551123276608
0.684212139517
0.509868744797
0.470578611892
0.504640597202
0.432441010767
0.491198934273
0.453230564108
0.626342589112
0.526440251926
0.447354374451
0.517982038047
0.59837140399
0.30819397318
0.549748881893
0.601729974062
0.540520758296
0.49770715075
0.479482937818
0.427998701191
0.627480794082
0.669553248976
0.242176856718
0.447775806927
0.574921351364
0.638406378326
0.620657364581
0.444007554734
0.483199388799
0.579238787219
0.445637816116
0.601043029808
0.563826060591
0.457489728379
0.508227980476
0.549126915913
0.424971578276
0.62071781307
0.45015796632
0.4710269285
0.494029913392
0.50533983576
0.511382721333
0.452663495338
0.478962159178
0.622941949985
0.500252530477
0.68115385719
0.645007276785
0.341914914685
0.559501355328
0.48367654753
0.487982469658
0.257429477704
0.714617351065
0.698136505962
0.553409533638
0.532437998845
0.459384169178
0.59536766628
0.491500167787
0.703928044894
0.57982812564
0.808155751557
0.491862832951
0.568299447761
0.387952894459
0.65916064495
0.52248006458
0.358005677255
0.622954950387
0.592031976112
0.555942362005
0.693939336384
0.810177815117
0.477632317588
0.546452553029
0.439622407677
0.705685219282
0.552985978847
0.57868250893
0.607805200865
0.484063041056
0.594276831529
0.750790140153
0.530619800604
0.511328329853
0.548076967582
0.720458355607
0.464241396746
0.474206313076
0.486264187368
0.660204585946
0.624992012123
0.628689787253
0.692957398681
0.515861447809
0.627743626334
0.43546722662
0.539613334816
0.525153814786
0.64497162936
0.806757756709
0.566776514675
0.484651243946
0.641488843504
0.648647923109
0.668405891091
0.554875844649
0.428248834741
0.369628152308
0.622983384874
0.501751124027
0.476001856115
0.600347602786
0.645247992189
0.602649421842
0.462742086916
0.432649047157
0.62773935608
0.414688614239
0.417431949326
0.296853758766
0.350386716807
0.488869062956
0.51028790598
0.416640525006
0.523595863729
0.412492932114
0.363059660723
0.5872644408
0.587401034432
0.561331252849
0.310308648299
0.547701220358
0.617894052571
0.504574929766
0.559893190956
0.600347191295
0.392384055514
0.655761247111
0.539565986403
0.530922165866
0.481143664385
0.408814344443
0.592672307699
0.623561667757
0.415608164798
0.465414098623
0.457373895018
0.531727036863
0.688256153596
0.529918825322
0.574441949643
0.487488555702
0.483075877707
0.519524123207
0.455350920795
0.673971928903
0.640271788022
0.358984224171
0.474214507843
0.754259446182
0.528050095418
0.657206319734
0.410480175938
0.539033601111
0.496774444602
0.657139108963
0.57171797754
0.396263422956
0.655952131498
0.426568180801
0.549944998208
0.618025984159
0.738528369933
0.475405746816
0.505888298228
0.528628696886
0.487518555022
0.646790900017
0.459629553876
0.522009636252
0.50896815658
0.516920973358
0.639265745949
0.579324875937
0.560906280219
0.677572488269
0.568207210942
0.514411550548
0.516805770636
0.390501336499
0.706206070177
0.669216358466
0.526723410415
0.606658918978
0.564957040675
0.471747607209
0.554149990595
0.73539236266
0.338143067595
0.607338403722
0.655031813971
0.428680201122
0.370625452437
0.335969936153
0.422730992012
0.796009902722
0.582732919675
0.514010955346
0.610960615312
0.60314953449
0.575887721854
0.558396403828
0.405050302945
0.471074320759
0.625944933858
0.597971670858
0.532207206594
0.497952400489
0.621693735065
0.660977447234
0.542291199662
0.614983736004
0.55111389774
0.475328834571
0.498879677166
0.581598072795
0.402683095683
0.622482149428
0.502472911698
0.377121081611
0.577750222572
0.389224467184
0.543690557422
0.558502373466
0.525207204342
0.569961356123
0.665340279376
0.680029095486
0.43421350342
0.582314993658
0.413143780064
0.534144587126
0.525944693159
0.60166223086
0.522908931476
0.613245723479
0.666554647522
0.585234830012
0.441940827633
0.386040256379
0.625421837955
0.463843192126
0.681490412833
0.54532475447
0.543958472451
0.542696034687
0.454475581859
0.489610296985
0.4575143455
0.615204423352
0.613498317595
0.79549673794
0.558170908066
0.365413166994
0.54943236537
0.556677190133
0.547535035721
0.406478398678
0.492656355763
0.695663462175
0.636296983624
0.526639043297
0.478101881817
0.550677045228
0.811990529299
0.601892596349
0.579103840002
0.502187321935
0.527638515278
0.588538193699
0.54784017428
0.509524663589
0.656248372591
0.783899207251
0.544642969344
0.551300352868
0.672005796635
0.526755866043
0.440094851001
0.468699391039
0.613320355876
0.337043178456
0.58561838299
0.591983410359
0.7484862591
0.778430954059
0.504536227559
0.738737164711
0.727232272245
0.521347939524
0.511809765363
0.592999631909
0.664009816894
0.543664623289
0.342103707404
0.816242901373
0.498578573592
0.545334613949
0.617052208949
0.650862710045
0.543975526554
0.553809941983
0.660243157933
0.523364749799
0.378180706277
0.648594593189
0.486337426328
0.535906433415
0.576209921768
0.418207878548
0.408591077934
0.61535944881
0.564934078123
0.554924653208
0.481722617173
0.604462698034
0.540063245278
0.550637093608
0.690268263412
0.552377820409
0.463408205834
0.622875542051
0.445088886255
0.622954962396
0.66697005357
0.54659035272
0.560605210151
0.609236882625
0.603308908427
0.502900626986
0.51786559484
0.538066984295
0.498394654574
0.45765649546
0.516361929039
0.681807277369
0.605588744329
0.54830080752
0.45774805698
0.680240023059
0.712426644625
0.540997978383
0.560383608964
0.479594317864
0.58577710002
0.470166569286
0.481126015405
0.491863056577
0.484560186358
0.690037580239
0.528614801569
0.553253760933
0.455643724465
0.496846770582
0.600431628858
0.836843169426
0.457037533497
0.530297294531
0.619853453873
0.338599731531
0.360302951445
0.587390405094
0.406944492988
0.577230495098
0.772104812963
0.473574561741
0.442209810648
0.687987651827
0.777658116236
0.592347391698
0.535651412112
0.653376138553
0.628635562508
0.548476444796
0.5228310484
0.531616877755
0.570466570931
0.531045941793
0.375349386045
0.46964515138
0.497818397363
0.368011888416
0.397950667717
0.566372946486
0.550379533727
0.495760670472
0.598755366321
0.560117387
0.590492938555
0.574251934653
0.542887858341
0.289223224696
0.60001602576
0.552025833598
0.372540663834
0.609524310698
0.590836449392
0.497876948437
0.382329460082
0.683384085877
0.531004809291
0.473665934142
0.496275460791
0.488426606799
0.605170514139
0.452051760974
0.624668481874
0.449487221737
0.637716927739
0.544659325567
0.365835742963
0.723870903555
0.534677921642
0.443037000435
0.494553722316
0.610064886804
0.35493303977
0.506041035291
0.35080799273
0.573554451568
0.495435561483
0.496508522635
0.572711345743
0.459891607582
0.471607565266
0.683000206086
0.425061005003
0.543405528717
0.471528717409
0.365384658541
0.560644451775
0.563734510578
0.639639559756
0.634909041974
0.563508346266
0.581308840522
0.479554710161
0.476077728967
0.444449706946
0.489095311842
0.453336385292
0.516454433963
0.392423048345
0.549348426918
0.460722537436
0.653687718696
0.468256769907
0.501877728359
0.549667534822
0.553535327961
0.347768169664
0.608774375602
0.63234144831
0.439536238365
0.602955690429
0.541801213988
0.692880527591
0.566269473795
0.52264737151
0.518518513172
0.802398622145
0.411588676455
0.666843402241
0.631266690235
0.353980839062
0.715812579476
0.540857895621
0.468851489601
0.55936218027
0.713661910377
0.632969736677
0.579165339288
0.489540625679
0.549765866797
0.564634073033
0.466297350091
0.629375415069
0.50890738023
0.471468677082
0.590782875617
0.596306529827
0.501422135347
0.511425808481
0.47852443907
0.364474813453
0.642172987096
0.485737443645
0.525382421141
0.417432619413
0.489459618955
0.613076912876
0.362917196016
0.452702701154
0.570138602358
0.518100239575
0.539963496874
0.618808380269
0.390203786311
0.441749273325
0.424740639458
0.454483037467
0.676854338556
0.564753756907
0.475475471646
0.43836326615
0.575384051945
0.538692658561
0.489078198877
0.61674543615
0.54332172116
0.475413007666
0.383014391698
0.636502035633
0.555347544178
0.558482350997
0.44687485297
0.585646629081
0.383437054536
0.554777335347
0.507706304044
0.566904740141
0.571129648364
0.501256809262
0.56801001089
0.459941077887
0.574750152801
0.468423286405
0.567271223039
0.606168311762
0.377539670366
0.541893375254
0.548692196578
0.505086395397
0.412545522615
0.539679147107
0.426760568076
0.502594798192
0.648607415571
0.32062869026
0.58987854233
0.411661427741
0.427982715324
0.53208664625
0.509949196084
0.564531954971
0.426436869543
0.30672906141
0.394972491385
0.713265282625
0.347068898944
0.6713267323
0.468768343163
0.44534466845
0.499880565008
0.553264859244
0.511039070306
0.666003648248
0.619140684868
0.511269788979
0.572623633934
0.552567887698
0.430783060931
0.544287135696
0.444059480729
0.497647278459
0.623445950916
0.491482972041
0.707044448818
0.511256133171
0.465175378652
0.60026295352
0.520854859194
0.529923403531
0.596184053199
0.735923428158
0.663484509127
0.553537317959
0.57553385351
0.5845074272
0.567953843768
0.682861756357
0.549214947535
0.656112543827
0.47876821817
0.615758435293
0.455539938715
0.658758391676
0.505078070325
0.550790590178
0.473094109804
0.647037411161
0.512371977574
0.459348993787
0.708203996814
0.461445838133
0.500394349167
0.696907534104
0.474489941374
0.566357845077
0.452605268853
0.540896633142
0.378879183655
0.550708178054
0.576345774919
0.349086296049
0.502743615519
0.340915651474
0.484991783288
0.482615559607
0.455296671153
0.522909700772
0.528519024763
0.386153168582
0.500299122196
0.631084500317
0.53725776461
0.509398459615
0.424381203565
0.449412964993
0.439666292895
0.486079580731
0.490085575513
0.431500178291
0.442350196385
0.51813048272
0.691089429679
0.44741600257
0.520680195704
0.633627690728
0.492872185218
0.578626306055
0.514756608348
0.551970581772
0.733655994061
0.568951050453
0.474329918436
0.437111704319
0.613116739151
0.569380893407
0.634584077084
0.600181492767
0.577668734711
0.620225497615
0.637659572359
0.548702900505
0.534994958008
0.427559429602
0.625967305848
0.474546680356
0.635065355003
0.552442569002
0.57188760093
0.654025723948
0.59018768189
0.429558574076
0.496017129638
0.564605942115
0.445316363331
0.660475567333
0.564839446513
0.69061917761
0.442160005602
0.32734632589
0.593139214195
0.562188396715
0.684307578413
0.513213621385
0.466539645823
0.645063988444
0.576603487771
0.61736702427
0.706788623682
0.524814518688
0.404560290788
0.489529223987
0.624657531091
0.597253182346
0.354901706391
0.462671756923
0.449091379513
0.591536019848
0.459607637711
0.454231796169
0.478916264981
0.552962425649
0.432300413487
0.410394927846
0.491787001722
0.410769782895
0.544271709855
0.591010471494
0.548154719027
0.393110411809
0.611843415764
0.399854389005
0.576286048071
0.623220642083
0.451027414366
0.747178045183
0.636620204123
0.319686673295
0.52964821764
0.506432889917
0.446317851476
0.614342940555
0.408333357377
0.575433949156
0.396395569274
0.591373684381
0.473339702675
0.561997792149
0.501455419007
0.63998760285
0.535197164309
0.492001856545
0.677655717277
0.565811134654
0.508269281394
0.688079611592
0.511207809607
0.655379932129
0.600246423947
0.538626941587
0.519717671914
0.443268356546
0.433404424289
0.681491302208
0.692175434943
0.583404276869
0.510269099393
0.70889718543
0.470407371213
0.42174748648
0.375654467232
0.391400543635
0.449104144836
0.436896584853
0.658978276407
0.463499533042
0.404742419387
0.651467793013
0.524483139521
0.622455074931
0.55196845669
0.566292710104
0.682410234397
0.597711262873
0.412316300255
0.582909712208
0.362286002102
0.439402866616
0.492373235598
0.499563718746
0.47542217264
0.565587191873
0.638907600013
0.497389887259
0.583682182382
0.465595490327
0.517713664916
0.400388117515
0.607891255584
0.550515502251
0.372156465883
0.4109989657
0.427581165361
0.60081149052
0.579608939929
0.406192359471
0.647332662635
0.859628398425
0.601516168045
0.535129985433
0.568803758612
0.516215358424
0.412947773676
0.550317625491
0.433229357353
0.477511420942
0.423040886133
0.507469256968
0.456217608364
0.424940236191
0.452595238382
0.359875116019
0.58714679597
0.515731286337
0.478764401474
0.69498713259
0.511274192984
0.577001503763
0.396011331633
0.541175032424
0.424658236638
0.588951007468
0.552005866161
0.463230755316
0.492006900252
0.453344022251
0.663608514272
0.480928025585
0.425878291123
0.548675796436
0.361708488572
0.53919889547
0.507884333466
0.605453624918
0.433480591399
0.538218551722
0.52598034291
0.506059800571
0.420160812074
0.609195656508
0.561596385065
0.626474482072
0.596681424446
0.436686553196
0.324303437352
0.524651239827
0.531715558251
0.480088618821
0.485898002799
0.506296431314
0.47063358052
0.814659216969
0.618261641247
0.558037524081
0.730281672097
0.639303241212
0.677373216863
0.720261856366
0.478164137919
0.625862089021
0.415430682384
0.652651771333
0.429389252343
0.643930273532
0.49799767403
0.501814905883
0.528371323242
0.390513305472
0.659843640185
0.573735013393
0.622310280126
0.553416948377
0.616597891236
0.441235856654
0.404278395394
0.630642342854
0.688339182815
0.913999840625
0.542610221614
0.514968443038
0.562445757407
0.534118514951
0.566341920642
0.402450531196
0.400926991013
0.55466678104
0.435736155559
0.510101597633
0.599184296155
0.323944171548
0.600635618551
0.721533215095
0.47598324127
0.594224012816
0.406045616379
0.581424929057
0.467172305581
0.44802799684
0.532587413603
0.548204429443
0.592858547414
0.509556263082
0.543383179473
0.461879590614
0.659746426532
0.343127692559
0.643204939676
0.494734178829
0.717719236792
0.354322508684
0.343779694056
0.509116635447
0.543018932894
0.521121808629
0.625556430357
0.543964100972
0.608825488343
0.609437946621
0.709861500998
0.755020251872
0.59723077862
0.511839838323
0.638333898075
0.550749108024
0.306241979581
0.423622697561
0.374986372401
0.539238827573
0.486482168385
0.759818262254
0.344422110451
0.327375036548
0.481382997817
0.610661373391
0.383394035238
0.512145850376
0.64394643511
0.504633697427
0.580844508863
0.407568811996
0.663011613694
0.487358860363
0.646642345422
0.523192567831
0.686380024808
0.516311587983
0.648062890798
0.486534883265
0.544366251165
0.639807643079
0.599121239117
0.582996182222
0.527065190479
0.333636469484
0.469731703036
0.404640222225
0.565780683865
0.760206333495
0.425010532335
0.449423402797
0.400784370767
0.514936958477
0.417156824598
0.719080532449
0.501182466205
0.52223222337
0.655916905863
0.612962706622
0.424668186849
0.558327361421
0.451694219093
0.568194706828
0.593739149312
0.552335229057
0.556752947672
0.578836344199
0.641912946788
0.539723454004
0.53889886135
0.512329499745
0.648531443419
0.444593599932
0.736054083942
0.457375347638
0.461270319742
0.688890378944
0.515957112644
0.588375909616
0.442527503778
0.60972703673
0.62708106965
0.659522295074
0.55339257345
0.480956379527
0.584092649743
0.353230765884
0.32452333832
0.601680673087
0.649024504357
0.603844755138
0.515537318165
0.479707751366
0.593174744584
0.761075553997
0.535831064332
0.587168952406
0.582493415306
0.527227582538
0.535704773032
0.437273169944
0.517069476271
0.422707488651
0.724704829766
0.532921338221
0.480745925473
0.632221361418
0.585111062108
0.572435380527
0.403540873956
0.492074389017
0.566765736964
0.415701622283
0.549210792145
0.530705519637
0.398415036596
0.482024620506
0.331721853077
0.642202782722
0.577431239149
0.397371288252
0.577450168305
0.550998872241
0.374224467999
0.477054630896
0.47174584792
0.516708314995
0.637599131938
0.51641682172
0.453485566073
0.519461372773
0.579946660854
0.434834130066
0.587083873373
0.502649703208
0.609326619636
0.556578123126
0.540954221713
0.561917796811
0.543482957136
0.646473607405
0.517502114295
0.556336363199
0.613793666646
0.53198471247
0.315964171164
0.692289656284
0.735578725924
0.534522086202
0.42417199604
0.513165629481
0.801502334392
0.541602767864
0.371172584801
0.473704025084
0.479009708757
0.400701975232
0.745830667172
0.596267799429
0.521904627493
0.471727881965
0.557233890278
0.455132547332
0.439160268098
0.467004311903
0.458770239968
0.738271350926
0.479716586411
0.416375098515
0.525862523809
0.51830794505
0.483918601653
0.771483636693
0.581928486135
0.623732437996
0.456636071524
0.475937221395
0.642702893202
0.618773963497
0.511436397851
0.592116125356
0.372342093236
0.715116747519
0.641686193647
0.605879817287
0.609109640796
0.446735853726
0.363245053769
0.575639225852
0.440675593944
0.466968541084
0.519507189784
0.561507568078
0.368659608467
0.377533210805
0.561935598261
0.651427824009
0.493548030024
0.68812994187
0.533837618675
0.42475354184
0.47428170214
0.439247952994
0.61485985896
0.531695279127
0.539013384114
0.54857477637
0.41258818609
0.378623698145
0.514189896976
0.696124003777
0.509865968683
0.642844055606
0.584051222484
0.464572326183
0.518849115696
0.569847994036
0.497254198751
0.558685493264
0.546199762958
0.494424120951
0.518585207903
0.478509314577
0.641124548966
0.713131787246
0.538679696103
0.420165734215
0.433551691536
0.441746410696
0.413674769793
0.489801580842
0.510511337914
0.516554645147
0.528259870331
0.439737405246
0.455875547545
0.603962749556
0.398035758318
0.455694935403
0.561943504166
0.452208437945
0.493921059464
0.473094776566
0.619417007651
0.377014850756
0.494803695052
0.527713284101
0.60293498493
0.55230479594
0.677755197558
0.505911121705
0.594184651687
0.414016353321
0.485231222993
0.481986125933
0.739341698728
0.580239857955
0.575856933813
0.372125912893
0.511895792826
0.455610212421
0.492588825401
0.388569482048
0.549897283541
0.478779430087
0.484139929042
0.388231655496
0.538922035073
0.514655712206
0.709896146485
0.310141940945
0.620676435813
0.496815042512
0.531009501996
0.490095898457
0.443604254659
0.651718315613
0.529577090752
0.588926944645
0.670283668612
0.412266859917
0.41571856883
0.388558474258
0.616611641625
0.718147328633
0.648096404036
0.455644093437
0.51326015694
0.449399316043
0.572273760369
0.405802719332
0.682056908614
0.624706570351
0.624814804802
0.532869903639
0.433679726056
0.504089120716
0.473235905646
0.687629525758
0.644758231082
0.353896895172
0.530386207668
0.603988426344
0.747880022565
0.605798241708
0.455739317957
0.711293423394
0.702523718555
0.45815796792
0.665009295589
0.49668370649
0.377629605793
0.449047581719
0.452973264621
0.441176917173
0.514864453734
0.42682203586
0.403146812564
0.680521008296
0.429594358721
0.47761022554
0.48483108443
0.543707121698
0.621167790142
0.43923535075
0.577352131574
0.561534826808
0.54202197555
0.704195477922
0.565012285854
0.700122825166
0.415598001281
0.540746845402
0.667215063813
0.423558346368
0.388041445047
0.482190587104
0.719235801611
0.405967338367
0.458577099892
0.63119814603
0.638502439451
0.571474364343
0.611730389278
0.689890473451
0.58295826184
0.635397541483
0.522676316111
0.548944026082
0.489123747206
0.647594776926
0.515898998737
0.41821051885
0.40818043298
0.48041726703
0.5882237991
0.366840738692
0.448163539517
0.508657611613
0.313011634484
0.557661834585
0.513667829747
0.569861373995
0.471203520405
0.426224682505
0.41290805556
0.568375007797
0.426198333444
0.498323589643
0.571815197559
0.576276959005
0.708638722066
0.59242947432
0.530638742575
0.56335473143
0.564567329382
0.428191675453
0.604283492226
0.595405831477
0.478634199888
0.588849156788
0.619287339701
0.558186060006
0.396754303122
0.573370238203
0.722541807044
0.457339700484
0.594381455644
0.695042631933
0.447550991488
0.468798028867
0.531748467339
0.412928717687
0.522132684733
0.611792793424
0.545658933472
0.504304334747
0.78157562715
0.43638942517
0.495560557192
0.503715399185
0.633849368809
0.566073820816
0.607326097727
0.561841211272
0.586341717756
0.545924993918
0.304909268043
0.274647053137
0.500533229386
0.495510362173
0.466554738572
0.493808591246
0.533746257248
0.491337267987
0.540806060071
0.413914407991
0.477906655447
0.53226231328
0.575161777851
0.627972683757
0.581228910863
0.608045873689
0.499855298166
0.437447103016
0.505237136656
0.405827345827
0.556358443957
0.403477057547
0.661152976801
0.58252883977
0.526580491288
0.560185854749
0.471004310037
0.596919064569
0.478903615526
0.570522092744
0.526945864898
0.697989837945
0.527071440603
0.619442181994
0.539003846745
0.523458393851
0.561987559757
0.450895865299
0.514315731214
0.629176051598
0.543381311869
0.4526064321
0.411698427717
0.535093272142
0.551868359713
0.471302646888
0.690721991051
0.460276185558
0.638327980463
0.405408009499
0.443838130157
0.720885248526
0.366066150923
0.602007467747
0.607212401999
0.488401823173
0.579722420652
0.64947262908
0.566031877224
0.487047850248
0.523488981565
0.563766170637
0.48826011285
0.456469311853
0.63085150781
0.844925866223
0.434187970581
0.618802018317
0.52616975684
0.655553848836
0.429831870016
0.425043788338
0.631268118041
0.589963124766
0.473169422052
0.596406763647
0.598441002656
0.356780633899
0.487040348007
0.428993392828
0.400611019065
0.643931399284
0.466695716442
0.428103171895
0.439534578261
0.421463558342
0.682239735934
0.595561950399
0.547736403907
0.482464028592
0.493070707988
0.416690473009
0.673011580736
0.522822625714
0.592363272568
0.505942167623
0.593372846342
0.625225314016
0.487916033326
0.378742946197
0.326712991878
0.723787809526
0.502649725408
0.545461985798
0.497949052138
0.564980399314
0.530581972578
0.582733283935
0.657849413363
0.473551553551
0.543759823659
0.466672319329
0.52330450252
0.618302842403
0.543150403079
0.609176138394
0.518131616403
0.560716662342
0.641764123098
0.508862367865
0.34928408307
0.566521241934
0.585996574861
0.474323015763
0.4486913512
0.486191619655
0.586619244244
0.521765569795
0.638349082378
0.571416483969
0.60484040367
0.540972536068
0.613948418855
0.577626399749
0.641052229995
0.518371234282
0.640339266873
0.653463375824
0.582532628821
0.480588553913
0.450535705551
0.49983712046
0.410282123765
0.5780734765
0.67472968387
0.417184894715
0.579495039325
0.5866557446
0.429208999586
0.505351724104
0.663288329166
0.545656535553
0.528066691378
0.582295921208
0.615570379465
0.479285015743
0.373864147757
0.38623006844
0.50433367775
0.591987661293
0.335823153145
0.534469758098
0.346207093947
0.695689745688
0.412173651584
0.489760187444
0.3828519811
0.593374466384
0.462440726366
0.626725719659
0.526573817516
0.632348409072
0.57698195175
0.714597883341
0.597859305221
0.709290483873
0.445586086143
0.441856853184
0.60849584631
0.567293004326
0.605165924765
0.433515747248
0.584360497858
0.526724471928
0.526207526417
0.499752822251
0.63139256461
0.719370227254
0.64301528838
0.591202543485
0.568654970948
0.67420512625
0.458473145525
0.614140549586
0.512721164842
0.482165699616
0.473258299607
0.749210580932
0.680183619594
0.384400105124
0.532471366446
0.399250341599
0.502960646817
0.727849379031
0.427688109654
0.604639580122
0.453354554684
0.464965046084
0.535398730594
0.561613275231
0.514336066676
0.57943407489
0.494555251982
0.391505487149
0.498829713141
0.283662925355
0.525612485212
0.503198476918
0.345478222733
0.494451324142
0.344509227402
0.481527677693
0.506883084317
0.557352406626
0.705674913233
0.668765412244
0.702003171868
0.548227027851
0.594717166451
0.625570670967
0.629359863183
0.600547503203
0.36875322597
0.466628122479
0.49897136393
0.700536933916
0.516910896577
0.489751618096
0.600399929821
0.437825041072
0.545804104162
0.674702461708
0.564978097262
0.533060528889
0.576278630581
0.407759765289
0.475749834806
0.659335476144
0.558114765736
0.737755235201
0.521206811974
0.60672141057
0.557326478784
0.520868869317
0.381430129799
0.543608016884
0.618554645308
0.552333785815
0.583417733406
0.496593930125
0.437890004586
0.564432557448
0.554287359022
0.557116697931
0.283580575473
0.414656394031
0.570388529737
0.584230160199
0.423229993632
0.566194570512
0.465813289002
0.477085751072
0.519418252479
0.446645552049
0.413987198357
0.482773164535
0.48680774204
0.41681918308
0.546663612888
0.579533486055
0.609164544037
0.525299235793
0.570570901128
0.599425544472
0.389270630962
0.591184544532
0.443326456224
0.89675433543
0.41349222324
0.617400375255
0.37123891881
0.662524157446
0.426107736048
0.478793665276
0.616885070054
0.435542744778
0.634306553495
0.513344539537
0.620956123319
0.423423392294
0.715846773923
0.3740512004
0.550912819003
0.424929347104
0.327157961217
0.282455580875
0.425750130361
0.345705759174
0.680191945203
0.39950879373
0.49952419913
0.707350364634
0.521777051225
0.506382582934
0.454516957364
0.551918720144
0.464710726527
0.623958715219
0.349263899879
0.48929766685
0.53474204129
0.529116342417
0.59792680539
0.630548845031
0.549843101239
0.50621897859
0.648691542188
0.446907211998
0.5192630203
0.453121976798
0.373140827096
0.497794430082
0.613152343172
0.563287451436
0.465163386739
0.640036818728
0.48638734308
0.501660128901
0.375823831298
0.399555613443
0.523768893285
0.488039887998
0.787490794528
0.426526123972
0.534646168767
0.632552555364
0.490932089994
0.492847374296
0.488684084001
0.312152129263
0.589111328247
0.717332917004
0.443963872511
0.676409789547
0.62405668797
0.328439653589
0.589144285954
0.468371723628
0.617257210086
0.641532472876
0.44474853365
0.453472278019
0.542306662531
0.549311665163
0.524151594253
0.556094632837
0.383285236854
0.53715910447
0.590824325653
0.504201668184
0.745302081672
0.591610558629
0.484753212969
0.37189996705
0.432312571332
0.689023101028
0.551330335518
0.480149782186
0.655878751103
0.517805454914
0.43594123378
0.51677015884
0.553454144916
0.445949587209
0.502008718669
0.400824402224
0.435104647905
0.429092354686
0.450282339623
0.499954377756
0.585872910013
0.509416149563
0.415722938912
0.559788451894
0.38556634405
0.596415894287
0.406893200706
0.611594892322
0.759483486812
0.593680157572
0.707933973543
0.698722816752
0.524589622543
0.59873483734
0.430879296842
0.588544259829
0.368083412848
0.443060787444
0.603137046598
0.533736976019
0.685271650119
0.406782031252
0.342786281271
0.411162151707
0.46306158337
0.517451122402
0.588185900903
0.517495860384
0.500758833151
0.601034295719
0.431486139061
0.482033053196
0.71211462516
0.57409669083
0.446936761457
0.447895982669
0.570537981993
0.433535417943
0.679017055411
0.367974706299
0.722383724065
0.416351690199
0.571021519028
0.623265510519
0.364537542503
0.533498574909
0.570726572907
0.620912171497
0.550211072809
0.484902947794
0.577554878038
0.373004435794
0.499697929729
0.501420962983
0.47608253351
0.589794970947
0.755720166654
0.536158529153
0.507324561708
0.772060251286
0.595367585393
0.535073923672
0.437841915705
0.539839315327
0.606633200336
0.321003087127
0.546192369181
0.470712461598
0.570952023395
0.465991224164
0.487855821883
0.579692607983
0.357895437406
0.448676729821
0.505629061917
0.492223479747
0.625149953686
0.410472509074
0.541775411895
0.271450795906
0.552216532794
0.41547942668
0.443717013215
0.675850843351
0.516275262316
0.656536725173
0.642051998363
0.454656301014
0.403688155932
0.561327238454
0.495318962549
0.419238774688
0.440782619223
0.600890628084
0.531369732568
0.427822041697
0.598764093656
0.501362889502
0.716891501921
0.476400968588
0.552429334123
0.454769253619
0.599868247098
0.486343896897
0.403755266677
0.500608691423
0.585268692881
0.522665178297
0.407505806052
0.493486514533
0.524998816717
0.457699840303
0.589958366543
0.622194678296
0.5398240634
0.534244423479
0.462800633733
0.514008480938
0.483160137432
0.436855786869
0.391865745325
0.508445703934
0.471133746219
0.386274072958
0.510223697949
0.455298210645
0.644319680066
0.681178257336
0.65862480848
0.634647222946
0.520242955783
0.422501708242
0.457261103894
0.341939721693
0.428494417714
0.555224424128
0.471103194022
0.533563549602
0.402100041371
0.384188635043
0.373492613739
0.567206947924
0.432446102647
0.662992485558
0.559696266261
0.594979472225
0.697877461961
0.397166638483
0.541868559546
0.338740699338
0.427423652541
0.460904066472
0.715802082674
0.808632090405
0.629601148484
0.404460139929
0.735439736752
0.438336776494
0.466034590462
0.476078227764
0.357711279608
0.45317733209
0.433890550159
0.781772095906
0.636846404462
0.529210203853
0.513632730388
0.662951622391
0.474890796004
0.547018615143
0.433337328151
0.503459859167
0.469876263998
0.470202485125
0.631726343059
0.432354146022
0.596467865221
0.416666694519
0.556809516465
0.740613041069
0.62520562196
0.544707164864
0.626186262203
0.697967813666
0.538121893675
0.451362445938
0.595418605019
0.686790515106
0.506147732437
0.528096512671
0.646020610978
0.447544905613
0.525741378323
0.314194430118
0.437030766994
0.492783590235
0.497763678307
0.497975985707
0.574097434017
0.480156139517
0.441344434111
0.59317866106
0.372947607415
0.467372126139
0.566082567886
0.491285235084
0.532045523161
0.476294069397
0.333434500111
0.455898209808
0.413770202252
0.59038073671
0.517714573356
0.471414039947
0.454342488814
0.571372817705
0.493351972966
0.615404068624
0.709381404788
0.740781310308
0.641668514991
0.497647633954
0.621627529828
0.405782991376
0.634499490896
0.369803873679
0.452850952656
0.657224693634
0.697458555218
0.417655325577
0.57439165187
0.541623394406
0.347050998109
0.418040153921
0.538715567206
0.602305253527
0.721086849932
0.481919111044
0.535319696985
0.641495363286
0.47357357275
0.715059896101
0.457996266991
0.684749490686
0.621763085929
0.569475973215
0.478838401738
0.412165415266
0.398836815842
0.578953724079
0.546666890491
0.534884176566
0.428603426624
0.43914286231
0.606827628517
0.443340579545
0.55801081778
0.540194975901
0.509139733279
0.551730865959
0.616968646829
0.591060649706
0.592231258881
0.661480989147
0.757114862542
0.494919332225
0.657890496332
0.489613693141
0.630828575021
0.425712351791
0.625234201627
0.655793434247
0.465537852191
0.531051957477
0.628898256025
0.575106116454
0.701965079848
0.4192092552
0.286137101326
0.56783297232
0.465312540742
0.362997469107
0.535481167703
0.388349641518
0.395813330128
0.269230688589
0.51087620291
0.642300910067
0.682400660794
0.380354348243
0.530826400463
0.520182053422
0.510457281618
0.522294698233
0.648726522446
0.509297859302
0.629852560733
0.55900022844
0.583041004379
0.585971076514
0.505969604715
0.523229263531
0.563201365312
0.405060609442
0.550933439143
0.572606930119
0.551966127976
0.449391800262
0.372600390374
0.374656784557
0.545480018951
0.424538629552
0.504262117334
0.627305002031
0.495696677883
0.47093445034
0.575803402382
0.655855310755
0.470401762987
0.50780464281
0.509925400541
0.612473611457
0.476534672579
0.542413782346
0.634422211465
0.632323974038
0.592399902944
0.470976378065
0.59347151165
0.660450931958
0.547204177256
0.599235411666
0.546899112469
0.475515051383
0.445887369616
0.516698297053
0.644077097192
0.398920662722
0.544515779777
0.459606413769
0.619171667976
0.565302180059
0.730308831216
0.703972413458
0.577792181328
0.494892182853
0.49138090027
0.561538218979
0.559148935784
0.497991349073
0.712361207327
0.567832411102
0.523994387432
0.530095532329
0.438862541333
0.576399645848
0.488644163597
0.56294961211
0.40467328973
0.569540250786
0.355289499716
0.682071422253
0.528302999648
0.354659143063
0.32480240919
0.723809876808
0.687788880459
0.607842750468
0.448695694783
0.653398345179
0.602243544344
0.564915283371
0.620485771984
0.585742137183
0.365748507866
0.507278602273
0.586211193215
0.502692914948
0.53238197466
0.469868186293
0.476955718528
0.475818392737
0.698555727469
0.258493570316
0.560975699438
0.519510838347
0.388881815907
0.729426836708
0.556661981387
0.464693775895
0.662493573776
0.514038427009
0.641980440268
0.590334388583
0.447987813981
0.555820518711
0.628543867159
0.544034069025
0.685697092436
0.537843626319
0.487808253747
0.520741030632
0.570553660111
0.54479838875
0.564186873371
0.670967537199
0.63725962413
0.559141581205
0.574372621951
0.685709075124
0.507050515017
0.530138332275
0.590198757169
0.430562756092
0.396491512322
0.453817323202
0.511677109618
0.434413982332
0.430725150756
0.67133472888
0.569107235126
0.61583241746
0.633055402794
0.447146579764
0.465578166008
0.356977995985
0.597744317179
0.487299206743
0.585196079933
0.536747755108
0.530250854076
0.408916735353
0.376912279688
0.402060480228
0.679255220375
0.596998075573
0.522886417903
0.648334107284
0.451304354461
0.494368869937
0.646297848183
0.346081868868
0.402855774483
0.67747613657
0.750060390932
0.445653516583
0.725824695008
0.620564809455
0.688983741145
0.650795348356
0.545937868012
0.560097744099
0.681611422741
0.531951963343
0.618333286366
0.511125922359
0.504402920703
0.692497533662
0.463048943265
0.403006818377
0.472062602819
0.608057356277
0.655422677391
0.389274129738
0.541160097335
0.667166065783
0.540396116594
0.669133813243
0.388489741093
0.514376086214
0.331395057944
0.496230545542
0.666413076532
0.498126638391
0.478444356164
0.725925061895
0.488447568436
0.564828973937
0.448929914493
0.548617335666
0.645704618104
0.566739092073
0.546890260062
0.577858189081
0.655297630677
0.482660704717
0.648759928361
0.419069777369
0.486314408931
0.60830749847
0.492186266916
0.568496624656
0.575083340553
0.75551902373
0.535269484014
0.609082122822
0.631744612227
0.52519788428
0.414813974443
0.559948656246
0.597222077086
0.645963418779
0.459935794646
0.751030832934
0.443197431986
0.340735057782
0.788198452906
0.586084910612
0.645673989386
0.31011687389
0.417146023392
0.709030131614
0.621592278651
0.441735347825
0.529015069723
0.539544580705
0.564790247673
0.598972437708
0.52484540534
0.603456102785
0.606469318502
0.519759592184
0.715164301814
0.41594783537
0.612137655445
0.480170361476
0.396636039952
0.558837770094
0.632353866505
0.683980288847
0.555126405394
0.504504815443
0.478396056201
0.78348212171
0.551194356927
0.600040448351
0.477335319978
0.502832182254
0.380242367277
0.626339964486
0.977396336581
0.563270809012
0.498017667501
0.495459693695
0.531538041719
0.547340899152
0.416327455539
0.684262678337
0.492960315953
0.614986476528
0.407520846794
0.588411723557
0.54586914826
0.553957031494
0.715144543729
0.745326939322
0.481544257279
0.457290371539
0.531564588422
0.460424053587
0.368756651381
0.692983514563
0.527502791302
0.687929499267
0.599444658613
0.627965204683
0.603290363648
0.552759848406
0.469650914685
0.537407863278
0.627613714765
0.564025625132
0.572946529546
0.438226137687
0.576277710221
0.695632733517
0.596304263892
0.542575777801
0.667988710218
0.740594709564
0.592173486133
0.494108908085
0.53562909981
0.56713935077
0.66836899214
0.546412923416
0.351990846291
0.449643384439
0.413143175996
0.58405171116
0.499716663067
0.443115084985
0.630074976701
0.618332532404
0.760906128303
0.6254235962
0.514559126808
0.75819147457
0.46983362441
0.414220166445
0.670975444175
0.354749912716
0.637460661364
0.767950776379
0.739737120401
0.537086732686
0.661269599201
0.409332912635
0.332852950524
0.688488386447
0.421789172303
0.367343092882
0.480763538856
0.576245295532
0.560281225282
0.629800639822
0.325668587714
0.595628802024
0.440582464924
0.78040211944
0.626439230265
0.67626338154
0.529552310647
0.451921377098
0.52148430186
0.529658726752
0.556626955509
0.49238535222
0.622672011134
0.452069416363
0.533552274707
0.62730327508
0.542104830535
0.397833697762
0.651580775154
0.654164181619
0.688413601491
0.721463784739
0.515292661261
0.452637260408
0.514399897146
0.552862841756
0.722498498093
0.414955204652
0.503169197717
0.764852944236
0.561436793749
0.618849645642
0.438109693642
0.429767703284
0.893532457296
0.671943071038
0.599750325049
0.665028809592
0.55377974933
0.556806142451
0.527302767415
0.366661673512
0.616371135323
0.537040746102
0.584232816188
0.451421264282
0.622738687947
0.433976032267
0.598183581002
0.64343358354
0.694626367473
0.528484297917
0.40105219817
0.590767738466
0.360796383748
0.837357033979
0.495076264613
0.465584855914
0.590676415044
0.380758302934
0.386093606436
0.619096794533
0.665648581156
0.471505279296
0.62413626716
0.499308721301
0.614890314686
0.621122859908
0.585545981183
0.684399910763
0.432417954695
0.501337811151
0.449953482814
0.585794285387
0.540367848243
0.530878140644
0.659145538062
0.503614241092
0.45656521944
0.683365672102
0.571060521556
0.563115056212
0.527484744998
0.389192502908
0.438627019048
0.619827589127
0.608145436435
0.531478592295
0.664758061266
0.562087637561
0.64254428713
0.416913498402
0.591347405191
0.558452597692
0.553996572729
0.557198060435
0.573091935065
0.482020855187
0.420835610058
0.463421252616
0.434399518843
0.350211859076
0.447761651965
0.468982244197
0.471430038574
0.436360355164
0.599278350174
0.706132071851
0.519634901079
0.602485294225
0.528015891216
0.582321193122
0.459960095776
0.546079314459
0.522501501893
0.492746648701
0.61574659822
0.546287773342
0.541395800352
0.659844861012
0.716044391599
0.588852015598
0.631684883034
0.449067998355
0.554506016929
0.639870086259
0.690995238656
0.556080508896
0.683531015462
0.440451776665
0.427542676337
0.469316344254
0.474932849409
0.482315681697
0.440132019278
0.611472174352
0.619408997425
0.540024474858
0.446730621418
0.435927347786
0.57155757111
0.435839315767
0.764740568819
0.567672796733
0.556132719268
0.425396831509
0.543271299903
0.516615976763
0.517510854764
0.407260748326
0.631383310141
0.452939173307
0.533003002373
0.557662353204
0.491328932931
0.577790964213
0.426966479216
0.642335987183
0.392446375513
0.533834157308
0.587608721909
0.495846592362
0.621244825819
0.644062647371
0.433189082286
0.536918832446
0.615631135203
0.445061198907
0.451280763546
0.566129503145
0.616546724681
0.509694050085
0.527400860819
0.457424557461
0.578938262444
0.640173949732
0.458767595132
0.514495185308
0.418800064293
