0.699871448813
0.578557766227
0.876624862946
0.620665651575
0.429631356974
0.863571171299
0.538382595132
0.514853346076
0.464160148416
0.670941499913
0.515302140356
0.513509124563
0.430779677522
0.58871646824
0.72598141407
0.583120089567
0.67131658203
0.567354042281
0.612004056965
0.59291297589
0.602135897372
0.420448724222
0.349232081879
0.668407223323
0.625467996295
0.459083564907
0.586501897514
0.592379635553
0.579931237097
0.613531974596
0.742091076471
0.493982491429
0.408427705044
0.422056649686
0.496854390518
0.619057942013
0.625870377547
0.597397552709
0.556900656279
0.527930056521
0.696464830639
0.637475077459
0.666631939926
0.440108259918
0.566180982353
0.702996456532
0.502113193486
0.665121807181
0.697882350111
0.57133807102
0.646923611674
0.342299355075
0.65690978774
0.508576834973
0.67326137656
0.849922691716
0.542418465192
0.715253688188
0.655005286581
0.355908821726
0.628474751483
0.634355491284
0.676558233698
0.607496777041
0.515469388061
0.573690057468
0.683065991704
0.432137115327
0.523473895624
0.597900697404
0.654136710483
0.614054121102
0.568817168271
0.653945040924
0.646796603128
0.655692353815
0.663006590235
0.485239066452
0.557261006919
0.623279068379
0.61094237698
0.435051958826
0.454703284249
0.747168782755
0.584066862028
0.463370376057
0.624108621747
0.593355207358
0.489196390545
0.377907237685
0.541935104305
0.661078469401
0.509107821927
0.450960395518
0.400395830771
0.615568581981
0.580032956927
0.592897507929
0.514721470053
0.439153891383
0.746875980576
0.624323154367
0.483710102579
0.558750416665
0.612523687003
0.727582262435
0.754462570983
0.706131249526
0.34745098763
0.515352784098
0.673077266648
0.700022081173
0.557223129978
0.655350466018
0.639507350508
0.419871552231
0.621390304144
0.463990370019
0.352102579572
0.80491438338
0.488748754165
0.438311009533
0.69391322537
0.557883500378
0.633097905221
0.575170710303
0.537925906102
0.502185970123
0.480124538645
0.529940410467
0.562517807214
0.648873618796
0.55517516544
0.664587694169
0.546805763971
0.641822157302
0.687034622069
0.524918187277
0.598154093222
0.626208918896
0.621216821189
0.633263388964
0.638921539079
0.594416947765
0.563758960712
0.584783727683
0.562798060975
0.531350305236
0.584606743483
0.721093311764
0.59388776162
0.553476748665
0.664028190852
0.453767620303
0.531021276836
0.491699370347
0.45693183855
0.736805033138
0.705863953084
0.54065817552
0.578714353187
0.580545328066
0.414585827803
0.528418387308
0.676866136192
0.582520360742
0.61754353709
0.583676509353
0.630284375601
0.537299231848
0.593306083797
0.741623527792
0.507536195619
0.641386842858
0.704539525278
0.569451190714
0.698488598431
0.699087009712
0.586699289857
0.752473758154
0.477208607483
0.698182603752
0.597316820218
0.529895288047
0.595460940204
0.570365338627
0.598169669415
0.493612940905
0.415260520444
0.646342787162
0.61447989937
0.450247469941
0.588816764002
0.512315554164
0.500489367866
0.599191640916
0.714686336551
0.65169253731
0.648818647933
0.607621826263
0.522758153209
0.636389833518
0.688023350689
0.697676014388
0.828656560444
0.634575592995
0.582530448367
0.51710867851
0.450653059177
0.609539589099
0.497691239434
0.539139533292
0.590981829577
0.670405217902
0.639431863392
0.597570776053
0.582426229341
0.760042050252
0.448968684317
0.831505911874
0.375199683222
0.443739406628
0.536665555844
0.634772224094
0.629288952669
0.549440723735
0.670801288773
0.524936115121
0.773353759404
0.553843763782
0.543505267225
0.793614538889
0.455074668951
0.347192930693
0.55143020864
0.711438670658
0.451226506065
0.439045054994
0.389159467598
0.504906590279
0.63059845692
0.60278677986
0.567883299419
0.361730925468
0.708046975544
0.320947817954
0.639511250509
0.658080976588
0.670122714177
0.6458461281
0.467704658512
0.818814264281
0.593222949771
0.469288837567
0.517382892737
0.453428094337
0.593346441965
0.456905116221
0.776211551666
0.42860944505
0.606630217556
0.582892649529
0.490226452079
0.545225605532
0.992141472833
0.476850630644
0.531539228833
0.481349482059
0.392195365575
0.548693601316
0.478538096188
0.483603300773
0.635015998909
0.739909806155
0.527501255041
0.781027485336
0.571892725069
0.699223943808
0.497671288517
0.609434557732
0.564758365513
0.639288048954
0.60464005245
0.543931263907
0.389651676846
0.496340910907
0.555079278774
0.586615318993
0.557438358029
0.669340786192
0.512188558811
0.761992017967
0.482096483718
0.475371562836
0.582865890793
0.624392049969
0.63135947331
0.420055264498
0.348151914091
0.647202341449
0.4158456458
0.663579302555
0.45020047207
0.687236526822
0.704589123391
0.5949285502
0.434740316497
0.474850944468
0.407604294186
0.625605503973
0.4665282296
0.778754360342
0.92876654372
0.724901308546
0.580536065065
0.631272435037
0.597758267976
0.553208648984
0.685918937905
0.599718970239
0.464368379032
0.645331567242
0.53395707373
0.448825733664
0.557467153728
0.69408543802
0.46465351599
0.438064649571
0.619439962331
0.769060342862
0.454242242484
0.563881879873
0.525821581304
0.542267863953
0.351638298614
0.84878347708
0.554276311779
0.595226893329
0.530867277695
0.64812478682
0.584879467735
0.763697516483
0.676954998271
0.532371759054
0.633209727198
0.722653109549
0.719669717276
0.582808008149
0.46303477216
0.718645951252
0.734411693593
0.606261715823
0.62949196783
0.331682812775
0.408472528912
0.6381390112
0.456748581728
0.603455524184
0.398911156698
0.388234047954
0.607403833268
0.615827028258
0.659015612353
0.708904011733
0.701188354324
0.794879111741
0.376316032246
0.57181219818
0.445212024253
0.603078643669
0.663240121634
0.72149767351
0.486876440031
0.530080272762
0.666938379889
0.482231594431
0.606587661409
0.560357029526
0.571495737842
0.417718073758
0.628793588259
0.531096679143
0.690355577648
0.584592657546
0.569517866209
0.683117051165
0.512750761232
0.636647298075
0.613214886191
0.527732682055
0.357471622728
0.629192880847
0.57862272714
0.500750900525
0.709041692244
0.57850632341
0.324737433143
0.612803455142
0.372955121401
0.453803828495
0.728704841135
0.317744812752
0.682853121079
0.662192368637
0.541504573278
0.608237071724
0.791548546465
0.664944358988
0.567801883039
0.538923204869
0.664492421374
0.411703977141
0.458323918828
0.49228794772
0.693186937205
0.519992557939
0.644307738918
0.449918356586
0.62139774661
0.53584512803
0.634968832764
0.834495484831
0.665885319735
0.601358416013
0.635099373225
0.683970843886
0.569239880975
0.605100466848
0.785926398446
0.664511389004
0.600506940793
0.623251278727
0.507350258518
0.655902698205
0.530435702512
0.389232795098
0.655826561293
0.618935703277
0.643821700714
0.515729403676
0.464150042698
0.578244521384
0.718721281429
0.525298097748
0.468317732046
0.51497951396
0.68986349623
0.39215385875
0.473300350848
0.772861598365
0.564329043886
0.53050877572
0.668698466768
0.642015724085
0.8119383802
0.634776135725
0.599368611822
0.567991866852
0.484943683605
0.596695814242
0.516754607631
0.693961736895
0.449249438838
0.58234053286
0.749625031577
0.726489950667
0.601758503348
0.404386304838
0.525582398253
0.415579281044
0.497099932431
0.619291398014
0.443780621913
0.640724416877
0.56602075097
0.442332347436
0.594465318478
0.620789832541
0.659073915746
0.372111298602
0.621713967619
0.788224126634
0.625152044919
0.582047066129
0.570448113563
0.536599277547
0.503358708153
0.623453543003
0.60622064982
0.567914274595
0.65820446015
0.455919412334
0.522400753289
0.62964124401
0.801831289166
0.560742034048
0.523556389643
0.570246946996
0.512277271787
0.557568774554
0.557476603657
0.507499750627
0.563724305304
0.597349797934
0.531843057475
0.549181240227
0.668370351431
0.571602015628
0.437765101354
0.494639285059
0.499584531537
0.570772553206
0.53194845174
0.317750957096
0.598127361891
0.491832271231
0.524422088316
0.486127855123
0.465608359918
0.717310409071
0.566511726813
0.649379517885
0.583277793182
0.457978508397
0.482303356243
0.455792255168
0.434293181721
0.56155197843
0.656057015832
0.646073662467
0.706725570519
0.460862543515
0.57383226348
0.583776078257
0.47458986651
0.539090942688
0.570046574931
0.583733014565
0.639018224006
0.547220266794
0.330270194004
0.539605479622
0.453872722769
0.364213849259
0.564663499819
0.67193308995
0.545439809314
0.65497544916
0.532594848057
0.687254701169
0.551493122353
0.412572972598
0.596483937114
0.50001637977
0.718293993133
0.58071987339
0.361792780927
0.629819491035
0.395342428894
0.656334228142
0.421633442659
0.526376926618
0.417547109527
0.611419717359
0.634050211674
0.551840745742
0.484329820096
0.578161916048
0.650016099854
0.341646571458
0.651672303286
0.587647953888
0.760401005959
0.617644360795
0.574910544579
0.479895314117
0.574414452586
0.506396827253
0.567265861067
0.513908119913
0.515077380986
0.791050671304
0.729613805718
0.618401934844
0.602168500993
0.595519058777
0.723677680609
0.690625350183
0.713208900687
0.503883716202
0.404661617471
0.703681108349
0.507652087605
0.801914719903
0.460555539459
0.422825768844
0.609184646877
0.669196898809
0.609115697744
0.572514952848
0.49378671436
0.620698344289
0.515346500881
0.74570532501
0.590008088748
0.564055800905
0.744419589579
0.722088393649
0.676626765376
0.657621144947
0.592146926814
0.442893560069
0.497809522331
0.517952012873
0.659553244885
0.487432920239
0.491950381058
0.466190503501
0.665510680977
0.353400974533
0.635412667914
0.623189802408
0.409340773376
0.439598709776
0.378911300048
0.586811468151
0.5432513633
0.633242489168
0.633860656663
0.694731224222
0.637556577317
0.567881590266
0.538553476294
0.763994229265
0.65197090914
0.61059490458
0.601280793154
0.502991822542
0.623394846474
0.826942607381
0.783474960549
0.901938557313
0.547825751687
0.508032216004
0.330709800651
0.660705835842
0.764181736586
0.477759339285
0.606707750678
0.504255423669
0.55240171134
0.449381133536
0.540862450355
0.49966350376
0.723686240334
0.43141288992
0.490864763391
0.444530958991
0.634871682195
0.529738115735
0.602635384673
0.506131499805
0.519297037869
0.47732854038
0.409884601006
0.433833480744
0.585283927429
0.500497160709
0.565489863413
0.464656351982
0.688324562368
0.622421448692
0.523643769425
0.410427434308
0.621550325862
0.452025442542
0.563869579313
0.458550852122
0.653214078613
0.505197708717
0.484324226864
0.468267087655
0.475710518239
0.614691555069
0.644878027691
0.66021888833
0.580692568118
0.429139264628
0.468439624973
0.6825382438
0.407545940211
0.567580602776
0.639952116518
0.577105686425
0.631333076854
0.608744020374
0.754137156755
0.544725700015
0.615353330577
0.508246469007
0.636642706661
0.418490579105
0.360958740952
0.55757944175
0.680329507687
0.641547706912
0.699374018726
0.409336018858
0.617116242923
0.562118554722
0.647485613492
0.59645787445
0.597155091643
0.593681322574
0.4406111454
0.519182009669
0.576254715982
0.540274457934
0.589959289111
0.671077693552
0.53469337967
0.484382115539
0.411960066676
0.494710442678
0.881922035738
0.521447451942
0.690030829677
0.616643393891
0.394404879913
0.604871565703
0.578910244396
0.576079074071
0.56824150625
0.471457560084
0.578054851287
0.660091139344
0.511230910651
0.509082190738
0.509727557273
0.404033171231
0.645877597487
0.698959095091
0.649761371896
0.60156287027
0.489389866839
0.712387797452
0.503716417663
0.627545511234
0.582547028075
0.663568192615
0.546346757448
0.626652837451
0.41206678236
0.506709182121
0.597934492813
0.421888132123
0.470597757405
0.68639805594
0.357245725953
0.598180860326
0.480306444294
0.590989138122
0.485781916857
0.501348456323
0.49699190105
0.516991418348
0.733882059974
0.554331165757
0.383769131787
0.514856083276
0.482937214764
0.625000626103
0.677768769297
0.625581590979
0.66468727308
0.438375357515
0.468030253953
0.609146883094
0.705457723577
0.668456158122
0.51882409062
0.71127721733
0.61082639252
0.641307897421
0.668369472956
0.530609005054
0.462324431209
0.568276192719
0.507290489337
0.632809549782
0.636428036664
0.491228140917
0.557625683192
0.395879987622
0.654230852583
0.570825845754
0.499125542268
0.388209961091
0.593612243412
0.635801467305
0.582055446112
0.430943580808
0.81249107494
0.51982907431
0.473271185091
0.350908183336
0.714088316987
0.442317687988
0.47652789484
0.483898683294
0.607723721557
0.524699477324
0.764981656756
0.580810034817
0.597949192913
0.422146386615
0.420412276065
0.484186227719
0.417745632627
0.544166542917
0.440222579794
0.596729793418
0.518147867784
0.767226652479
0.531250213606
0.697976224662
0.665485008067
0.522743711366
0.463540303631
0.69747654492
0.594166516502
0.567338710878
0.664582682362
0.547623081748
0.800928778158
0.518397726457
0.65643326744
0.592190617487
0.677180608377
0.567420426725
0.535163617665
0.536411400381
0.728252589944
0.608790021437
0.488096923236
0.473479432716
0.70641301077
0.686880887617
0.493782328766
0.530287270567
0.482004373471
0.685650981944
0.748989703234
0.72059722352
0.889080097635
0.607006544395
0.704811309586
0.583487341759
0.544495816773
0.550609915631
0.456660771546
0.638346837824
0.400133895991
0.477590672933
0.600820554392
0.756795305644
0.601760991316
0.621855054606
0.422573390189
0.747146657499
0.664441970971
0.685640126531
0.575696030722
0.542004185736
0.380290665218
0.830940569406
0.687682610903
0.589222836637
0.657511347509
0.461982032707
0.644306321499
0.49382912566
0.667452101371
0.494141847515
0.554063314418
0.412189738375
0.554514303427
0.54652307859
0.516920469614
0.506257006574
0.440606270261
0.565813748335
0.756241969778
0.621242613453
0.523430726745
0.354191267398
0.428574786357
0.507870827936
0.41527568431
0.48651018668
0.609457105216
0.687326065386
0.635145182916
0.506576209901
0.613373305331
0.584351233523
0.40089790423
0.447364763874
0.70619459291
0.617363419947
0.466857563174
0.66826975127
0.795677879974
0.678183225492
0.475871734319
0.707221818905
0.483308934073
0.561375014359
0.617586797009
0.38626680292
0.68755462932
0.53564358189
0.426081747545
0.522407521681
0.531863138935
0.452925033449
0.543154936596
0.756661349421
0.668041595118
0.781663770172
0.536588985862
0.401869774207
0.455310261345
0.512739637604
0.598233689208
0.721743098692
0.585938887634
0.645054496379
0.768525467171
0.533854459548
0.685244699882
0.507580192644
0.602351191008
0.66683984571
0.573354911559
0.639206979918
0.649427011001
0.709811431348
0.445373781838
0.484990082483
0.475854204081
0.578762192005
0.664493187077
0.735523084152
0.580801183909
0.715099532874
0.482117000544
0.512552531622
0.626524134826
0.583001015818
0.489545283898
0.569296398014
0.551031961328
0.558565739955
0.63220047471
0.529980822155
0.655793627218
0.64607800995
0.582450716282
0.754564084958
0.483413762922
0.60522601442
0.554216683095
0.526424534297
0.633982206802
0.593831363093
0.54244954229
0.513718861467
0.71855437166
0.593149726982
0.496830332233
0.617649044387
0.386828556457
0.433656715051
0.658041878072
0.498830009461
0.596497279795
0.616409081299
0.466130712595
0.824975482174
0.646150294625
0.437213452801
0.487722709308
0.614028998941
0.592417385602
0.48140366918
0.757204658103
0.704807681945
0.511403457302
0.652537511501
0.585244209371
0.493838190663
0.414208792472
0.613363134999
0.443585092729
0.620499707885
0.355019782128
0.693337334843
0.419080925022
0.71748797019
0.570184728219
0.467155023328
0.450903230989
0.593586771902
0.480016877808
0.648323659922
0.54044807596
0.554594036324
0.625971242979
0.602163163851
0.486364803413
0.584355448257
0.40557697499
0.549347383895
0.662224972755
0.844291890969
0.635025899007
0.508812437916
0.612805825717
0.60247802976
0.592793063137
0.512608900706
0.538308585649
0.732863197928
0.56908305259
0.692441911382
0.541802143131
0.734093180709
0.494232859287
0.487264598345
0.782289416871
0.591356110813
0.614092572706
0.97133069711
0.594638563557
0.932502701467
0.523431954479
0.505842485581
0.750193463554
0.579010959261
0.624018169992
0.622623433361
0.588983060667
0.678462255341
0.549779527046
0.524906459708
0.773181114935
0.677273458396
0.542314547611
0.611394748829
0.607309957534
0.924752334459
0.930245205298
0.55890831316
0.356833512721
0.398829754659
0.630569988524
0.574648895724
0.509774426944
0.426977226978
0.652900716163
0.560778094806
0.592670357078
0.61221414465
0.518539892519
0.631083797527
0.810651231505
0.551056338415
0.733477402701
0.9249309242
0.590769695967
0.482813101729
0.549723022798
0.849907049308
0.860651791079
1.00325393842
0.548014508984
0.875976892191
0.612705509808
0.636105898123
0.620631326464
0.684934641733
0.467267469898
0.542280127121
0.64613053629
0.687784436199
0.409741274278
0.514439434101
0.507651974078
0.481062268562
0.912496557083
0.542557816062
0.771202437006
0.664118509652
0.625991537528
0.652663845898
0.536967643522
0.464701628291
0.647073138834
0.563495902414
0.668900465392
0.415752135808
0.679846380747
0.486143713851
0.507506142635
0.540759687859
0.606801021889
0.781302560666
0.782643545342
0.516409735505
0.710373922816
0.965173619064
0.588237131079
0.663983969919
0.908032401207
0.517989297714
0.644581839089
0.731412544899
0.752381073865
0.67368937054
0.71743323536
0.839911850073
0.376878930522
0.574250346854
0.494762539416
0.660275058096
0.52667334056
0.626772475247
0.359732395641
0.828050418084
0.458145353011
0.448556579248
0.702448471011
0.575003324516
0.619627812778
0.609912059066
0.595347650349
0.791458152444
0.598386647541
0.831968371047
0.782044193895
0.564307370487
0.525810421268
0.757002779567
0.637288489736
0.599197246339
0.526370383302
0.656349975319
0.763063674008
0.64606991224
0.607375975572
0.776717803453
0.536932334613
0.633897315225
0.548306973305
0.579907593205
0.60439218464
0.571052034492
0.519521731179
0.679254212718
0.535791167521
0.802856892638
0.386612905209
0.928421012068
0.600271586662
0.561587873864
0.445317945096
0.529172310064
0.594062650758
0.541319595254
0.615946146116
0.543981458844
0.666077001948
0.459652177645
0.580505376053
0.46645822844
0.940904946897
0.623401053765
0.581434626427
0.557279525704
0.52929696169
0.63117016047
0.623979524536
0.640964400242
0.602357963697
0.574921632397
0.72371509389
0.766568995499
0.487584936761
0.598528509345
0.579856016896
0.514630994045
0.596488858265
0.832690595725
0.48027027541
0.780555673254
0.656201684029
0.837701714057
0.375027023279
0.467100336792
0.5833711988
0.430558350408
0.811202660905
0.587101258163
0.619364624109
0.57663487138
0.635036299716
0.624243086071
0.442217414624
0.539573237693
0.467047092064
0.5366128772
0.507622267197
0.556586267183
0.391591774511
0.626938789511
0.702771012322
0.578771516116
0.471470475719
0.459836890367
0.704669502127
0.597720386326
0.450068524993
0.793339842778
0.636412128155
0.516029233423
0.625044250192
1.00091499725
0.407570169534
0.776896665741
0.474865724658
0.608145039413
0.470371231175
0.564584881294
0.443980281014
0.469786427473
0.598775825216
0.693240629306
0.529902673996
0.598169753029
0.678632929308
0.567195330333
0.361862949372
0.737681624194
0.510626433597
0.67725054448
0.571961072923
0.485304499643
0.487267058197
0.408893052927
0.655758657154
0.642388645805
0.379373514472
0.453524684839
0.486189737979
0.517481463996
0.541181293866
0.665342151501
0.526463020172
0.641532064675
0.573545938783
0.542893450641
0.48678449394
0.553459300313
0.597005359881
0.496936578843
0.394811765436
0.600084285063
0.563113980803
0.448283702555
0.493103884175
0.561645600296
0.482400508731
0.39947901824
0.884801427562
0.70021335683
0.55511035881
0.394530541769
0.430382445243
0.5441764737
0.529919337734
0.83573439732
0.621376291714
0.674926226377
0.669680559957
0.625529565282
0.649335644289
0.339115586432
0.47654335006
0.461220538295
0.568206134688
0.62890735014
0.467999885275
0.597684409803
0.473547493054
0.708607053703
0.714914900061
0.698326338287
0.471789794309
0.462935806053
0.578103693763
0.514927738194
0.511367414801
0.576212538929
0.315583584567
0.345821900472
0.489507412782
0.49940612117
0.60116471857
0.525264488259
0.439860355499
0.447321804166
0.693068436012
0.659300219828
0.714871893531
0.6124980638
0.631310565072
0.524469392972
0.509843714277
0.527642859037
0.659681530019
0.715735928166
0.587511013108
0.637557326764
0.386259274611
0.553107984725
0.618257127756
0.622999352317
0.592591933876
0.508336162323
0.671970771446
0.583275877947
0.653540285628
0.51614748765
0.574328953372
0.524254860595
0.421280833699
0.6132662054
0.42688544766
0.525694406269
0.742671935476
0.592084724256
0.524183351462
0.683843027701
0.760475754269
0.746211572478
0.609534133116
0.465003765544
0.455768397693
0.7862855134
0.55692772178
0.501070096902
0.789294022004
0.712406483935
0.709700400979
0.547450611459
0.583420479881
0.603254014644
0.89321555192
0.465413606576
0.586106188952
0.451771673587
0.658291110224
0.765244763778
0.656177387897
0.633435357299
0.68466255054
0.538159597055
0.687161511239
0.710414498817
0.718516958832
0.613028522945
0.641037163704
0.706977249642
0.442992692265
0.449228898359
0.724988405769
0.422314309847
0.38393379925
0.74258542146
0.498336372611
0.62930646223
0.631382016431
0.615702098947
0.579083691274
0.507677151001
0.579744242974
0.571347682116
0.557688618164
0.525602982882
0.936673261432
0.590130818295
0.618450974044
0.303336970979
0.539751824577
0.672230763967
0.644626576253
0.57910882419
0.649594225457
0.636627417857
0.556165267972
0.51109637387
0.45096447485
0.483361669172
0.575837396505
0.464008490611
0.537583166225
0.561719700988
0.418170801472
0.363419771632
0.563427483279
0.778124188081
0.399709821424
0.599842088817
0.502276495114
0.543582441025
0.530986393493
0.556754625288
0.627925493483
0.433124486571
0.581580066199
0.539537697152
0.48081174412
0.490232554811
0.43252362268
0.595808948169
0.785594446601
0.679646858466
0.542937708702
0.48779132783
0.618851082702
0.594058300146
0.671542371366
0.598104347775
0.446434641378
0.61335406354
0.583776944238
0.736886177249
0.564038795732
0.638992208059
0.570115038281
0.50866372786
0.80493160265
0.496939901929
0.639491844076
0.45753202217
0.471219837777
0.801249345016
0.607958228984
0.516668008698
0.634078473925
0.6713868012
0.677813292226
0.478554574995
0.594459925611
0.61277053583
0.474492964595
0.534092955069
0.536342136225
0.451688101046
0.539816037957
0.725413002415
0.575304279992
0.492595112536
0.555444257308
0.646048897901
0.555622684325
0.490132127668
0.493299245355
0.752750185423
0.540777566199
0.493495027361
0.479570638555
0.652239675112
0.608422080283
0.624979249179
0.648367029156
0.621825841851
0.507584956465
0.494291452181
0.579558400779
0.594874740521
0.489503157581
0.466054487773
0.297518757917
0.792005179125
0.590639484864
0.637091206137
0.692473386497
0.589371736653
0.630840635128
0.505430254143
0.506624091624
0.731344348866
0.553241842566
0.680062737367
0.623208169759
0.507072120405
0.730780438223
0.712068655871
0.403755721498
0.476341713948
0.573410926965
0.625790461024
0.513235469292
0.554159231348
0.457624311536
0.544990874585
0.487243750477
0.613557144046
0.586403707968
0.668019168822
0.69396524262
0.569862605433
0.57207353983
0.495212769855
0.543834965474
0.51378924899
0.570333560918
0.534149519944
0.503828919944
0.552697317443
0.595493122925
0.443251683136
0.661561917118
0.609738826722
0.558085386772
0.547557167578
0.704821494056
0.524783692623
0.534862084754
0.782094566013
0.588686097204
0.428637637949
0.597996514495
0.445523015396
0.596871159968
0.724485731287
0.472486230184
0.667512512441
0.644578790119
0.663439714388
0.610223474581
0.742017664792
0.457993948555
0.56123979134
0.599406542787
0.621613433739
0.746356732977
0.57269485527
0.716482330746
0.600869103989
0.464782109378
0.378705178189
0.546988240842
0.822566040381
0.589076734653
0.54024493373
0.35793845411
0.688093221045
0.406331083027
0.553769307821
0.70649078794
0.553799471304
0.657776751201
0.500758192537
0.591649013794
0.578180623199
0.51705435402
0.451264116216
0.462285807686
0.641509210681
0.562012913533
0.524222486162
0.608864238146
0.511125527507
0.572451941827
0.506111107496
0.559216627131
0.581080420443
0.468302723747
0.657825366564
0.573234782607
0.645971777351
0.345053334943
0.581628057732
0.659218728977
0.540245620564
0.432879284058
0.52870777065
0.698071579362
0.454449747433
0.472140473927
0.712521897425
0.46188492314
0.430146441874
0.680928722405
0.532465555117
0.449162916025
0.546078322794
0.652203499407
0.63706796686
0.587895469033
0.565543480645
0.621713161227
0.571170613175
0.413379808833
0.537076230349
0.683729324319
0.59730679336
0.446824802864
0.530274479413
0.528949557324
0.607378850289
0.436482964421
0.641528867567
0.491298718981
0.545016974919
0.661399653771
0.528354143827
0.602048756522
0.460255728613
0.512968525835
0.685497231582
0.663222260976
0.677137255157
0.599979607143
0.606095922854
0.629795167798
0.53044510571
0.994759094668
0.549071453045
0.458640622436
0.697295789695
0.645771200418
0.579556689994
0.504532955468
0.490139373999
0.454307593009
0.715327225194
0.587184598834
0.455542802307
0.536200527671
0.645461638965
0.385771069215
0.564655977493
0.516736166575
0.669888138334
0.355544999269
0.521825055785
0.661328203769
0.716802853823
0.663455562912
0.602351312781
0.588012059407
0.738489220912
0.609499767947
0.557341429428
0.629126175691
0.605845278107
0.663881435576
0.445488128803
0.463169626979
0.647629510896
0.795394486832
0.731226226874
0.536682729481
0.595434006897
0.69021184721
0.572626445111
0.48768942107
0.657447157546
0.552726166852
0.59316680925
0.609093744608
0.522657934165
0.739315645618
0.383914306343
0.643849873335
0.50499667696
0.4763978494
0.450032856931
0.723803328357
0.486824558511
0.45192618711
0.537990091907
0.651130298343
0.484169178463
0.572836095464
0.61050332057
0.468420282117
0.652402877105
0.467794415334
0.659870478978
0.450089576111
0.708270020667
0.597066947229
0.510466773595
0.688437676602
0.543813468064
0.595549784878
0.763530339916
0.353095516183
0.578246157802
0.496024981856
0.52082914599
0.475981704055
0.552177280787
0.43104763687
0.617722773933
0.555157083815
0.53664586652
0.599270618607
0.517708605678
0.522188322901
0.726457282665
0.510419019821
0.513592806971
0.430934154243
0.746573890268
0.532952093464
0.596362983966
0.548365196382
0.596298431671
0.487278189065
0.624635292952
0.572317663763
0.386983853181
0.550696597523
0.653089571829
0.611421897162
1.05744476804
0.415657345911
0.670069809697
0.778239689982
0.416332358705
0.6385315071
0.598153696136
0.745920777472
0.434628837114
0.484775439048
0.63660230391
0.500396291629
0.544097685827
0.481467127567
0.686179853933
0.56664082147
0.514144804572
0.53412378557
0.421908454455
0.533024680509
0.493169702857
0.789611328068
0.520172428332
0.78275976644
0.658569436835
0.614387197886
0.591217147576
0.682825766582
0.683636001366
0.491417986522
0.616037391857
0.738590101106
0.533455041737
0.731717992001
0.668059916819
0.638532350447
0.53460928963
0.705547382783
0.617130508618
0.501490267539
0.549166955516
0.411330581592
0.658616137838
0.56702162869
0.519388732055
0.613742647762
0.617659710954
0.902757503689
0.8118694026
0.547625316725
0.521585302475
0.521774206167
0.522846494635
0.666324713164
0.758842839814
0.580023671493
0.586830793803
0.687992151732
0.597327110952
0.494658597899
0.561183802156
0.62460768905
0.710220113066
0.571101357852
0.591754763226
0.634471630148
0.393823280764
0.557204083722
0.535990415753
0.551243799369
0.551406148771
0.440776470459
0.664727730257
0.524982310738
0.371289533243
0.477856483761
0.677082383267
0.518863393113
0.639748310601
0.520624716862
0.563599781176
0.451142313231
0.449243040094
0.432889417613
0.555837212638
0.648584360419
0.540456616383
0.546964379691
0.519941873836
0.564092223377
0.732376375256
0.435866410921
0.655958759071
0.608273788023
0.509130862576
0.759880557829
0.838353966727
0.524677485286
0.656650492419
0.527253049564
0.668330954405
0.560976243223
0.653379806132
0.678199551184
0.605051831435
0.520616432841
0.589417125872
0.55610585069
0.629594557398
0.669963147562
0.630660846218
0.667841384602
0.678204727141
0.628866583174
0.535229065104
0.444615578231
0.66220032122
0.656356873223
0.456649492682
0.562197951775
0.458621314236
0.503155281311
0.494143840861
0.559718018738
0.629963456395
0.69130288518
0.566069693882
0.661164064511
0.793160777533
0.55347187466
0.604304839099
0.715679688968
0.636835176461
0.421706027215
0.712154577896
0.726544719544
0.571271948006
0.598473071304
0.634115957482
0.580452718706
0.64156850284
0.584095967632
0.640633377342
0.71501711806
0.604199646826
0.575911459941
0.463821781913
0.71131051272
0.64306009826
0.718389094999
0.540226147498
0.574750008526
0.611009748061
0.494808346748
0.806111180694
0.627817075524
0.541656540225
0.772419065966
0.949454115965
0.523183454531
0.594039627779
0.637670801776
0.542401651695
0.66605740515
0.561413208529
0.507522630995
0.517738156338
0.511288826536
0.44316162841
0.631661578396
0.702006330536
0.474838822297
0.58055761639
0.504306970519
0.6468351657
0.601740906033
0.523331392634
0.348818971485
0.429039523086
0.687539570047
0.54950003734
0.637032433273
0.516211164723
0.728592937311
0.841961902872
0.689742878632
0.644296259069
0.650839046045
0.61394804888
0.572041461191
0.652520904846
0.741792368705
0.582923703434
0.592382758944
0.575035683739
0.690248603222
0.644692562615
0.668134362762
0.454474217029
0.791178405808
0.476245529524
0.856720857087
0.528638393104
0.39020285762
0.622043583554
0.730670328243
0.542638303011
0.829340082523
0.503511329017
0.512689386851
0.613961854676
0.487780410584
0.52929742893
0.671068911721
0.695383734812
0.637424392363
0.798194432168
0.508210379524
0.630898602121
0.558404194093
0.57254710374
0.594381200609
0.553372876869
0.392066025496
0.519059700778
0.42668127476
0.388628146626
0.870479784916
0.710123426594
0.475155444319
0.718032343215
0.761890603937
0.58030739581
0.474719872172
0.495744897172
0.691649327403
0.497342681846
0.449634989068
0.585856208735
0.407040869513
0.541234134866
0.435983073579
0.586938343929
0.588644222971
0.523864137401
0.436574600081
0.691310861399
0.600119788619
0.49519029169
0.490970513665
0.534434439855
0.48975077723
0.538610941287
0.378157114808
0.397247683909
0.650862747434
0.747912604219
0.539335439132
0.499658311725
0.671785779577
0.521493144551
0.350332262254
0.437401244627
0.581924498742
0.569274423385
0.55042976888
0.545184841801
0.39659495826
0.612499415503
0.621800980542
0.631017399784
0.532367274212
0.617216181432
0.554497278569
0.449425218003
0.429810051335
0.455092956733
0.659030097923
0.558356494406
0.541027946947
0.426650129284
0.63983768057
0.507417831482
0.592121647808
0.5460269922
0.517259652446
0.513408172994
0.455785286757
0.484838313456
0.477085309662
0.615961077076
0.711867341716
0.572853379377
0.648665607007
0.501781343813
0.470542639874
0.47294136347
0.620213557905
0.500961333725
0.499842460433
0.669067589044
0.547872255821
0.571107552363
0.505520994788
0.700352731244
0.508891510064
0.557482059183
0.43995660325
0.804278005807
0.796444143276
0.809911107305
0.687580782518
0.636803379514
0.656831686315
0.495612431122
0.43968808811
0.463955285042
0.400812720033
0.524311378242
0.705448325541
0.43623666838
0.65202588315
0.604450522107
0.650995856955
0.671792066485
0.469375007067
0.585449527053
0.52530346971
0.591759123547
0.576016773028
0.604501973811
0.442048857563
0.476200944979
0.644654286128
0.341267718191
0.500430751098
0.570090494095
0.494458171238
0.437770803219
0.601796771088
0.693912114072
0.46110520706
0.66042781282
0.42760708513
0.529304332924
0.607966989695
0.61867099053
0.509646216771
0.523177967992
0.48036791412
0.411530798613
0.557263524715
0.612543483447
0.52423959091
0.431251517257
0.520237656983
0.602329087761
0.660006133037
0.583188301274
0.629751631565
0.673444410568
0.520947889461
0.45133382917
0.423651404559
0.590700950158
0.555706941087
0.500234052383
0.487308149732
0.510337083664
0.65050751639
0.430775574672
0.506135282922
0.434682725341
0.782576242107
0.758782867585
0.607771895334
0.433614192407
0.582020668756
0.555094503503
0.535211758922
0.496069829383
0.495009729395
0.561397983887
0.550101878931
0.455726723837
0.692504296991
0.831450807673
0.42536928208
0.539205537447
0.857590026765
0.655824990454
0.598695634846
0.397646309968
0.531299208776
0.600035846049
0.609047076719
0.662378798695
0.566556793703
0.70190035777
0.558905824114
0.594657881246
0.823894882715
0.736166309315
0.701339141309
0.561965918294
0.451836071364
0.742007482611
0.676950631401
0.575125471694
0.60078315046
0.529245253083
0.507302060159
0.500776407002
0.361752638618
0.591480037265
0.485980999852
0.78784024474
0.591918314111
0.525878465697
0.529165095831
0.585584001343
0.624983840847
0.621169297738
0.537218640094
0.590217106082
0.654628840753
0.508769271132
0.700754017213
0.589784968257
0.443324016902
0.357218943276
0.598078051535
0.605674985364
0.717321572331
0.558326196414
0.528311043286
0.598231640815
0.571078208891
0.463572470625
0.510791460755
0.54484269833
0.649200963137
0.511891258785
0.457355106165
0.454686543854
0.683379466126
0.669065929318
0.401852343366
0.424206199674
0.513560841378
0.706179356371
0.821779896752
0.558977777806
0.583859785003
0.593843162905
0.395727007397
0.639441555057
0.415724463825
0.60613515599
0.574732873066
0.478848810289
0.561903738272
0.682427618831
0.500473318049
0.560375389478
0.666709812397
0.496224824341
0.587081068488
0.6562866188
0.549567556561
0.46916510191
0.54429748244
0.510989776803
0.477323480124
0.707408562145
0.647296532245
0.545025452525
0.509591038021
0.554011572601
0.500527140628
0.479965984951
0.376112891544
0.614012555086
0.519008801437
0.650134763227
0.624827306121
0.543283810605
0.632788527655
0.672727829175
0.9031043043
0.764973932378
0.615806510979
0.616235276862
0.463320233602
0.824806329593
0.589892714774
0.548710844714
0.827915895406
0.516729616648
0.482038072225
0.459921479099
0.734709661791
0.568680663024
0.863597910909
0.606721853265
0.644008101626
0.654003011631
0.654149334562
0.665661272629
0.721715300034
0.639903314985
0.394847470586
0.552641046855
0.62605173489
0.673561055878
0.512481254071
0.66622952635
0.605562961908
0.495163346909
0.532523590101
0.592334367371
0.691267902857
0.45590368614
0.695533135167
0.429077938147
0.488618514973
0.704209251657
0.521785211473
0.452711444782
0.437964671893
0.560144663995
0.490793489188
0.525448824121
0.545164608275
0.659655328842
0.423702293421
0.511984250365
0.536305113717
0.539172168947
0.396812769571
0.776668507374
0.643289669346
0.673211729776
0.536758640697
0.658067812323
0.307833738358
0.420117792278
0.443251446118
0.645788673119
0.539997929823
0.341572064516
0.629893875177
0.402939664223
0.678103790911
0.639019571132
0.748977621589
0.70736006506
0.439429060595
0.641843902664
0.58206277459
0.593634298902
0.548732264865
0.435662012969
0.557419902433
0.622045797399
0.486634918329
0.486485791511
0.637012419713
0.571504358178
0.582482796171
0.555741912594
0.571880689592
0.518097360499
0.659453685981
0.64454134411
0.487675285799
0.408783917171
0.711402100413
0.617835586147
0.509953132446
0.596815782033
0.544232808488
0.6297186858
0.458929591057
0.627636433442
0.579914964104
0.47021708799
0.786176502303
0.505521789906
0.792655553621
0.54583111373
0.667408232072
0.757369355616
0.518075964565
0.422884486494
0.614341013579
0.632005536898
0.604712642157
0.642324929962
0.497495975996
0.624041407245
0.616295738647
0.704977101751
0.679618438371
0.627552578553
0.540945567029
0.461612874884
0.496194148877
0.604549024569
0.665652417161
0.339326955467
0.37162460853
0.692797820073
0.552600703388
0.413097928376
0.730220329669
0.549900014917
0.725038159331
0.521861307138
0.571719655346
0.591040776034
0.568465644114
0.498457550554
0.752398555572
0.552413058782
0.509390877062
0.492421146743
0.500740041213
0.464219401475
0.703574066377
0.634829283183
0.388257914795
0.744962739524
0.718388333796
0.645966805106
0.434275692072
0.584646376833
0.703974434985
0.435068856201
0.525447832589
0.578767193299
0.455714285836
0.589158742857
0.638164018619
0.585467667222
0.65450829245
0.549939771511
0.545771073075
0.572503499978
0.504606269825
0.713186634762
0.527528000655
0.475130379455
0.507604629418
0.564989999005
0.704020336477
0.592361476038
0.636177537232
0.499787004469
0.59075291812
0.387665681955
0.731002695456
0.668066596314
0.483522243171
0.624829078292
0.608977134528
0.554443802337
0.642311711723
0.582337133817
0.592330927819
0.474072449417
0.546137361825
0.485551340802
0.688742193049
0.537375719759
0.498495517313
0.512056148596
0.452909072669
0.544269016749
0.644816744178
0.565228688414
0.616751908978
0.655014900333
0.572898394767
0.437537818764
0.454640871967
0.51332164377
0.516716369315
0.593430612969
0.729449047776
0.64133116192
0.625411902612
0.663751433824
0.670066613282
0.588716781171
0.786099985958
0.567393459004
0.530091182564
0.444800894
0.504941190644
0.671019385819
0.625330966716
0.547126252891
0.48981841766
0.710729375489
0.450470984494
0.711289499714
0.567180191043
0.496074421639
0.610621997781
0.572567960635
0.643197678648
0.70645704486
0.627846166177
0.652535748609
0.630102020849
0.705025936357
0.55033139743
0.577074630051
0.553995472895
0.476803207426
0.691256345612
0.74635107591
0.457587868197
0.441113097605
0.462167721948
0.830185629616
0.497876124436
0.668202723235
0.659412438147
0.562532238313
0.515484637587
0.593097465918
0.57354052153
0.580958680612
0.618521335417
0.454821088556
0.710782192865
0.622677960218
0.450419119702
0.534634449909
0.5763285999
0.767749233437
0.665713988411
0.515793050945
0.464358153215
0.356701087752
0.520800265501
0.688933217192
0.613180964262
0.422081072547
0.577182137203
0.512010901155
0.620770901096
0.530642114267
0.613450486429
0.53134767816
0.478171832387
0.452525175256
0.578662595588
0.584243179891
0.551474097517
0.61958879185
0.825055383317
0.662134123975
0.630916627352
0.545690306551
0.704061822065
0.486985998546
0.487189510515
0.531593457829
0.485310249851
0.544143841866
0.393875620472
0.480076289944
0.654850575043
0.295323215477
0.711902559442
0.760425571353
0.510589603447
0.668644459412
0.389590756059
0.589527035053
0.660476573691
0.557270074499
0.464892477586
0.661734069727
0.502515375742
0.775427419286
0.530551077089
0.593327712544
0.343516094085
0.617823877245
0.69293719716
0.712322201734
0.488322648544
0.573179650692
0.657756540038
0.566162367708
0.489967642702
0.491587165861
0.462109350712
0.398666086568
0.761921604962
0.588876123934
0.395757196321
0.681596840402
0.521680995447
0.693484753414
0.712319194357
0.54233720052
0.625072349923
0.448346601754
0.653643226468
0.5429804714
0.448455580381
0.457180411037
0.512333650377
0.524575936219
0.433580757092
0.500147522736
0.598942922427
0.600766448285
0.620993440518
0.655872079446
0.60092098782
0.302202805159
0.63948187126
0.420572942123
0.746860313201
0.33317460571
0.657456828316
0.444224333488
1.0436236775
0.464396116874
0.749271512764
0.671791390354
0.571712066491
0.561385474774
0.613984410394
0.598970547771
0.643811827038
0.507599930088
0.631481556399
0.547360950895
0.550402411362
0.528819140259
0.721170356735
0.542660859027
0.599314502307
0.554338953484
0.58562572676
0.514512811797
0.516753518035
0.497100000678
0.524227180061
0.690495556519
0.552329559732
0.641331120181
0.758166604228
0.524303868831
0.505300989299
0.560368123708
0.540393561952
0.525729073982
0.424949953072
0.458389395107
0.575174932716
0.381135361468
0.605272234679
0.484194119242
0.480318213387
0.668092895442
0.503513943583
0.453571206851
0.582478279423
0.63421667739
0.449585411034
0.529300525114
0.467764955546
0.656215777576
0.486025489128
0.671259120268
0.6986914396
0.47564083397
0.694706964282
0.557245870968
0.548632154298
0.511060524266
0.649730186165
0.449134368856
0.575040385065
0.67702301868
0.558292587755
0.579447003566
0.57298270071
0.468263285729
0.524657894848
0.463979798374
0.615218378736
0.442166228101
0.497311604451
0.735815680213
0.474277870127
0.452068411188
0.442097201422
0.638806701911
0.517299894737
0.749341323028
0.609808396975
0.525483272136
0.711732165819
0.693925818033
0.732588219373
0.406952671149
0.455772380936
0.61176759349
0.673146819748
0.616057554187
0.980029595499
0.607704780327
0.787533353953
0.468368902174
0.595544593066
0.698927505097
0.42764637178
0.424037504202
0.600862674561
0.562586305914
0.442311323776
0.592415505873
0.538190887026
0.436719976623
0.375677516634
0.672658672297
0.574420094415
0.569751892293
0.659431361434
0.517066159933
0.496719625673
0.535035149192
0.556100374537
0.549064573776
0.381305273238
0.528222504038
0.722903955051
0.592671125522
0.374245880457
0.442576841009
0.556473051678
0.536338956834
0.675208404885
0.529255077999
0.429658393707
0.548583876959
0.682795183657
0.425251730516
0.578520263983
0.543631957677
0.60441709493
0.43993360658
0.499828645134
0.698836756836
0.523065015014
0.645409923286
0.520739379679
0.458809053831
0.33009064081
0.438274628717
0.554924457897
0.522554112196
0.518885270836
0.511937656728
0.501743943287
0.479570373473
0.644631684561
0.506795759496
0.554805704564
0.510096209096
0.593865926807
0.610013602949
0.618865402847
0.528499115946
0.451096557237
0.402233220818
0.559283144611
0.466343764957
0.728612674134
0.329959630316
0.458593778324
0.684967742263
0.802568467203
0.436537323575
0.651726253846
0.53753869359
0.521174323495
0.736395349396
0.533904441939
0.471545625739
0.521581968856
0.697087569759
0.664290145745
0.632524570222
0.671911907572
0.549172893069
0.489060209153
0.581636251721
0.674524801348
0.615617800904
0.553085778
0.578223446291
0.530351591629
0.600024219356
0.764316403267
0.643627303396
0.608859136395
0.695540899917
0.695890850282
0.586361624492
0.651744802196
0.471567481109
0.50612006821
0.630208456139
0.610119681555
0.631723370669
0.570539040043
0.439517262874
0.531910941802
0.652262688048
0.644590641634
0.765592467008
0.458765926576
0.348056054105
0.493156294841
0.419882950421
0.41892441038
0.570027111614
0.531610946246
0.653241483163
0.584366681455
0.680398204052
0.806498925093
0.627411063328
0.612032752452
0.553488273394
0.381575046026
0.457365670449
0.624206224522
0.521599272721
0.597425191004
0.639015097656
0.60557766625
0.592938401747
0.491879761391
0.700784774684
0.516343319767
0.619869681253
0.714199786609
0.748671891459
0.465788537981
0.392759237264
0.44295288252
0.535989539059
0.515713235869
0.820246724002
0.556358250453
0.542364501459
0.529976575773
0.657965285755
0.402060920349
0.57211747637
0.488320621908
0.383776757107
0.457707618002
0.686679887587
0.429422392342
0.549971133519
0.450803840104
0.447969934257
0.437785142905
0.548894492612
0.24232908748
0.546444505231
0.761062333661
0.484325180447
0.68976680169
0.53044178972
0.461493369977
0.576783564351
0.494799151618
0.549026806735
0.711476800466
0.439471559221
0.526210118653
0.337193553066
0.786973805416
0.400830268943
0.473153321735
0.555426063365
0.609785939088
0.495240454902
0.808246874407
0.524528257055
0.530618487907
0.708684529597
0.569651392679
0.751176761153
0.537763066755
0.490569772665
0.453752007437
0.506491914743
0.562060586702
0.484785649124
0.580961823429
0.638254630937
0.433341016397
0.694869747801
0.695490084114
0.490242153665
0.381985789793
0.481992026338
0.611148894804
0.593430621401
0.715076284848
0.5673871639
0.424685338756
0.566249347594
0.605274614132
0.456746196944
0.526332099983
0.794279342511
0.579159307588
0.681087554601
0.578492274617
0.547843829706
0.579468800613
0.690354755119
0.488109960192
0.4757804697
0.636913118101
0.629438185917
0.551528342903
0.729044806313
0.383995600517
0.409828006109
0.58186438694
0.61874554832
0.478206898131
0.715278955994
0.562832687003
0.653706738475
0.59036379926
0.601067270689
0.575038451391
0.729006739036
0.577676366671
0.413088649754
0.44483898501
0.384024993092
0.526196035978
0.375621681683
0.4390920146
0.462343002428
0.618235153002
0.487077501866
0.672178425896
0.44907260069
0.466293543504
0.457040112646
0.691954154085
0.520491671716
0.596953143128
0.585013638271
0.510047807101
0.787038338358
0.610484520998
0.667302328359
0.363384733822
0.64431634767
0.735765311196
0.518341387238
0.53946912289
0.507401199255
0.732200528719
0.501287035584
0.620612445994
0.718958309489
0.618516957252
0.723554599241
0.546764447015
0.618230633156
0.660267637491
0.591017616059
0.620072768252
0.675853801476
0.596168686669
0.344844386491
0.460544753416
0.626185701499
0.497394661562
0.47790805145
0.570673133767
0.413457471711
0.673425947132
0.503102811405
0.733297207974
0.605138262637
0.748758855344
0.636776427778
0.54900922521
0.489396535567
0.532591090398
0.357966576403
0.605892815268
0.774370885759
0.419555797909
0.630505303522
0.506106947408
0.355931499077
0.59612893483
0.802732862938
0.50671415731
0.364724972115
0.492305057345
0.566324175085
0.530261604007
0.370527413202
0.621671679209
0.50437476138
0.579477533645
0.641273522219
0.436746210996
0.570406351905
0.708502427269
0.434384892471
0.522274549992
0.596934912299
0.619534759
0.451593244594
0.886054130802
0.566750861522
0.794575628292
0.508377735965
0.512654243187
0.439057143337
0.444926787905
0.466561566231
0.566830931896
0.56420109486
0.531374075965
0.610593443004
0.655749733076
0.68643958044
0.502191838388
0.633354942098
0.566041000887
0.560363425535
0.697987845349
0.493651221085
0.542824663068
0.480613622659
0.60660876955
0.596203749503
0.579031515224
0.487512873195
0.50291545072
0.486871099039
0.738094765425
0.367789327942
0.622095892954
0.559830780725
0.555721907596
0.54802304001
0.687417356156
0.721922880687
0.699238478564
0.611144969095
0.618117850066
0.728452120567
0.644858912815
0.718001082737
0.376589241357
0.57069829317
0.605481288855
0.593386789585
0.577537366101
0.520160270944
0.516175640884
0.597599021329
0.561402885988
0.478269036416
0.490940606895
0.421657645591
0.567478321381
0.50137280462
0.603014979987
0.58893736073
0.40520984865
0.478311894157
0.495228163668
0.571651662929
0.398730991931
0.449801308754
0.507939817103
0.451159243475
0.388499340246
0.655164663192
0.682194027757
0.506612282068
0.630945701272
0.488977434225
0.598738360264
0.453450720552
0.389956316018
0.453650061794
0.529419096875
0.587827057954
0.622138223065
0.614456269105
0.553975886386
0.535770682421
0.594496448253
0.489699125742
0.468084497616
0.667390283585
0.596393931988
0.597776914244
0.541469916443
0.573213155496
0.669582514366
0.551672721656
0.650012176732
0.701894921337
0.413128075203
0.694746736081
0.7015948781
0.392475593555
0.402559621699
0.459531895191
0.347242785924
0.598178593318
0.503863931739
0.829683554571
0.512131262043
0.53497269139
0.690268438974
0.772514809038
0.707060911003
0.561086990081
0.492340013864
0.672582624006
0.544050797441
0.627078784492
0.584493037057
0.537239808374
0.602579997076
0.754807584323
0.642790297987
0.564824368421
0.459540030892
0.498359636562
0.551963995155
0.511340575429
0.563876326546
0.567014741595
0.678022363861
0.65253578024
0.627031540509
0.640538844864
0.656213199728
0.361742995295
0.44249477447
0.411557217532
0.389662934653
0.563557668271
0.610682282194
0.703023022221
0.491246008779
0.700125034048
0.675476732499
0.677323812492
0.620082434553
0.534470090043
0.381121421751
0.716055977998
0.55090048822
0.382874985538
0.450067345121
0.603083434262
0.579612648896
0.817974107596
0.602944387119
0.595537263387
0.650586572346
0.641819888078
0.598595889527
0.610617283671
0.658039298188
0.57519900545
0.62626782681
0.55201040706
0.758742957974
0.516025459061
0.775019791139
0.633829116697
0.584533682156
0.473625029734
0.541017734684
0.682586706555
0.65463143894
0.553979302957
0.443105516648
0.529199342606
0.643842657392
0.639130332044
0.673738683296
0.678800436193
0.798318446064
0.497833112126
0.601727692827
0.673073607342
0.62637801414
0.490920421672
0.449186398961
0.602064831505
0.683645811246
0.656849526696
0.622842920718
0.508842987581
0.709570793567
0.640829213314
0.449111618943
0.649942770562
0.495049476318
0.793125330692
0.554118054854
0.663046205905
0.628452495578
0.68371417642
0.471986230641
0.631063639678
0.43855801673
0.74403117377
0.571683269023
0.533486383365
0.528574588984
0.734296629252
0.526131581816
0.563972365391
0.732899836941
0.598777936574
0.721923650115
0.750819104929
0.480836398652
0.650904964609
0.633933484948
0.519880891884
0.558909217971
0.52080077775
0.531853269744
0.593098591075
0.462591144195
0.531404463957
0.6446514882
0.495111536079
0.668912380011
0.460294928206
0.694533332609
0.695659450544
0.65952750944
0.706264841666
0.511346573392
0.384984353934
0.579214907178
0.380329991839
0.671158422017
0.778540580709
0.433607995798
0.689801586482
0.569492962751
0.755226824441
0.358149368581
0.505887058339
0.656949455097
0.430071849379
0.576341779832
0.526448155342
0.707843796868
0.470871136557
0.539976718638
0.529208906855
0.528283326281
0.460758209457
0.632490761432
0.574258662579
0.641514517575
0.593739262019
0.337453321284
0.635181461222
0.427999546859
0.610520640179
0.641127158935
0.617553599418
0.624015685062
0.580096253185
0.581302529676
0.536320356653
0.42795809419
0.607541573298
0.625201512424
0.485784895512
0.559591973187
0.467234657872
0.468251188178
0.56225942026
0.419652741542
0.529481576091
0.792904284451
0.623556634569
0.711040168108
0.707869663175
0.621019274229
0.550601401521
0.789823715029
0.531761924291
0.528348932097
0.553395467878
0.683830812645
0.439318709292
0.435002704588
0.714548010831
0.736331684142
0.58254837304
0.814829378469
0.474422788244
0.54690536644
0.731398232507
0.614258194878
0.598001044617
0.619244852926
0.665411851988
0.493184471004
0.674285089402
0.697171698665
0.609302387088
0.593733816026
0.524885270177
0.526403936719
0.385609755948
0.738885344256
0.521585151787
0.562970445342
0.580496937455
0.609154107574
0.754452737063
0.791533600874
0.484667215731
0.61101920612
0.621834792931
0.438290052741
0.527460852421
0.432537920327
0.582336426749
0.528944435708
0.744364541815
0.606072569607
0.373181094341
0.560205163425
0.498052718678
0.661278845122
0.442787031535
0.705382758546
