0.379647134905
0.32052273207
0.288304210731
0.235952202738
0.315168649649
0.333801515197
0.385640375935
0.265472002426
0.280198353903
0.380522520881
0.394538176658
0.234872193202
0.185281956501
0.363935562821
0.410143140639
0.314919758253
0.271272359955
0.314669422044
0.407200400878
0.285213875191
0.293788109108
0.328054893783
0.224627590603
0.318172621399
0.235137050382
0.3641231636
0.243643607981
0.306320869565
0.45225095486
0.315552569832
0.303299451343
0.300724204652
0.359612702653
0.277615330781
0.292209685479
0.338425606761
0.303140080352
0.36867780578
0.274311795626
0.327264079151
0.217746776083
0.22551069379
0.179054333687
0.31941293935
0.340074552216
0.27736510828
0.206323498047
0.257198108501
0.348495472812
0.379724515314
0.40457372812
0.366495948388
0.266610749402
0.415899932583
0.391442618281
0.361807021336
0.315680441128
0.262494135608
0.286125725988
0.378245052721
0.349905090237
0.32060140019
0.239368837961
0.274570564407
0.331441347721
0.290686875087
0.256621017511
0.389618812711
0.310091602639
0.340754764117
0.265239231196
0.334556008062
0.261118889668
0.303053230436
0.222760091854
0.261669924919
0.262028661945
0.375470912304
0.258763555261
0.370542772927
0.324035629074
0.247316208244
0.270738205804
0.355982471858
0.359693785416
0.267900648092
0.379487299452
0.295222833859
0.355221809015
0.299135002404
0.305226778507
0.283051704449
0.270425368498
0.332664515429
0.453898690971
0.262059489721
0.329529127235
0.344986832406
0.354317848168
0.234694692311
0.311446435023
0.2216564841
0.321016003287
0.386801176343
0.196561275037
0.291167844686
0.332892951808
0.300345368832
0.266529821325
0.25543098675
0.244707469291
0.299070258241
0.24515064771
0.251637865826
0.333148649184
0.36645499058
0.227824131399
0.288095963218
0.307330636837
0.335039638908
0.39469596136
0.362837599151
0.336764533371
0.426341510714
0.391953486495
0.261850479826
0.326914160049
0.367571794767
0.265513585995
0.383320896079
0.375379927996
0.407776507572
0.298719826512
0.224726036505
0.307339566135
0.366519560056
0.316624559014
0.272601824997
0.348796247836
0.368186942746
0.295855387792
0.253177231672
0.390972726931
0.364988728178
0.273872043666
0.220284621623
0.395699596537
0.31863524508
0.408582148779
0.30432548295
0.237558653892
0.233702852336
0.195044031837
0.221431101945
0.30967583545
0.289727196732
0.398048683158
0.312789617835
0.31540106138
0.332193293067
0.324558306308
0.250869361326
0.346545086721
0.303071945054
0.45518926663
0.272642361115
0.244184771227
0.319336007232
0.26361800179
0.397109040003
0.318941848872
0.354666342004
0.205544577675
0.291395652146
0.311666594105
0.290932142447
0.284248613049
0.322724873972
0.294051301029
0.287642677356
0.277907576204
0.466043024795
0.329007599581
0.296221917595
0.274270570555
0.275216349751
0.223217491319
0.353273812734
0.291138410643
0.365339872416
0.24003535474
0.379681880688
0.29725892511
0.348568703111
0.284194938102
0.269530015268
0.418782704278
0.294009176237
0.259419208598
0.372235590601
0.377241486588
0.297731340159
0.328606208861
0.336442946972
0.397215236172
0.285906329157
0.235491559248
0.329059820089
0.287031593191
0.286995632952
0.317856863725
0.300464188961
0.296882924315
0.24970040631
0.315151932375
0.371051912491
0.360245789607
0.239194306636
0.237565366817
0.28352947077
0.267417297058
0.234036490964
0.242918872552
0.296775011838
0.264539458889
0.335138549004
0.251997358618
0.290657171691
0.338318108644
0.278168670126
0.301963065495
0.383928840007
0.286336442388
0.309416484044
0.270794636627
0.450262436834
0.320334273018
0.249459951814
0.306902621108
0.258349423083
0.391865517248
0.29551377358
0.313182449646
0.315331281685
0.319238254702
0.342485032588
0.287021823249
0.282927099306
0.339024872375
0.206585527829
0.3487890846
0.308254818645
0.344685065745
0.329370418624
0.30686619415
0.333322849228
0.336549273765
0.285204306539
0.331822332791
0.362020114097
0.411750487688
0.334546191142
0.252916959356
0.391774483311
0.287182172125
0.32862393731
0.350063495567
0.368197645654
0.364498200767
0.221682214092
0.263665888805
0.300223684698
0.34613615335
0.423256603595
0.316651137805
0.353606572691
0.373905496699
0.30930277683
0.243359592909
0.321594078205
0.304769966902
0.35909253909
0.338473899343
0.278826725641
0.364631512886
0.358562942887
0.271754908155
0.284994203232
0.292212675643
0.271206778092
0.276037344752
0.19417484289
0.310480281985
0.238672448533
0.355896482316
0.35491377006
0.329642304368
0.278457972655
0.393809422325
0.298205711896
0.340380273984
0.405404384302
0.300379978315
0.266842342829
0.370846958845
0.347753651027
0.250957097739
0.290506795139
0.33891325667
0.251997516668
0.317014006086
0.314857777244
0.24472144618
0.211291012909
0.427376099624
0.302535316552
0.370828101252
0.337238502137
0.340310715056
0.320181833523
0.382129500312
0.359919561544
0.248169796963
0.286219818718
0.360716107776
0.337595032578
0.272417339958
0.175667859589
0.351359881569
0.271218115849
0.354804211314
0.289931424645
0.322288419601
0.303858724166
0.274970167073
0.241693736764
0.299972690541
0.355432156161
0.313838328697
0.32386284416
0.277386134072
0.234107649089
0.449548869752
0.317643910958
0.343853660472
0.332278271085
0.363587642667
0.257606178075
0.420932663581
0.376157060553
0.365534646865
0.323432340812
0.272729651269
0.340773740319
0.277338053019
0.308617535724
0.284754942991
0.209105080494
0.307197715762
0.338664334134
0.409764221357
0.364150181819
0.330218523333
0.366864951747
0.23255153635
0.196951201676
0.287647927067
0.300319740972
0.270367554691
0.244919201442
0.278577769364
0.250003364749
0.253124272651
0.257008044324
0.285678366653
0.254212052642
0.268411220981
0.43856762115
0.300250467833
0.338249382618
0.220405996857
0.329066907037
0.359084876351
0.227664779587
0.352535216402
0.291074433783
0.303317263398
0.268871445286
0.255143318172
0.283689619229
0.36365717371
0.351673932923
0.319945085753
0.291175716798
0.225760472256
0.313534432603
0.360640495693
0.295840200594
0.350233745187
0.379685717123
0.314763164561
0.320502238663
0.415189001497
0.32669819238
0.315098851663
0.314566720208
0.241138397439
0.263763812916
0.324481010254
0.330360527976
0.377961963713
0.335826310066
0.201811219778
0.276926324728
0.325696256176
0.313322323498
0.341427431992
0.287786090461
0.22502492355
0.318637206178
0.284899905185
0.387111877282
0.287801982777
0.384631375587
0.309725840177
0.395691528019
0.306794722146
0.390594543073
0.344204915707
0.379849015599
0.301459816664
0.272778618126
0.307217252797
0.28410698444
0.364358217974
0.322435420056
0.282153865361
0.260198524584
0.218027804463
0.267278983791
0.42715586529
0.334186478471
0.282280341979
0.435162352515
0.375563195988
0.341886464741
0.350686645305
0.348761661319
0.242235820412
0.296226904956
0.372158564439
0.243024759766
0.333876046882
0.236126127822
0.263207689035
0.26651874641
0.35710069349
0.424611730524
0.38539433303
0.395859924055
0.3371255307
0.319161199004
0.327186602055
0.368342501056
0.259684984268
0.212978923988
0.34562769306
0.343403616662
0.24523415658
0.372189800341
0.275903739321
0.31136028118
0.30461863555
0.340805041028
0.287787303864
0.250405357265
0.321994855167
0.331675456473
0.316169942095
0.30990167494
0.220805893478
0.312968418163
0.266142727058
0.301326616996
0.301839427469
0.306363957909
0.263767195657
0.187087497508
0.376724862123
0.341531694752
0.362719808792
0.300999043356
0.281440335786
0.202631873795
0.230722495473
0.439657770768
0.388088327735
0.325672320031
0.353227950182
0.229665304913
0.351724742818
0.35661168244
0.349358520161
0.22076008939
0.295266733019
0.264938070924
0.240675977266
0.290070210146
0.265481286612
0.284365953392
0.293162403761
0.276434833366
0.247634060907
0.38552041194
0.371913511181
0.190476449959
0.300331309954
0.335860623215
0.263677647772
0.285912451533
0.277111345354
0.276184537667
0.246754321486
0.338700089323
0.294409500008
0.322849334182
0.35718716797
0.288903549675
0.315554934587
0.291710509515
0.239342245986
0.231200722645
0.351092899245
0.24062652707
0.405361115045
0.34740521406
0.359289924865
0.258153605887
0.316366230764
0.341161704457
0.402356628348
0.285905430982
0.263093797313
0.260731702798
0.290382679878
0.366334189014
0.421535426463
0.242527461485
0.412001630439
0.257217511573
0.26641785289
0.351916912202
0.256643936476
0.407246977194
0.253642932919
0.289359744972
0.229552675489
0.318110875007
0.289530351821
0.41736555218
0.400724368757
0.390481883908
0.270759022394
0.313222724492
0.242297433192
0.236825379953
0.367790149029
0.377953636221
0.409004819849
0.334990514111
0.25618701427
0.246100933529
0.172200998026
0.353214485225
0.3262220804
0.293250540548
0.384976178279
0.3668918862
0.31654033444
0.294936428165
0.199348919654
0.401696420284
0.279428689984
0.306315173908
0.287478108714
0.350495395487
0.334125890354
0.259465088887
0.32788205554
0.296372305042
0.29114438561
0.264732817397
0.306508085884
0.377376561792
0.354415904419
0.35629283385
0.412457854788
0.376073296512
0.307467682401
0.401980878126
0.230804596814
0.374969167204
0.219608448516
0.221414110257
0.359379070223
0.340049563754
0.41987436729
0.26742380131
0.33263763963
0.363861148432
0.24688114657
0.210423604235
0.378678688884
0.35991554008
0.284258636298
0.291993968969
0.366947849526
0.321742355063
0.337684417116
0.280727959581
0.329930465498
0.309950508739
0.311172321532
0.329270107074
0.336375624405
0.357195440732
0.355971482681
0.255231123422
0.402074311992
0.409347929898
0.192873244579
0.259856378736
0.323596766868
0.343561963818
0.385913462326
0.313741664931
0.283346199048
0.341935733711
0.237789526765
0.184616907843
0.243075539961
0.38287481381
0.390368028271
0.395556374769
0.35558891201
0.392515597193
0.377577783969
0.345453344427
0.42429443486
0.373114982124
0.364796607263
0.335657268198
0.310941403481
0.326736203619
0.346433989462
0.192241007749
0.322277782808
0.374715940763
0.25551138993
0.284188707589
0.25512973283
0.307102720373
0.277131472098
0.342733005059
0.319962514932
0.34247487088
0.328942160619
0.41693232298
0.284195965061
0.258077177744
0.27448341023
0.305047960462
0.284158049815
0.307844483302
0.339413725494
0.370857832319
0.299625044251
0.311357520148
0.331202894996
0.261674905417
0.273201261581
0.293190702963
0.287767432801
0.295280227165
0.292606012665
0.317365247519
0.273778099106
0.276770949809
0.392952480965
0.275175043802
0.270834499178
0.316141232056
0.179624931954
0.280467996651
0.18655330708
0.413659816241
0.266353835476
0.358134348357
0.436462674609
0.334350790523
0.270145062449
0.317473363008
0.322427461003
0.238359088381
0.308409536663
0.363959490547
0.322570910112
0.271609002549
0.371828448284
0.274785943048
0.352283753175
0.324166095943
0.264698662139
0.293410423705
0.27422261536
0.289174583821
0.323781125848
0.300364827627
0.354947506598
0.245350929324
0.254251419862
0.399076855757
0.227221277687
0.438295062586
0.370558243235
0.288935045512
0.306060532666
0.183014069993
0.230906452886
0.361937906173
0.311263532842
0.295645668626
0.321308900237
0.24961816545
0.375854710601
0.258556277141
0.248815210606
0.408239032552
0.244103324605
0.319906407603
0.317267532861
0.280161343567
0.241976098157
0.248453034961
0.294040308338
0.337186732227
0.288638623126
0.191367261279
0.223407963088
0.265091000129
0.292800870623
0.219383248532
0.433607575151
0.30032344723
0.184979696572
0.363957796667
0.197806112574
0.275806562129
0.31634461274
0.366584262646
0.277021509066
0.409115350195
0.232309135334
0.337917102314
0.226641245317
0.190425331795
0.251498433178
0.204029279596
0.312293856507
0.335053146006
0.307353297712
0.374943585917
0.295051489858
0.338172712706
0.432154313248
0.272456936451
0.374135368739
0.20105480132
0.293186369801
0.279734180665
0.273637351711
0.315481757305
0.231371169461
0.310179238469
0.290153959714
0.334661541031
0.406097200774
0.29650717871
0.322882529714
0.28093076615
0.301427875395
0.268029691766
0.242012586645
0.327892065603
0.341746628415
0.361088973961
0.336330415453
0.267148683502
0.40758557054
0.222380775734
0.34506778504
0.356113000994
0.432997861733
0.357643837667
0.262074604098
0.447609103391
0.296450728632
0.273567293357
0.202353046706
0.211206235135
0.466110991473
0.311719789834
0.435616513221
0.36565522213
0.398214573986
0.353264351318
0.228722435714
0.282422189409
0.22053970038
0.369584431431
0.24042942571
0.34105537567
0.251477472466
0.350835442288
0.253734574257
0.209511371675
0.360572334938
0.235621127084
0.296280240938
0.238527853159
0.32918051903
0.25027114564
0.235691112677
0.326920275536
0.351304373661
0.392684617116
0.25885427492
0.257876354729
0.240318959232
0.18742073542
0.354322923993
0.209555341705
0.288096718868
0.25076288711
0.294717740222
0.25789845726
0.326723332144
0.30101386607
0.324554091198
0.268495238091
0.329060081124
0.303794349663
0.339352944536
0.352167267381
0.297177007326
0.432483526325
0.245733371791
0.365558412205
0.319840411763
0.429101619068
0.276874026665
0.369484089097
0.156999577312
0.248505497031
0.287010137532
0.271079810926
0.321160390855
0.336542566625
0.344614801457
0.376076412908
0.418707523228
0.398627944878
0.253006144028
0.281233587324
0.307070206497
0.297551582231
0.396530922894
0.415712415664
0.237151013547
0.233852119274
0.356964729443
0.333532863077
0.33860751292
0.381193731968
0.36160082286
0.356760124538
0.38957716232
0.384780439726
0.294128859236
0.27546962349
0.241626408496
0.367346350789
0.328964925232
0.347763813058
0.422104088217
0.277898115617
0.263108464851
0.31490802243
0.267246232129
0.286418130925
0.342714266759
0.240225143554
0.306172219829
0.265552134944
0.294044023699
0.231943279798
0.331354676934
0.321664175385
0.294660351701
0.402838875699
0.262147429517
0.227429203426
0.37963795461
0.282664798898
0.247574821957
0.237277028895
0.295171762355
0.318330667233
0.304304160713
0.346511678502
0.362067601933
0.210283329901
0.348005509764
0.306815225887
0.292967854818
0.306498226285
0.309649159311
0.315937490448
0.296726374614
0.223691240907
0.242311830817
0.367948977325
0.273427968925
0.317846250571
0.289056966613
0.339773643684
0.290695761656
0.32147814099
0.362240985573
0.335348738791
0.291169672852
0.237404945716
0.315847827204
0.276847259232
0.275531906268
0.436445993833
0.288776595885
0.371967856697
0.292147436617
0.284361927078
0.465183357844
0.300288872185
0.227744620476
0.271084470675
0.259089042889
0.219388463171
0.216303713081
0.354615667663
0.263010993684
0.363148305679
0.207905190928
0.275287533288
0.246566818922
0.268086289561
0.316343318069
0.305753576475
0.275324049394
0.341616401733
0.212227662061
0.308668892373
0.250610074954
0.440110091591
0.292561657913
0.266686169135
0.226340576746
0.241122858123
0.327025102693
0.30520432888
0.237262087102
0.259305028496
0.488978582643
0.284778124622
0.363724423022
0.320569588896
0.262807600515
0.220967649478
0.264547367678
0.283091937029
0.307900425562
0.268659942941
0.283416882208
0.29269100719
0.263030458758
0.230119337989
0.375517985289
0.244837212133
0.306810967129
0.266903715011
0.284870777164
0.364720408484
0.342201539069
0.19752537073
0.295816312037
0.369460878801
0.310400955154
0.297087647249
0.343236478883
0.257180237356
0.318301446445
0.291890795671
0.254660757471
0.346313377251
0.280553488674
0.15970991971
0.268899073429
0.222876473208
0.28402570204
0.335773449198
0.318117104775
0.262536155845
0.341226724631
0.316598653489
0.326740635745
0.332214381975
0.2733239077
0.306530982598
0.291030504218
0.366696424588
0.336673996124
0.260657501885
0.274774984792
0.267171578246
0.335319067643
0.268953263782
0.297798648785
0.258321991364
0.318239243465
0.353125577296
0.312306928989
0.279246301739
0.343377785727
0.400042688674
0.307587377601
0.272671097883
0.319699480336
0.413573964844
0.23676445534
0.321782477066
0.340955620842
0.409413891766
0.359667660133
0.291050595196
0.308866267198
0.208602291483
0.287059246528
0.335704796576
0.352090165883
0.32976331826
0.289122047141
0.257640302868
0.302330740049
0.281532292055
0.226777223094
0.283926060228
0.375155893948
0.351631108901
0.36738375096
0.311188300707
0.318696408039
0.288690793981
0.280570107643
0.356196618704
0.306671539535
0.34235743087
0.365190825707
0.3136823885
0.286966591162
0.256008109056
0.350778479624
0.274393348339
0.36182389885
0.245097149713
0.273759666183
0.293936982358
0.209574854353
0.361120642428
0.365798333624
0.316698950649
0.31978560135
0.424346136375
0.284951870625
0.386821323386
0.467860780747
0.244284234535
0.232658700046
0.370162190483
0.305089320723
0.24219611251
0.27895167025
0.209281068553
0.321018012374
0.313577335367
0.255448469471
0.318865046828
0.332520002283
0.291922313575
0.216304870977
0.28487564238
0.302077855799
0.271176004927
0.378855063357
0.38807619276
0.410130404071
0.245526815906
0.27453288024
0.409455779797
0.263903911976
0.221462870893
0.227014594512
0.247469473901
0.335169617018
0.357949251515
0.277806988116
0.324358409347
0.360082493391
0.362849906333
0.35387035202
0.361479464942
0.357137489644
0.281659064998
0.370619365445
0.366674842846
0.21324652064
0.356217027579
0.314659889588
0.336048975683
0.420521535996
0.189287613506
0.264737135891
0.264553468268
0.355681026387
0.297249749574
0.264248323859
0.32379869025
0.32456471525
0.304042077126
0.360238273362
0.385347601273
0.320949226342
0.339594457182
0.19340786205
0.365445743534
0.251245413695
0.40387188898
0.448849950949
0.367803266027
0.288205165893
0.253809467733
0.457750944433
0.25356765175
0.250116185031
0.285920204519
0.383243363815
0.362828946146
0.262189683016
0.353199350548
0.302068858002
0.273442233685
0.307456977383
0.241267646504
0.21232210735
0.233646581913
0.355065005351
0.349318121601
0.357062895799
0.252167020443
0.319582130038
0.329249392389
0.363209631415
0.420135922912
0.272274776858
0.198499749515
0.311554115663
0.317035576693
0.281858532258
0.18249029524
0.343290611887
0.323041665392
0.320061497265
0.27170549994
0.254498041011
0.290152739556
0.308483090819
0.298229173148
0.18358557391
0.32449201326
0.285654261267
0.273271818384
0.352878207312
0.384809406366
0.248234277196
0.258931542678
0.34128090911
0.378693266717
0.291989692417
0.29256062508
0.268924743575
0.281920968715
0.254549425921
0.278194563954
0.368707168173
0.297124011207
0.367863928611
0.295509667714
0.281244964089
0.431214453724
0.444289845319
0.454102695551
0.335785450285
0.280658908008
0.422674604997
0.318262406117
0.32479604748
0.356461559626
0.297275737854
0.343259374172
0.398889511198
0.29669634013
0.325467236417
0.314376043809
0.292259207259
0.286076212752
0.337442688785
0.29991788369
0.337320490157
0.214522972954
0.205073867097
0.271492480901
0.248929819282
0.324833637565
0.263439963059
0.257042436963
0.358382839042
0.289639342982
0.365582335355
0.339413286624
0.365219690987
0.224233300154
0.417617900021
0.323004431135
0.288539123205
0.23444076785
0.45788009332
0.331632175335
0.228820280039
0.376106686413
0.312067136523
0.373642308341
0.284414285799
0.439386684723
0.261347717308
0.352295731634
0.265474412755
0.371612230141
0.208963115913
0.30803411282
0.432132247352
0.347974982235
0.215993381463
0.260132838478
0.28395994927
0.235336259607
0.35543099244
0.401392789527
0.20443376375
0.431187878938
0.316197674297
0.22636352077
0.306030080926
0.25644392987
0.294183409123
0.380687796099
0.365223375655
0.236598976239
0.422206386249
0.318808311248
0.298184143785
0.34170913617
0.330464347677
0.331141621529
0.321849945719
0.352393111362
0.34379098363
0.296682290666
0.271212675548
0.342414149197
0.301208026755
0.319692235165
0.412006613601
0.320145494447
0.324484165593
0.285400482551
0.231134327518
0.318686576115
0.28872056422
0.38571569764
0.342788169197
0.319217159055
0.311095354283
0.383136268617
0.341682782543
0.375814109055
0.357138508104
0.282419960176
0.315298604519
0.302712383193
0.245575357575
0.299978862684
0.389436699859
0.332480926795
0.333761581009
0.325279247081
0.266028746215
0.463952084451
0.340140831153
0.352832301855
0.341806174628
0.321891587189
0.366593202695
0.371884682177
0.282052167652
0.30094096438
0.36134481542
0.353874416095
0.252703746765
0.25555533332
0.245444198633
0.317147791874
0.363138687044
0.304629374584
0.214996367241
0.278252305587
0.260480414808
0.374270988649
0.315472491735
0.271180691832
0.281548901578
0.198944556908
0.243850681016
0.322679675845
0.324070677868
0.372109842249
0.326767630331
0.276568360323
0.303915873287
0.274435364054
0.251169920326
0.316730341704
0.324107651135
0.250251768916
0.374254889305
0.264972798809
0.312777570143
0.332879421231
0.315392038515
0.236688864837
0.317814486666
0.360633127254
0.31221965597
0.257619180499
0.334031610351
0.308151460963
0.329035801021
0.303721285708
0.241324920896
0.2663036273
0.362585222075
0.267367008474
0.230392046008
0.327225963647
0.249828701517
0.269092782737
0.294327481566
0.306000907561
0.306909194668
0.324186639419
0.33092148564
0.317095670863
0.374510377108
0.385166967588
0.267325676131
0.305505907025
0.327102918675
0.296246623514
0.299832954825
0.271209241112
0.331801175449
0.326981291563
0.374491820125
0.251538204912
0.211050501953
0.177459022162
0.286027990252
0.287602115426
0.202606591807
0.171324933943
0.22210297302
0.389520507812
0.261559609302
0.329507866073
0.295561046754
0.295199352525
0.325639653155
0.212487918648
0.296911280197
0.31983247291
0.418882529058
0.313071868997
0.383420576968
0.290831827726
0.245868454739
0.374549036963
0.271037147675
0.371521006365
0.297262895727
0.341226520998
0.371870574595
0.376221415276
0.34677808876
0.298951308541
0.250221162985
0.236761989985
0.364005256415
0.332665793711
0.249234137342
0.250866247283
0.256540773448
0.289349339496
0.336924712071
0.271758665997
0.353433187914
0.210756070349
0.33647531293
0.357114701298
0.26479116924
0.321739943023
0.411050518239
0.442690193765
0.187750244572
0.222560048767
0.375661412836
0.340736158452
0.41118419887
0.291656536822
0.25935897205
0.274282256547
0.261979612563
0.234078059646
0.31751107595
0.2899549975
0.32508499438
0.365615523097
0.360719263985
0.309830124603
0.239155328766
0.247222587782
0.343673883283
0.317010918023
0.34545129759
0.305917625483
0.304010387438
0.304906565152
0.242596518608
0.392090174912
0.280415397474
0.430600114408
0.215755438561
0.228883239983
0.29643684562
0.220019710807
0.295776521873
0.317134465431
0.249528396662
0.34791232944
0.238057752322
0.277986164259
0.206810188276
0.247485200266
0.395968843331
0.362659247141
0.27630209947
0.298457138116
0.389367271516
0.308604638995
0.225056664925
0.232361456555
0.304029879702
0.343468473742
0.244357223402
0.327370293155
0.387360697319
0.3421462681
0.32721344533
0.441610472388
0.198664074122
0.339112817075
0.350864152459
0.277949631051
0.252807368243
0.413079660415
0.289018023989
0.194478951198
0.338479172036
0.341126359484
0.34602584684
0.287990862715
0.335700563935
0.199896750054
0.40543162784
0.278504882246
0.305103092268
0.312753401898
0.437672417887
0.349336701387
0.287871632353
0.312549172354
0.368594058554
0.340742212545
0.35657556326
0.274539695139
0.310208115074
0.300898790043
0.294717724805
0.3323509571
0.26864089358
0.335126549402
0.220350469781
0.323961565379
0.30256674079
0.201914700401
0.321903810198
0.373117590821
0.241359877633
0.308489518024
0.479548436034
0.262065861591
0.284387545497
0.286944743416
0.335463477473
0.31913999395
0.222900081938
0.320236425232
0.328343788399
0.252522379996
0.235485900761
0.336544852478
0.237493664204
0.277186876354
0.295852944716
0.270341700525
0.21556180179
0.250091952666
0.351724230652
0.263604907654
0.241182246724
0.30539268571
0.380842369755
0.26093555068
0.351170874023
0.285090554197
0.270994688944
0.296654229952
0.239592815197
0.206292920281
0.276037273434
0.307850603582
0.420634464692
0.341141739959
0.294835869585
0.197760271309
0.390220375133
0.353940057366
0.250127531573
0.315957269999
0.369009247405
0.303550970831
0.315339378776
0.325808923302
0.283056559121
0.371738566841
0.222954016343
0.268920196167
0.266151765742
0.411559265165
0.326837571152
0.298963909549
0.26687311433
0.346446073823
0.414641766804
0.279103428469
0.254723812618
0.375565440005
0.322352851713
0.364780437219
0.316297066162
0.310268922815
0.246992061755
0.355745991591
0.192347344468
0.303732327037
0.255402960465
0.363988349121
0.358852755206
0.235543527529
0.370248695263
0.323463609058
0.335541796671
0.206645150229
0.333179151075
0.321627577159
0.230002159462
0.26784301886
0.328726971145
0.314479955888
0.400292326621
0.260739673135
0.326362027865
0.318882759559
0.383488770083
0.33180793175
0.459772666999
0.262328703844
0.308192170637
0.274063623007
0.272796484628
0.271005861626
0.397778217966
0.339882411508
0.321884697099
0.252446333639
0.292411662653
0.237551554334
0.320551208253
0.401090820035
0.181509514492
0.290738969924
0.339785023367
0.255433018143
0.287828012261
0.179563105213
0.262650330771
0.208300548821
0.402653066614
0.281711786785
0.396822800734
0.304233780585
0.388541305718
0.258805192623
0.314237494876
0.309034672688
0.373729729077
0.375919951141
0.325166297707
0.282044724895
0.296655986479
0.271234698756
0.287854946003
0.349493946314
0.290209553445
0.388434031934
0.403648809108
0.386405748039
0.248514024266
0.273117415623
0.4120535899
0.322710965405
0.461833319078
0.300466292582
0.326712231626
0.304706361502
0.308726484946
0.297262662145
0.399249586334
0.356828635197
0.256963829148
0.277973193807
0.308607834104
0.307354317935
0.216634903009
0.365177907562
0.374708256559
0.342452821864
0.242514104779
0.333415737587
0.368276211521
0.272759436206
0.184215986569
0.322889092773
0.244327657624
0.402346498107
0.331625097239
0.316716470781
0.328282498256
0.266648717718
0.286653230375
0.3027011788
0.309922319137
0.299414153251
0.392908897711
0.28944738231
0.342343074615
0.387752649901
0.285557992164
0.318477415956
0.280878282383
0.282280246577
0.353494394682
0.325506691009
0.295116811161
0.29153234996
0.261567216515
0.309522399254
0.313170930955
0.362647766579
0.372343542518
0.329033257169
0.257197330414
0.258355283642
0.263871492269
0.253145924667
0.22083844721
0.319391379545
0.290889705208
0.397201118174
0.288563391791
0.280636765647
0.316442549171
0.256655836735
0.263422656449
0.334510447299
0.259044145813
0.337566872371
0.265076725747
0.314057431909
0.305999324697
0.28986386843
0.290711415718
0.362444116681
0.306417251581
0.311319040549
0.301461447835
0.308070206375
0.281082841781
0.320810301208
0.307000061959
0.259870646396
0.37457911525
0.262746947561
0.300935118469
0.198830132236
0.293697440782
0.37127714492
0.295359005985
0.241761835283
0.400260976505
0.313129411993
0.401484220285
0.245358287286
0.326653719795
0.259624969526
0.287555315534
0.299564171401
0.352353175147
0.318142514017
0.352710943306
0.334980078055
0.374422240329
0.351997058487
0.321540085265
0.287704041529
0.287575953988
0.263138521034
0.268464017223
0.324292895914
0.301562199917
0.356009701426
0.261200244975
0.375907028854
0.312702751342
0.267667101542
0.440778889582
0.298079553759
0.285688523879
0.440510921885
0.239891090482
0.24384365201
0.389076618517
0.2020579127
0.257506054201
0.360760239646
0.262760907715
0.307386397957
0.268984984671
0.202393434594
0.285445171151
0.259960328235
0.328765860678
0.307291483771
0.338912352808
0.240608641356
0.350695075798
0.258595144974
0.280900863345
0.272586798429
0.369329011713
0.230233457269
0.335203476052
0.30321286738
0.332005765803
0.290756871731
0.228006002196
0.281024051623
0.404338926635
0.200532835084
0.264794637464
0.321070719593
0.365721450212
0.417925989299
0.2974661713
0.218112260021
0.38251657338
0.355996354328
0.342363719956
0.397882696533
0.343508198903
0.340337215029
0.359773300018
0.303965719016
0.348228082412
0.293162562002
0.32771607217
0.244659912329
0.24235054894
0.412402194437
0.197991430864
0.286141115055
0.324743935581
0.296662635288
0.353774357853
0.329018287309
0.246824537733
0.249886812562
0.184007075445
0.260338010198
0.355282961124
0.288752944876
0.335229380779
0.352063339554
0.247282315682
0.210383073958
0.335374581705
0.313283906448
0.370356742446
0.262670660728
0.231813738314
0.272123055202
0.359437027685
0.404217539102
0.321649498064
0.297534597227
0.381596625669
0.244600672145
0.294277459562
0.276773512553
0.305516084019
0.310592889158
0.294404646044
0.27414411806
0.329181983304
0.295714271486
0.335308857355
0.347490638894
0.296520444122
0.293158364116
0.288381004212
0.352303982587
0.41153627128
0.295625819758
0.236670587071
0.365025198852
0.355858203692
0.32664678755
0.297522671095
0.32099567234
0.210638470468
0.404767354197
0.348004336986
0.369577179958
0.368589934795
0.300709131066
0.365308082684
0.207048380623
0.279795487819
0.228618147857
0.262755159818
0.331743217929
0.235214148023
0.171121474378
0.331147913824
0.210322144097
0.334646171894
0.342668029244
0.35625163392
0.380603211785
0.33545458261
0.314895523075
0.350872972541
0.226203412981
0.386707824882
0.293267671558
0.213099365374
0.27054614684
0.373120450475
0.367243544472
0.304087587197
0.309374716831
0.263005519816
0.26566026064
0.41834597825
0.282587889491
0.289094589047
0.269708028179
0.334015050042
0.304764421808
0.262885204257
0.298528561068
0.340120260498
0.273170642924
0.326707077787
0.248622428925
0.320803327765
0.227787355398
0.307509930493
0.383067165867
0.319190967352
0.204266151121
0.314972103145
0.391889768084
0.458630543324
0.271343253777
0.270131761247
0.339338756671
0.281931341256
0.380508178203
0.298902296177
0.292927740859
0.345178120455
0.394283115062
0.254802622759
0.345276069756
0.380982079148
0.381897152788
0.327772149813
0.329705565789
0.326791273376
0.278400681019
0.350751076291
0.271755192025
0.272551380098
0.341245679501
0.367646023031
0.368724418836
0.387917900758
0.332972548425
0.322611310775
0.197326047652
0.278174489736
0.346933110149
0.257669098427
0.30453762735
0.3648546615
0.34589789575
0.386793942872
0.354584238255
0.324233446292
0.345133522029
0.179393260313
0.293370271272
0.294013643055
0.241342862098
0.27130202616
0.220835297187
0.28172076111
0.280132819505
0.256640488932
0.283134611023
0.399249001369
0.36678581849
0.254728489188
0.275946368123
0.308186885501
0.247841436685
0.315120048247
0.231541225017
0.249024711499
0.33748571849
0.321425991157
0.370742510256
0.248175633554
0.312085100709
0.247033789696
0.347972212399
0.274903504852
0.313677899008
0.293248999003
0.334220664407
0.398370398037
0.320760992963
0.320288420851
0.373338464945
0.368002571231
0.43188090293
0.360519829368
0.396824739182
0.295588368405
0.336738258728
0.30755579111
0.388334180118
0.284512810304
0.328831035236
0.327808168554
0.157996230475
0.34444407946
0.253163922506
0.309785428269
0.240029964375
0.370376280524
0.369765171768
0.284228461812
0.270162380483
0.43644131634
0.378828145181
0.292537876539
0.314594796258
0.184612566155
0.335871714755
0.263708451999
0.258967268493
0.302262366248
0.184208021545
0.342182583744
0.353023338611
0.36057735136
0.249662158627
0.281442830164
0.28111109991
0.243964769219
0.309483386979
0.270327148959
0.404042992451
0.397195096208
0.298550986001
0.314766948021
0.335793636514
0.151642428746
0.384670302213
0.261385538072
0.356909698376
0.354869679104
0.397063420253
0.33178815708
0.205115653306
0.252608994505
0.300762383183
0.353918688707
0.317432411642
0.29315921813
0.311137253208
0.331448782086
0.258835385505
0.262729462357
0.379972144343
0.383888124732
0.394143756349
0.307275826078
0.429901494472
0.302571101844
0.216564625247
0.326690318511
0.315324077963
0.33008574949
0.255650556988
0.355382282025
0.313777521786
0.249763358067
0.157850030021
0.239944657547
0.259073580203
0.236158103424
0.290208663524
0.335943095743
0.328584980477
0.312127793713
0.312953038837
0.260023111806
0.198367398707
0.302800312604
0.343188015884
0.345336216308
0.362831732272
0.268289605217
0.310112705936
0.271378396349
0.269697589362
0.30107731132
0.304411348186
0.32920542835
0.298989763405
0.23684585183
0.349367489807
0.282528606432
0.341402674377
0.387318222608
0.369735518455
0.366142539211
0.332882368813
0.318793614544
0.378490645573
0.236174591608
0.203918979507
0.384325904525
0.439199756772
0.338283705172
0.348081260664
0.279496777681
0.241626210176
0.274292207722
0.263414907245
0.264166808072
0.347377837099
0.390772275326
0.303097011729
0.27844749894
0.285344018913
0.283491013823
0.302060144113
0.293050658121
0.334263136842
0.269699157113
0.277809406543
0.332631665312
0.209113978315
0.444002741488
0.333672013355
0.398820690221
0.248539042266
0.349404788127
0.292566612128
0.345150476949
0.241811958779
0.411550067574
0.327356469819
0.360970296626
0.338239832034
0.166453605876
0.318949555986
0.406803326049
0.334535049444
0.274129720954
0.319849531596
0.311925724173
0.350808932274
0.303961113024
0.283463657144
0.301629864979
0.272045512139
0.134420035139
0.374320617894
0.431418393571
0.391373601864
0.385095047838
0.347406047904
0.288657143781
0.391983941792
0.360180439719
0.197245144112
0.280808357503
0.359599390398
0.289008062693
0.235573361043
0.296186094853
0.217199757264
0.332640774751
0.330720541023
0.301100276172
0.268014519218
0.3709437469
0.219575098115
0.257389535006
0.258566530608
0.317964225558
0.31624875524
0.324480157057
0.355506488675
0.310607615164
0.29853327744
0.332996872883
0.396234984608
0.246901443495
0.31712904893
0.3911039948
0.347144626743
0.35623018156
0.278910769215
0.316811683419
0.39490471113
0.378535212762
0.241800574233
0.218074633246
0.274696270945
0.285856030876
0.322102622301
0.326886731363
0.320207942593
0.265279942306
0.189424303568
0.301888518345
0.293021456238
0.366820982187
0.329060027231
0.314237162848
0.204989118978
0.315815153117
0.237800234896
0.339727935525
0.306049196362
0.362234838106
0.241163098666
0.388203656847
0.384411060165
0.343625372533
0.301440846322
0.365067766882
0.341208811951
0.280952958233
0.295486756042
0.279059558925
0.337188562984
0.318274550553
0.319621834473
0.227537537459
0.331395390331
0.242228809678
0.275238986976
0.259105053721
0.296590257143
0.266036648714
0.416242600559
0.367805988055
0.29382791605
0.333814480175
0.193263825215
0.219062602845
0.286190189149
0.394561057544
0.353210972528
0.318418179284
0.25286154584
0.323049979048
0.329579109593
0.280910503366
0.369198285974
0.22871366739
0.219755462089
0.281470321696
0.279032243265
0.273595168479
0.206486320173
0.42323483861
0.315713624044
0.345802503878
0.289536792151
0.225668573735
0.298683789015
0.321979531439
0.382525487755
0.160733321268
0.283232457412
0.3152269303
0.34396825638
0.194713741383
0.22676610177
0.251397664717
0.229936199203
0.342360653548
0.345725093126
0.25445774645
0.354717832373
0.324579618143
0.423685005124
0.354204322056
0.277336633906
0.336233532297
0.316247314208
0.29136027849
0.320411032763
0.395785641975
0.223341913078
0.312966999999
0.317330087933
0.34411191825
0.281461926237
0.265386847574
0.227046542724
0.377001410093
0.374873488412
0.370709684695
0.36856353277
0.385359243489
0.195393827853
0.306152409158
0.236500009914
0.359290463994
0.210090539749
0.316392943792
0.328304917301
0.288333678414
0.295674342335
0.337249404975
0.376898482152
0.204082719287
0.259486861349
0.273973695069
0.379489084269
0.326573184746
0.340145277392
0.336506474481
0.404640226592
0.368704244809
0.387419449987
0.389939653077
0.398482550077
0.193051025861
0.373818899494
0.206211128639
0.265902583818
0.372208458215
0.324068356408
0.406962953013
0.293238536055
0.374778674309
0.343317862885
0.311011783649
0.175946524834
0.398228761368
0.286882149241
0.393985345295
0.387667316648
0.318312215642
0.317739735537
0.27324651607
0.453259793738
0.372994765654
0.233942067163
0.331779106627
0.329744218251
0.295459295755
0.313190549052
0.339071023701
0.401539018351
0.260472750669
0.320672937097
0.271816950723
0.301291974229
0.458359515333
0.294032364882
0.33571069648
0.320658830169
0.389457650053
0.339128405814
0.245771858326
0.292279370031
0.287237474537
0.243428231406
0.213976055521
0.263856733289
0.308173123208
0.252977507518
0.230125123167
0.230767110707
0.254123685374
0.336816548187
0.280050018516
0.345945362347
0.308643420979
0.282200852541
0.302916383833
0.248835893784
0.274485715634
0.318551570535
0.260766838705
0.198110233243
0.382389999435
0.168245514069
0.270920762979
0.250433237847
0.329552025002
0.275892823014
0.354087765692
0.254860877009
0.270044975087
0.313249518234
0.269249787228
0.197118122261
0.183576465082
0.294671312027
0.319518391562
0.393234117247
0.394790718726
0.250573995179
0.304220020877
0.381958555721
0.300275236823
0.383374897079
0.313213587505
0.311161470177
0.233670063452
0.1948024745
0.26584325978
0.409765414809
0.328259091636
0.238947141165
0.324291073967
0.315927201966
0.395470644192
0.217676695852
0.27632106269
0.340763058647
0.455375804771
0.272147927343
0.325951391384
0.369752089383
0.281797523292
0.333266415889
0.148000037819
0.337482120568
0.275643888439
0.299082290132
0.3085331642
0.207138562607
0.284804046936
0.278891701905
0.245179024794
0.380234516462
0.20708725758
0.321602230199
0.286504405303
0.262216077018
0.439383304428
0.249165454999
0.301866077044
0.288335239617
0.364158704229
0.374517477455
0.402834459311
0.215173365687
0.248654631536
0.40047158455
0.390802933061
0.355176170985
0.2429245868
0.249336200893
0.238708838251
0.318824513647
0.337913588103
0.37169737118
0.351954437985
0.320549946415
0.395385838885
0.407560050224
0.337989582607
0.308317083358
0.251219874752
0.359331577859
0.323437566206
0.37999701532
0.311036248228
0.292276131135
0.300715113229
0.27340479988
0.286425627351
0.45271772874
0.453681085391
0.301769471431
0.283393114297
0.237248228607
0.295729040689
0.381656811606
0.317608606669
0.432210279449
0.354310994621
0.295607586077
0.310702873077
0.259981278886
0.264918940415
0.311648998607
0.355746384832
0.304207996865
0.329999949092
0.351029309793
0.361628197666
0.293155244498
0.347400781698
0.331078684018
0.343289155177
0.221756909701
0.345962442468
0.430431247185
0.301627017885
0.33123224774
0.310321645883
0.249830200318
0.308477013655
0.271320776184
0.319789243433
0.199571781152
0.297653961983
0.273460796077
0.244604615006
0.495787199088
0.374014749746
0.18281699513
0.286789695269
0.312527497895
0.334856177807
0.282093628597
0.213305714411
0.318919418104
0.243463849192
0.317655430053
0.272974425695
0.199884925911
0.296222231805
0.30147309099
0.400229028755
0.303593425312
0.388610377868
0.277161065946
0.288550370161
0.295853986324
0.26865849138
0.331421177162
0.343678117483
0.257062230968
0.231645779154
0.26674493606
0.398630623364
0.325112006611
0.369633747792
0.241053027436
0.274487720873
0.274490487408
0.287039473384
0.217925787358
0.320426030458
0.219620778809
0.275197044148
0.399640515707
0.289404850781
0.343134462907
0.327431307324
0.233944444176
0.242088484163
0.236347937641
0.194314180559
0.222440964315
0.366148780908
0.288355431435
0.358087414877
0.242779874727
0.276461836507
0.275414450731
0.334706667818
0.36862825907
0.355785778632
0.304167104419
0.259153061822
0.33189609058
0.336974077328
0.197325651916
0.210751428758
0.389446029973
0.372566304968
0.284153009515
0.286843749304
0.262352441535
0.390451584189
0.439553031832
0.368618355185
0.278665109611
0.314712226736
0.278878130666
0.285285036847
0.273168835403
0.292839742015
0.269211984682
0.381979177603
0.343394846011
0.335229131447
0.278967546406
0.25227521038
0.347412955308
0.394802824163
0.413721491566
0.243360606519
0.250979030478
0.327718958261
0.335317660551
0.290886767751
0.324922342615
0.321742628148
0.347588277198
0.324273136825
0.327250430743
0.40256897786
0.286193056265
0.298377158235
0.276484684121
0.261921015023
0.353673364365
0.293697658295
0.347641334942
0.387479425158
0.261158055487
0.303755909656
0.279432679766
0.316053179815
0.24755486333
0.3107445979
0.312686779266
0.379663556184
0.206827540444
0.290181011974
0.305921088117
0.286538288028
0.420410767752
0.424889311747
0.240806333628
0.259419542912
0.347758201758
0.329503222264
0.183971984548
0.320844507684
0.282673273507
0.277570138754
0.326491602244
0.251134120571
0.352852709623
0.335589716356
0.270242038461
0.304436652483
0.277339805031
0.233826689082
0.417289499535
0.279598008768
0.248809207529
0.325486373355
0.261815687069
0.359040379009
0.336236857602
0.315733037325
0.306099421361
0.223706134329
0.309081169312
0.405157953778
0.28993368224
0.281118953062
0.364449241676
0.278066544823
0.269075844657
0.305779301387
0.358834567181
0.361046095805
0.366826232862
0.28253631275
0.364263119058
0.30150683223
0.289960073342
0.389703070371
0.236511125352
0.293617441416
0.295249708878
0.30114471457
0.268158451279
0.328782031487
0.229061054994
0.338573795927
0.257426556135
0.372299148277
0.315055282433
0.224653295541
0.204397137855
0.226669580591
0.230061919243
0.314053435609
0.311256898068
0.35240702802
0.393827120184
0.417451009402
0.375274735308
0.445893458301
0.286109894174
0.396395027412
0.409272664315
0.387062492494
0.283561333237
0.271020877197
0.253324825741
0.289514007195
0.414695557296
0.2402883136
0.309090013717
0.253279965464
0.324019498107
0.303707121329
0.279231261065
0.408342206864
0.236165477324
0.316799972221
0.244657157963
0.314832671952
0.312299795968
0.247855057768
0.293009540772
0.299944651133
0.346747018904
0.246049079911
0.336401597882
0.315024512665
0.258270983775
0.24907508764
0.255404169062
0.328339498284
0.296926487295
0.352983099433
0.318748536585
0.27424814407
0.45950597474
0.398128063764
0.257442772776
0.211398634064
0.243394206013
0.387298859131
0.285104050622
0.355412437044
0.338286318839
0.359758965496
0.318914472662
0.285773171691
0.280910662422
0.272153411435
0.363980252984
0.336821803145
0.289632639211
0.319582155576
0.197333722662
0.351240069094
0.369534723232
0.341940778864
0.328065118379
0.358910859335
0.375968793681
0.333401659452
0.197359229923
0.316289798788
0.307278971952
0.285088936019
0.341604547454
0.270062520958
0.322242648441
0.255474889592
0.328044960153
0.324550289654
0.288471597453
0.253805254313
0.245477241446
0.351370937218
0.296092126162
0.261342139579
0.263551320847
0.334040300536
0.388111842657
0.366938868768
0.278633876119
0.35322849764
0.300672826128
0.253009084023
0.279362715046
0.306393385159
0.307886938338
0.257099163547
0.333125067562
0.270538456866
0.281890419391
0.310042306917
0.235776972328
0.25993241013
0.288679079776
0.352213108962
0.397450745915
0.329629424702
0.259767375748
0.312507869494
0.257020513124
0.252064290282
0.35872520705
0.267673288992
0.220349194486
0.373274504411
0.259464188652
0.277263354627
0.466201460245
0.276326572891
0.364240762828
0.25198053008
0.346194010505
0.340376324185
0.247877228946
0.231903373886
0.336037993533
0.352248055806
0.314295246444
0.270173547406
0.300096928081
0.252784166682
0.273171806716
0.309556345767
0.339512354335
0.319480285251
0.278801066529
0.278495311401
0.336847790791
0.266547104177
0.364911690745
0.362326807832
0.301808188348
0.265007563617
0.261702070691
0.360545053953
0.299506101291
0.254452784849
0.336989358521
0.329097772018
0.277956793491
0.229266232084
0.339015197831
0.298194314069
0.19354635054
0.243778641572
0.331841776258
0.289131373795
0.362674391819
0.29611303595
0.377878034673
0.209962910633
0.313980448695
0.280617375878
0.297442636931
0.378946788963
0.335336442866
0.263185040043
0.33675372958
0.219517440748
0.317672993259
0.282384777197
0.263295141844
0.268828514213
0.367305748322
0.256528959282
0.266595258578
0.2648566594
0.299285637005
0.235563537298
0.332412867099
0.299791952554
0.261860921906
0.334504601918
0.385535996367
0.241697754253
0.32263547805
0.252182595433
0.311671400063
0.38028435265
0.315511381786
0.272345828416
0.281761540717
0.205771075896
0.288507693583
0.365118255158
0.294540708164
0.345294653556
0.268761537323
0.271934608588
0.340252487777
0.28742631107
0.216705281896
0.344762309925
0.283049209253
0.263324328021
0.318334436986
0.281222521365
0.423960817783
0.436882823813
0.210767661591
0.37054759022
0.294510041214
0.2766104768
0.387766224598
0.330445124667
0.347161966411
0.339447207033
0.268254559901
0.287114088641
0.347292666482
0.36337066028
0.377236177189
0.304064673397
0.310733960237
0.354818316999
0.226477518307
0.233963968328
0.240882925453
0.30354425342
0.319945672089
0.332630116588
0.229013216465
0.284239367596
0.274213770065
0.406380639566
0.405283050002
0.294987852027
0.323695526873
0.401093811519
0.384374121765
0.29593701222
0.362395741994
0.2878046592
0.268174817241
0.262885949817
0.328255193813
0.272204772618
0.376829608641
0.241546988714
0.335612641718
0.209353432302
0.34707031563
0.356773542553
0.359173767164
0.239330183724
0.263392547785
0.33284217969
0.290169470525
0.381352712476
0.347958824081
0.330392329224
0.349848476984
0.342984900889
0.328603500577
0.327193921147
0.264530063865
0.34849863253
0.319683631524
0.239334556158
0.3339952773
0.29645136421
0.306129703418
0.238247266109
0.3330448726
0.470775120594
0.354230269732
0.26275905025
0.298438913406
0.222828541879
0.200959119477
0.303294118854
0.332543792686
0.42697541112
0.392633989715
0.204142840266
0.247321929826
0.408462735879
0.341061523653
0.358502471268
0.429418514141
0.414897151559
0.367241546739
0.310520959949
0.317814078958
0.269772974242
0.233959350214
0.435844828477
0.334534160681
0.346874640157
0.283678277166
0.263365509983
0.279002659105
0.328851320176
0.212383156223
0.351600236753
0.299430832554
0.387866316941
0.251114570103
0.277598559398
0.27749292451
0.344931131077
0.266808590238
0.446742368947
0.300112359358
0.371717303947
0.228779154621
0.268542352964
0.319918884921
0.27489414741
0.400659579716
0.274503156993
0.278213149423
0.356853200851
0.25150938432
0.309877377413
0.368697825973
0.289592454551
0.377781034782
0.35841934001
0.22306087255
0.392298762205
0.29719757143
0.301260156711
0.332918135895
0.290085425667
0.285336552367
0.362159555961
0.270998376323
0.320857085915
0.444234824514
0.318479895043
0.366406946894
0.343069252315
0.347512760233
0.339353046525
0.291564361606
0.18980147001
0.390092299335
0.330956595261
0.358195306895
0.301752536617
0.331712362348
0.235018434457
0.230723931782
0.329272643204
0.344480836846
0.347091073325
0.256656811437
0.292256973845
0.30444915082
0.311146903544
0.228899090183
0.43082186048
0.422853150804
0.207171024932
0.384808362118
0.274262190276
0.262595243323
0.263886345569
0.255867990438
0.298358805738
0.313491357475
0.380648700566
0.319831540203
0.287450447343
0.26927022075
0.3772098828
0.346583220448
0.222096751021
0.265369842253
0.194991781497
0.358450957288
0.37050834964
0.348248439658
0.322596317142
0.315169327782
0.294142144202
0.371442174514
0.332964824289
0.375409653508
0.360314693307
0.275790923335
0.18772188872
0.277166697957
0.28313318765
0.457268649046
0.288688163823
0.414220300638
0.2961703906
0.233235164759
0.350837645865
0.326195503472
0.427550435623
0.319750293587
0.440814699488
0.352610083814
0.290718330932
0.266284272235
0.351058299528
0.305585711087
0.383843780325
0.405660544715
0.256771066897
0.401807866088
0.34574507941
0.364411042709
0.354729709065
0.309855350708
0.331540467889
0.178521714626
0.248503206536
0.347886802971
