0.63942217844
0.466626070753
0.667277426812
0.637783053606
0.505998457683
0.503360512227
0.632873825086
0.409470168192
0.49655484678
0.769142785857
0.507350865848
0.540834771978
0.32971618077
0.491817519207
0.532885671065
0.682982562667
0.381603941636
0.420127206
0.4697264139
0.471157782877
0.401414453981
0.530020862456
0.587679694407
0.673170794157
0.526986437349
0.74390041916
0.359099776812
0.591424435819
0.372382539216
0.626204657038
0.450230682067
0.666059579765
0.42480505157
0.60644557805
0.460515206521
0.467164986674
0.527716181923
0.584345310466
0.823772196328
0.572682118658
0.770175897014
0.573450637187
0.528033269399
0.63268499956
0.564604096929
0.588019470836
0.614643578013
0.482357445435
0.508339862348
0.407373298585
0.567392562167
0.377329102752
0.371606554059
0.886723840466
0.431883548784
0.748998147242
0.543657032327
0.667795276934
0.569082293774
0.581799721756
0.376922776034
0.455443623492
0.459141461962
0.668703757077
0.691647082165
0.499147468297
0.704033445123
0.483414293148
0.529690204151
0.553688351119
0.363500847982
0.446970115196
0.524687507944
0.623539722848
0.438339970217
0.603988946462
0.547388536839
0.410993354129
0.665952675501
0.52423138657
0.526170578248
0.496586034126
0.563682243138
0.579004847686
0.490090651729
0.57244542267
0.575042127449
0.456554435358
0.587721070701
0.490828543762
0.385196146612
0.537098801697
0.5358664815
0.651537687403
0.626675916047
0.426196129872
0.617381006592
0.708773025986
0.635147522376
0.48643969813
0.749902609316
0.603934134617
0.581969498271
0.579146337264
0.630342515267
0.489280516498
0.636881308065
0.557143086986
0.566603806955
0.356179717551
0.484573481386
0.585580981426
0.605363768855
0.615632950817
0.514805123431
0.458765553367
0.656414085997
0.538639853784
0.616338961123
0.677347896026
0.361400889356
0.463109965105
0.576388245942
0.451905749106
0.668439984944
0.564225036242
0.501646486499
0.697854236158
0.811030847927
0.459649517036
0.548593020906
0.523829554616
0.499606000732
0.661225259358
0.500170545993
0.644270229348
0.628875300155
0.433641684087
0.542777232556
0.671544835144
0.411304202785
0.491181453676
0.518231626765
0.540931552984
0.479973054508
0.541995878028
0.605555037251
0.50681137617
0.616989153987
0.422798258756
0.462996438436
0.48693889355
0.40701504588
0.588652409493
0.605699075403
0.721357851905
0.524610467215
0.345263975526
0.656133360368
0.561980630746
0.507635757017
0.750654581015
0.692538849489
0.730915909605
0.534383335213
0.550550897915
0.526652117034
0.462857072045
0.494800114692
0.447531252058
0.724729299852
0.477370627902
0.450312850369
0.642444172895
0.538306268105
0.524983184116
0.697426589483
0.64592731828
0.411069601691
0.58270724473
0.459740344045
0.513753535452
0.303671483199
0.389800683166
0.589524654362
0.488527888225
0.568060627312
0.454902117586
0.345559419722
0.694804005335
0.384155927556
0.559183634931
0.559905507444
0.516125775429
0.444529538355
0.457189313505
0.725708278745
0.51835175033
0.578993035561
0.633804416891
0.453762467556
0.560103793046
0.569443060783
0.624773002944
0.5719558066
0.387905154513
0.524447439035
0.548727861185
0.609267841388
0.437049646995
0.6127709336
0.550093236634
0.507685725089
0.480019586449
0.326020454079
0.431628749828
0.576889641684
0.379437195006
0.552543505019
0.471784849715
0.416210613776
0.583771991181
0.604428483535
0.617008968633
0.495299178437
0.590409058134
0.624750503925
0.350420462244
0.53175350875
0.611610479523
0.442247574943
0.563011266634
0.36886546556
0.43096041554
0.547072682501
0.675781669357
0.687520128578
0.360521875734
0.528708610692
0.508837118783
0.391061338733
0.463557941127
0.613890952889
0.547013409705
0.589746984953
0.507391106394
0.526523442393
0.54619960496
0.486729929135
0.608035943037
0.618009477417
0.589713107034
0.628818776188
0.652481803623
0.537470027513
0.457849718387
0.591818945474
0.746505688661
0.46956835962
0.576506839619
0.350944202778
0.706268722466
0.743875350811
0.630089808313
0.448649324756
0.623412693946
0.415496786542
0.689679877515
0.456345281194
0.546437830125
0.484356326586
0.470098924016
0.448820330313
0.600966088808
0.473054707748
0.795995448926
0.431433713155
0.515500898593
0.691317038144
0.730023143699
0.685728957153
0.731155501265
0.556578627642
0.605398146094
0.72176295731
0.577336958935
0.478682069795
0.600926484759
0.484358137617
0.521732797905
0.658608405319
0.468087547033
0.671892992727
0.622184533251
0.585714776351
0.386976429513
0.617596551725
0.555227601598
0.490503480356
0.364526565263
0.526705887369
0.478482895768
0.586163026238
0.616655080367
0.427144588118
0.633389229341
0.505080036229
0.628661631335
0.662479585152
0.567518054755
0.523687333093
0.561456053093
0.494536095327
0.581042048614
0.511394674144
0.555826516894
0.519350347785
0.709289516941
0.580143462382
0.691198578082
0.507969804747
0.59580785895
0.500329553122
0.574292265858
0.775124059108
0.589678625306
0.642280112333
0.586917452025
0.525608989413
0.662572561011
0.641120144492
0.619492125242
0.503286760014
0.475963875423
0.453738457737
0.414245068729
0.489830403436
0.445611349563
0.469580944279
0.70161438289
0.615294361889
0.487956330167
0.439930606173
0.662838880995
0.686240104196
0.498659289429
0.418219373214
0.675913688918
0.573014038389
0.63056204259
0.568151150772
0.446664931725
0.658702515824
0.523522526044
0.498952297846
0.608252838743
0.37907846804
0.627963180304
0.756344927576
0.570128054115
0.462157686459
0.610117147678
0.556403804169
0.679432334702
0.567868105069
0.421303553258
0.704795573419
0.544082024583
0.450289314568
0.545666474065
0.354680205816
0.599527274362
0.548822995535
0.53899901611
0.406442278413
0.541465712125
0.629424349013
0.624782062361
0.492368021022
0.483667934726
0.578003180845
0.541055574199
0.649394553866
0.416132276018
0.419643675314
0.374796971292
0.537182617241
0.603734098391
0.624854384312
0.595986661527
0.445076765595
0.576736995022
0.717164179817
0.441699367291
0.745416532428
0.443540414038
0.639373172349
0.652834245273
0.70127542952
0.473748853553
0.584025363968
0.570635025575
0.625377418409
0.589817701703
0.572648470682
0.550905515196
0.572084823721
0.566118275857
0.643053618003
0.479725959197
0.60907547441
0.575736733228
0.523813326351
0.743539641323
0.593135215141
0.545495837078
0.770871659171
0.530985980836
0.519729163593
0.568519084727
0.552757271407
0.396070527585
0.501976054652
0.531662759466
0.489968476084
0.494176397715
0.441109594534
0.535427195851
0.443589578487
0.545709178611
0.397642168585
0.760104074084
0.523816249493
0.686792746729
0.558105184622
0.576091673702
0.712813570939
0.532240247631
0.55825163128
0.638712696207
0.499243559306
0.395610393646
0.487101578165
0.691579713167
0.589595108121
0.427838248207
0.398378973683
0.679692035485
0.691158841162
0.645275840845
0.464304215437
0.490939528654
0.537381350311
0.440984684578
0.50018656941
0.537391676892
0.646963244665
0.553526891753
0.493629382961
0.696849182654
0.604259168367
0.547371425516
0.503287576937
0.499760856321
0.463888391175
0.484331573251
0.456201050211
0.568599476303
0.562279937911
0.566842178729
0.738352407263
0.654179953042
0.579478869127
0.50218791289
0.352967063643
0.543766347733
0.485642808787
0.55144596392
0.487119641184
0.560251092723
0.623584522743
0.664485865805
0.692128406255
0.501680344673
0.525974815175
0.662477369513
0.650796390673
0.736403066878
0.47340769919
0.367077101208
0.51467701499
0.609970035638
0.370853930843
0.484347117738
0.514341251865
0.516494888162
0.316928542625
0.416417603009
0.585413055034
0.664394113935
0.653187318762
0.668132417677
0.645284843541
0.562536809452
0.713810691412
0.503987749628
0.579859847864
0.482824764044
0.501169335943
0.604575974488
0.724928218193
0.607072365532
0.764132878609
0.621899445065
0.539078744127
0.557398047239
0.397129510959
0.609121553437
0.58481493668
0.642015750762
0.447617527285
0.554691777086
0.513705148705
0.449223875162
0.604611517383
0.648258387062
0.727278135832
0.457756918965
0.585661233617
0.700236415591
0.639853373962
0.551472060025
0.409151686649
0.42485722095
0.480267645319
0.405430870996
0.659760176748
0.622015975019
0.461830198152
0.561670724426
0.649122237157
0.563221486708
0.53084211856
0.368261160443
0.346497944906
0.39902511859
0.518066678931
0.511839895146
0.523692324593
0.714004039396
0.940342657628
0.728388444786
0.535118391419
0.590379340905
0.532098665142
0.743505162485
0.786804390178
0.442971847883
0.542931078153
0.495611436142
0.408008437525
0.535765883522
0.552528081649
0.571984540012
0.502627689354
0.512244326329
0.618575867969
0.389018816564
0.693935878812
0.630470783236
0.521288037846
0.45493948997
0.27721289105
0.561490387637
0.577439438681
0.556580287198
0.62442736978
0.427479185549
0.45315571844
0.510335063751
0.505768173659
0.558059985148
0.451053906096
0.641952657126
0.45080157301
0.579825263408
0.410469089084
0.504075664032
0.639037476249
0.486541450936
0.434065095417
0.62247030557
0.539051337076
0.575783058262
0.458655059565
0.495241851971
0.387443152459
0.575446495084
0.823058488722
0.518653708018
0.494007395495
0.658749135494
0.442822722304
0.622335115044
0.406154255128
0.557867377889
0.455339037907
0.391459257804
0.689282471922
0.587198099488
0.510918170643
0.442731599849
0.61708193613
0.693190269639
0.630242305897
0.398566837252
0.627984742384
0.584255643187
0.625444013753
0.590980532237
0.347328733711
0.386879415514
0.521320495912
0.64690022716
0.58241613389
0.541643019339
0.564732094372
0.47403150849
0.609510362708
0.565566948545
0.511967953709
0.510143087471
0.43186859952
0.62553169268
0.475284480074
0.728674457023
0.613293852156
0.664525996807
0.656151885705
0.547611144276
0.464139082249
0.594704615638
0.537171209015
0.594561957404
0.718784034882
0.635306859227
0.451012974123
0.552570360596
0.648754952023
0.579300570712
0.649997972074
0.537125252913
0.446349970039
0.573033474677
0.546786361141
0.501640336241
0.694892727849
0.49107643558
0.623225022446
0.429273503863
0.416929483749
0.565958139142
0.512097648167
0.573793037512
0.584447990657
0.519529887726
0.643367829326
0.362269893787
0.519028666127
0.650516761171
0.499468430541
0.672209013519
0.430270898369
0.488302315597
0.500256974509
0.419336113548
0.582669156433
0.709516716809
0.449798658458
0.569228348094
0.636870888382
0.474641234565
0.539867477346
0.540286591928
0.523568527563
0.529334392595
0.65304351697
0.239004703056
0.461494717902
0.436971391014
0.396982618364
0.476373175459
0.353975014889
0.521597556965
0.465589973834
0.295021440803
0.565040159758
0.579758416676
0.459023460019
0.687156620729
0.587101854164
0.681233527345
0.73585969407
0.402846093609
0.532341412888
0.639359041404
0.596432617163
0.662264111415
0.665462449446
0.508010519204
0.500713090723
0.422820583102
0.671077323168
0.53677980787
0.55935160127
0.507548551479
0.606962463579
0.330492941436
0.436906934899
0.593245506461
0.520498354122
0.757782495377
0.585821088032
0.494680680779
0.566136021941
0.671367002565
0.49834471995
0.655159846671
0.552446079314
0.462224219686
0.613865971415
0.465602768535
0.569758861881
0.467642742647
0.685664842735
0.496226640988
0.476868261104
0.513500737075
0.484847235932
0.552447897092
0.807954854812
0.501817611948
0.589187266089
0.761175002307
0.647001010503
0.564047182194
0.498740844935
0.406303576736
0.706183495076
0.557177721508
0.612531796726
0.412074483574
0.630049204107
0.504070603034
0.501163568195
0.426479352568
0.744985181669
0.54417237384
0.539210006185
0.744694167611
0.527380337425
0.758285823873
0.487855331049
0.76142467118
0.607784108048
0.560821005767
0.511864737256
0.619011164174
0.441674395543
0.456625947734
0.703565788806
0.605728486159
0.547695490444
0.591156828823
0.708478171874
0.61667306227
0.622119301513
0.452827364631
0.545730936511
0.486617751532
0.377335827009
0.444399127338
0.782829978817
0.380913812737
0.490224003448
0.626980987572
0.575554480909
0.49102507077
0.545501977914
0.754906197825
0.572808657895
0.338681271261
0.541735904523
0.56809447766
0.43541837465
0.374054462962
0.68217033803
0.467857285364
0.553111676545
0.451039202394
0.462303921028
0.404227929215
0.465639021332
0.443491310986
0.531689870437
0.475176097935
0.532165113104
0.5030155328
0.701167449921
0.497173749754
0.624099457653
0.507393035044
0.652530340891
0.424350097763
0.35764406571
0.546347593439
0.546447563655
0.64196166039
0.642744159389
0.524635818322
0.676183527159
0.616376036682
0.660603518946
0.492386414391
0.72389405195
0.351257467822
0.402629198082
0.507280159612
0.598371119596
0.638469589599
0.660751596077
0.707339482306
0.730466627146
0.739419554736
0.470084883481
0.597255293983
0.434008135987
0.448247472443
0.471522133853
0.633149021595
0.551905167436
0.397812767231
0.600605746527
0.529900215717
0.521640850129
0.617058252236
0.541602034644
0.768590068503
0.749261747186
0.562254989961
0.456636621114
0.492201143722
0.465438644264
0.48382855673
0.417274608043
0.397855026915
0.517062311161
0.564211562563
0.48931785817
0.720464719736
0.550764053351
0.428676094166
0.516283056527
0.559359168323
0.663655156937
0.504590261465
0.57997281178
0.599269579008
0.569116615116
0.430780636042
0.536724794004
0.614126345654
0.448653377295
0.39686357401
0.482166207849
0.504846789402
0.610017926381
0.460046805097
0.459463772843
0.503518242918
0.540061019263
0.721815221148
0.488560271202
0.618320321993
0.604905252643
0.724355774932
0.685882853918
0.343358727342
0.622553574157
0.421681706457
0.739922871623
0.516396921436
0.543018335712
0.65576848432
0.617627004088
0.428464195336
0.479813504817
0.553978149785
0.588165931396
0.556560309445
0.629533257325
0.539845170881
0.777129689676
0.438532584007
0.607933507122
0.440913832956
0.565618030586
0.487925211371
0.305529402982
0.60083426973
0.562482854285
0.637246612978
0.38143823868
0.529632518324
0.668555334141
0.563031787364
0.599368886162
0.45435351973
0.674428167804
0.644833292391
0.552703265918
0.644530606858
0.407121626442
0.545303616996
0.615731124983
0.394670550816
0.495548355301
0.385142299837
0.429998089448
0.576462114875
0.363255130894
0.667782367528
0.469708301923
0.556723935067
0.614644578461
0.571768653571
0.566253248471
0.530536834911
0.582854003481
0.487655242558
0.574380208341
0.635785919261
0.438631546696
0.384373040877
0.628994963889
0.651423022684
0.399280530758
0.300823514139
0.556358705818
0.536745613863
0.586640662174
0.439927626236
0.667005078978
0.634286107357
0.661621765441
0.699111542953
0.550292637934
0.599896576062
0.484623100076
0.697139313871
0.337663098691
0.584553792902
0.611959808889
0.611709192285
0.595536775073
0.61046724274
0.712156417714
0.691747314958
0.660323100374
0.434305595724
0.472227836331
0.36065710129
0.623974670322
0.481624663284
0.436490890804
0.506855588996
0.483224335778
0.539767932211
0.645105241486
0.687581383235
0.529466804175
0.451622705687
0.442203292288
0.602581710263
0.577884858163
0.410948084609
0.619412992865
0.555499388133
0.50762359123
0.524756414917
0.727321968426
0.484780707199
0.497140316211
0.678229974123
0.436395278604
0.459717781872
0.539968191879
0.646190274934
0.360277881132
0.519844317588
0.584563925377
0.7321778532
0.607033129362
0.459348861541
0.756572315984
0.622732212828
0.637594532697
0.5695879873
0.515165951254
0.469947040502
0.617949290585
0.610880500574
0.35719892092
0.451557017988
0.524501543452
0.764667814619
0.69385273789
0.41165692283
0.59024972337
0.525616461656
0.576734938693
0.564473367093
0.598489435273
0.511742385246
0.667107029955
0.465334790417
0.609027826769
0.502145079514
0.572256251667
0.543392358463
0.415552194702
0.63344687962
0.727640531199
0.536043802265
0.455385209951
0.492172734673
0.434757946679
0.612428715236
0.594019766113
0.453642930169
0.547780994927
0.622081113098
0.44046559481
0.563446709417
0.633665283357
0.485328259013
0.675092291627
0.543591360725
0.462958719021
0.594542987762
0.628490884589
0.571189349284
0.830619086746
0.479284822984
0.435354553885
0.504557620585
0.592822762543
0.507246792213
0.68611163082
0.762730446123
0.65504962117
0.554566332646
0.481971193637
0.556571636148
0.637333508628
0.526047748308
0.60015150108
0.66114866437
0.569709635067
0.55753566053
0.544021614735
0.538627656597
0.588305301905
0.505479836964
0.719007405141
0.53752467347
0.764489964839
0.423868628175
0.475528128946
0.605619691317
0.537782496002
0.389436969016
0.547348043842
0.489258667195
0.797465181866
0.529830903247
0.448466517979
0.667101494634
0.425461651371
0.524091373297
0.380053667462
0.513461063963
0.597679971983
0.52937799959
0.438989964154
0.354984076461
0.45320498471
0.71068788547
0.612949549358
0.554393361968
0.514792930209
0.422108249054
0.717423341822
0.551084778631
0.493369623311
0.547487303232
0.575788818532
0.747212930469
0.47657764029
0.772834893338
0.542440371132
0.496375190948
0.808210909454
0.459584409037
0.50767756579
0.608298555704
0.789503167103
0.755004250684
0.474542733855
0.631437766724
0.6960709283
0.396144645803
0.546831759629
0.548691683551
0.822188695674
0.447668345294
0.409294792759
0.848965805108
0.550544630589
0.482602815559
0.595958637
0.55437066058
0.527200324907
0.468662182008
0.432721312364
0.690133042164
0.484094855929
0.416120703031
0.420410935149
0.34667940665
0.73892487769
0.690100438857
0.544482291753
0.451810029702
0.545910922254
0.520283675257
0.592384398041
0.646072923667
0.444638066915
0.535076386621
0.547045637451
0.561958502626
0.530063779978
0.477435815202
0.482912173299
0.402062405855
0.724987182337
0.414841019952
0.519413583547
0.491905815978
0.573982691089
0.49780991343
0.344397449584
0.567023546854
0.459101240446
0.452281356524
0.496245348361
0.634957794831
0.571974412462
0.375515899707
0.527930621268
0.379114701865
0.586355206035
0.451434392559
0.479304865834
0.41852304781
0.661957214956
0.517066432447
0.430955747662
0.636875569093
0.595689034788
0.48076048746
0.519941560438
0.549878834941
0.396067040718
0.527855660055
0.599677589858
0.525866633919
0.469218462548
0.635157125594
0.516126289449
0.460572559432
0.513529892428
0.600046870538
0.566308312544
0.507989590349
0.506484197391
0.479742902274
0.36620319903
0.468854843764
0.441369367735
0.695785009297
0.56059058303
0.644521258843
0.625711311063
0.614639386281
0.525522781898
0.550785269739
0.589302500326
0.519264257833
0.434957008545
0.700227567141
0.311001385585
0.512219090119
0.664776160038
0.400783425152
0.581370912033
0.691738495482
0.466197458358
0.41219065684
0.543852499394
0.504098913667
0.57249469105
0.679926138326
0.588306655199
0.476174283199
0.515845503918
0.528679472961
0.583178097692
0.43848832874
0.578946923474
0.47921716035
0.502515341303
0.560155124615
0.449791899642
0.502863985028
0.68184199664
0.526326351956
0.467479647155
0.55995136074
0.485534981505
0.491181065618
0.588213257898
0.582022207795
0.458932916847
0.589565930541
0.445855891031
0.521490459989
0.496002457372
0.459647530641
0.616008525848
0.594495212376
0.853055383521
0.47539722188
0.464965678583
0.327712730566
0.526478693386
0.597384313048
0.63633680532
0.542964267572
0.601388839405
0.803686754437
0.637881915497
0.546193809959
0.550670416959
0.446896471615
0.567583476341
0.643904622144
0.530053873973
0.443381928996
0.414372883087
0.558899388271
0.49399688735
0.407771496433
0.683587560665
0.568912424436
0.408597845162
0.606900292167
0.756984667628
0.494029689453
0.617433595143
0.525446492925
0.356466559999
0.600993225025
0.537085459327
0.492567439088
0.720383137756
0.68996616558
0.392715558465
0.595797863754
0.637692044116
0.566376491425
0.417820938456
0.627094256748
0.43819580236
0.624659897039
0.368085994625
0.476191638387
0.529173011296
0.578321854038
0.640899717047
0.423926642981
0.522223689746
0.594917570959
0.544227040911
0.658267024258
0.564324051549
0.636823660985
0.593761336225
0.445285482604
0.523534951407
0.564325984366
0.773880749774
0.509845574362
0.563902724902
0.511036065
0.500939115767
0.77963486253
0.467478118634
0.64532706841
0.554741104784
0.274787512872
0.476987522064
0.662897832096
0.696927738697
0.554967041415
0.457411492716
0.40808779414
0.508287998488
0.562455567221
0.365408774928
0.57821104661
0.520291850375
0.514986590679
0.65161530629
0.475560067424
0.566190882262
0.466236135788
0.535085101756
0.566769590032
0.563188609432
0.619012853029
0.554838977329
0.468120052961
0.478914592445
0.519407554997
0.374759567851
0.402189751359
0.459324036586
0.600376697105
0.344093139958
0.492475546285
0.757166704934
0.739066440044
0.947731193813
0.626986431234
0.518362355417
0.671058457221
0.660163390161
0.435661127517
0.568522441692
0.651930475917
0.631909910434
0.594193747086
0.544047646765
0.494698434248
0.517103652822
0.68286527513
0.481349956188
0.527258808449
0.356765567112
0.551733225921
0.39894196518
0.499425573875
0.612285816423
0.532379847773
0.547836198854
0.563428737027
0.601166788521
0.585560866321
0.641723551665
0.72212207239
0.517644447997
0.644596105264
0.483587536454
0.477291111354
0.648484516531
0.683620703378
0.5701375921
0.613273503724
0.689631897412
0.33272132816
0.624603376816
0.651872039064
0.680468461881
0.645892791633
0.448811863821
0.666966550947
0.505809877597
0.525478412925
0.446220376873
0.349987685283
0.514541003516
0.523653625097
0.312140950306
0.522095047577
0.491510098978
0.375556373976
0.558440011135
0.669236672823
0.414667949067
0.635380899511
0.564243214022
0.309460618784
0.530843997026
0.603002953079
0.545860549308
0.620079891268
0.607639222322
0.631049249329
0.564811579808
0.548221913009
0.603945625854
0.631717344255
0.431610147079
0.498202056325
0.552227847694
0.573168049936
0.445982687169
0.6932606899
0.47435811247
0.548724826769
0.679870872504
0.669149171712
0.625777738286
0.659779655354
0.538870657084
0.570623093229
0.656374141754
0.401999126073
0.628967068302
0.626654912844
0.597773596096
0.45142244439
0.570994554355
0.861681772748
0.903644264288
0.824354914442
0.520720550187
0.641192761646
0.672338166006
0.670697010931
0.572004524547
0.636723067648
0.631911134807
0.550642279216
0.607971764394
0.553537176214
0.489467584739
0.569810199157
0.56166102819
0.560605125482
0.656002881999
0.520742745016
0.380624253691
0.587643338213
0.622463525215
0.61069716821
0.582776618448
0.528482101343
0.612105536232
0.630422812839
0.570252541269
0.733103451086
0.54945678048
0.585286419591
0.582987061773
0.497805823192
0.710179624748
0.702604724525
0.54887140052
0.547081364266
0.560905519316
0.571287695064
0.71408098005
0.675046006582
0.635751649301
0.39993904943
0.498892785734
0.536242701634
0.398384179006
0.592726604142
0.485015177138
0.634153588616
0.432083218111
0.569349778356
0.753745351353
0.607045419897
0.918801125241
0.609229853926
0.687833364664
0.531882652418
0.674653650486
0.59693508094
0.515107430481
0.619501286546
0.598917006175
0.527996473182
0.536101396106
0.659777537649
0.490297492974
0.545547728271
0.852394124085
0.647293424505
0.585757787399
0.432759991643
0.586439863872
0.665408329175
0.559733811084
0.663862166914
0.486375114267
0.569272448159
0.571046057809
0.508888733832
0.536019728795
0.470218096436
0.775638292469
0.600828502398
0.639189651129
0.458011780526
0.665119214097
0.588264984294
0.450822091838
0.535419870212
0.412086170471
0.621319635875
0.666168440695
0.366104599261
0.51014372938
0.557739314208
0.509940773588
0.660575774393
0.631038577344
0.611794818933
0.77746332118
0.599451825474
0.490116162828
0.557982731934
0.732612489651
0.466648760744
0.574357120321
0.634793043852
0.836591887157
0.44173978218
0.645055614772
0.488370707229
0.665750159924
0.402928700274
0.389054645448
0.477307024121
0.720160081478
0.422062093978
0.476345861606
0.518328896512
0.685726345326
0.665562292981
0.649031220782
0.468902103304
0.397937750109
0.530463822805
0.456685255103
0.74444802531
0.528666368757
0.524058412452
0.533928162806
0.497075700163
0.58806261178
0.553346688955
0.532799568435
0.605090232141
0.471819428884
0.622134546852
0.618441424722
0.60767969287
0.568201887724
0.675380174513
0.560413040769
0.611853357069
0.618108757445
0.739957663944
0.77565222246
0.553456345993
0.716074475966
0.590569007524
0.8175976281
0.526453269066
0.904321446603
0.688900404262
0.631519040034
0.798204111028
0.722743342653
0.648474493565
0.65723336569
0.586577179096
0.456295419882
0.647734603839
0.489590630605
0.714891000863
0.489796976352
0.410868747546
0.606452665864
0.616964999367
0.727453991514
0.755957932712
0.652293331626
0.718213611104
0.704720583634
0.431339836526
0.465522457252
0.75207692297
0.63542966055
0.465076288716
0.493748257527
0.649179142577
0.703070677334
0.481079354105
0.62857173898
0.515672982175
0.672884467129
0.609582856988
0.489831431699
0.702607157304
0.467241404861
0.757090538731
0.603816962965
0.402939424712
0.493974345657
0.845769117571
0.584089779766
0.888564302845
0.690466792683
0.585063002025
0.410753904215
0.638835637394
0.578649207853
0.594717588963
0.74700254601
0.631724195867
0.857628019555
0.658687440132
0.477838757829
0.765124337499
0.504816704471
0.71128055319
0.715473076161
0.616287921257
0.695346822748
0.673868565449
0.499301678149
0.62969311373
0.527563151144
0.577964473337
0.584153280615
0.481856834973
0.503517444032
0.68459037292
0.532852183777
0.470431271874
0.384063434455
0.523334776833
0.663584084654
0.580561272916
0.578111581194
0.551341904851
0.434803596167
0.499943707058
0.702737201548
0.565387911848
0.573735386568
0.473642514122
0.891245270843
0.615206392541
0.601360617073
0.677726132482
0.577275555851
0.754044046272
0.470926664106
0.533574614518
0.512116284678
0.812540702965
0.710890151039
0.798756985157
0.647520047023
0.568722720944
0.763706024962
0.483560606411
0.841918101177
0.730743983924
0.610747214811
0.431774995806
0.287179180477
0.740823356948
0.868052010038
0.551189405523
0.537614140644
0.607285934307
0.585876092926
0.39845822606
0.739354239792
0.414425561183
0.818242816265
0.533278663679
0.678023091955
0.577545323976
0.590257717641
0.501440525115
0.431783763804
0.748800767948
0.531593273727
0.669024823595
0.593257822759
0.405160732295
0.388234291457
0.606362919236
0.599281322324
0.518864137139
0.620875465302
0.89656975948
0.730750531197
0.743366701731
0.371747999362
0.627221052739
0.486769701327
0.849028228805
0.668094153902
0.599510140037
0.630760788672
0.53899829874
0.554574163647
0.455905427215
0.679930766789
0.506189862041
0.418293431063
0.415990714742
0.708977185948
0.555098430244
0.531729060098
0.632752528961
0.686988785532
0.772837785159
0.594410167247
0.583418084097
0.886475295937
0.954941113837
0.632215437919
0.609992503444
0.846225505116
0.596014552252
0.573986614408
0.670421434125
0.534444639001
0.654164927063
0.47761675954
0.409436921682
0.838397693515
0.832006328698
0.600246132421
0.509610251036
0.477205061723
0.752475313512
0.789193436535
0.396259878036
0.494556563957
0.525576511016
0.526462613179
0.501824898501
0.608648059186
0.400933440515
0.728208399202
0.567196394799
0.50685860617
0.662637233411
0.529251404955
0.605564649561
0.440374576243
0.629974850842
0.734485310658
0.690288062646
0.562342480008
0.58896629609
0.451184903198
0.710976117207
0.854323679733
0.563962300466
0.680954678939
0.580177332277
0.704945342927
0.599157561187
0.687372775306
0.521245844332
0.569094928135
0.682101683384
0.61018569314
0.458520953655
0.511935899858
0.696789391658
0.612720843844
0.556876883927
0.440314312938
0.52904050782
0.660714864891
0.639228729363
0.576192899324
0.696367712651
0.544444123444
0.56943173363
0.474856582377
0.486248417055
0.548662669989
0.586499050377
0.555952103547
0.554169540552
0.558539522157
0.600100805555
0.771700246047
0.412037768459
0.484304689091
0.582794385452
0.489744887995
0.570930613083
0.359967174984
0.367912867574
0.531265516853
0.642391288199
0.52367843638
0.528120766699
0.485244412271
0.602567577701
0.654907266667
0.548179998229
0.548751129281
0.486127974658
0.658000846516
0.70757839488
0.695106371417
0.631764788743
0.405633821606
0.631048063216
0.550137530812
0.71996001089
0.455237783522
0.451081930887
0.619458105149
0.521354661245
0.632292898229
0.650227824804
0.725506373658
0.447180636448
0.452522315172
0.367694061082
0.482102903027
0.566486276934
0.60485472123
0.539337012389
0.530748350035
0.401551874568
0.606676372891
0.483068340131
0.588826351562
0.529457657255
0.499835577357
0.494146861889
0.784459943777
0.5239865326
0.585406622992
0.727639703964
0.36540533088
0.571745587562
0.728862862339
0.564265315878
0.706129582592
0.595058416697
0.554480962183
0.535082818606
0.438575444735
0.381341138092
0.6873183309
0.71184059633
0.589482015512
0.708551947196
0.447479377998
0.420902493964
0.606709727326
0.444484636648
0.63658194092
0.54132222851
0.568700777224
0.808640290625
0.583424929486
0.407386839314
0.574793638199
0.55795718988
0.46012881444
0.505654482468
0.711458973885
0.614328600327
0.614560414481
0.527637091423
0.584372486989
0.349928637008
0.582931614526
0.728739197574
0.549424734493
0.485768820569
0.655445732215
0.535671949202
0.461220950833
0.65581268408
0.481521628403
0.567605320735
0.571207862765
0.693077732189
0.597205662628
0.595418512727
0.766988591541
0.740145913504
0.526233315312
0.672732026312
0.374786257141
0.579178404694
0.625619042975
0.572221308455
0.732606891314
0.570491701885
0.459396019886
0.546991075304
0.506193080726
0.437944185868
0.463379700316
0.486191574783
0.704460172914
0.521318154152
0.535972581159
0.496609615543
0.588718911883
0.474092886791
0.745911296603
0.419446565985
0.51276130814
0.437177183646
0.634213215584
0.682533953681
0.52623885594
0.608199532283
0.374663054009
0.506071329469
0.536723716424
0.663326536863
0.418336347617
0.246391088458
0.391861127438
0.526068427216
0.490087068224
0.642568151873
0.316569148776
0.47263002627
0.572132032633
0.736565876435
0.708399598714
0.40557965133
0.382967053305
0.586407652399
0.521843073036
0.556093193856
0.604013784544
0.623287963373
0.367415427915
0.606719947149
0.519962917856
0.558473382215
0.429687855899
0.436071063913
0.458558193055
0.580411684664
0.368468735112
0.766034268545
0.639164621252
0.485181941461
0.634467386243
0.386912417642
0.486089350967
0.551228894403
0.598553153514
0.48064962419
0.472752996189
0.365609740568
0.687890040994
0.585941386817
0.694003024304
0.48502931879
0.687184174786
0.464669111928
0.712077969144
0.465259931431
0.618101814571
0.657411154975
0.657194040364
0.661069022251
0.587625871645
0.616085969196
0.5549707572
0.509920887627
0.399722714986
0.622820923505
0.528940030029
0.404328723566
0.660415001059
0.505556079881
0.588247949935
0.671225845814
0.51221437792
0.44049155174
0.459037843557
0.582783244713
0.546796725174
0.581862529088
0.545743360162
0.392048932134
0.449554354122
0.645940757197
0.522577808941
0.554205599167
0.502594560103
0.681856054111
0.579885902368
0.556959678624
0.404239580304
0.555486381307
0.506358691929
0.526936944494
0.462819191694
0.741956319419
0.490550328133
0.479196492071
0.559096808104
0.616446770845
0.375750834832
0.695457301449
0.527344782527
0.425204311548
0.340400922603
0.700847588647
0.591008873506
0.409650999057
0.565429681352
0.614390482117
0.535425485388
0.364792839057
0.634468870734
0.501093968198
0.681385460324
0.41069797079
0.489172628971
0.491093677205
0.717630514651
0.553774341968
0.679530244548
0.530940537831
0.587380670453
0.633158525103
0.534065310248
0.704114131099
0.50886922316
0.448235055829
0.60353185269
0.445705322158
0.624448746951
0.630246064598
0.607781110127
0.529309453464
0.42411728277
0.495662492479
0.715585278845
0.67195167541
0.760576833704
0.639788768189
0.431245177584
0.575583119103
0.522621955415
0.485022795541
0.407856778375
0.67023562063
0.558875529649
0.52533720541
0.48929661728
0.613564693857
0.322674820537
0.421686411719
0.519939605275
0.603707419017
0.679290060553
0.55606629277
0.560505526354
0.372455101478
0.801337571028
0.517250311743
0.331094704918
0.613347684941
0.580406710345
0.441369229713
0.483845572822
0.604957380941
0.552298868813
0.630549265787
0.579898040669
0.496807764723
0.710445741732
0.56150502503
0.686213787156
0.477488025542
0.552321875807
0.411433244582
0.538664356318
0.49321001334
0.587066647074
0.689510548543
0.557148456719
0.607375015119
0.677276924842
0.518148131333
0.799249552568
0.622309078935
0.58151711162
0.687983148457
0.551661399356
0.534379979876
0.604788344686
0.490951261542
0.492344448555
0.512927769923
0.576143893501
0.436516575136
0.412796943532
0.654520674303
0.619827045751
0.495978929816
0.668893871618
0.661698494832
0.438203197306
0.650711767803
0.464336175631
0.621252777252
0.569902491232
0.542511840261
0.68989121492
0.617225451115
0.432303948346
0.755454447173
0.548492884152
0.642509443647
0.608274159599
0.561064617362
0.609900565809
0.737062093891
0.41939332599
0.50588320043
0.790261592478
0.4536251148
0.412850439455
0.553765396614
0.510102336934
0.610390897657
0.648530532001
0.655759174935
0.754589722314
0.495680731351
0.473090105766
0.649368063742
0.536452086473
0.47688017446
0.487643489377
0.415164395748
0.769841974288
0.604271396731
0.56307828704
0.425048327002
0.543275762986
0.39759563768
0.484579839109
0.655253641175
0.724566384427
0.605339515913
0.732666253636
0.452542590759
0.555448628529
0.589348146594
0.709257407284
0.693372470778
0.667339594126
0.536381559304
0.611055309164
0.59271748342
0.562289370797
0.495960062745
0.513137505888
0.374856451137
0.467215589994
0.656388700706
0.548548766615
0.531236437158
0.519920700099
0.556578783091
0.540309932093
0.664157497889
0.41537377202
0.407342421184
0.484285705265
0.528879096257
0.683192281805
0.553316592115
0.639044433555
0.545193094454
0.668858292634
0.573903704998
0.40302851688
0.629696291318
0.683662880871
0.618837726887
0.454039619974
0.57629682713
0.674207712313
0.510163872543
0.463424860574
0.531257286096
0.529752268754
0.651450548962
0.610258060979
0.585609828144
0.45053810023
0.446180811414
0.609986290323
0.672763194036
0.553337610628
0.549724498841
0.670461479422
0.53529580198
0.544371659436
0.42711655405
0.428631261931
0.591829000764
0.486741540604
0.48246211443
0.570630039031
0.457307214997
0.698610575269
0.63362620083
0.62332089647
0.653268444596
0.490148241812
0.603179666275
0.518261914266
0.611443410669
0.522862246136
0.434453172094
0.56471452621
0.651422657689
0.590399604891
0.668565281134
0.460827480595
0.542805712925
0.474833173132
0.843182038448
0.612671511386
0.592300185421
0.364655138918
0.505398039769
0.422793543556
0.450973702127
0.553726948114
0.656328677339
0.708851414807
0.427576904094
0.501548261754
0.450190872753
0.585336871662
0.53168612321
0.544588250385
0.565032693575
0.418731711935
0.664226886701
0.480678984965
0.502108177912
0.64773815215
0.654302073058
0.536117043702
0.633987285685
0.525019661926
0.57572613783
0.700755042679
0.424068131898
0.47945318777
0.477067571433
0.526532906857
0.459528406551
0.63754867626
0.755100927552
0.580754445386
0.55855814658
0.661826628785
0.594288184121
0.609984343396
0.404393443732
0.492603109119
0.48984503794
0.439327247175
0.633072720978
0.6750737636
0.47123868821
0.646102175539
0.497812416148
0.659405552535
0.501412907436
0.456856796241
0.576571197103
0.637553070907
0.418019835338
0.498673310257
0.504938056384
0.727902139948
0.591027183423
0.409546903497
0.586075349523
0.431526880635
0.52923298049
0.566573864567
0.317598495958
0.650783860911
0.55934883381
0.53496903035
0.634828825702
0.618040236843
0.775101651707
0.470415574871
0.494438237249
0.553386034202
0.622112874437
0.468385592301
0.804692300457
0.560514622511
0.522414527517
0.515538829697
0.562304027363
0.411330618729
0.444171601311
0.523347634541
0.450127620253
0.503101742763
0.79596727955
0.571997956385
0.647021471992
0.470038009656
0.53963603455
0.585051197108
0.69960489671
0.532338738036
0.49886906076
0.4076302184
0.604062697067
0.522056216968
0.535685619529
0.472173485896
0.579290039253
0.616928637806
0.59294917627
0.477676605478
0.645668019513
0.46748029884
0.419522884681
0.544915535291
0.523519339973
0.384930896528
0.603125439597
0.416652720565
0.857741306977
0.539946694934
0.622709057459
0.61029976802
0.488175881041
0.659024477557
0.675469156011
0.73736079049
0.520647667796
0.683228974739
0.614451914405
0.75527287032
0.606854122772
0.467792049651
0.57156378124
0.644913325963
0.576789848985
0.473046916988
0.46451672232
0.567308327388
0.605756600074
0.457681280543
0.574865033488
0.588220755401
0.536153168433
0.742627285558
0.514491391303
0.422034829585
0.414008497078
0.374723996262
0.392244756325
0.704783828601
0.659386590365
0.417660540916
0.642349677318
0.768612344672
0.61838235308
0.5371228003
0.505275134015
0.702867132888
0.608918580836
0.490732210238
0.451698759524
0.408294673825
0.780798179619
0.638496023165
0.582864450585
0.554805186327
0.670941416075
0.704463848496
0.631140933526
0.372475300959
0.466178169867
0.457488493335
0.5860444625
0.50005482656
0.503785854765
0.598496149091
0.556571398825
0.500663592031
0.538816429064
0.477447436215
0.707984932843
0.524540118291
0.615235932122
0.452557458071
0.65157603301
0.687881481978
0.400045969173
0.770203547359
0.651669067126
0.64314183138
0.452532649012
0.463577208412
0.691784181547
0.598135043703
0.463245120269
0.518956783724
0.507660847865
0.37285981217
0.451295532303
0.658339046515
0.448211219287
0.585358559818
0.557204312284
0.484642822127
0.424336860121
0.536052807837
0.745012064652
0.572710542165
0.550837325444
0.589633578691
0.443828875869
0.444259636503
0.456196109366
0.476781530889
0.597911231387
0.527327120384
0.318099614971
0.439884038081
0.556500301966
0.649944679261
0.582719705022
0.515151407757
0.612902388972
0.468300305768
0.499051814383
0.494595894522
0.706193755396
0.447907294556
0.623840023687
0.570601561735
0.474392373641
0.682892796265
0.823777453748
0.625297913506
0.672171945483
0.499668506233
0.659320733658
0.734720989251
0.593030112134
0.557547879287
0.566958167719
0.497400492158
0.637636803996
0.521665183564
0.53245818074
0.770225106968
0.44614494341
0.62314155654
0.574853847249
0.448600335948
0.51127984233
0.617054523994
0.534083414056
0.558610925802
0.589587016753
0.495654532883
0.562691432454
0.47303835248
0.745585569576
0.522849901427
0.448084027049
0.503398391816
0.539262123697
0.444136579645
0.709911938271
0.42296540229
0.488397304365
0.568747060841
0.439666261497
0.542929410817
0.473828415572
0.513165776443
0.520996614887
0.493337636527
0.393251489258
0.520873204678
0.514923940535
0.576648189264
0.578817575471
0.574261145521
0.468753471716
0.601153132427
0.557661266664
0.555236227179
0.581631224343
0.641964684915
0.399577884062
0.40767105277
0.694048653176
0.709432792145
0.667541012918
0.76836100037
0.45878498139
0.335017161112
0.62714851362
0.405519609314
0.445462255052
0.49925619387
0.642705429015
0.585218383205
0.549704373344
0.487505527607
0.607003662397
0.618607180011
0.642651772233
0.609318640451
0.501495525851
0.617153557352
0.559228221827
0.605139030328
0.479898145926
0.50024822679
0.711578812744
0.695213871392
0.653561965043
0.586049503841
0.730609012803
0.471261980936
0.382153405006
0.593461009942
0.436777656328
0.575204864022
0.769909725664
0.589370153018
0.515659294732
0.526093246008
0.504895792171
0.684847547429
