0.668825544512
0.477044092574
0.567805184327
0.413913598723
0.442472384412
0.487875306044
0.599090112911
0.656872039996
0.613932624886
0.431009407706
0.500894406468
0.483562467351
0.529313603085
0.640151898687
0.674103791289
0.337098701082
0.580041109061
0.460693895005
0.808812020098
0.487645298299
0.431335387367
0.523820117554
0.491938382643
0.659807606418
0.581421859188
0.538968475336
0.5806738195
0.637034814994
0.56215450684
0.438731079113
0.615200869789
0.687914847675
0.353513073911
0.547373192046
0.426059326707
0.47587506974
0.485602837106
0.55921475545
0.479664667311
0.549408319125
0.523138824954
0.59274734364
0.627608560489
0.557830793467
0.424755749353
0.603659502767
0.544210618242
0.665703820126
0.494669593389
0.708596613747
0.815750446575
0.881506197877
0.419060336292
0.494822597028
0.551697246321
0.523733765853
0.370504586154
0.617124323353
0.666093862005
0.614918834666
0.631303621041
0.399138559227
0.532048143995
0.378503705617
0.435130198809
0.601568078745
0.34440572518
0.553930324369
0.429125421519
0.419487570167
0.522624041315
0.352298335869
0.541707196815
0.592929323718
0.746973665035
0.396464483523
0.644628054196
0.473389255437
0.512277232509
0.488089009289
0.489637267311
0.544588876553
0.469068445267
0.42780273496
0.583256419587
0.442088564873
0.478250089258
0.530378216229
0.471597240298
0.530887248065
0.36543135687
0.694888253528
0.491348391944
0.480794253784
0.486786593806
0.4590021341
0.410881758015
0.441120333187
0.485898880992
0.385326626607
0.446722804359
0.585765502455
0.659822767403
0.451683212633
0.646846348669
0.569029481757
0.600619604694
0.585901278886
0.37367046091
0.572375717044
0.450683272034
0.497091321663
0.41521446808
0.718734249789
0.814268198994
0.674911881674
0.437719294443
0.541629162825
0.444724261
0.585991447282
0.424425693785
0.443098140582
0.723655921549
0.492228371086
0.593942188295
0.465156296046
0.452709814158
0.607750884172
0.451200823268
0.46310631506
0.425815808458
0.530216499768
0.481469325221
0.5271841014
0.543097686525
0.703786258728
0.542846829995
0.663237100043
0.721353633171
0.443371299972
0.490824751245
0.786184923456
0.4748737009
0.609927714805
0.590741971171
0.616619991491
0.503116013706
0.610248590358
0.530896443267
0.647279340857
0.570534487449
0.394905121092
0.571482187967
0.482340707445
0.745145315466
0.550332948157
0.570477612979
0.476410078572
0.520790551278
0.523661972887
0.462595109916
0.411659304475
0.548430415318
0.458124254267
0.436462600956
0.5166460854
0.594658714081
0.603767873628
0.653060028182
0.577980128773
0.494677459102
0.435277121336
0.449719543222
0.544041508804
0.455441583253
0.463340156729
0.55543212219
0.569698166676
0.430628644841
0.621843960269
0.591224995282
0.558300497081
0.55538360725
0.621916447136
0.533265976256
0.511820380263
0.706742551592
0.589891206339
0.508579068262
0.434763878679
0.770778269238
0.584199307399
0.631954188597
0.508137787075
0.555590076758
0.560962161747
0.537733102768
0.619984839482
0.585440327502
0.500051462345
0.453059245202
0.448045344962
0.589949954796
0.56414046923
0.564406189029
0.518376463851
0.426015451735
0.488079378064
0.490462369787
0.544268419279
0.442469036773
0.563132094666
0.393025853155
0.633763764099
0.644521044656
0.625316027111
0.463365167391
0.512945614419
0.423665867662
0.463357512128
0.48533242609
0.479801454877
0.386735676068
0.625771538913
0.641595190067
0.560702493686
0.566675295778
0.558906367623
0.465788985315
0.414789873608
0.440205268071
0.333315846155
0.633796204208
0.576494950008
0.682566770435
0.592247260857
0.52258180817
0.696194085462
0.52685172685
0.496044280776
0.545160097853
0.557438702634
0.570003747292
0.482673087538
0.646496923196
0.43718602867
0.657712191319
0.624170704938
0.652331923728
0.598044902876
0.390256616376
0.660601305835
0.511361570891
0.376388663185
0.579855801132
0.53942126089
0.461317826231
0.66600544597
0.711647866394
0.39365366239
0.480666984672
0.480820303605
0.42028520414
0.608060589664
0.527769485022
0.685549735776
0.540658819915
0.508500539478
0.46905671213
0.475197577664
0.440135831348
0.417026860552
0.529426200961
0.483047004272
0.44637180042
0.411036000578
0.529790822213
0.611056677771
0.544495038699
0.58702943539
0.482302820863
0.522676976229
0.591039341721
0.495855720017
0.731313177402
0.576940858759
0.440443569101
0.665203797566
0.639549231787
0.49404149802
0.536005601158
0.589005384355
0.661331305737
0.777023894501
0.505192206686
0.56430420209
0.494342869265
0.487290168361
0.526087206309
0.577953923715
0.619801817723
0.511124474387
0.56036280082
0.622180193917
0.489870572258
0.441235369437
0.5101469361
0.523792412937
0.366222567961
0.556254885403
0.457623404483
0.381788999854
0.536380059159
0.806576141065
0.630840584362
0.715967727387
0.515713790207
0.467586778645
0.662756980504
0.533368809441
0.449533989643
0.497459653976
0.488061281331
0.619397929661
0.63891861872
0.451819795311
0.468116425789
0.5959417938
0.455929466181
0.554206174355
0.728446222188
0.765702909415
0.601354343195
0.612618574135
0.441781135164
0.446996862211
0.525558229546
0.568137202826
0.718845961292
0.610558614672
0.566645074473
0.637867413158
0.370397043352
0.531972080337
0.568812948217
0.750138473652
0.437283244275
0.763996898139
0.474366287306
0.584818427044
0.551951930337
0.404273843892
0.552834175615
0.641519850902
0.564323302843
0.573739087803
0.710658569742
0.672113342247
0.495734166862
0.640093260021
0.611864750855
0.419395746267
0.456848196324
0.569580742828
0.572010661221
0.52461028399
0.515395893521
0.574375413752
0.561544252717
0.40758329992
0.522501267432
0.567314061022
0.439261171965
0.334992047261
0.392689817382
0.541839274225
0.617974618305
0.637028294118
0.307995584449
0.31903530593
0.558326114285
0.52062029417
0.376548465001
0.590800369777
0.32990321541
0.412206851864
0.362645835014
0.484047492955
0.562569381878
0.619002858127
0.483765607535
0.648890684381
0.557912811104
0.402464241701
0.562393504166
0.854418728602
0.535115328796
0.422353591346
0.405947805125
0.654581974947
0.616100054865
0.592828666244
0.461123619898
0.436279259303
0.424578348467
0.62119663672
0.476313489097
0.728581021937
0.394407378468
0.531093240701
0.540668411249
0.438291601436
0.635320260477
0.384738496131
0.657275340244
0.49030005453
0.549599783481
0.523901030628
0.497639658736
0.52489123931
0.517203527845
0.623592367687
0.412903237656
0.647365758522
0.643327698188
0.619106522385
0.481976041085
0.473684342668
0.513870901293
0.647380552319
0.598714368401
0.440514369733
0.487762198262
0.51335136662
0.646325690998
0.693989677135
0.599487571853
0.570312109865
0.431368278467
0.614609967255
0.500879482168
0.689997272446
0.523502721708
0.418463373301
0.436657011941
0.478897116212
0.682812316912
0.404948482936
0.575340482503
0.533262749911
0.562438711433
0.363260159059
0.612973636997
0.508022596027
0.397729600017
0.554024272589
0.548300691195
0.473672878456
0.677687273188
0.538850600482
0.498270600228
0.678427549456
0.55705439239
0.447735587592
0.517672213572
0.54813983905
0.617989433612
0.449732258106
0.533198699934
0.493878124547
0.787855910629
0.545136363406
0.480212389595
0.576468196298
0.521282767555
0.582138784501
0.491960816874
0.429471844498
0.542332732412
0.408125695332
0.535418277994
0.579556340059
0.597115280564
0.601570197153
0.599426531944
0.38952850029
0.655183214837
0.774179080902
0.500103879207
0.529815760718
0.675488958848
0.551486764434
0.325437296253
0.566169658294
0.55588031378
0.502203110626
0.54870305789
0.487335865932
0.532729213855
0.457386193968
0.435029442347
0.375775616921
0.395438508276
0.485389140236
0.572116515845
0.479922903045
0.506860449681
0.486787792685
0.550121694768
0.48944930644
0.595719557094
0.610178634136
0.711562391249
0.445419868073
0.539911088958
0.425501810207
0.524382194672
0.641643676743
0.544845747994
0.489404419704
0.533721654727
0.588426121279
0.417247502361
0.561780458418
0.69709278465
0.522574359806
0.680279569471
0.581295226514
0.338872897838
0.456688436686
0.559181523654
0.333585738843
0.80726732108
0.427795145648
0.586789381203
0.495859901558
0.353462853621
0.546204055799
0.58121816551
0.676884630894
0.615847637641
0.469131093218
0.531480382358
0.701013973753
0.587477078608
0.427694902162
0.563947039295
0.61491908104
0.430229547796
0.824224049226
0.577011466015
0.723471188232
0.63233203372
0.55073630021
0.586790182383
0.545023303453
0.621262769246
0.642845312485
0.567369823299
0.637522272631
0.434746964504
0.579566973532
0.495612639912
0.61087542978
0.556678427661
0.538798649654
0.58912239838
0.536259294692
0.605747369735
0.406230021033
0.528146157548
0.487091457878
0.527380128094
0.535507303559
0.569781393423
0.795216762773
0.529794617108
0.546856828397
0.543539532585
0.636326660553
0.461085331344
0.408740504322
0.535948746704
0.492418181488
0.605134113483
0.52866889053
0.785448765327
0.492047062038
0.548611565933
0.584989219731
0.524863580669
0.707629028067
0.653129702647
0.626778986808
0.447370224671
0.560121822079
0.668951383404
0.511551277718
0.503665263351
0.561273662593
0.508435974435
0.355380041556
0.655346774605
0.57708303752
0.402826108332
0.332266351285
0.47924066859
0.402795353422
0.49008427497
0.490242215831
0.660891381147
0.559608892392
0.596598851048
0.646308050791
0.447181391415
0.3944045015
0.616942424153
0.310684120542
0.679860811747
0.42284222463
0.408520161597
0.517046496821
0.446149015923
0.383782892817
0.414244558505
0.494633419442
0.664497115414
0.618992812554
0.613422497451
0.52322895926
0.575855965017
0.766821409989
0.584698502966
0.589762091688
0.593898980693
0.38790618292
0.552697285815
0.532354581662
0.716646007109
0.468785049285
0.533224442475
0.634025672053
0.534901535993
0.687784346197
0.612370027892
0.484049748262
0.654908338223
0.430945144861
0.460710126338
0.466683103997
0.675757780114
0.727948899309
0.651955275591
0.57019931191
0.777778964839
0.604542068524
0.545213300112
0.670716536335
0.638754550473
0.652457961522
0.523567133887
0.452546730549
0.415167875178
0.633297438781
0.426241944459
0.500324719773
0.520784055186
0.449351177213
0.5940682615
0.551053092302
0.626826581244
0.49910232101
0.436943435771
0.679972484924
0.365359233136
0.629689347464
0.611862957304
0.663286867155
0.424191349565
0.441796859333
0.656469310447
0.463172843647
0.387142647229
0.460555314756
0.451378916446
0.511863127989
0.748694291076
0.510954764823
0.591732890492
0.529571675526
0.541979952952
0.316399122284
0.514252944255
0.511714229272
0.582449550594
0.579677746795
0.51572582836
0.567241735148
0.580383590661
0.522708768074
0.294527285764
0.702563480779
0.534023240691
0.526660909228
0.559167436303
0.390870076432
0.354341140458
0.435719531896
0.460150998583
0.493800126847
0.514142410437
0.536352817444
0.347093313545
0.510303815741
0.709554905635
0.678561403252
0.539834595004
0.503865276748
0.419207203603
0.50286695789
0.410569381769
0.550056068062
0.540505554356
0.572148814777
0.637347541744
0.594823501129
0.519900042734
0.567828715566
0.492926023041
0.460838788386
0.469235738928
0.654134705204
0.499250569863
0.561893718663
0.433188023719
0.514013624543
0.651454256225
0.407779198375
0.34724612718
0.40783114112
0.597175914452
0.636563347868
0.643044076473
0.598920403691
0.432538179159
0.513369345546
0.620958145078
0.537181810628
0.649606103438
0.631916572701
0.409578141144
0.515046561187
0.531505749137
0.632718423867
0.507081167092
0.29278498682
0.565426560586
0.802134794429
0.550988738918
0.391955669259
0.552762188504
0.375221068943
0.633991035423
0.460399936088
0.44757967952
0.544904145526
0.476538491744
0.522118225991
0.46337703488
0.726345069673
0.70828764682
0.645738692057
0.615644226379
0.652405107213
0.552700701001
0.555037302394
0.700405685791
0.452331236721
0.443582078394
0.618260140265
0.67766442566
0.640240644056
0.619200608598
0.475063044817
0.476146713315
0.473036089513
0.66899267841
0.51659174277
0.561920885461
0.559888584855
0.592690811231
0.566301846159
0.599093091177
0.753633550072
0.646159661401
0.603452695102
0.683895130533
0.525634152569
0.640769162814
0.748379531547
0.529026145263
0.367129340035
0.684446815714
0.523864676998
0.57689496553
0.609948963902
0.593954383478
0.700578634029
0.750004484949
0.416062884128
0.573554919405
0.481267279601
0.614024504999
0.601817864878
0.511853803066
0.588892871299
0.57988816329
0.573362660574
0.567033043412
0.544989158244
0.545941430497
0.438899605357
0.445693721417
0.378994045001
0.508488844606
0.615549572836
0.624962001582
0.409546065182
0.359548332535
0.503281338737
0.490269867622
0.588333721245
0.585945662785
0.551706945756
0.329938770152
0.403096338858
0.440661530462
0.457552342436
0.558953079938
0.616720108819
0.49175618655
0.508956295389
0.695272350451
0.485515145498
0.641031212927
0.513905612588
0.510751530858
0.586213660962
0.543077948196
0.564546912083
0.741701243002
0.354654887778
0.571546999067
0.76904849791
0.490583051301
0.69116719962
0.450648786505
0.67460117518
0.485295928427
0.688535371887
0.502917356218
0.876048717584
0.420551107963
0.433483368458
0.551958916979
0.631788860688
0.773448095811
0.696541046549
0.465946890834
0.441566299134
0.626937116811
0.598179755083
0.725697859509
0.660445087496
0.548395845515
0.424897754648
0.554564300343
0.422385349174
0.54559110068
0.429032958502
0.606018989654
0.578889943571
0.573086261426
0.560974660058
0.570113321734
0.493738191777
0.642073903273
0.571501875354
0.562925623754
0.59725684057
0.456338461119
0.592856528966
0.56336853051
0.48612509501
0.577499197449
0.502902784054
0.537905566067
0.539936962518
0.464647076869
0.549737774198
0.429477454755
0.515110734381
0.608984050402
0.60710585349
0.626736668618
0.366047928774
0.596855797342
0.450187867536
0.474369448877
0.541462870996
0.497106837982
0.46805646636
0.621481620739
0.681318113566
0.389363327605
0.729759667105
0.713400532875
0.661803745462
0.628742395063
0.386872397953
0.542011403848
0.610243229384
0.584054311379
0.551322049736
0.657927053843
0.566891342357
0.41337973497
0.416987776081
0.426952453872
0.580209554616
0.564230569486
0.596987789657
0.619802860185
0.479522711967
0.480745712668
0.588343962228
0.481534483491
0.609321906931
0.620343434194
0.461729152416
0.30298435942
0.644194678025
0.56678304114
0.45604390026
0.638254157978
0.510384577568
0.56355014189
0.538948249235
0.636697323928
0.537254976332
0.493533902452
0.487249280642
0.44815852506
0.404669185699
0.372735283807
0.567335307253
0.71703709358
0.436720883627
0.63763113538
0.578715787262
0.621491779482
0.59115414286
0.55316881793
0.66086355228
0.673549793424
0.426294399516
0.56488334865
0.455564787447
0.658452511832
0.643370682438
0.453738140179
0.706428846359
0.666905013602
0.532831742572
0.782528674032
0.453050254684
0.479947365953
0.555287417047
0.420457204274
0.633549628669
0.611412907083
0.722266444068
0.576215086894
0.404162544788
0.378540621168
0.66982347936
0.469380205832
0.433710648617
0.503935143489
0.710541935287
0.566169834315
0.707104170031
0.596618352084
0.622320394181
0.291029453983
0.600674929923
0.644857403328
0.598786095044
0.320397085446
0.522841700286
0.827362629848
0.465519236632
0.478477496596
0.424411968406
0.487007378069
0.471126640556
0.588341630855
0.51859775713
0.681339087618
0.552970043993
0.656967279015
0.480013374405
0.459752199704
0.431307134207
0.477370398658
0.626373436152
0.442722578765
0.57093378707
0.356522240928
0.629804922203
0.478192560082
0.620881493643
0.468788022351
0.665972034568
0.640055614751
0.780298772569
0.758015811429
0.532932904767
0.530091188633
0.681109854235
0.530032832867
0.424675595309
0.497222418423
0.345643983002
0.503467313423
0.63991948108
0.669297543125
0.552852264171
0.652214899696
0.373970468902
0.571007638759
0.616443245718
0.583254498843
0.39039356041
0.5049601942
0.556639298854
0.56520137548
0.724781509424
0.751016501852
0.712608459554
0.525446128401
0.642890484604
0.45530398868
0.665205641422
0.573169942586
0.459391582083
0.614371553452
0.407812066898
0.516456248589
0.576031426283
0.442088991112
0.659766269993
0.616613722428
0.812937098868
0.570331601157
0.676133203028
0.484661124628
0.559415138115
0.632753510121
0.466180774764
0.373963986477
0.589433657807
0.44788721338
0.624702754233
0.497685819296
0.653452873461
0.579585371462
0.724589208826
0.50263174534
0.619757120589
0.337445353587
0.613912487295
0.533008891271
0.60558870584
0.498647991649
0.380184160043
0.48645555816
0.815035244208
0.674556331177
0.669449231319
0.648442594748
0.54378418994
0.674084960366
0.572145716707
0.459794581639
0.726285011027
0.449481931187
0.534025851315
0.603725404727
0.553872341367
0.476945380019
0.442731086518
0.431316253504
0.599234323361
0.497469284705
0.692758007548
0.416786138295
0.498811436886
0.666099508869
0.46760245326
0.45163078624
0.485403585876
0.554834662465
0.649813448338
0.571440007467
0.518591370201
0.553088813249
0.642677334416
0.602787155592
0.75153556778
0.533648944585
0.479862038077
0.634434597662
0.602795619366
0.644595922553
0.5323245274
0.721362042312
0.748706577054
0.705715642806
0.687831713485
0.481672180321
0.521123494472
0.574141050896
0.702743174001
0.693950944263
0.527188004886
0.445483840532
0.572013253514
0.597725592422
0.665157293969
0.509899218882
0.416161845341
0.663668725885
0.614713915469
0.440736376096
0.59264535215
0.543876288351
0.71317753181
0.719249689332
0.646400527462
0.41271623674
0.544057091857
0.602561195114
0.60086278416
0.508320751248
0.449164168366
0.671437582808
0.630679971019
0.494374839556
0.617105459346
0.620375268543
0.531984391407
0.609603751219
0.667867720694
0.466653917498
0.518573533613
0.586302021404
0.449715272917
0.514594746282
0.41025149041
0.43302937632
0.600022265684
0.711720420346
0.492784128297
0.576933543818
0.655435111558
0.657905987069
0.634044133615
0.534283215677
0.658054128054
0.727198819863
0.653219986062
0.525955884559
0.572923342351
0.645650924076
0.674536826593
0.627097615103
0.510019039498
0.616557011082
0.459647005682
0.538922402993
0.602998425173
0.614484444475
0.603960267089
0.552291791174
0.714673124871
0.480629511975
0.494050852954
0.627710430933
0.63585023727
0.633644439111
0.70009855355
0.447854773815
0.528786096718
0.599011421482
0.626989798236
0.320805947522
0.504507333745
0.469926499718
0.518943080745
0.587430375018
0.692619267585
0.406443760041
0.483169152899
0.482902120014
0.603341993666
0.640847131406
0.540317342027
0.599081594038
0.544867257347
0.514644955044
0.483659480752
0.4096074584
0.619257290022
0.691116820921
0.499859635095
0.59743742173
0.676812669616
0.683231893331
0.648716226164
0.695060799523
0.431603236926
0.555226340112
0.559735770363
0.493324097943
0.606443606551
0.506505147273
0.61267668105
0.56091769465
0.606510190843
0.717321387356
0.365594948315
0.369798410983
0.45795264997
0.582181398227
0.467318950794
0.540311574087
0.546456831435
0.39307138982
0.643970999434
0.608833009023
0.668653596937
0.676578083759
0.502475264248
0.369196909833
0.528319570144
0.557442497796
0.591502593319
0.491590765524
0.666968538102
0.429753892638
0.395680700454
0.527441369102
0.451996601701
0.503171184755
0.63305191726
0.624282659626
0.625448455175
0.423592756218
0.511108185581
0.525743850509
0.554771502633
0.739083260265
0.726342900583
0.590451758157
0.449664388165
0.462643447671
0.57772933849
0.781244732061
0.557242655351
0.539373438739
0.747777650958
0.523108558673
0.565102610899
0.557361504389
0.599701283515
0.54922967652
0.533235601361
0.547645043915
0.507423817174
0.533320969601
0.59405620761
0.437123153172
0.464963440274
0.650480669949
0.699333467718
0.383282488277
0.644119200651
0.594241078199
0.472210556421
0.662967942133
0.775718943712
0.47594384288
0.478136790083
0.50467716543
0.557713674981
0.474242771528
0.428619460146
0.552874681932
0.572661578277
0.687100756177
0.529176096497
0.755153468489
0.582140438854
0.667279422174
0.49380324825
0.812969318352
0.692645572448
0.444456787028
0.509308038588
0.569154759995
0.382013977229
0.634378569389
0.587462658163
0.563570235699
0.551751631459
0.647871564403
0.498639977943
0.325024582484
0.490800102541
0.70277666704
0.502210265339
0.447247207373
0.443006474523
0.492171047623
0.512522750897
0.650554839254
0.518540562579
0.484650143481
0.485318554436
0.407707016403
0.354545756307
0.767379412708
0.469724200648
0.519317607209
0.679858124471
0.465762710075
0.629086612477
0.504693172665
0.536932377701
0.498942511622
0.54720758708
0.745208280162
0.62388014151
0.490582143959
0.712893770554
0.516561779493
0.537393905599
0.633182703469
0.649857338632
0.412731721936
0.630587530753
0.542268182431
0.440982423687
0.412152864871
0.733564841661
0.858078862312
0.482719830776
0.532658281288
0.51240069139
0.629826903019
0.529382682173
0.586837883039
0.534347468437
0.514638979355
0.564441691203
0.451460342539
0.425311216196
0.60855888768
0.592062163916
0.511892327209
0.579989341294
0.58595716373
0.634214371651
0.424698664824
0.552559744586
0.501103111144
0.536988683408
0.562078480455
0.589337379361
0.491371453396
0.514565876883
0.550943259899
0.506083141036
0.411522260038
0.480552702883
0.537838811747
0.69401303837
0.67496357835
0.596120898711
0.516006253439
0.596039442543
0.529741664127
0.610515455359
0.563923578623
0.474001395081
0.45159840404
0.562046656563
0.627254836071
0.645359732219
0.544571791851
0.461310174541
0.457545418789
0.532739058724
0.485832733176
0.606209279779
0.564363603248
0.405423148775
0.582061836946
0.576833790417
0.49889164317
0.596944049133
0.370484291852
0.477259240444
0.581290868788
0.735484526397
0.489330851783
0.798361141136
0.453416657335
0.451646024054
0.533782801161
0.532176528282
0.476168026887
0.624888436046
0.486625438709
0.625282971314
0.545613634269
0.542410500321
0.648400506526
0.715786265491
0.525098418417
0.560421688644
0.538568274289
0.499936604821
0.770373628803
0.533423949838
0.739070504257
0.418427254394
0.44319672561
0.633447359866
0.647670524836
0.518183111857
0.509302377809
0.592189917046
0.614182068434
0.545576865057
0.504572261762
0.653868534662
0.333980683721
0.730688285923
0.703498455959
0.591802081734
0.572729114102
0.465272530307
0.637413439427
0.559084650534
0.426429150376
0.723763650518
0.688805731552
0.776882062496
0.480844596661
0.468862620672
0.879139191181
0.408561530012
0.725245844929
0.596359657308
0.562468773667
0.659577714561
0.48541060372
0.533953129123
0.543945074234
0.470969066331
0.552408355043
0.54177204399
0.425407920739
0.514237084069
0.643182812639
0.721776514412
0.49601956776
0.430868007601
0.661403150191
0.487820537448
0.503729863487
0.517434080046
0.572653234373
0.550311167341
0.591995761597
0.386240007071
0.735388619326
0.476209178933
0.710264764982
0.662451362869
0.550115201156
0.660498145612
0.504089294516
0.462406967894
0.569251146818
0.523254631442
0.44119726507
0.432339868962
0.507135055615
0.573807765064
0.346979726374
0.645106684755
0.391697969386
0.509136478727
0.4770633347
0.479585848218
0.615601198818
0.571208700907
0.52016465686
0.307625249096
0.533119121383
0.533203093203
0.639040222547
0.465610082754
0.521980312176
0.759812300511
0.479734576768
0.522688467765
0.551947909453
0.585952118496
0.440553090762
0.565436435789
0.478956091873
0.467994533602
0.554558468182
0.792277831412
0.551580984993
0.439484476856
0.446609632546
0.505372486516
0.721214529522
0.60178054495
0.490133093135
0.482566251106
0.377366499447
0.793581238807
0.474435120307
0.484963309745
0.645793732135
0.590195581094
0.572385029601
0.584312324688
0.494990957852
0.398296830108
0.528396279393
0.401379167563
0.477136019805
0.477297598405
0.645937072538
0.580177327707
0.692138531579
0.431196827477
0.575844308828
0.632843684538
0.672905462704
0.559113784385
0.527969478287
0.557951616197
0.49267390437
0.427584951355
0.545336671401
0.524988183832
0.797940935295
0.76915325941
0.486146486858
0.493380541682
0.602466444378
0.540166290074
0.645517508913
0.54713659065
0.651806781019
0.421215361473
0.543633328217
0.553654543517
0.568801276968
0.565440192737
0.433293758277
0.57967307937
0.533863263274
0.805651692295
0.632003489601
0.498722860624
0.56979963144
0.570157277593
0.792660321669
0.551978511641
0.563331790468
0.545698975225
0.588270580864
0.553512683787
0.703141683949
0.546647650457
0.658100449923
0.511841499524
0.553426721243
0.580597266264
0.503362640317
0.621749727662
0.478329140185
0.544251447689
0.572208082581
0.612579164322
0.503969424015
0.518808650179
0.648810622237
0.690501526886
0.521302285477
0.557918264707
0.515055774738
0.502452749036
0.423670198555
0.624140135538
0.530543783123
0.468982615865
0.61837331078
0.464363143289
0.480821676848
0.561192882398
0.562806785525
0.513767537347
0.50650484653
0.55970861388
0.677073816295
0.649077213262
0.618472115003
0.585783758332
0.572443909988
0.460248459477
0.743547764543
0.48838599411
0.548472363177
0.504051929158
0.567132302663
0.476048360717
0.465933415385
0.625502780155
0.447232618772
0.4173133341
0.489191533857
0.581811842319
0.852056275971
0.550760671648
0.612133975786
0.574901349376
0.433232548517
0.385005252393
0.771485293361
0.518349924128
0.549354732335
0.625622479302
0.660607378031
0.57141590251
0.659683129194
0.635828658755
0.520578531822
0.681619980445
0.418706293157
0.570404650054
0.610448590409
0.396571573126
0.57337044833
0.409272966809
0.652683460601
0.561694463596
0.568858596505
0.523574684777
0.532012903074
0.706482860164
0.726338456392
0.563460849222
0.536377591656
0.617587268639
0.616157971936
0.577966810523
0.469071525591
0.542300177794
0.685433753277
0.751675281106
0.517716346075
0.383185094831
0.666181253288
0.598908596886
0.438678797187
0.639902850226
0.654277140325
0.651111924072
0.713966623546
0.564581808258
0.582659875028
0.604943527721
0.67211783685
0.560574658156
0.561984094527
0.374258163541
0.580507516319
0.483177975946
0.633922033117
0.405154031281
0.485808092965
0.519023239639
0.493271856213
0.559493816645
0.496394770573
0.5595587454
0.55390456137
0.528104436915
0.545699796824
0.559769092786
0.603576997546
0.691876267005
0.587925208748
0.659851277501
0.490403076356
0.523108608082
0.566044302161
0.521523891063
0.559219943333
0.512283290562
0.442107565252
0.700361682471
0.689154061026
0.476182128182
0.534518900322
0.471435790173
0.366114202404
0.390514659517
0.316539347857
0.659009651463
0.705457173063
0.561462168662
0.578386456001
0.660343077943
0.543488767961
0.598487401516
0.381231238767
0.504758610274
0.59227624451
0.703052021742
0.640505246828
0.624687386446
0.65117083052
0.539470196416
0.465760489519
0.451962802533
0.481828217377
0.624379816511
0.800851894522
0.406532421594
0.585514850819
0.707801944496
0.50963883889
0.772018837423
0.402884251346
0.577328205789
0.533742888259
0.622297386718
0.5738105448
0.630584411873
0.624895555277
0.661549838779
0.622112776749
0.591198475445
0.595292438816
0.550751701581
0.612300986002
0.617195403162
0.573498212018
0.571808414958
0.45609608164
0.509338655807
0.695128721383
0.684836049139
0.620372867243
0.606531731841
0.402660506311
0.745810477646
0.590265091698
0.682234751625
0.77648474296
0.541817988922
0.43236951046
0.597585861223
0.352331414933
0.459232464461
0.548577995675
0.484720910984
0.588939509618
0.676582049919
0.675761059515
0.497124625569
0.453842355181
0.434767726331
0.456591756968
0.730220372492
0.503391797697
0.550100509467
0.50633356606
0.460558679732
0.424121192824
0.604793424795
0.331294285229
0.637114917496
0.450363135639
0.593228522691
0.534528707679
0.637632490888
0.283868185227
0.662861423731
0.545402905797
0.537976469398
0.658048829374
0.465356919924
0.623969451982
0.604185609338
0.61905693616
0.454551950628
0.416652366196
0.556975142306
0.465060723198
0.47352507167
0.526552232446
0.641717031908
0.457712480219
0.499167447108
0.766187705872
0.733549047611
0.661390928593
0.502326729517
0.602888059494
0.516458527119
0.508183509855
0.64417766175
0.503268955632
0.6956610744
0.640463196223
0.601186705518
0.558083297831
0.492668416885
0.590403410742
0.462222756869
0.628883036288
0.533422251425
0.419600780684
0.492779881852
0.696152866252
0.509608038996
0.659861789268
0.438355060148
0.427044265457
0.454630004102
0.467830172194
0.737266089329
0.544098361823
0.407934640957
0.520560315251
0.567333899842
0.511290180191
0.551949189529
0.490599533528
0.606751115134
0.447562301809
0.623740034604
0.54083801811
0.531528319518
0.65412997748
0.541028508382
0.443061772969
0.560176178261
0.662088388755
0.533071473688
0.515646051496
0.604709121069
0.61828596815
0.579634045787
0.683674055316
0.552140571546
0.760446188752
0.612383164562
0.360205198922
0.637893317383
0.571885282712
0.636329745519
0.560461124191
0.337308452664
0.567599825298
0.640935915798
0.922348495278
0.649049175442
0.6008280324
0.616653266856
0.623041732612
0.401657932855
0.641032253437
0.493538775122
0.584059536228
0.663510153069
0.664303901438
0.553679309908
0.557467871673
0.525755280111
0.601143234672
0.377804349808
0.640224373354
0.606105631474
0.682126853118
0.534704326459
0.520932883921
0.510504446454
0.268261137376
0.425609264046
0.580929343781
0.500491847189
0.597132222751
0.513180114104
0.390183532489
0.568846200301
0.691788732964
0.574685918488
0.576367593052
0.67853115311
0.753908621566
0.599986198856
0.450992554495
0.605811324121
0.467258219089
0.485277887927
0.539644525101
0.742813136541
0.454941629641
0.518121884424
0.610275664238
0.413136035961
0.548982598262
0.621441098812
0.633554743991
0.406166256003
0.539670188991
0.669410532055
0.560491321988
0.500347686121
0.501827070164
0.58910889658
0.542358482324
0.731992744278
0.624118678874
0.563572144668
0.685308712514
0.637461330348
0.601002487083
0.627415315842
0.619379807963
0.638215733164
0.552145815675
0.678083765031
0.604373098627
0.419215407989
0.474840548503
0.569330310445
0.406592222381
0.489444101826
0.481752618377
0.500398313308
0.522101100906
0.599110594014
0.853956769768
0.484057770113
0.626212148936
0.554579557914
0.586613080707
0.431353448044
0.45150684422
0.407775667923
0.556812642527
0.448227114127
0.544085101348
0.606497962756
0.572686546402
0.653912267927
0.452028266971
0.576875651435
0.418264251918
0.532254170063
0.645943544372
0.664188822927
0.60438097746
0.419458098978
0.588328851877
0.653318662708
0.536269545768
0.693615876768
0.497505323117
0.561031692052
0.762052440753
0.42098488025
0.574291131401
0.640840591764
0.375850388482
0.561115884533
0.777799509041
0.587623062871
0.592283066626
0.586667643005
0.616366955165
0.571592041558
0.54824449721
0.584296694787
0.492859501969
0.739684148176
0.589567112826
0.463160266103
0.636104174106
0.403609105742
0.495353914771
0.56726052798
0.624838016316
0.579426249574
0.550516466623
0.596882480961
0.385879208199
0.766821834023
0.606639490027
0.42182899864
0.634459931818
0.688405383398
0.581956372665
0.523963535537
0.590298085933
0.623614139435
0.67594336397
0.536419920575
0.512446133322
0.639075499333
0.470398115288
0.567955675875
0.616612467177
0.381726065952
0.579651775396
0.511888664374
0.567726025729
0.514095149921
0.432359921781
0.589092120473
0.487273003089
0.654157311289
0.315215974546
0.533914470801
0.398823710692
0.565029671076
0.426027713605
0.502880011441
0.562051582424
0.566113943982
0.717408491173
0.598660019551
0.770333783617
0.440388620262
0.595760018669
0.563725338199
0.459968897005
0.589554523034
0.502727383039
0.607645835898
0.491158280943
0.609456606566
0.729245154011
0.70888432337
0.427349767557
0.610498547505
0.651240416408
0.587796631928
0.606710777267
0.324888079692
0.533135952493
0.546631361408
0.547546928154
0.439732722557
0.535818691815
0.520666251088
0.453181900431
0.527765098473
0.60560408974
0.446765608699
0.536806971827
0.516078153373
0.581465843473
0.552164094939
0.69312716825
0.620939505871
0.665996961197
0.491420871026
0.600699745684
0.43980024677
0.637200823331
0.514853217304
0.580109122754
0.565593826207
0.585648175446
0.70963196596
0.549504299644
0.689984872374
0.395563181928
0.696922733517
0.712963684992
0.518370539556
0.609465042323
0.590402332165
0.71676161235
0.622118784559
0.570532130937
0.531963785268
0.676326447908
0.469951877991
0.545856770999
0.555682186801
0.561668659051
0.746110344682
0.470653089445
0.420821737639
0.561521837827
0.553055077021
0.66673589818
0.749475357999
0.47781321778
0.603549461058
0.504176527868
0.589241380128
0.658747008199
0.601588347112
0.644413572671
0.491825820794
0.57289742897
0.31524216187
0.613638643732
0.542760909333
0.360945577387
0.547882896015
0.50784371884
0.477787285504
0.679237521121
0.554313081285
0.595837957869
0.398843783981
0.858221165618
0.641215447977
0.697141371346
0.599891582078
0.526308797359
0.588350599768
0.71193498876
0.465067435181
0.469410540675
0.518236418677
0.481612608098
0.583492125742
0.739342578743
0.659071040869
0.609866286888
0.663684648967
0.458349729038
0.671473592729
0.539707016297
0.589647588705
0.632326853925
0.655614516918
0.600089705596
0.605423666998
0.609973489466
0.574431389347
0.60445887382
0.514203816118
0.49553432476
0.364041527105
0.535965723262
0.574001674884
0.499554706298
0.660346261765
0.585117403907
0.557143041856
0.708681714749
0.513720144476
0.65097107399
0.446759365029
0.506087080879
0.592689306481
0.478688399256
0.596296787904
0.673097894268
0.605679496704
0.674610630613
0.615061011697
0.543194215769
0.709362766434
0.623629964295
0.536130834568
0.742323754126
0.641939287639
0.452267053445
0.554085267325
0.663878875196
0.450645515299
0.670034488671
0.651183896995
0.505706165559
0.497719200839
0.628237541819
0.494196509235
0.560751770446
0.473319231052
0.526863901557
0.498818527988
0.609881061241
0.593215062719
0.538843879114
0.606703188414
0.597172359892
0.487158194472
0.566632017379
0.568693995086
0.655774347422
0.502967710606
0.542682389858
0.57794633465
0.531420084543
0.634728723814
0.683624368695
0.643929093916
0.653376578997
0.546998792107
0.724598515975
0.568285084787
0.637654391935
0.537648319911
0.6579652173
0.559812879722
0.428703694654
0.642471343955
0.784369066452
0.697403896961
0.526475148672
0.574150993773
0.549367715876
0.442266252113
0.570578286855
0.412422527875
0.437255714749
0.522229291408
0.873901068422
0.530960706514
0.70465470382
0.401499352673
0.69174664704
0.507315689469
0.626799415622
0.427455528707
0.613043064632
0.548905089079
0.552037991182
0.689265795571
0.507185028881
0.488694998907
0.599748756982
0.479315544167
0.537722377686
0.522717359741
0.512578934333
0.678129978397
0.363366498857
0.473694700338
0.511558966829
0.617332928297
0.616176720256
0.445282653841
0.572282198432
0.62243041501
0.615546118322
0.544266433148
0.708605621382
0.549125857535
0.557533780463
0.543381867945
0.81845198309
0.574012302676
0.645299651815
0.474122275207
0.562799505829
0.623790537124
0.65602735245
0.660846313065
0.468451255771
0.793983974502
0.52453778127
0.657621802223
0.556922299894
0.79400831578
0.590609306618
0.499531079792
0.606680232474
0.585483199628
0.678528376763
0.732688361747
0.436946997085
0.508420418364
0.447626103726
0.631554616793
0.570483760306
0.656004498907
0.620184994729
0.443099075289
0.430653735146
0.518619609236
0.391690299881
0.478477687817
0.559143707907
0.374641483313
0.58572076185
0.638150048816
0.741191793054
0.450839520555
0.40969841636
0.637321552217
0.53201049915
0.55992378699
0.531730532216
0.565167057494
0.469070844677
0.348807348365
0.4762100593
0.604106256324
0.531435855903
0.650556421373
0.724005813269
0.741699486999
0.771380036046
0.619696207951
0.449195039605
0.689649051955
0.421989546109
0.686391403607
0.664905778244
0.574344257447
0.434345512981
0.552346677168
0.82258257564
0.578106717393
0.572178455373
0.4632968857
0.711845616094
0.536249090568
0.71268246185
0.538897395789
0.659302784471
0.52783911403
0.352237302476
0.580641245175
0.670403348693
0.787898289245
0.58912164176
0.54137924764
0.515895065833
0.405815480382
0.416992783769
0.373239579575
0.46413541264
0.529841347316
0.494897354774
0.417313757483
0.51016875544
0.454216757947
0.491408674982
0.603949553834
0.572452184345
0.509305136073
0.533431735923
0.694041888544
0.601043363057
0.790209260803
0.625720253993
0.769850006155
0.553242456231
0.457206972311
0.637170993751
0.524065712943
0.462540637584
0.63881066523
0.437139763267
0.632659882509
0.637869792073
0.482583514309
0.528665481324
0.590341809953
0.721701875795
0.53627410176
0.625707668733
0.494573427434
0.534293487176
0.530440928841
0.525233369017
0.478700173747
0.524109197082
0.827645760412
0.603224339956
0.421924533197
0.517822966074
0.665593951848
0.494746180736
0.548756862562
0.497844918181
0.614467441321
0.640624887353
0.488285421387
0.677329840051
0.498338465892
0.616512836234
0.470256481199
0.666481210076
0.61753386603
0.503753123234
0.569444571111
0.484690815729
0.542126175371
0.672361088125
0.447617115869
0.587900650314
0.757725556234
0.673661925775
0.415229942872
0.534106486646
0.498493224837
0.483525067908
0.614451030876
0.58103648161
0.681370821127
0.452808399961
0.418271089516
0.333887052455
0.480654497627
0.641834845079
0.654097265009
0.429161426333
0.467783180104
0.413761169174
0.392311429233
0.493057590184
0.466409603625
0.52942033982
0.581438827152
0.643372394745
0.467640581319
0.527670515312
0.514307117952
0.747617367711
0.481876783857
0.409413873361
0.502345806366
0.518865458751
0.731158451342
0.766459251999
0.48645091094
0.541384526421
0.593010331584
0.583798789276
0.553281219932
0.666051599701
0.700038731666
0.361300889895
0.468335252536
0.33848188994
0.47878692029
0.539703828767
0.508850209303
0.483857770373
0.479662317541
0.541108390656
0.397154771727
0.599643047233
0.58178086377
0.664246202001
0.430993995257
0.425196831972
0.489223736352
0.514147617904
0.694806595711
0.579089955769
0.503162055111
0.621114627969
0.450923773631
0.556852840971
0.704112038738
0.63070044006
0.538398536913
0.531790154096
0.408261150959
0.58417022914
0.657088426273
0.541572209686
0.639683759841
0.40252901474
0.430698807383
0.588321852248
0.44235140727
0.62989803926
0.516795735667
0.518738170718
0.577218504535
0.534945025193
0.72093330317
0.553430384606
0.457134267834
0.599012096545
0.590090545512
0.509667395698
0.662444044626
0.517197857684
0.679851170861
0.682160905862
0.704539175401
0.505731351808
0.418752610828
0.468767120337
0.659963935946
0.475094373609
0.567827108077
0.401866600441
0.599925812861
0.683653805209
0.459335245106
0.758362609942
0.782763356278
0.681704694482
0.509939138378
0.545729266894
0.502367721677
0.569738019448
0.457130395685
0.552934859818
0.39034251067
0.494064498203
0.430394416075
0.528242937422
0.526660712899
0.599097163111
0.473051442336
0.49503268769
0.524736531477
0.639032738114
0.696569040284
0.447001394681
0.514068303861
0.64287442742
0.529119083738
0.448677153499
0.596341873568
0.530132204957
0.31001564405
0.497014928538
0.429350708593
0.466609760784
0.390397016554
0.417110199212
0.604049295617
0.631146690743
0.583549073524
0.424686470224
0.38897760826
0.611965162331
0.450670040557
0.606963713212
0.407595777042
0.722875305324
0.496260912677
0.526775111992
0.549720064475
0.610746566961
0.680289615061
0.58585406804
0.579311489188
0.388010681302
0.558684478687
0.640597013104
0.520306962623
0.623068999063
0.463593248406
0.590005263938
0.507486649186
0.479266261584
0.434302630673
0.597268550718
0.63082256941
0.492643469768
0.506959516645
0.589615291862
0.519630265434
0.469951193196
0.582954357525
0.564296103619
0.203496527149
0.581288689523
0.51092709992
0.435555134718
0.483992713196
0.644236662828
0.40571735609
0.7828431715
0.472764435395
0.749814136263
0.435090057806
0.595403614668
0.493249891748
0.474538477968
0.433210665277
0.653097770238
0.587522119043
0.633122522093
0.623071045706
0.606560088112
0.461337315388
0.526399372823
0.558348688685
0.578666314738
0.605248079938
0.61172039122
0.430708572765
0.616490133401
0.476437104644
0.563604079733
0.600297985926
0.67349864483
0.725924288846
0.50138069935
0.5909235361
0.499176667511
0.623600075031
0.632176308726
0.592430978514
0.630050989553
0.470995820396
0.493960177217
0.463421226598
0.421145341976
0.625858523811
0.474647953151
0.501161127091
0.429034432027
0.61571834257
0.622476711193
0.570015001139
0.602243267831
0.512866024407
0.596121669223
0.500652100453
0.558753838856
0.710641890103
0.515636694638
0.720509020525
0.425854909792
0.575945490411
0.527767794303
0.692333982913
0.453581819691
0.444635683109
0.50974973675
0.415855155649
0.458802076311
0.638760027653
0.646829220357
0.724896658803
0.659092715787
0.465080677018
0.434640618127
0.482065574105
0.487469326549
0.461441694177
0.408707368528
0.50992018015
0.603903515213
0.602228098776
0.301648607933
0.654515186954
0.535312544313
0.681734757704
0.516110385901
0.542538042161
0.595107666384
0.410272122068
0.48381249327
0.432836483484
0.643458883849
0.710486051941
0.702575075418
0.412213412622
0.541508321002
0.577784431427
0.670016322572
0.663280610383
0.661054382185
0.400895834577
0.57474519973
0.446227924871
0.393973895732
0.834032943643
0.737927782856
0.756511296255
0.434647453764
0.508916207507
0.754417508117
0.683061661542
0.626874147478
0.407174499269
0.66054502261
0.590871542587
0.627145440194
0.521055059972
0.663049896283
0.623728034007
0.584115003792
0.503560890317
0.493833774426
0.412374693778
0.492034523974
0.480739301164
0.516610098013
0.395778589066
0.585341953049
0.714797118733
0.487080422915
0.726862830261
0.524596676253
0.746912194434
0.741574264164
0.566367627966
0.428228737369
0.449410526663
0.616203420805
0.464675436042
0.532439847262
0.546686937289
0.665237023848
0.652028890036
0.597709339628
0.552575108259
0.518868227769
0.696270973329
0.540685559407
0.440853887904
0.492605209447
0.550146270282
0.450156040527
0.495709130098
0.648533646256
0.494122731625
0.437716615916
0.593672692104
0.439634850042
0.400289847723
0.504789931153
0.450389334331
0.586567448184
0.607032032007
0.404010893446
0.63910945689
0.612029118813
0.5213055399
0.550346923102
0.489857110359
0.308234491038
0.783296129668
0.518340673447
0.435028067437
0.690554033697
0.649609086176
0.678463613258
0.553498829357
0.713563065787
0.418065645645
0.352551795646
0.498685763858
0.549787357821
0.513566967282
0.595066793146
0.363553928369
0.653480410221
0.722605839833
0.343411164995
0.576866054476
0.43462615522
0.460631511129
0.488882916356
0.612690778158
0.706501982741
0.506028250049
0.458643497391
0.571960567682
0.482358416281
0.614550175474
0.438284990627
0.693080035227
0.583243800867
0.495560646659
0.583455687195
0.501838454228
0.472635658876
0.455126558504
0.490322352463
0.620614143254
0.615756337181
0.372128364865
0.408822367493
0.417196372764
0.620124269193
0.377071699576
0.328800362495
0.360430745611
0.534535996288
0.694523683435
0.533831349867
0.583457200843
0.483472496448
0.693185037762
0.45827205431
0.432722834178
0.638919285226
0.505862200304
0.529966521527
0.655326825799
0.55583563207
0.547791857896
0.500015807279
0.48975443679
0.534357422405
0.744621823619
0.71073766801
0.714429027234
0.577888015572
0.536504935064
0.729522191478
0.514873076193
0.418360877257
0.610284143779
0.483929478683
0.422426155557
0.471303508128
0.568143706702
0.558261464568
0.596418759391
0.577939564372
0.502084975725
0.524408964263
0.585243276468
0.609406659116
0.601317949151
0.376005663569
0.620864988536
0.651174154017
0.563024749688
0.54212615148
0.770805140534
0.637548002346
0.538473377061
0.461330236427
0.706351252568
0.560215503457
0.652556356295
0.624282724587
0.482654645193
0.507223844547
0.446829676715
0.44926057551
0.324120953339
0.478941323794
0.539964916935
0.501777619264
0.750602700559
0.557439071708
0.576910053947
0.305866876779
0.431287746216
0.530674261624
0.572498497828
0.664483842384
0.594035122238
0.404916469444
0.303708272112
0.540356564349
0.359112081602
0.504781653562
0.536626906733
0.394505497348
0.536418234455
0.626701460198
0.591085376681
0.627047918484
0.502486170004
0.621444643568
0.464985309619
0.747625487256
0.537513157147
0.529309104249
0.61805792212
0.728779437562
0.592084324096
0.695815070711
0.522637544176
0.541885332088
0.719471159115
0.454179237068
0.591512697878
0.647307856526
0.5882313197
0.65835686254
0.611631542079
0.590572431901
0.531843784139
0.5911423937
0.650304832656
0.494514785735
0.544409552938
0.441410943799
0.729220276857
0.684063129435
0.553065396905
0.571462535541
0.748796357703
0.541229284564
0.611178401026
0.631881960344
0.635892291102
0.739121442981
0.61604817343
0.526400723685
0.394946076422
0.577713270985
0.635340412995
0.539581254867
0.508774261219
0.760816410192
0.62529097242
0.702353557374
0.571196995636
0.387839691645
0.578649350603
0.422419747784
0.688025747125
0.320728992693
0.401155195582
0.545625383253
0.667526269505
0.522596355168
0.561154555704
0.544420339675
0.538293799572
0.772715507304
0.506464130264
0.578547114331
0.416488947145
0.599043819191
0.515328925641
0.693698376263
0.672211907325
0.727953340069
0.475182915939
0.568094348476
0.563570494361
0.690173430949
0.503718626592
0.639325161437
0.589591041562
0.57541540152
0.599361536425
0.574614156005
0.5896682631
0.516292534568
0.678570587244
0.575786674651
0.687954258702
0.459882535181
0.611839436364
0.399945132137
0.640815389707
0.425164354658
0.670890657531
0.518154042889
0.564814949705
0.436607707687
0.376534450586
0.720361555499
0.453369421322
0.433028903049
0.583233423931
0.471608906946
0.715851262037
0.648782998861
0.593807408519
0.367221394256
0.363309605033
0.465273966687
0.675597253311
0.565917216125
0.493169290297
0.436813957544
0.466992377698
0.405033863457
0.591821565327
0.520240217788
0.442398284043
0.478144479077
0.633909462709
0.537016171874
0.511984578039
0.550772717531
0.477128959926
0.526044056242
0.509285880757
0.547882053583
0.560457476326
0.569695909209
0.610479399506
0.374172053208
0.577189870785
0.480109043202
0.482621272926
0.423741288301
0.494840022464
0.610119076419
0.394325679748
0.620913709382
0.688297882454
0.606524685939
0.472564578893
0.410566147773
0.453354677347
0.492635475093
0.6037443005
0.582557740454
0.430022158118
0.563033213617
0.51417381426
0.528449562173
0.760291999086
0.349545768325
0.558424953613
0.543655369757
0.511529743013
0.322859719676
0.545740800973
0.54552777876
0.700682533839
0.611125772553
0.410801042634
0.396311592814
0.581341050508
0.639446016623
0.708948553918
0.520714142315
0.635602261213
0.699828553725
0.773905020542
0.481499988509
0.505692652131
0.450078749802
0.708975298202
0.577688689157
0.584508396888
0.674821232779
0.642663610303
0.663153021967
0.696315346549
0.270621089139
0.512584512258
0.662901691743
0.542239676431
0.596939437475
0.560869375039
0.617291767655
0.532353399539
0.490570379727
0.61592078426
0.47633742836
0.578686785786
0.546891525172
0.58143699616
0.531770564577
0.624955110913
0.664179788835
0.530740220678
0.585172777863
0.542239537708
0.49759430365
0.557401725257
0.600506107241
0.432678261167
0.441903637371
0.659786991616
0.609066965151
0.674672442759
0.493494500417
0.746484752693
0.434149280938
0.656256320389
0.466548470672
0.642243958801
0.582843983722
0.413489491851
0.52290336737
0.629528271558
