0.345892648018
0.336875133044
0.243587388441
0.291387451998
0.268240830091
0.299930420248
0.379038845192
0.342043231662
0.395456316044
0.229555081214
0.289035726808
0.33448502948
0.273140266446
0.362635006347
0.38108615234
0.332335899012
0.257552501807
0.268039982994
0.36185755992
0.271895029344
0.275103532027
0.303967227041
0.234639398843
0.251866025909
0.241983837351
0.362344071516
0.411574927284
0.280604198874
0.273798198024
0.306333634441
0.363704843933
0.411292781657
0.315714603793
0.274037184138
0.278285784307
0.348112207043
0.218611791687
0.441590641817
0.2875521418
0.366796842788
0.435136000059
0.303015518314
0.297508862566
0.324528692585
0.187986100396
0.251825612056
0.347151973
0.240622018019
0.316708713971
0.36111605763
0.410664672925
0.531843168426
0.366087157872
0.339429296087
0.340408513418
0.303450645748
0.138765945073
0.26815788837
0.371271604932
0.370023767706
0.293600976837
0.277959318489
0.318207866391
0.25850851436
0.261555192676
0.353555585683
0.322472990651
0.375196356513
0.276475548294
0.227577940112
0.278687727379
0.245865319403
0.273392784528
0.313380004035
0.358820734121
0.267231488223
0.216437494192
0.238348802572
0.316339534811
0.270634103903
0.237034341318
0.223623929836
0.298009971351
0.301926206245
0.39598367648
0.35742300958
0.261133845826
0.320043139435
0.214109804408
0.328341899471
0.281703994002
0.192247451979
0.326564130358
0.40565324541
0.352508612131
0.323377903542
0.358670014206
0.308928046851
0.34836560518
0.3632482927
0.206267351909
0.288555943199
0.298712188857
0.285273932777
0.301394239755
0.301200668037
0.314246425988
0.365983989884
0.20907924357
0.250888077257
0.3724641064
0.260580588484
0.291098343273
0.381258024474
0.334710627875
0.349490385503
0.229200128865
0.280545397947
0.317771253784
0.392786453523
0.269211621469
0.38039540401
0.296779700575
0.30149577878
0.343994975062
0.292423328876
0.246880219546
0.310061210479
0.410878915143
0.331543365049
0.291932371401
0.338320986294
0.276799709841
0.293177514588
0.266889073475
0.326330975862
0.274457310452
0.349750290898
0.327667663541
0.346458201413
0.306430889987
0.365255603741
0.273983172719
0.270222211921
0.279767425763
0.250956375295
0.319479306489
0.307332081548
0.384537945029
0.337146778635
0.299659969067
0.381755166095
0.332441258651
0.293527126345
0.287603023197
0.33105784822
0.409394155048
0.296699283644
0.408801826888
0.375141087362
0.283978091341
0.225384939165
0.206341053671
0.243892749897
0.311720731203
0.258639360149
0.385182072967
0.309482122042
0.346168896648
0.261480813059
0.374443363709
0.38072176544
0.311243165059
0.286821586806
0.282244730626
0.210368960819
0.30481271264
0.2290586369
0.158087858862
0.347010309752
0.318004542146
0.205238856559
0.32385584953
0.36701735071
0.282232147003
0.262184378949
0.39854468669
0.232050355674
0.354415371942
0.237033332997
0.442119262144
0.2585284313
0.269992813035
0.295885879618
0.171474025843
0.349497496651
0.246130064417
0.279298926735
0.326233739399
0.288804621763
0.234928808034
0.35667379356
0.360944329515
0.325870364507
0.357019639982
0.290375878824
0.277635776501
0.336359179036
0.293971073684
0.28541197158
0.316129560337
0.208731636676
0.322363932047
0.311806378477
0.377217515234
0.449943126218
0.300173040175
0.209235827584
0.314347369396
0.332131125586
0.284360086059
0.295348681429
0.310060424178
0.249120016876
0.306278543723
0.336102820811
0.325110095963
0.360091414465
0.321817820615
0.295782057353
0.318859669571
0.284864026075
0.275549644881
0.315572113524
0.400641295187
0.224361569574
0.309433422716
0.414606810409
0.307953603124
0.239227229358
0.254085480646
0.360688921401
0.306621849556
0.293606732684
0.314615024082
0.28410998652
0.321101331612
0.294127278187
0.347289153934
0.286781225747
0.276245728955
0.298559129288
0.283667070255
0.333497218291
0.359326651355
0.268778831403
0.387178927344
0.339445308228
0.361956684927
0.472405872266
0.2993690089
0.425896583843
0.340443155216
0.274397332048
0.364682043971
0.286656708932
0.394511648985
0.35585733144
0.287370682829
0.291975687254
0.292667713521
0.303079459906
0.326318979185
0.335050062525
0.306736444041
0.338300105493
0.28685082886
0.192195462692
0.374248609547
0.269706512626
0.248240654702
0.315252303462
0.285626796633
0.316720898463
0.285269775757
0.399505923256
0.208266918377
0.329788686919
0.265446558033
0.297407727856
0.248938906031
0.287648126778
0.255514911601
0.365825814153
0.379860690289
0.33994686168
0.233712575371
0.306841084897
0.248394245537
0.276244617814
0.37970223867
0.32939633102
0.370219753309
0.189073936478
0.310624064705
0.194269759924
0.365097674344
0.240132378256
0.219063897053
0.307028547824
0.278887745639
0.258481579193
0.21049427748
0.429101876619
0.319374312219
0.310493611195
0.340288927923
0.310911384272
0.280183486677
0.33927294521
0.341322962374
0.231890894529
0.387092991439
0.369548995712
0.30495141285
0.24103695145
0.257488596277
0.39446587965
0.297200581313
0.306219056291
0.319202249162
0.321599710405
0.284722213179
0.375490673864
0.24207076176
0.274083666874
0.195999283481
0.27991881901
0.336312293687
0.256964808755
0.379620073601
0.344659822135
0.353767386013
0.328903681125
0.326707213349
0.327350335833
0.289506262868
0.412328570509
0.282160617864
0.295383413618
0.327943000622
0.286125782669
0.325764508815
0.339057596134
0.337863263568
0.296280534739
0.263271308132
0.421767693277
0.304554747406
0.332137410516
0.399997668569
0.380884855762
0.277032966303
0.313528099418
0.288532841635
0.331755621058
0.274000026177
0.334227751153
0.334271195913
0.310247682612
0.233886896504
0.321658171071
0.326732059927
0.28712989348
0.254971563584
0.412764968372
0.363363887118
0.275827808486
0.278739713411
0.187324508752
0.327138974865
0.344339859737
0.287061893317
0.34172093655
0.261431004404
0.266486484936
0.323726180264
0.32494770571
0.276335546241
0.305528786798
0.290567838345
0.24248557215
0.331258079674
0.262710039165
0.350946931448
0.347316384338
0.286521859019
0.434927153168
0.256234419109
0.319336629554
0.301474302362
0.30021562014
0.242748307607
0.269354174287
0.244866092318
0.279382535121
0.313648688757
0.386042459956
0.278570970428
0.345397067425
0.323012164537
0.218151575342
0.412482933882
0.319983112768
0.325583597081
0.328303257979
0.339738949708
0.285966659097
0.282326987997
0.23745934591
0.336227050694
0.278144820129
0.365933180375
0.218029401286
0.325994793392
0.312522477774
0.260717942096
0.278981237329
0.261947773372
0.330214264823
0.36556297007
0.343361399798
0.313148206867
0.262445716677
0.359960235181
0.42043324543
0.236003763969
0.322173735393
0.221324268691
0.269357799147
0.235327505863
0.354666856331
0.282350772076
0.328827780557
0.296285200403
0.349839456206
0.360358537454
0.355053319261
0.314987742978
0.328128537524
0.20675400976
0.237264867775
0.290108066737
0.243774540103
0.248333169956
0.230295681946
0.36389279491
0.285122524243
0.330687289032
0.388595615111
0.272771176006
0.34121378147
0.37753420621
0.295905347042
0.326283514369
0.295069662833
0.318082753046
0.309328639618
0.329704727091
0.314451809489
0.285201098901
0.371622392878
0.272187658232
0.263284152115
0.465639803785
0.279812469166
0.315042860426
0.394111194765
0.369576625205
0.230589970244
0.278601670955
0.287637682368
0.235294521408
0.24385795196
0.305081850452
0.252678266676
0.315428758119
0.33491358091
0.269290080049
0.247346400557
0.290352619568
0.257460440292
0.258952377169
0.357290700423
0.324942090916
0.328655603808
0.279950565169
0.380188711948
0.341443036943
0.264033520789
0.290948979603
0.267150727437
0.278801188554
0.344637209396
0.297787708373
0.304398140091
0.328225244352
0.305721564112
0.216786637534
0.423391425879
0.305904029287
0.388893082492
0.388018301893
0.264711838649
0.303097744688
0.321982402889
0.273605273999
0.380972062054
0.189251734087
0.269579899794
0.386632297377
0.28584330154
0.302951104603
0.269118844687
0.375823234251
0.295079714144
0.358686727764
0.28926434736
0.295141980643
0.251143462344
0.318551284388
0.285104574548
0.323045894628
0.396390593888
0.297177470089
0.310770858791
0.287426781316
0.344504293189
0.218492634104
0.336041228934
0.367100433134
0.424588249245
0.288615830607
0.450727547304
0.361049077424
0.231145880898
0.356568672097
0.36425775721
0.263804241599
0.397456192262
0.38003534531
0.348656540476
0.280296672621
0.331557581814
0.299270873982
0.327858990992
0.321753386965
0.488272048994
0.356893537149
0.377358629916
0.256671481116
0.277065976303
0.238943524129
0.275506263284
0.29104797672
0.310588920307
0.309292948757
0.349825506224
0.303874965532
0.330605764193
0.248364783338
0.272714915583
0.293458552432
0.297824203958
0.281440634486
0.301695153433
0.223240554838
0.328426705184
0.270225507697
0.375732748627
0.336000277629
0.303638919502
0.337513873506
0.368823697022
0.241266800237
0.290804044063
0.377902901479
0.337426927851
0.404135272821
0.333028949324
0.383898248916
0.359057502096
0.264166785929
0.277923692979
0.315736840625
0.244154079267
0.237219682216
0.452344686508
0.231694061895
0.334466840288
0.316470571654
0.169930236115
0.324828646112
0.331847826416
0.304056599351
0.315206658826
0.294681042075
0.211611364855
0.201608400516
0.242817903316
0.286027008722
0.289305354804
0.318393273662
0.327582141986
0.229969694313
0.267378587379
0.301491911474
0.351516259261
0.313273851113
0.376260736974
0.286986930267
0.234643808639
0.347259277393
0.309476523776
0.311281547452
0.210327382628
0.380273021574
0.299184433009
0.302933919446
0.363330747423
0.368273957468
0.240962305593
0.316568682971
0.397999093336
0.217163772772
0.30832047087
0.306467802611
0.271367275901
0.36629233812
0.299872209206
0.418676714835
0.377441608326
0.312411258521
0.381860162166
0.277996695443
0.292192179281
0.380175896268
0.365301487317
0.323867705577
0.37418017478
0.304168073154
0.237599446874
0.352306815726
0.259941733466
0.319300856247
0.298437602487
0.359588404896
0.339052017872
0.266669903904
0.328496965524
0.289643477954
0.37343265045
0.224385439226
0.325324376892
0.347661795967
0.324240375589
0.24379705436
0.325321156555
0.27262211262
0.353644327292
0.282105134542
0.397973524157
0.315736546283
0.341664767545
0.239503257652
0.314568615646
0.295289875992
0.322256267867
0.180270297338
0.324118992135
0.313684876453
0.285765138698
0.383422236352
0.314429264864
0.341880077129
0.319438245117
0.367531956315
0.370103731135
0.298897148786
0.268177404299
0.315445357397
0.404256458611
0.269945574164
0.377238610035
0.292970294972
0.204666363562
0.318438002031
0.290219729847
0.209143324296
0.325342253414
0.345995086664
0.305793446496
0.291697162278
0.291268388677
0.318786654276
0.336572231658
0.258965079846
0.328046900878
0.380142136348
0.37199739329
0.369769313999
0.320374166484
0.193958564725
0.329318724918
0.270958358513
0.346370239808
0.333060454856
0.259159065916
0.215718152876
0.335315335519
0.312003094901
0.252626214132
0.321097325744
0.21596234785
0.305946350303
0.30817740552
0.280802754424
0.277250722778
0.27899318161
0.296780856693
0.34867419352
0.388381990449
0.340814831109
0.300816257862
0.252791723277
0.310683252575
0.346298057362
0.313376118357
0.319365605018
0.288897717864
0.310524886606
0.305704211062
0.390488435201
0.312283457575
0.315183902921
0.313450333038
0.399102267918
0.437564777486
0.284514566403
0.216890481219
0.276523021439
0.244833399163
0.32582551975
0.32706337496
0.336432038906
0.302902753462
0.273583220065
0.320294978862
0.416181210091
0.292657915126
0.220220795002
0.304895306401
0.397359685791
0.26069470324
0.307824640136
0.253622574834
0.365399175778
0.32207301765
0.219056792693
0.280652002719
0.304133574337
0.389487578606
0.29628931577
0.275903149902
0.260936975059
0.360780349915
0.357139602084
0.481496016554
0.256540948306
0.396790837843
0.259404844927
0.349537608051
0.393506204267
0.304889657842
0.339810165184
0.249823905456
0.308802730819
0.340579599108
0.347599092427
0.32060483797
0.320310269079
0.33568744275
0.298644785818
0.277727892719
0.38618529939
0.276573830658
0.329082193753
0.405461547819
0.310441573212
0.397873704918
0.432141921688
0.315955624316
0.309271039328
0.332360382646
0.405958960712
0.30383845284
0.338673629879
0.313888576477
0.408329930556
0.34758660669
0.277513010576
0.358404862206
0.448994239187
0.272611203312
0.272389603136
0.336252321041
0.247855076766
0.300164372347
0.283899394497
0.351337110721
0.320329560775
0.351980587061
0.295868539271
0.252408995751
0.361803131081
0.344597931643
0.180876257664
0.262056348568
0.306288255948
0.318757469274
0.34590532992
0.328340462058
0.381624634077
0.342199267815
0.333756860064
0.217760030767
0.394632984246
0.280795066055
0.296310148768
0.262172176987
0.362196055359
0.27891911337
0.357971651464
0.343469336182
0.384854241824
0.275975574604
0.23770896181
0.233003085114
0.305455633115
0.240375176758
0.341084028326
0.471313296974
0.238897346476
0.227159308155
0.401766051585
0.221427331449
0.440419114113
0.251980830777
0.400455609241
0.323371641339
0.391364953645
0.284390620668
0.294164565112
0.284653247359
0.357434133099
0.337198742906
0.418082797777
0.434860452465
0.316010242703
0.24318641065
0.321364107822
0.306366192377
0.294739640754
0.360253726164
0.334416979636
0.259382339263
0.251664085872
0.305605872982
0.223744967828
0.282968760239
0.397683619489
0.30582843317
0.361696762871
0.343712989974
0.324444053305
0.340044160864
0.363273398362
0.210144782016
0.374843814596
0.209512057617
0.428602694686
0.475780851973
0.304273515166
0.253051656819
0.429063056942
0.268475104185
0.314122196813
0.252399388425
0.311112585546
0.429953760356
0.273707146536
0.327332291925
0.331110831393
0.278380503551
0.365913876006
0.339092747646
0.212143002536
0.333509836294
0.407057580897
0.272589932397
0.230648757067
0.192372637667
0.351499914362
0.324431278023
0.277670492627
0.306940136547
0.335771065037
0.288292713864
0.209597518841
0.304485593564
0.365286726515
0.323815560649
0.318121533224
0.313975107155
0.269296456118
0.227218581596
0.252211312582
0.406164904223
0.307007966679
0.198382409129
0.25544273822
0.340412694759
0.251815547334
0.273685127979
0.225005262817
0.268562256348
0.185315040919
0.370114160974
0.212331176652
0.365108092353
0.155737380093
0.404715951307
0.303634443459
0.309416487356
0.27849301342
0.285232175593
0.32781458718
0.271671959694
0.184707279063
0.223819980015
0.374833344174
0.286496472316
0.234284260616
0.235415595734
0.293434059889
0.396222421744
0.259305972064
0.322989669185
0.414536912148
0.2513902046
0.291039121221
0.261028607041
0.296265324279
0.28746711948
0.263966159745
0.347872517329
0.27080536425
0.383533934995
0.279358473272
0.258166836804
0.337066837816
0.280694668191
0.237115918236
0.451481106789
0.263867469737
0.252226643731
0.364651856624
0.223656296104
0.269199736194
0.29588899994
0.261652166038
0.261585498451
0.290127550784
0.277655599698
0.224607130781
0.328190383455
0.24799290247
0.349394352778
0.293429505206
0.269243126244
0.419183277419
0.376446981695
0.278989069919
0.242165636339
0.278831959303
0.301636848175
0.310060314511
0.234484481058
0.278903812812
0.342011132317
0.405500012376
0.25664447463
0.274490975163
0.232521370744
0.237608419663
0.276272735286
0.376997703853
0.295195705072
0.292941822942
0.264979003832
0.350365788792
0.327727915209
0.441718888553
0.31335608774
0.300181242633
0.335060973976
0.320064471399
0.264573008675
0.18875862266
0.318512833059
0.306122957469
0.368931342441
0.399874320871
0.343043716276
0.353903244661
0.394367356556
0.361590540248
0.235285679796
0.310838048023
0.264395955132
0.322262100999
0.270131131949
0.286401525583
0.303306297811
0.248659899912
0.321840919779
0.360620630896
0.292736740494
0.348244896097
0.359802080055
0.307752714616
0.323375309666
0.383109876386
0.224181878055
0.440181520458
0.227684490597
0.443383503646
0.340569688134
0.252312908376
0.2930698781
0.349426669731
0.297367599562
0.212771503348
0.334262176733
0.316865634167
0.307218422075
0.211510783059
0.258336607347
0.287659246787
0.295595364731
0.258032764093
0.381141604009
0.411549791593
0.326562196996
0.303473734894
0.27367053812
0.403098489837
0.28649208213
0.301535279937
0.237235691231
0.33209689298
0.276211327817
0.266670050959
0.286905331195
0.45121106416
0.181385341494
0.381507976013
0.203673574411
0.267131795565
0.42809392576
0.252657033391
0.283602280306
0.26485869584
0.331424631679
0.226991644544
0.387121392293
0.373385625988
0.252658953062
0.368192763245
0.28012994848
0.253416658985
0.225270260002
0.352507095506
0.313900268242
0.259384478741
0.217950361352
0.316526410946
0.29157466234
0.269723910873
0.2551980487
0.24465170109
0.272960311298
0.339024660212
0.224000071775
0.227786831154
0.374167630339
0.304250999263
0.352371807289
0.334624802631
0.31224476457
0.285338279008
0.28529861407
0.310787483253
0.3390189354
0.365473555106
0.246874998993
0.317748274988
0.35589099535
0.313908481017
0.213598870939
0.354813216771
0.371420018433
0.329191108694
0.290249443734
0.319692445574
0.246042176479
0.242151219831
0.359852726893
0.245155538428
0.341821123564
0.448760747637
0.38857339396
0.299819212279
0.270227208415
0.348628750597
0.282244338233
0.299250163845
0.292945661695
0.35379869703
0.180359926241
0.318792549869
0.313157687108
0.258837578485
0.28598295286
0.262257367821
0.295057182046
0.237307698564
0.35936279781
0.427888592415
0.392452934084
0.212500655072
0.286914403493
0.252825147557
0.283498047406
0.249836598178
0.351546961477
0.290662598798
0.413728240789
0.206830815649
0.301460812466
0.252533164635
0.336791789444
0.295880968375
0.316356577667
0.238656929336
0.217832266105
0.276742181749
0.352676177558
0.307253096806
0.273637796683
0.253959113044
0.318698848111
0.290221692068
0.286280313949
0.255579033045
0.332701681412
0.318465291042
0.325516126848
0.359818991241
0.287238138321
0.299458357307
0.3975537224
0.358985684174
0.328748977195
0.227757337888
0.326560804631
0.301448733177
0.297997740576
0.40265963476
0.316663127851
0.341446959856
0.259698967595
0.202200526304
0.268006509693
0.214175460232
0.279245091701
0.403529804681
0.215855104998
0.334220171824
0.246890393446
0.331240013942
0.293028114395
0.340468464928
0.280353398179
0.209180508953
0.317487612579
0.271079248763
0.305193763404
0.285253267102
0.309340676268
0.231490457292
0.236493715118
0.24902071857
0.294561722062
0.233123438371
0.226913376715
0.347824132074
0.191670040644
0.218833046373
0.284902337887
0.274284169923
0.283473500003
0.37842676564
0.371632115174
0.279220046654
0.424075137708
0.285700776939
0.333597219426
0.262503594211
0.290162062741
0.274041264706
0.368766225814
0.205933382218
0.214280123115
0.330614249353
0.270191863321
0.290892585989
0.297279683653
0.412502682659
0.370168822953
0.220763632984
0.44580946714
0.244897067435
0.287579857028
0.345961429055
0.419341523855
0.355540408783
0.29169589502
0.322061479362
0.294061669181
0.306051325999
0.302776953415
0.314206154389
0.287446425158
0.309328940145
0.336882634717
0.264018307747
0.243876785959
0.267607962021
0.424055721373
0.181687974484
0.288210974968
0.377575887689
0.272186067205
0.285824404988
0.312447880866
0.259874379883
0.325400186739
0.485429003884
0.300263794839
0.290132626369
0.29934306133
0.289902902227
0.345640892374
0.313847655345
0.278968404213
0.281081186379
0.377535979868
0.257335405848
0.272890529233
0.334002185045
0.303049352299
0.390747423743
0.332110220228
0.284596253821
0.318586081134
0.245857495298
0.329663214637
0.373815909882
0.309850473821
0.213074635965
0.335995231674
0.280702836974
0.282231059666
0.247627262541
0.412655682329
0.270104219885
0.279588348065
0.452964906266
0.245636560431
0.264272871595
0.292281102051
0.249522591827
0.316692357722
0.368115435948
0.345062713326
0.332377782197
0.281652683091
0.367816367629
0.357588077013
0.455780182636
0.435811060483
0.246808895278
0.33222113955
0.227557784846
0.31166178525
0.415292009146
0.289979580998
0.30805964141
0.287184202228
0.312837687713
0.236346336841
0.247286887002
0.257699065895
0.35087522068
0.270028239713
0.366129002626
0.345793184334
0.228266526207
0.264710837848
0.246138489022
0.337860567729
0.246087283712
0.325736051697
0.219667609692
0.26916580301
0.391958453188
0.246644897434
0.360577810296
0.250538439069
0.22475005009
0.243715725503
0.232886157713
0.389004829721
0.29947012635
0.313412831048
0.279875878719
0.293410595182
0.301242014437
0.306899044512
0.31161531788
0.333131895591
0.313715565068
0.348416971622
0.185259750017
0.359673368588
0.302821001873
0.27214473481
0.20526978395
0.338293392566
0.322993464218
0.439415041876
0.295399850742
0.271624265564
0.286203669886
0.306035194187
0.278873236346
0.305914965798
0.239637302101
0.276920146758
0.238394871067
0.236936791764
0.298300791356
0.232734315564
0.334949908954
0.44099804969
0.33578440473
0.334054252939
0.21206861654
0.289103897856
0.294552259365
0.398116413483
0.336986324765
0.264035811816
0.262681509963
0.323848999405
0.341374369924
0.206379458386
0.246976067899
0.353293992127
0.398480913912
0.289399606057
0.337310151271
0.247769119828
0.30982913765
0.361722575965
0.259744364539
0.353346135381
0.344504324427
0.243683869864
0.332981479905
0.360942133294
0.259833940126
0.343056341338
0.27880137732
0.310472456662
0.296712234533
0.374072195644
0.322454902388
0.430731938774
0.336435636155
0.313146530724
0.289430545903
0.300833154332
0.332615148423
0.359740633844
0.260653187111
0.291826358526
0.367909766943
0.38773687279
0.314499182113
0.235098523484
0.312830210149
0.281222513054
0.375952097458
0.375464055233
0.38884761401
0.272376188737
0.343333029509
0.330629663385
0.267083173376
0.287454790965
0.360201480202
0.264406121429
0.251272146908
0.351665586281
0.275373053575
0.310915452921
0.252057680851
0.401834588715
0.349085202872
0.157898428555
0.408378789083
0.364577187074
0.334268999365
0.304987230753
0.254288579153
0.216319141512
0.342006077892
0.28094814588
0.306854843241
0.243610713383
0.451964512518
0.345225421856
0.306635998469
0.243128190881
0.26511338311
0.204787871369
0.345072651414
0.276423136801
0.3475851923
0.248044252595
0.380157255686
0.268003499945
0.287633852204
0.325133008152
0.202662698764
0.312025903409
0.310048445621
0.369773487483
0.242478380032
0.321810621947
0.373154348164
0.309146308331
0.212907702913
0.254155890241
0.304444007939
0.254990265652
0.319149706894
0.320758999301
0.251204990517
0.34189673071
0.254107456149
0.230085833273
0.299468896161
0.363566381166
0.151460028407
0.364940699804
0.317950678417
0.246973383837
0.264716350452
0.288438427458
0.340769843329
0.328738561599
0.380933955746
0.298950388602
0.240745575329
0.253574682548
0.331251428443
0.295055585042
0.259976353804
0.396710440694
0.278183586511
0.257968186097
0.352589301101
0.325605618511
0.313420007767
0.19797697562
0.317940024184
0.261861418267
0.265700896354
0.341140288923
0.277314285152
0.322043605487
0.244205998972
0.36613502349
0.235656642296
0.302426444435
0.284526632832
0.228178769264
0.349750862767
0.290407585013
0.310631155085
0.31869745916
0.255221681833
0.403431250087
0.205561519591
0.233260234976
0.27907051751
0.228453632621
0.338255414433
0.323220264014
0.341500358064
0.329319122078
0.176365952437
0.277912733002
0.422876904079
0.303979132621
0.32782057126
0.352303144644
0.361552351808
0.291261211361
0.26345579588
0.383860703243
0.382571213308
0.342781979751
0.2765708052
0.266270287592
0.353756360701
0.309644821593
0.310787645839
0.273244832516
0.344469002744
0.33934987011
0.338295682303
0.213870494761
0.307851031464
0.339813515163
0.312727859527
0.287289395252
0.318292392715
0.27103965582
0.316001193458
0.285563105865
0.280098927104
0.345059260361
0.234986186347
0.326291519014
0.389097584434
0.319923139524
0.173125591255
0.213761244943
0.25954545451
0.282810222747
0.298731669233
0.254858998163
0.282063689578
0.375131993469
0.286422780246
0.430831188896
0.234550168883
0.282984495484
0.324820763873
0.243414690966
0.213406850138
0.362966983416
0.317800269004
0.280061483527
0.327375036399
0.283912914974
0.328288560827
0.232762695598
0.319380540454
0.390820527533
0.215019167195
0.272989540436
0.316018388879
0.377771079355
0.411298425135
0.307303869357
0.31282511113
0.365807215079
0.353921313718
0.304123085729
0.28929059996
0.204380785482
0.239257554123
0.368655556019
0.270468554989
0.276992008497
0.304627179013
0.268251757404
0.357496069301
0.30169158565
0.329214286294
0.356034126719
0.351309800537
0.246669927371
0.344361941322
0.383521688723
0.288522670846
0.216233524666
0.277974867522
0.229120630148
0.256767891764
0.382652829018
0.234013437462
0.309183495104
0.365851284734
0.347023713279
0.338981443861
0.34091433323
0.212082982274
0.31518520882
0.346675071631
0.16020922668
0.155949610745
0.262541295855
0.31555904418
0.30075484183
0.327249514094
0.350561693102
0.314908606415
0.34935217335
0.308276799699
0.3063020296
0.285259362733
0.391042546383
0.338684656675
0.313070596795
0.326024227755
0.29631577526
0.36087679144
0.336774560943
0.256775712379
0.275075192915
0.357635701971
0.340401448852
0.445468742084
0.303629995309
0.280460238515
0.254588828731
0.321343873845
0.399567719555
0.230138987512
0.245138982417
0.392153340474
0.373860400074
0.359162765367
0.384125291747
0.330653542811
0.350461392894
0.28674785261
0.286963446429
0.271587008725
0.241253250481
0.394537351949
0.377885461378
0.260234676588
0.316199788747
0.279703407253
0.304356087983
0.25226692784
0.255842948248
0.289938291329
0.3641738301
0.313937787935
0.207319817332
0.22817362559
0.254067197652
0.218171701332
0.349343755481
0.215999441325
0.244430341732
0.325464378776
0.2849606068
0.266605134828
0.305464097668
0.334610636369
0.210016185196
0.253477622217
0.312372094364
0.365889371607
0.312969672272
0.386865260096
0.38132399515
0.237683736533
0.367139762485
0.291089435563
0.311096924339
0.207425895716
0.245696363902
0.257667507023
0.349232669577
0.366920706919
0.293924497306
0.336549554695
0.310716768852
0.3214630253
0.278297132117
0.278277936808
0.294429455728
0.412932065526
0.406435979437
0.419207746816
0.34795135348
0.373551241507
0.340891949402
0.23576620672
0.257147486313
0.305487771784
0.328945885869
0.346285373755
0.393886007939
0.31446299858
0.319554800556
0.368866996799
0.282136133301
0.404973019594
0.286597190735
0.318618565812
0.352507707121
0.382426667319
0.338933922814
0.320280769866
0.314150105487
0.29473546962
0.25539583305
0.376781047256
0.309377411502
0.417941805104
0.318324955829
0.306862575184
0.313372575999
0.321055526805
0.310240069211
0.247913882231
0.27149370617
0.241277885376
0.360839095398
0.249448757558
0.357687199017
0.229910153916
0.318333605798
0.263749803478
0.392528615392
0.323632694767
0.372967744341
0.347430342439
0.232071362337
0.297902339343
0.276226676881
0.211566001493
0.311659818619
0.270462148231
0.294798337476
0.365343459021
0.218116710249
0.372391587449
0.344580446871
0.339877812694
0.418252521744
0.332690522739
0.272005382107
0.362083941677
0.262751302123
0.2594124154
0.35093365215
0.239741669325
0.293867784531
0.436334527861
0.248847548237
0.258771257658
0.297397348584
0.300164138846
0.322875274784
0.312864371654
0.338926682681
0.35251419728
0.312471601271
0.298024331865
0.385546334673
0.276475061466
0.407422602726
0.235268892348
0.3196479475
0.354600231029
0.363049631916
0.298583345023
0.265728248183
0.282183346627
0.368884016985
0.307940025817
0.363339404968
0.314141922446
0.278278342168
0.243202794523
0.282711268283
0.331020611421
0.356996735153
0.273002209665
0.368413754545
0.266382305233
0.267577114572
0.480417658008
0.267999218399
0.257995067089
0.442509894502
0.325549099977
0.312441379057
0.291805281666
0.330128207175
0.251783424268
0.262137685605
0.403181548542
0.280269333829
0.229481349976
0.241652617278
0.334915612052
0.345590783579
0.294111713443
0.311412114954
0.242663950377
0.349452783121
0.260301706171
0.340984570513
0.245354461148
0.276430586437
0.38295794879
0.268420268709
0.324951652552
0.216121637651
0.235189958119
0.31763766698
0.249775926989
0.21856724308
0.328554334304
0.32392536965
0.223176329022
0.282671142709
0.334520791431
0.294675489639
0.272453527001
0.321241075014
0.26917530998
0.291633518703
0.341110333752
0.286695591769
0.300258419126
0.339468793886
0.2926034267
0.298614052999
0.406065467184
0.257793500983
0.275433852754
0.349655750283
0.321815831825
0.321510467139
0.280569670551
0.256816822637
0.241506211739
0.373282634137
0.263775220105
0.29903021797
0.350670545653
0.331786014632
0.377984031403
0.230661673909
0.280747182812
0.306124506961
0.29934693912
0.32081998988
0.367133943585
0.424591148342
0.171042787917
0.259930740203
0.349380991073
0.327746979423
0.324247165237
0.33997284739
0.333412502388
0.274516902131
0.355064526122
0.322703032913
0.237600013636
0.386208130622
0.371995756336
0.343942289533
0.318566395165
0.294928261194
0.268661666898
0.325428400244
0.339393302147
0.405507401419
0.32721503809
0.232216432851
0.295265724365
0.420525242223
0.258680377811
0.318350658741
0.34272677998
0.353160756734
0.316698484856
0.213112855113
0.3163678604
0.283861470701
0.379099333255
0.305657290478
0.254821452264
0.333478557331
0.24454857444
0.214843882061
0.375028454691
0.292710107023
0.315312522621
0.320382617154
0.24556883627
0.356296943425
0.201502038904
0.301856916075
0.294564510999
0.370985692181
0.299364316853
0.336564965268
0.287094784986
0.254343856416
0.324188041634
0.257492777856
0.39683130032
0.341822336487
0.319338719562
0.250058032247
0.313404559984
0.257252324154
0.360081453239
0.420882351056
0.333098686251
0.254690661683
0.306607235128
0.291496330121
0.334570086251
0.327047750759
0.284903493954
0.309536890563
0.242571836081
0.24736042971
0.301805129526
0.323020710653
0.350673471463
0.334617756241
0.285559107723
0.319517719122
0.330299439434
0.371329248099
0.238027870325
0.242317696977
0.264592734783
0.264457656794
0.224843131855
0.345276970954
0.30495135438
0.377158328613
0.315889346837
0.295888924163
0.302453751527
0.372121794343
0.332216559442
0.394456810569
0.272764646933
0.378024445406
0.198536964696
0.37353083617
0.270792004349
0.211330575905
0.303635369835
0.357029837707
0.279902295612
0.286162070285
0.402671969172
0.355929888819
0.352957669388
0.368071351366
0.463857095617
0.317442903571
0.260860337149
0.263446836907
0.370892913549
0.371360409221
0.267541466449
0.367448351218
0.296494841833
0.242141212706
0.47182724298
0.323168517788
0.238035174429
0.284975695812
0.25618151407
0.341059432738
0.349759235212
0.287498703043
0.321659088056
0.34962377373
0.2981413184
0.297531651618
0.353004937391
0.357931009993
0.343194070031
0.337533829592
0.302940273206
0.258614008427
0.381715643031
0.320305584519
0.333786849815
0.402384679149
0.42284453334
0.386622114518
0.302722586285
0.323250995221
0.340282365239
0.230819041079
0.225467811805
0.307502144128
0.4030826978
0.374132498217
0.266606026882
0.258118952649
0.319344098802
0.214173522605
0.254918897749
0.342271497463
0.370063782781
0.332145125323
0.305948317197
0.356752023624
0.217302609983
0.242616215338
0.316986284385
0.239201875185
0.294622620996
0.327014539461
0.281875273456
0.254079427023
0.303805020028
0.278832671239
0.272953094033
0.281613836997
0.286228157094
0.302562516819
0.263112390269
0.279492890924
0.406556870999
0.382898804048
0.343963772847
0.272579816702
0.247267609379
0.447455320703
0.22372621328
0.249984751472
0.224626007313
0.273437398186
0.216093356129
0.266025100614
0.277422187608
0.379378419799
0.313279161282
0.29251837118
0.297083479722
0.234025907097
0.27235063828
0.304859652647
0.363746361856
0.310948569156
0.218899796367
0.359099366448
0.337247231234
0.24688000467
0.335598718974
0.288096943731
0.357613825074
0.294194562167
0.364672205431
0.280337158478
0.328479447112
0.286890680819
0.27983108229
0.220157940767
0.360964028948
0.296480084626
0.280408409841
0.356277582491
0.362307962866
0.277254138893
0.293775417366
0.351504212287
0.27821210899
0.215071857946
0.318052023191
0.294669614718
0.287725441823
0.216812611437
0.316600253415
0.33068347014
0.274639330516
0.229108841743
0.269555985947
0.352701129528
0.286244844392
0.344403385435
0.319233166738
0.296050749832
0.35023726018
0.357855839484
0.282765738659
0.245713447995
0.302504760845
0.256884662063
0.310552155993
0.234780781835
0.309598699086
0.287125126479
0.384318910647
0.355691954976
0.412212974015
0.339187402366
0.311187483523
0.287831946266
0.402558604638
0.325420893796
0.273881632571
0.228173044117
0.362750191264
0.316422748063
0.333609079444
0.218214445475
0.287663268963
0.297969664175
0.379326365473
0.28524199362
0.232159560153
0.3279180796
0.220736167382
0.406965682886
0.319895085712
0.232401989227
0.296739669138
0.287993042252
0.178008946322
0.238801464498
0.243808000112
0.264844161982
0.347736917957
0.304374733191
0.242490347812
0.246986974038
0.211051037405
0.375817264456
0.238510776738
0.240628299734
0.254502113873
0.264077210652
0.25032409906
0.389312038848
0.314828303715
0.292356135912
0.370565656242
0.398861997103
0.237510269927
0.328920002409
0.354772567644
0.289340274745
0.394098547416
0.262143774505
0.28770728457
0.285742750082
0.312260167362
0.43908299255
0.383456763182
0.313867729228
0.303944576407
0.333222852194
0.312161478485
0.308456627288
0.288553784317
0.302641524288
0.289981869742
0.336125427754
0.27676756412
0.29603401576
0.323805285873
0.360444670517
0.176482774101
0.348933010665
0.349434228978
0.283853436637
0.312941766712
0.274411243878
0.269845615128
0.357762975384
0.243605623408
0.341917708014
0.341264631438
0.284971004567
0.248964668427
0.373439490967
0.353826669774
0.36778807556
0.283716074313
0.416288986233
0.356165541342
0.268999089876
0.288775810155
0.316324921665
0.370623098827
0.336752365362
0.395318213197
0.267440330144
0.300926281073
0.282029723195
0.329460430972
0.30058971863
0.34102575996
0.341373222548
0.312372763517
0.253132703752
0.352599320568
0.368827271789
0.334194734617
0.339125215306
0.273574679124
0.339214291565
0.220675585279
0.28705191704
0.371577063777
0.342946298101
0.279587136233
0.415251629874
0.351504420696
0.290872844519
0.37592170787
0.369495292715
0.335635520056
0.334092990193
0.264574065509
0.349038671161
0.28897139306
0.311947727616
0.390646321281
0.32145336667
0.201017517623
0.399681717288
0.230724201097
0.360827411802
0.342170325822
0.357486421514
0.206585013088
0.391085690251
0.266535942025
0.294633378001
0.25766176416
0.286342629252
0.322650411656
0.324134374276
0.304187289335
0.303162356455
0.24923903664
0.348383198361
0.263913826444
0.257076522682
0.366475310507
0.287619867409
0.339001782342
0.390846991981
0.224957805295
0.336681414815
0.305564829884
0.435634526625
0.278774508894
0.416853267787
0.239589805714
0.3246789192
0.30347432733
0.338864813146
0.400167284831
0.257217960114
0.399676539063
0.37175800232
0.353853912331
0.32538962917
0.260938113434
0.268084494521
0.281816421058
0.305433324261
0.296340881794
0.325619135857
0.300265504969
0.247518648372
0.327632451329
0.331951892615
0.24453101269
0.212643168874
0.338861001483
0.252802348596
0.342847160921
0.337831301441
0.299324980512
0.296619724294
0.244743936816
0.262366750164
0.283134071186
0.416471065595
0.420765986845
0.289233869825
0.168919026441
0.28968381616
0.241721548666
0.272839022297
0.450176000246
0.333325877489
0.332805332837
0.313106671308
0.35422692341
0.305846065951
0.318314514002
0.249065158549
0.30022247805
0.331772726475
0.408192118124
0.344493234656
0.269203046961
0.241758526172
0.287260453514
0.400235226817
0.309897208982
0.202300712394
0.326396619555
0.391365040719
0.293359475959
0.395698793487
0.4187944333
0.186064884133
0.28662057231
0.327158291949
0.38020854675
0.426612531417
0.348969485879
0.342505172488
0.240063346752
0.319099947629
0.29370054125
0.285422710214
0.227234002939
0.215663149377
0.385480741554
0.377641596729
0.234449543891
0.28603801865
0.252041499522
0.329818065194
0.35271060995
0.261773145435
0.324751538293
0.298433703232
0.30249545356
0.233546014706
0.223050415652
0.301844695804
0.258873584396
0.340166648408
0.317541971698
0.268225896128
0.326171968176
0.310921333883
0.227179806892
0.404636864507
0.319159543686
0.241058946811
0.419424980141
0.255188442324
0.32959174218
0.351181901633
0.392951190206
0.458498972023
0.326918755612
0.328928582461
0.274477698976
0.318840211889
0.388954841185
0.277791829939
0.337793800204
0.319488275165
0.391069182956
0.370457199182
0.411751454441
0.302926385571
0.290952963798
0.308227981948
0.269180835597
0.293540493268
0.32096474742
0.308375311885
0.282717982565
0.383125161254
0.381716398026
0.414592756604
0.231516877168
0.32622762064
0.260950756058
0.311642198485
0.417614786852
0.288949912836
0.354222422858
0.39665698269
0.289399115469
0.307456383329
0.363485581877
0.291621389224
0.303424057009
0.199606828956
0.296904394309
0.320413735474
0.238249723172
0.270713305881
0.324708769437
0.33721590457
0.28400291333
0.295001214232
0.39656594647
0.329401025716
0.303885439908
0.337153961564
0.301926197835
0.341564148695
0.306034654131
0.237591160285
0.286183276746
0.365224029136
0.319852019591
0.282591657411
0.354048731916
0.225157625098
0.290587935739
0.420472191631
0.365150288251
0.396228072698
0.351645489161
0.295263422406
0.298659567724
0.400004805179
0.244140702365
0.349910798261
0.360400917869
0.269554459983
0.322241606122
0.431322450487
0.303242710371
0.261196314514
0.293077405788
0.237519792755
0.263431193416
0.304275618744
0.411795633082
0.279794016028
0.271717147617
0.316893038005
0.357090450678
0.309767545064
0.251020955896
0.388488065129
0.377209278478
0.4305950685
0.358804066885
0.311991920977
0.367900580594
0.278965178919
0.348550222736
0.354632599349
0.396656913558
0.320650703638
0.319311148722
0.292819291154
0.196348824147
0.395097017681
0.293404491217
0.351536115922
0.233214585679
0.31530933287
0.348033795834
0.315517307189
0.383599362754
0.325268008239
0.350588838805
0.326647153168
0.251916201778
0.166366141303
0.333628573968
0.392016779156
0.32092442429
0.338790234199
0.291392167714
0.241188803476
0.223207362615
0.366869333061
0.329003034282
0.246114462189
0.313593193499
0.418876087846
0.291045965471
0.259253110768
0.295347437669
0.29007332892
0.296730833876
0.216769323152
0.288077020403
0.22539728435
0.242618712185
0.252445630762
0.303482889306
0.247541157043
0.27405826362
0.193472437489
0.333920986232
0.269220885012
0.268045048428
0.248615861307
0.320351602508
0.341221751957
0.321456118415
0.433062370009
0.410992102564
0.32344893981
0.317799960615
0.319493861952
0.324706664469
0.263405771882
0.293128933815
0.37253107578
0.393885119849
0.401722329607
0.39327808755
0.384825551882
0.185462295837
0.294175402962
0.259693277457
0.209632242479
0.301542664711
0.338107418575
0.306231849658
0.262416006369
0.243251869126
0.382526412063
0.262723345251
0.504479246626
0.310709979874
0.354486648347
0.39798726255
0.431920469919
0.345074942799
0.331721460827
0.333525062178
0.414823538825
0.294234491579
0.384051431275
0.338506283009
0.320395541536
0.302843706303
0.294766729386
0.329957941584
0.341902052544
0.209003205353
0.291227393546
0.35891312077
0.234568745994
0.173698406807
0.384044023148
0.24446846391
0.333229421056
0.34247661902
0.29971043494
0.36898080779
0.236855893273
0.28187624487
0.341946764863
0.488670961291
0.224836230457
0.402890577465
0.277992777115
0.310810668779
0.289243238945
0.173027404594
0.278047517204
0.35211973131
0.199334233242
0.426293090422
0.241399421166
0.274288325103
0.253276929487
0.221693412326
0.230723393741
0.297370312409
0.399768133713
0.301876075386
0.36987861313
0.332566121715
0.27062497334
0.271012804614
0.333088977172
0.238805993299
0.266750772519
0.444673920612
0.335675101714
0.268786539453
0.290114135863
0.300687720155
0.286072054911
0.457741785953
0.44794127526
0.396096601463
0.297989513085
0.394040268583
0.242883202422
0.391404779571
0.31627382138
0.25836540259
0.28605098325
0.337506873563
0.400675795543
0.291712270949
0.223067813216
0.295216960492
0.302154290934
0.217760045677
0.252729720545
0.351305713923
0.344376338477
0.282484311702
0.312522226501
0.26377157177
0.382800761937
0.389090717783
0.253054991547
0.416715478399
0.289462639657
0.252300149376
0.327952489694
0.427902068731
0.304159860987
0.368266377922
0.276577038845
0.311692428643
0.310298055453
0.315460444638
0.37542020814
0.334286736705
0.368428234519
0.352740550555
0.288491402114
0.33609852907
0.269827700768
0.299512423404
0.287372559098
0.299525256877
0.327119428244
0.371076773171
0.20132473542
0.304795683709
0.370160544539
0.281280402062
0.284256745613
0.333111242861
0.298895657582
0.407673958162
0.341624392493
0.455410404998
0.292737214532
0.345966254264
0.245017744916
0.292849719348
0.36130772112
0.41139959203
0.363684991417
0.349548048536
0.313493868937
0.334308119029
0.333800140256
0.353075262602
0.189142510417
0.287991653566
0.290571427987
0.248518366321
0.371587944677
0.348259799946
0.215813113762
0.331982576418
0.235236946307
0.284083856653
0.244354953554
0.375627569893
0.344511367318
0.2114912558
0.309172213445
0.290155246453
0.28675371411
0.309752238764
0.291407048407
0.337016434009
0.259484771644
0.295645041355
0.32709338585
0.319409204189
0.419032308092
0.357859284546
0.232313858236
0.323973721609
0.315462523037
0.374848459429
0.184466358957
0.341781198539
0.406482188721
0.234139273216
0.2796041259
0.279861341051
0.188132611586
0.22909960114
0.319076613088
0.31746838021
0.250422082713
0.231696854449
0.30143996262
0.264736280578
0.382854367536
0.26934882246
0.33901292348
0.21690310489
0.418597461233
0.322246094595
0.314272327135
0.34375468786
0.302360410525
0.261289547685
0.259277665439
0.317718449395
0.312768883059
0.342407139176
0.267380139736
0.261859912866
0.316994437896
0.284068710813
0.229433205182
0.326563261114
0.257233812023
0.366473844521
0.33264807599
0.288881432816
0.23863667751
0.315955553704
0.267102308795
0.338695225935
0.27590611607
0.343784146623
0.266992994436
0.31597758133
0.227117689257
0.357760840308
0.398980522511
0.354773256633
0.381278614754
0.344179936172
0.325404150387
0.222583563088
0.278310844914
0.329052631869
0.359632012501
0.250662268949
0.333342324797
0.339519522264
0.188650916467
0.306580865532
0.233813943104
0.304871614304
0.283074177539
0.26846577476
0.279926842928
0.235293937369
0.353800099547
0.325765389516
0.254222414376
0.334157994403
0.40664065969
0.317660093482
0.276380143944
0.273362139454
0.272394809705
0.205761561646
0.381557242149
0.230162428342
0.320002350959
0.398422849072
0.385098799396
0.273291077732
0.233676182514
0.327225536982
0.35059020531
0.396363741386
0.309427269137
0.333090466144
0.308482087983
0.256731326355
0.259807808761
0.273477701573
0.301075059024
0.242171613199
0.390814904292
0.29518639433
0.266209142519
0.296709583599
0.311326725041
0.301606038672
0.289764745131
0.268859945664
0.261259494979
0.29420993027
0.278314684272
0.294596950603
0.397319380827
0.297262780707
0.288658632202
0.243088402048
0.291495805691
0.304990120011
0.33345592743
0.274536412233
0.3313026597
0.275190093484
0.317347679242
0.327042880631
0.314789653691
0.376683586428
0.308294490124
0.250981857609
0.298826970198
0.324840602965
0.343654922632
0.277177305134
0.266220563027
0.246873220822
0.37527701795
0.299334482893
0.419802618184
0.300133383322
0.348263229975
0.312597168904
0.289308658875
0.330298297505
0.218961934813
0.364777093796
0.256740363502
0.290136244607
0.399872693821
0.319168971831
0.221603351808
0.354095493153
0.283489973812
0.358284960521
0.393997998911
0.281707677192
0.350025260109
0.320341513333
0.287120372759
0.314836071651
0.224591653251
0.293133442992
0.313997397017
0.300056750403
0.211903592696
0.326133111989
0.301025196838
0.219868228186
0.297001527802
0.286556787928
0.31777813767
0.276877431074
0.336047426684
0.283469655752
0.423338364504
0.333825579405
0.250784587998
0.238132278295
0.389424537516
0.345185855376
0.38915549877
0.362816757554
0.26602425484
0.38323883693
0.237185646527
0.319748149811
0.290871913992
0.378030834741
0.256361301739
0.317985160795
0.244792705536
0.395745866652
0.384597238875
0.328986770065
0.32845391897
0.276435058415
0.343312284346
0.341289753358
0.234302471007
0.280461152919
0.313682213057
0.380701442843
0.392154463303
0.265374062279
0.301590272755
0.420641098442
0.234423164246
0.328418108222
0.226015532821
0.287588937223
0.199803994637
0.459085016866
0.276293120403
0.30033430927
0.300150440534
0.307343062782
0.35007091287
0.240726701896
0.312792622853
0.263891601876
0.328604084728
0.337118354414
0.311424753285
0.353434090466
0.354840161377
0.32911116357
0.34644519779
0.305299289013
0.275408170785
0.371792090877
0.38948352662
0.232927744403
0.395022363757
0.332381020332
0.359607305155
0.325718653563
0.278622884457
0.278799237828
0.329685889274
0.251124356482
0.315501206245
0.419162629057
0.252669076205
0.158741907389
0.433939392284
0.270720519177
0.349002971748
0.257018502361
0.169339186582
0.271790207483
0.347702438743
0.327523988954
0.254596878818
0.365785795116
0.203348668312
0.386969130654
0.309808131681
0.388899701403
0.221952480883
0.29483712569
0.399271414941
0.270019610533
0.293948193708
0.345001862827
0.39342568738
0.338233678009
0.368370489612
0.236441690487
0.280576166088
0.350734017106
0.216056387409
0.284182842936
0.383146053495
0.251033332932
0.348246181001
0.319473727933
0.286509097755
0.239666990493
0.239459326415
0.367550446363
0.34567368756
0.250606588937
0.227082239643
0.287045673111
0.270731138748
0.312258825615
0.327168392248
0.413931348092
0.295016492855
0.256890053208
0.270700406167
0.330041855585
0.399268715614
0.34520500843
0.225513831822
0.292093576557
0.287856297266
0.369589703946
0.293659325621
0.279289592553
0.37090484381
0.320076312235
0.345235511566
0.20080721408
0.342180063041
0.289131442777
0.296014824734
0.259944692692
0.302621664514
0.376906097331
0.333069683048
0.37600142484
0.297641359151
0.261129661175
0.323739976307
0.289542027487
0.285160855332
0.265596583592
0.340452124453
0.272209016075
0.305327864051
0.274032498903
0.332330007009
0.325363418819
0.229528197544
0.429605571249
0.375178938639
0.285011182601
0.282935685761
0.419485475206
0.339236542006
0.23088195916
0.408033133266
0.280836554715
0.393826244494
0.20065868808
0.263987098269
0.346824167181
0.351112644341
0.439791046535
0.391401830476
0.26865334155
0.355896515193
0.335619950231
0.322273742136
0.358521254864
0.321300883648
0.22403599561
0.263193260871
0.373959729052
0.288897612217
0.354092202086
0.261608260152
0.229487340466
0.431466312081
0.312338569387
0.292070148938
0.376311633444
0.260903217854
0.286061707951
0.299376107086
0.233384203758
0.345698823581
0.242669907872
0.190695594253
0.317313532472
0.225759789853
0.27360983541
0.283855791812
0.287099517028
0.353939976181
0.274722457839
0.288829908244
0.251881704291
0.318427630544
0.39079860872
0.31560047501
0.247932173367
0.353065477229
0.372190040757
0.379378670083
0.353749949769
0.342887989942
0.362323587979
0.271278803614
0.229745224931
0.286034542189
0.264222142025
0.246970357957
