0.385801838641
0.352342020344
0.321282522387
0.343099677137
0.278329436293
0.381079449934
0.384271569022
0.267207234273
0.242483165308
0.236347581423
0.421927569319
0.257187917805
0.30196107432
0.365155198819
0.375605772061
0.214774174199
0.253792082255
0.392161062251
0.310617912321
0.312737218273
0.288138011321
0.367989669302
0.277995467336
0.348853203026
0.378975963934
0.348540682397
0.288740199975
0.379655455002
0.286669872874
0.275114157411
0.313092130629
0.395915818963
0.294918957999
0.374828683945
0.282986141857
0.310434362512
0.325624553349
0.4048744762
0.259445882566
0.236173256284
0.417874982124
0.342005589853
0.289558964141
0.294269843307
0.303785264159
0.372745352175
0.383832591751
0.421116676175
0.338293726667
0.32462239872
0.234460471892
0.312060188388
0.270954386072
0.270432172035
0.302995615449
0.222709398593
0.313227652931
0.310557132488
0.301221130762
0.391924992004
0.285066212856
0.334186453512
0.348770742955
0.243728085644
0.173926077559
0.358814245866
0.323994284441
0.274216011219
0.388596300097
0.333558347196
0.312526131723
0.419461430087
0.36327422611
0.319860490336
0.227918634521
0.326307043128
0.31105813218
0.259656171117
0.230738065846
0.348572240915
0.360589385629
0.296216154115
0.389038483889
0.384910932476
0.355336931158
0.333557234354
0.22730192662
0.331288391108
0.391967083246
0.370426061454
0.357143078257
0.401612336637
0.249497494015
0.290228722392
0.212081833452
0.361469248269
0.331569130809
0.37579775297
0.355504843515
0.222030080379
0.27498619258
0.347730706395
0.40099284218
0.31771828657
0.251959297485
0.244577047905
0.188216229687
0.291741518763
0.265644416047
0.27476202561
0.312932734554
0.319111578048
0.35605349997
0.264980395238
0.272168843008
0.287565570927
0.300434724639
0.273501937834
0.244044322274
0.354908664016
0.284072748132
0.244833782984
0.288254061661
0.327619074896
0.483595623337
0.388062256297
0.445346612793
0.178679902036
0.264802583405
0.361429374819
0.370496073802
0.483024875692
0.26379933428
0.272587349601
0.410763791012
0.325168678369
0.340385586881
0.284078773076
0.403023203207
0.386603481294
0.392965106342
0.341091811098
0.322464150673
0.433556675588
0.328212034219
0.241006366025
0.319479850236
0.295168557749
0.236838251442
0.4508781116
0.218639459603
0.284823762382
0.325090698421
0.381392829762
0.358937695838
0.224823326733
0.445893947685
0.337966692375
0.434523247795
0.209742699852
0.139469572617
0.314259001043
0.379131586184
0.323129854385
0.3041227815
0.342889376995
0.251079351166
0.371692224179
0.363120693493
0.362462906058
0.270173108639
0.353170622854
0.224410875676
0.38654487108
0.359666363814
0.423125569096
0.309382046193
0.300392798059
0.331571949454
0.331258902619
0.400111292097
0.352315513515
0.379515201398
0.345574891866
0.277992906007
0.227977724586
0.366931673084
0.324662366347
0.36854849339
0.309449887292
0.339599356973
0.307961180928
0.371751588782
0.223128533932
0.324435750816
0.317284301076
0.355169825397
0.402838537071
0.282632102484
0.463761780709
0.316451706564
0.355826773067
0.264698118016
0.312349640559
0.320354291638
0.503824466893
0.312998154586
0.321806738095
0.281669736013
0.272890827948
0.347684318102
0.383443169004
0.317240176509
0.349049411975
0.22490151049
0.397205812122
0.337273698303
0.40768872397
0.353817313654
0.344798162565
0.389497220032
0.458427764513
0.24678478289
0.207352101486
0.304167167241
0.356181202608
0.463114987805
0.279340212732
0.278518462244
0.337488070611
0.41964078391
0.227109117441
0.352540238529
0.345307935187
0.392656827845
0.385092449537
0.31151808699
0.301728251673
0.289298521502
0.360760651096
0.259784545195
0.250465834904
0.359388650602
0.3429903048
0.363930372541
0.257064217753
0.404625786468
0.217010180881
0.284543873892
0.307564337391
0.26216773864
0.447931191735
0.438362216533
0.323707264508
0.374832950808
0.300758404758
0.335084632173
0.368902135428
0.280198236056
0.335725198147
0.299791524061
0.41259619746
0.370329734669
0.303630527167
0.271584577845
0.385717637294
0.411241944139
0.240049945907
0.252776593341
0.257546590972
0.240451436115
0.499259002445
0.307891762144
0.295285886619
0.451532172814
0.376683161674
0.342347119919
0.177628063707
0.22560315811
0.411224312916
0.352400280511
0.525006267576
0.240815687313
0.271249027808
0.344587096245
0.352447915006
0.3678232068
0.236530596087
0.314594790078
0.392235417452
0.392428837231
0.199865037553
0.282459357784
0.364651739188
0.510405703992
0.281349942041
0.484777516325
0.341633351249
0.284453062935
0.272891023921
0.271053193802
0.495542361654
0.245355209182
0.396926147604
0.405225471721
0.266503302176
0.307470363551
0.502987025076
0.419755286955
0.404491349052
0.329709174487
0.318111219038
0.360618155844
0.292647497694
0.224987299244
0.507835722002
0.469870974089
0.235715681866
0.433044849011
0.309510810193
0.21482510343
0.281174151351
0.573189479522
0.491692920417
0.261040505028
0.336048990767
0.476385248338
0.45785224175
0.240475896101
0.416153881606
0.374163841182
0.291959446079
0.344528329351
0.284597294641
0.380996870772
0.297430359585
0.356219799998
0.288091800394
0.520416260624
0.426162197317
0.231984913184
0.302972625701
0.334535220851
0.312281630478
0.317888313128
0.239075634203
0.360488301194
0.242922260123
0.315772933662
0.408072561275
0.211579293197
0.375899373631
0.357704048646
0.318466195945
0.34758615785
0.224522366921
0.343483441112
0.473755848631
0.192265778392
0.234552476834
0.340543927937
0.224611962878
0.448438350208
0.400298028672
0.253261416869
0.491514546132
0.387612673671
0.378885989835
0.418400866646
0.482182771258
0.272802493256
0.38071248358
0.328770499605
0.239915320317
0.250809429105
0.352238198224
0.282450149791
0.393646432613
0.29283214864
0.18451256299
0.47163914997
0.281120116019
0.367838554538
0.446672740947
0.359762286871
0.264844569612
0.249878602457
0.511558478746
0.271387816061
0.284082216343
0.369479963269
0.289585076364
0.285285002696
0.389308370899
0.418628608498
0.291346177794
0.23551987072
0.440890809947
0.219998872561
0.326275373252
0.491135661128
0.252545064844
0.223003536056
0.489694366244
0.373273399111
0.337232184055
0.331653913137
0.374626824225
0.357198084945
0.258307932202
0.320532862953
0.332099343386
0.176527230411
0.495929284471
0.478588929201
0.27692789973
0.361284429827
0.3948541952
0.47637162892
0.151054794721
0.269423013504
0.190693326425
0.386122116641
0.381222712902
0.345398896155
0.252072287007
0.224546262855
0.148108328636
0.236376614911
0.345852966671
0.207758789357
0.317395305033
0.333779031429
0.431404996804
0.254776540744
0.388569714128
0.369555964706
0.239808558062
0.21014736195
0.297542952548
0.426706238269
0.331979030362
0.348986003245
0.32114216116
0.44603883676
0.238489256534
0.277581769843
0.491073788211
0.379145602079
0.215567035642
0.549759249757
0.396842839878
0.242874115175
0.274103751828
0.306869070934
0.322335698818
0.302883315837
0.386285193786
0.345727206034
0.311578694875
0.438457232983
0.24129020828
0.246048347828
0.341693019729
0.264953768812
0.364207242767
0.412714754401
0.249507466637
0.331229540766
0.382835875125
0.287948718978
0.282014601085
0.194352578722
0.403967824599
0.436490547446
0.21260712866
0.287170586932
0.330429457396
0.411281394306
0.303932718732
0.251166621505
0.416919769133
0.288113544794
0.31726614795
0.354773079737
0.336440735136
0.33253802125
0.354808925966
0.273186706425
0.182287422918
0.238309202457
0.246718469618
0.287375762746
0.525576904835
0.309040152658
0.337744800995
0.28057734269
0.240755177441
0.496106782814
0.314538090213
0.327979873779
0.329710766123
0.424315947701
0.240977131002
0.292939225961
0.207070114253
0.281089510054
0.247485550579
0.522402452323
0.304107218884
0.462632714282
0.491203440754
0.40453434487
0.20257739697
0.343630036226
0.272899108707
0.151649849628
0.452910216877
0.30502509976
0.328643966674
0.304819299437
0.274667340222
0.322397766981
0.344073856975
0.257031032305
0.329941054287
0.383984419248
0.348152770907
0.301736871869
0.356440973496
0.256180904068
0.371459573842
0.250591360151
0.349208294675
0.408191312558
0.273456846981
0.34935526784
0.318780845906
0.397396394041
0.29713131891
0.286623156485
0.357381776764
0.262844836036
0.293588129814
0.254010478447
0.222831382093
0.308501067848
0.24100951946
0.331218381817
0.365922534825
0.403981132397
0.376357628514
0.374784326622
0.294754734815
0.247712791089
0.311565191012
0.31360579535
0.32350413699
0.337290637893
0.30427815223
0.270273037409
0.340768499808
0.254767296386
0.393491932337
0.35167881688
0.276947212312
0.308216716473
0.272735774345
0.257467594412
0.360498220424
0.389772857187
0.332496899008
0.373039557579
0.322182535265
0.335817026167
0.364568339436
0.329083305908
0.400988346004
0.390333928144
0.30577489743
0.373816403946
0.351387657469
0.442774952871
0.268826493856
0.347535154754
0.38029128667
0.240494192032
0.334289635808
0.414250183975
0.309707301954
0.283036158064
0.255573687994
0.267035703616
0.333691209073
0.345927220757
0.344632778063
0.408223415766
0.342326836347
0.239362992976
0.356091888235
0.383360474805
0.320665329552
0.402345683503
0.353022083556
0.389831154256
0.359909483218
0.344035722279
0.329322960748
0.29634016694
0.264551526646
0.207409531938
0.263924936278
0.315785874778
0.391986996807
0.336314068452
0.350775760356
0.329087465914
0.335948735036
0.238646569024
0.28068446922
0.371918318566
0.351774973408
0.286984861786
0.526299404969
0.401341210203
0.293140912083
0.346246999796
0.290615697557
0.338070066767
0.389435217356
0.411991522195
0.425124649971
0.246974625945
0.318279573911
0.324897625602
0.270172097737
0.176233116398
0.375719224349
0.37269031883
0.305290901452
0.301694814714
0.180994625866
0.285941843937
0.372093498773
0.288025268233
0.266560425848
0.299750895819
0.193669291693
0.347421365654
0.204829504658
0.276584039773
0.31348457941
0.37716738907
0.317450404986
0.375039566713
0.33907227489
0.421640887743
0.315462775045
0.353058107916
0.285192375563
0.299809234051
0.35887914803
0.325166981457
0.328557053338
0.293630860219
0.358070002073
0.286559601853
0.311315773218
0.253174034157
0.37182060825
0.274221520918
0.462751654692
0.302779441806
0.321975928742
0.393306577619
0.270089316209
0.278945782612
0.295762910248
0.342279844828
0.308330000223
0.317818618321
0.213568893285
0.334356387142
0.36535414894
0.350206352504
0.321236889914
0.226038368801
0.306959889846
0.268880032013
0.258431256668
0.42658725839
0.338337239822
0.313060367052
0.353356514655
0.316401167576
0.356781340095
0.282090834315
0.227036193333
0.371822486173
0.25327183278
0.418142601605
0.238236404629
0.340664801746
0.363027140547
0.262437804155
0.331027585308
0.290538396555
0.267288337233
0.238648995661
0.318849107392
0.224505908811
0.218440814044
0.35151434709
0.267492134402
0.41274751904
0.221521658867
0.32762871111
0.417487709048
0.386084372507
0.247331124775
0.208888286871
0.219792901483
0.331670458741
0.261521602979
0.508930633332
0.216917758606
0.404927777993
0.283622784161
0.511966290118
0.368741346754
0.298412272615
0.527665320251
0.360985423438
0.353432104129
0.289253162609
0.401349105497
0.240947241914
0.220636770872
0.240876106708
0.144803579768
0.170648199237
0.261344741828
0.284544694063
0.387561134767
0.395575675483
0.513786149165
0.338913006712
0.278866439847
0.182285519504
0.372900383645
0.367337718276
0.379093155271
0.316332227468
0.241454353583
0.314199766914
0.368160015556
0.260323972185
0.37837422557
0.325185164783
0.363776261121
0.236403323237
0.382968156616
0.515868055
0.462743208169
0.344549376406
0.272028580835
0.348069697898
0.418675604327
0.235649209248
0.3738756546
0.392455856054
0.275928245032
0.324815793926
0.248237024902
0.380821368765
0.539647275942
0.53269504545
0.334723292557
0.35132726544
0.32995909594
0.20980632875
0.588473620735
0.287336701432
0.193554809209
0.440362453292
0.32804680904
0.29996163753
0.328573357549
0.315508852152
0.359827152308
0.209883711431
0.336163573275
0.350464905471
0.330177590361
0.539424748149
0.376026059811
0.249897705517
0.274695984899
0.315872471128
0.263104984207
0.218587809512
0.352278691077
0.163870304181
0.348686422914
0.525544846059
0.193219539836
0.266949037053
0.241169831782
0.477191421835
0.3197257099
0.403914358315
0.294684107881
0.361677366404
0.265367047343
0.289938427398
0.29595314343
0.246607888803
0.213877830707
0.172148969953
0.208080190529
0.376247401778
0.233839876674
0.203053547394
0.252435823001
0.273136759793
0.482094972428
0.470115221565
0.358182414867
0.275482007422
0.205622583332
0.235367408129
0.446746117238
0.523093000805
0.273450817407
0.335302666194
0.316140099898
0.330497776502
0.364600366683
0.232650653423
0.168276773716
0.264253751951
0.545446774616
0.376009165865
0.298953571254
0.324319898201
0.389839390268
0.327192363009
0.349809892527
0.422428234268
0.246536006556
0.336322719554
0.329248919089
0.330543492284
0.406435236979
0.339027129009
0.420448903402
0.324067345718
0.359714189146
0.225076254919
0.436045886049
0.347643234967
0.251592791144
0.244531629969
0.265943451758
0.34508716623
0.290352662556
0.239635197833
0.208264932459
0.243236696201
0.290895109591
0.315568533453
0.344316689858
0.330854902635
0.287959892986
0.361723572099
0.211841440246
0.290546994636
0.252499269762
0.27474071173
0.319373925904
0.177139687592
0.413387788814
0.333041918023
0.429634036468
0.26616633493
0.366197986059
0.490630342128
0.447844792468
0.347564402509
0.284010790937
0.233840756302
0.362557094992
0.264620703589
0.294790813965
0.295850468257
0.273200270197
0.229113279531
0.286193122065
0.34642863215
0.355358472141
0.359338770432
0.21963323391
0.349939289472
0.240070048944
0.371405093833
0.354935708567
0.278039561517
0.242607113523
0.29301088209
0.353488462211
0.269874278805
0.400484666683
0.412900872255
0.272897797569
0.236471144756
0.361508690865
0.307036515382
0.378950680375
0.293196294675
0.262193497922
0.28351418596
0.413060414706
0.285287198147
0.266487733661
0.212843251891
0.303973932701
0.212254204704
0.321005710158
0.368835324314
0.27499588287
0.258277843146
0.285472959665
0.255876500586
0.224371592809
0.300740397303
0.346467391537
0.294203762362
0.361290535551
0.325370144606
0.416758306603
0.254450844158
0.373401924993
0.331337594247
0.326605088146
0.346439715578
0.270584260017
0.257357640938
0.474155860625
0.264079232583
0.389799713299
0.364505162056
0.276973685576
0.356286758575
0.213169042165
0.368488299209
0.256399555529
0.330941749585
0.236633613925
0.355490350508
0.373914025968
0.327121703384
0.475577786224
0.303545805261
0.257724115804
0.267205238495
0.51545190345
0.277493468173
0.262055094149
0.229967946589
0.440591650297
0.36632501227
0.291420420175
0.292321590162
0.334246145598
0.382185907961
0.467751187457
0.477978419959
0.2682250369
0.26402386269
0.326822704265
0.444243625306
0.155355021506
0.232626615105
0.48840362212
0.277810972066
0.317609724164
0.315655930119
0.376754605992
0.342068288657
0.364541152667
0.304560775408
0.166020435602
0.357712157378
0.476905458126
0.497911611357
0.315728292618
0.179579316734
0.243423137054
0.241870353746
0.529330183302
0.34586915627
0.286951116229
0.286380090268
0.295152817499
0.130660168227
0.197190397688
0.34349160782
0.406303947575
0.229336511613
0.233619496144
0.284664631222
0.422149363454
0.496846390322
0.510862193356
0.228329978977
0.19344346431
0.502860214328
0.345524276624
0.339055061321
0.357130056229
0.337172610278
0.370553874709
0.54489260059
0.427331538951
0.244751972272
0.363358742692
0.412208772213
0.589755741339
0.497761849226
0.323320937493
0.381825148311
0.590171548488
0.222651146184
0.226853510615
0.304580672335
0.285617466909
0.23616272924
0.323584347511
0.404680785263
0.315887932263
0.239765704038
0.323834194481
0.255730520632
0.397110095001
0.553755529437
0.494109069543
0.260074998123
0.255368427101
0.267280285546
0.29474976891
0.282484650645
0.20386283463
0.207594637501
0.29460832701
0.292735413315
0.294217270953
0.304040848894
0.242659757487
0.309120239696
0.470213537884
0.207524233468
0.249078681258
0.330046310891
0.425592023432
0.284870190138
0.390179039951
0.355175290636
0.334744249513
0.418238604058
0.530433673305
0.275528681188
0.272664542344
0.379241275599
0.397034558854
0.573527812099
0.369911812829
0.211538519554
0.426005906038
0.377804657985
0.35374109687
0.228732376413
0.373415997621
0.294200410737
0.234290298656
0.248758582867
0.236349470036
0.367229094116
0.282441955187
0.289218748692
0.427045116305
0.290767678837
0.470529401022
0.253004820233
0.273734220759
0.278475501271
0.252801195232
0.269143537863
0.361694497757
0.493944118179
0.253119797204
0.356233087762
0.178499700603
0.337409815581
0.321309422298
0.334928322031
0.394261392416
0.296957123741
0.307077136792
0.388544040933
0.392070291177
0.422683998905
0.353855401358
0.317523536669
0.423514685615
0.412286356305
0.379868843555
0.466887752351
0.364491370845
0.335769960319
0.393963294562
0.362027977239
0.448096300832
0.426384168568
0.339666455358
0.331421744722
0.301018966747
0.297597858023
0.300465075497
0.369778461009
0.35873541367
0.437688072802
0.382304725117
0.262167940664
0.548933437666
0.298947434357
0.301773442972
0.311466475684
0.308064538441
0.292281477409
0.350179452587
0.254497239998
0.368875202237
0.303324975854
0.34264919144
0.345814669949
0.466625545204
0.294197175847
0.363834187727
0.251067113832
0.412352864498
0.485127158133
0.399629882503
0.226333400322
0.275391516773
0.317560830002
0.36584516822
0.442365534139
0.334529737273
0.318753132095
0.364257642822
0.360737347151
0.394572676378
0.236836258446
0.275896096758
0.29269729474
0.270857341118
0.359025645047
0.30943404744
0.422026186502
0.32880079406
0.411927676004
0.405366687363
0.290143772853
0.342446621713
0.330901072412
0.281754452159
0.373954636191
0.393370899852
0.35006276427
0.255545215209
0.327550823642
0.298147997481
0.341644723271
0.281612485593
0.41173260315
0.414534765818
0.359100960928
0.417848782761
0.40559828104
0.270689774743
0.404326784418
0.296648683075
0.286974196651
0.384282830002
0.337522410329
0.271506013548
0.255471697908
0.396117461224
0.300645570277
0.330004758899
0.300754429274
0.365801084581
0.479017277003
0.413289928745
0.387063694774
0.357817549476
0.334615065767
0.381573610565
0.382589174772
0.433092787418
0.424218940458
0.254680427336
0.368402078634
0.303162752148
0.195611903892
0.403587233692
0.392013771426
0.191360546572
0.365389322656
0.352052914652
0.291487999939
0.287658307865
0.283321229621
0.292535132564
0.209374247231
0.32481881637
0.244054568992
0.35484457007
0.409809349159
0.294166550851
0.27162153064
0.389486950184
0.342370945564
0.293010342622
0.333890960712
0.282289076533
0.4333633949
0.302778917783
0.274951669006
0.41842527923
0.308232811601
0.273414407509
0.347826418567
0.254801959447
0.309607840841
0.200067271473
0.331218900591
0.243177534389
0.364577700337
0.30999493744
0.241849958824
0.312331542209
0.37599854109
0.344793506033
0.351274179102
0.231345302737
0.401042102834
0.321279276684
0.248801799866
0.330636307302
0.303295091286
0.215583679699
0.273232715526
0.341571527636
0.306859711979
0.254228141498
0.332764525675
0.394771701071
0.32257944251
0.340619281081
0.431394921616
0.336244373865
0.304320022943
0.255724365095
0.329872440211
0.393229039437
0.334831202641
0.330459182061
0.312190095959
0.317407711205
0.24932462507
0.313649306586
0.376426339526
0.408545696797
0.423334049477
0.254715453878
0.29988142921
0.375370939357
0.368032123373
0.377744675827
0.284648013406
0.369638558823
0.297719838937
0.287454087741
0.270662446409
0.315617527745
0.352902412625
0.295143951147
0.295500784763
0.359165895203
0.321960018733
0.410981869303
0.257150382419
0.343591724949
0.303608052157
0.320745232507
0.338477598025
0.274302564306
0.252770927211
0.248586240631
0.331171341202
0.323141146695
0.339552860347
0.411477817334
0.413369015118
0.385406987227
0.359788524281
0.297597557043
0.347096733037
0.302524410621
0.315912591614
0.323878631917
0.262735941841
0.267584682574
0.350273598716
0.30319018875
0.374009906897
0.288843921145
0.417243948691
0.302114633193
0.203304744533
0.278451863559
0.299337857239
0.311452799841
0.297037908768
0.295208531624
0.300708898022
0.310465666654
0.333214830435
0.331268675835
0.305822589694
0.312533263556
0.350929906239
0.403529323572
0.299506668307
0.433176497987
0.36592308799
0.326280653006
0.384270361758
0.317725594092
0.335430400519
0.330613474951
0.371187996829
0.268392227463
0.291974461123
0.313194151761
0.295678358069
0.364902333307
0.296478639766
0.287399072011
0.292394615435
0.33857392841
0.332961125227
0.423090720942
0.356253385972
0.301063016237
0.335180302089
0.342580961817
0.306221259295
0.410106555341
0.323913861838
0.326551076813
0.367266732386
0.317271869624
0.361965331176
0.289691537738
0.423437989449
0.274358204631
0.328701532341
0.301790994061
0.26206393995
0.275417525495
0.355861324406
0.358137314785
0.284278662269
0.34825011395
0.383817499433
0.33907541134
0.35193987771
0.217113683993
0.258842283847
0.274567830508
0.29767767624
0.307516774646
0.366540070934
0.276889711406
0.213005309062
0.275468749305
0.245223823784
0.308692550947
0.345249939039
0.306561185969
0.364502080625
0.287951699309
0.320109771064
0.312306865751
0.359813954705
0.364895382492
0.281573063693
0.242018139363
0.412857906281
0.303601562968
0.321984120191
0.341641582911
0.298966908578
0.290713938526
0.324746921031
0.411080252823
0.432845088999
0.315626325395
0.28617647275
0.264679114601
0.211136619479
0.284249998902
0.437628080247
0.293840641049
0.303512147537
0.386243685555
0.271566422127
0.292252777059
0.269075850566
0.343814775334
0.422413069654
0.409211765569
0.29632283769
0.388637113797
0.317690266422
0.44130763909
0.29245507568
0.383258233898
0.320427548618
0.278583944575
0.257978849321
0.341633276666
0.337499265298
0.397435436672
0.254385856638
0.45987855528
0.317834163252
0.313232554469
0.269135517369
0.367642289103
0.31344200788
0.33118141496
0.338728688918
0.250733495757
0.331993547498
0.369002710738
0.312020484318
0.301146188075
0.419333457281
0.441014155525
0.218187390123
0.19988239647
0.384595608377
0.296856338142
0.278360280955
0.280782198441
0.428239846595
0.335613952227
0.378663148023
0.257496974673
0.335311725231
0.271788567662
0.273842289891
0.286453654777
0.195372080407
0.283773456334
0.401880916633
0.280212889768
0.382958362793
0.407162880488
0.306929667072
0.265292091674
0.390979909228
0.370222057442
0.362729350806
0.369233092167
0.368167054266
0.418965429494
0.353856074715
0.437814365468
0.34769089619
0.308572796373
0.297764762353
0.323173117495
0.314773131197
0.430962086425
0.292342677138
0.302978615729
0.434755451682
0.282776655019
0.29989961276
0.316917854919
0.270984191979
0.362293814445
0.286607741773
0.275077180127
0.321204387638
0.1689110555
0.356708509389
0.302088298393
0.269728906785
0.378497284421
0.504583899382
0.378966734626
0.303704600059
0.316759437901
0.296089995237
0.298951173382
0.254190696104
0.248671440194
0.4034032527
0.364274496704
0.303628051785
0.334067394226
0.334563108682
0.246151821374
0.2984817233
0.315892881486
0.297993396205
0.336341253655
0.38342340802
0.244587050212
0.300301026772
0.285449115614
0.288062229458
0.227591829863
0.321989420455
0.274953717668
0.340865480846
0.351431354211
0.199739964866
0.374645976211
0.402864979945
0.293226886725
0.256593477853
0.22036807581
0.353166074217
0.33819218554
0.378249403769
0.369733423602
0.370882975522
0.325159363338
0.316864811434
0.469151620492
0.24563238852
0.345984514364
0.200468287029
0.366863787306
0.315919730206
0.334856150978
0.254454829213
0.352051984239
0.431201230558
0.433127307563
0.290615408179
0.366668699918
0.229465851228
0.302162006968
0.268540439701
0.23399585253
0.351342351626
0.317644857084
0.307676807828
0.254673102113
0.2796554692
0.274644079273
0.287463469756
0.269062179816
0.328183914924
0.348782719714
0.466810754158
0.282623814605
0.354124647052
0.369292665021
0.228687745013
0.313741231071
0.213863834065
0.254426395064
0.378189683251
0.164710829593
0.277065360408
0.262070900528
0.41533935682
0.320059507431
0.301768202573
0.452629306292
0.29127017079
0.329470299156
0.385850681577
0.301498515193
0.38188743764
0.288227978649
0.378593093417
0.210427113663
0.332300886972
0.301206626163
0.303503459244
0.317609613301
0.242690223189
0.236647282972
0.301915480705
0.412429963669
0.347742903301
0.327948361797
0.34716803976
0.342654968722
0.346301926557
0.336118467543
0.246696499863
0.334682760835
0.291743335284
0.271776359838
0.406302300239
0.323332052875
0.343850008206
0.316813925775
0.326579002923
0.266183329147
0.251849377983
0.397465256728
0.294300626188
0.328627875219
0.347173922037
0.357063318728
0.345198337375
0.369332914643
0.349800355781
0.287714500587
0.403654970491
0.4762437857
0.283715676474
0.383225229186
0.293596298725
0.383061273234
0.338232276655
0.34652516755
0.262787866976
0.376031175469
0.297790201059
0.330320993452
0.273729232086
0.320238835972
0.308915273909
0.322719085121
0.439962368907
0.406402437128
0.39231382147
0.373224614608
0.4103405041
0.347493770808
0.321091872497
0.316069989036
0.3471385774
0.336975682709
0.312547987799
0.29697440613
0.296102606981
0.308283177459
0.215649739831
0.243235006263
0.35929400694
0.299405034481
0.453074226356
0.354773010347
0.35590588191
0.205825461519
0.251584255372
0.234376330056
0.314672683668
0.294590422775
0.322061988805
0.265926808027
0.437069233752
0.304525264122
0.343994038233
0.423045400888
0.395605586466
0.300986088775
0.34369956486
0.273127555008
0.340524633695
0.284196516555
0.259778310694
0.265976440867
0.325400806787
0.411151720845
0.472834508498
0.399523034781
0.275037781393
0.280726763484
0.261184995883
0.275796214099
0.350173293496
0.224712555541
0.217190077237
0.291867893478
0.244765437055
0.359454407845
0.304033824943
0.396092693843
0.4092508119
0.311084341493
0.277999753515
0.325030141362
0.308179458337
0.264116637482
0.360741353196
0.181369338387
0.247502425791
0.236221670577
0.372660090625
0.319961249995
0.354125350848
0.39075415078
0.490007748188
0.372900187751
0.479707277034
0.487892196174
0.461060232047
0.373792367792
0.373006554134
0.35548817033
0.298307543243
0.293285602059
0.411451462161
0.444028816366
0.338198352272
0.260233325049
0.335010199419
0.319655045711
0.336664106539
0.375825584197
0.376645739935
0.341956092368
0.288401931351
0.346237195418
0.2801402431
0.310523142995
0.329713686012
0.320391367997
0.375940012049
0.361570246268
0.469581579026
0.27274284398
0.221220426045
0.375554086027
0.380932080734
0.275198882908
0.364566564923
0.247408182217
0.242354495556
0.426493265743
0.350624097211
0.328828689988
0.301694608893
0.363289163322
0.37750012209
0.219107443231
0.39951355913
0.237179484299
0.371844900258
0.261822203054
0.380817984855
0.305308378989
0.264644671464
0.244047921326
0.418760610995
0.292758131188
0.328917293796
0.412250007692
0.306560898935
0.466257813297
0.283304734587
0.41157797816
0.258227650443
0.322933603056
0.300480653774
0.28298946952
0.3573852935
0.376898559806
0.324975906878
0.375159491771
0.389280368763
0.57633802417
0.395596086122
0.295914851005
0.332716273412
0.330042814632
0.32619356034
0.5291234236
0.353557288551
0.382390176738
0.373411627516
0.250464954634
0.354377725327
0.429957636028
0.36232457837
0.430224372479
0.299740940282
0.294825648996
0.210425097252
0.322713391754
0.306982822609
0.450766292918
0.319424468252
0.284667089141
0.260246283196
0.309703283202
0.424770117929
0.357773629457
0.361066056334
0.339792232642
0.376260978481
0.302633861917
0.313713758784
0.461512261904
0.350130835006
0.359761434655
0.317054436429
0.33510917522
0.377117250595
0.268309340589
0.242864276362
0.272217424784
0.361271851943
0.187169943378
0.306520707237
0.229565656293
0.369333166358
0.314258308864
0.239218708448
0.268202324045
0.469780086533
0.427805776488
0.221865727449
0.208412812405
0.337464614028
0.268200464227
0.430306836216
0.297572085885
0.341814148721
0.379938806404
0.401450064045
0.2408600789
0.318227773334
0.355512025691
0.367716059219
0.25070315494
0.330401696629
0.392572847806
0.284185959956
0.330434568072
0.314641481631
0.208584178644
0.328576720844
0.37142891635
0.264945094287
0.316005627311
0.365886349369
0.350701642062
0.352451720087
0.295119953965
0.32350179269
0.343962616681
0.374459705545
0.353124604131
0.355476568976
0.270274899072
0.380201904662
0.300375218439
0.239614344464
0.31613965265
0.321767472199
0.402416739879
0.252247998451
0.262363342536
0.381919564
0.321684456456
0.318154498886
0.289079722498
0.203676345057
0.241817135268
0.262662736078
0.434130214242
0.319456982047
0.339104872165
0.346606565411
0.333162484398
0.248744260089
0.243633195402
0.264499673555
0.368499604557
0.227452571809
0.348072680047
0.229562018639
0.280458461923
0.316156014809
0.414621473718
0.262469388691
0.363528542448
0.29877585911
0.355552983544
0.427135363718
0.280722737387
0.307364370074
0.283881558416
0.268294942107
0.371407631667
0.273052054319
0.335079575167
0.313849587045
0.224758482421
0.304000594583
0.450742525146
0.26002143065
0.360047913501
0.259939471656
0.333619238331
0.272601250519
0.303736040137
0.397634247464
0.323748774054
0.337128656585
0.32107756694
0.34048352629
0.354782269507
0.26601121001
0.304712248679
0.235136081999
0.297287360139
0.247016874423
0.332134097274
0.209552473465
0.346610617002
0.251083582106
0.408030974787
0.281790024454
0.348404656184
0.327547254904
0.380554912485
0.429201554904
0.219782978013
0.360976141396
0.359570822487
0.322871728675
0.233098080265
0.405424623943
0.315316125347
0.305751797133
0.413898764025
0.310926653911
0.334676525579
0.373572834331
0.219199583536
0.31392323514
0.23354553942
0.410354992798
0.403670702615
0.339218941117
0.239376866061
0.335751655824
0.451549617291
0.312405583562
0.241923442925
0.303547481166
0.284121702152
0.267162433728
0.287388398484
0.288535664139
0.341548582613
0.326072104353
0.246892755568
0.346732837087
0.224058157015
0.348999463088
0.380983168759
0.433987588349
0.289674205217
0.297062230091
0.313490651841
0.352922189226
0.347828957697
0.385947391765
0.324034815766
0.286764252588
0.296180244785
0.342151499054
0.328519222511
0.368549927738
0.306728807595
0.413044691308
0.331841652581
0.252802572012
0.332270621631
0.446474872916
0.355885801734
0.286816614147
0.234165879089
0.283998330631
0.302294033477
0.286714441745
0.274372977901
0.256709099054
0.314676615552
0.27007013811
0.392638834266
0.389917325957
0.384530849563
0.286939331288
0.292109606296
0.41359346779
0.308780203048
0.377551001085
0.367398372153
0.295038875412
0.227720822229
0.266539467261
0.337592171701
0.521043705356
0.366193310799
0.194174294851
0.327933442977
0.317496263595
0.36497802565
0.318340248912
0.344806385233
0.397788099144
0.364728698662
0.353921143617
0.390560894813
0.244035269211
0.31747239243
0.351426888777
0.361235276232
0.268517108319
0.31051146805
0.312181407391
0.321071431172
0.406225267157
0.358487279838
0.422593965671
0.347435592999
0.36331266148
0.296327228304
0.411556951905
0.418536629401
0.345702546281
0.277666218896
0.344478535139
0.260102334516
0.293390526024
0.421000519684
0.304498839062
0.308661869377
0.117460925123
0.431429229236
0.311672273448
0.307457490089
0.233804068936
0.386116216906
0.400368643661
0.271388721086
0.24768048214
0.260641203627
0.364672947985
0.315733075581
0.434151033339
0.300462229836
0.267013576517
0.281944768725
0.398217339583
0.338834415755
0.328279885472
0.323223906963
0.380114735828
0.453856362619
0.292501001233
0.372039265196
0.265455739017
0.322432275027
0.346854633464
0.340539953593
0.434197489636
0.252467121181
0.439846820934
0.358474077228
0.447770511936
0.473588614948
0.293175550991
0.27342979719
0.366713204144
0.286356558395
0.355609518892
0.241620962545
0.264647539305
0.325039143502
0.37769516348
0.354980550789
0.258868597508
0.283657662675
0.22159062958
0.328259312551
0.323326968903
0.334941863648
0.301254320646
0.31656011568
0.450628745132
0.353525248212
0.306258297333
0.277757939403
0.396058770527
0.43347768129
0.36664943272
0.292960378185
0.303597891399
0.337755604034
0.345178710978
0.250785855733
0.394158848323
0.371974743699
0.368916708608
0.32238150799
0.227019381917
0.293155253868
0.321512572342
0.33388720244
0.400332743336
0.302378114273
0.331674751394
0.340854163844
0.318261219802
0.313459097098
0.241692129955
0.38213483385
0.345840149702
0.370971483488
0.312447648228
0.30447944239
0.368276389349
0.34321882008
0.373973148135
0.358442836727
0.220969597696
0.286380352487
0.235932307408
0.270995168392
0.390242442822
0.436570516433
0.366984225128
0.279871942869
0.428107500494
0.334931721308
0.336849208
0.277096352626
0.421933532318
0.299601763005
0.292145095026
0.267117896416
0.418151280404
0.279953114829
0.267134195193
0.267422241385
0.366635356717
0.291931113723
0.290825597225
0.307208405431
0.29689120618
0.301195570316
0.303973568534
0.259172259369
0.379064563924
0.275598534364
0.305078913874
0.313100168762
0.429076701706
0.239984732105
0.368612799521
0.412949756896
0.205668311126
0.355858639741
0.253148579035
0.285127154776
0.279030326993
0.396307308009
0.230320762908
0.275505427816
0.293141189862
0.351298145188
0.301258756012
0.37108978991
0.31992972907
0.324680067525
0.345262871423
0.351997523537
0.369829730299
0.386780111701
0.426668757767
0.376504615886
0.269469595647
0.30751541103
0.383370269859
0.301727214283
0.352142187806
0.291300250981
0.255718879635
0.29340606257
0.347687613876
0.363290854469
0.293411651043
0.348086293356
0.318685788545
0.316902346655
0.264126712118
0.306740888452
0.339523233006
0.365300550261
0.350109457671
0.239336526739
0.197518011732
0.30482166124
0.300662981217
0.273942792818
0.343563812776
0.332410487508
0.29346177883
0.316764496857
0.326337456706
0.248931239685
0.461144373232
0.336509747934
0.317940655549
0.228859215044
0.261535598956
0.421761374863
0.26666456963
0.332887145099
0.413942716074
0.312820489961
0.358170375485
0.359327579772
0.432549767321
0.302008932891
0.449425986738
0.232788380174
0.320150612538
0.364877929924
0.298669815234
0.306607685525
0.329248728223
0.385531603067
0.295685415047
0.32771049293
0.290820379473
0.261202037209
0.344874099298
0.260876249683
0.351204011436
0.271208982679
0.389992995317
0.390872358708
0.373775919672
0.302644271052
0.298676106448
0.218976720401
0.378663483246
0.421733966746
0.41722807069
0.290940540742
0.282154802933
0.330838556246
0.29451641596
0.301738172846
0.386825162634
0.370225433528
0.374323140339
0.257229596015
0.321313470361
0.209806100766
0.435203539838
0.309732292147
0.30846527249
0.238339999639
0.252997253058
0.375582405388
0.371657954136
0.401359495627
0.26294908594
0.313796671349
0.30470525101
0.242746576648
0.490722076078
0.196169731762
0.338494062688
0.354268156909
0.228682702994
0.197360248898
0.381952399499
0.275653842572
0.364708234116
0.397782928463
0.389206261544
0.348177406307
0.196113136177
0.206792385446
0.336056318241
0.38038350156
0.329011353589
0.278077712918
0.418976489977
0.296212851181
0.257645336521
0.317804013124
0.434655041053
0.378377141743
0.388693943041
0.35815672921
0.309153819575
0.246995150486
0.332972507938
0.390405263131
0.296929620873
0.33017967367
0.316194373422
0.275106559255
0.30960697884
0.319608785716
0.410620613868
0.366918908646
0.402872933104
0.291976779288
0.25214539175
0.369946297152
0.398850243914
0.24724251512
0.390832163379
0.294246038249
0.461930472081
0.223182339841
0.298373685706
0.395096369233
0.373135128593
0.332040509923
0.342489314715
0.261334116486
0.201602386703
0.25084172541
0.283357622498
0.320955722651
0.315570768987
0.222266341667
0.330972321613
0.353021973894
0.297332955759
0.25602196974
0.248834568683
0.337914668424
0.452059317085
0.365401836501
0.358072276756
0.298185275252
0.258781025079
0.230276034693
0.348701800135
0.279565802016
0.283576635728
0.330029543596
0.328072954902
0.206192761596
0.374490935282
0.307600379643
0.334459807999
0.287653784374
0.238957792947
0.351098898781
0.336658361055
0.48222759204
0.384547420408
0.275896274197
0.396215606652
0.280319794171
0.409883062995
0.259839486888
0.31653964746
0.407613904875
0.340117840917
0.381701717265
0.228411074505
0.288829450126
0.276827157952
0.32196809447
0.396520056624
0.329732197513
0.240768899337
0.31471077284
0.28642685985
0.283135588397
0.454726678802
0.303200185719
0.417803895631
0.314004843398
0.323733262507
0.265145473194
0.348751840089
0.392999427853
0.385947689335
0.352261757043
0.266687641419
0.404055082035
0.341473485733
0.319156908614
0.249712241172
0.235496862347
0.282981799662
0.244189659316
0.285105350529
0.348944786555
0.303322244843
0.281669900224
0.327419623764
0.307541048697
0.258709590471
0.262611627593
0.311091654427
0.38981997342
0.410019372425
0.293709562087
0.351155703505
0.34316524992
0.43149090663
0.285414695552
0.336659124495
0.345514683105
0.385372375814
0.256079357737
0.36248926578
0.265407441278
0.351243611354
0.325112438201
0.30789495613
0.367469464801
0.434165459573
0.308951690305
0.205750258376
0.301971831045
0.412167565353
0.367484620676
0.252750974872
0.271846984899
0.332528746827
0.375245170505
0.259216629452
0.234389618808
0.288464442507
0.292782443716
0.277517374748
0.241785802893
0.28766443073
0.342914154936
0.26913621255
0.348931154023
0.291056697535
0.284480889281
0.354060328269
0.33610686251
0.360435068734
0.407109401353
0.411452391277
0.375314973075
0.292544990562
0.242274161337
0.340100277188
0.327665698054
0.308111890875
0.29455961584
0.359293686153
0.321717710093
0.3477829844
0.221624108305
0.388604581448
0.450191250256
0.333730869411
0.33216081373
0.282085210719
0.212049613486
0.31473893255
0.415569526362
0.253415428312
0.351828373488
0.373504463001
0.348201840174
0.472619155208
0.2350954402
0.299562661298
0.224118382933
0.288630754739
0.185584121774
0.362091823117
0.239347468965
0.327603202177
0.419554009795
0.362457358503
0.288041587461
0.360191382764
0.399928227362
0.370523235268
0.309992559226
0.393688557948
0.372171679526
0.332012516991
0.240309330204
0.317043662763
0.369920440705
0.26796922859
0.375924463144
0.291037800178
0.259864186062
0.321975363795
0.215004850519
0.266622747574
0.286312003254
0.442388283971
0.331748219434
0.388642563042
0.267847921085
0.345258737714
0.272799244389
0.292221804744
0.299690013625
0.238408474877
0.343066320734
0.241293963272
0.306837948112
0.28596863845
0.404625884835
0.337708410826
0.354899630147
0.232868617781
0.370462194025
0.308770088811
0.276426344239
0.246881183756
0.321462508261
0.344395570043
0.357107802285
0.270059647457
0.258580948734
0.330626007273
0.248176275135
0.299718265956
0.327830391946
0.220952526954
0.356590647343
0.320506636461
0.480197272861
0.312546408003
0.360456803366
0.309985643024
0.296540698578
0.276533219272
0.312049841996
0.394600371557
0.350622155451
0.390805224826
0.302488003112
0.295285769964
0.317689396097
0.357369266583
0.32905554661
0.368537595648
0.444151889019
0.237178156336
0.387906484552
0.418199109398
0.345308484035
0.267088616996
0.215749484488
0.292254897244
0.330464226604
0.223147141139
0.441396228559
0.36362260457
0.334049213238
0.348746938612
0.316648847618
0.381774271374
0.353345258423
0.332434712094
0.319710182908
0.317699419483
0.385696602109
0.381232045263
0.375198945475
0.299038300039
0.267243624628
0.319308454258
0.278420218228
0.452746166895
0.297520221787
0.382089120144
0.347782128942
0.382045955867
0.397423206197
0.3667440989
0.350843687649
0.369627062362
0.353263901538
0.342502508067
0.314461535824
0.289945728917
0.374288276679
0.295334892704
0.366073242977
0.272474056713
0.248650164899
0.239400396718
0.237916776927
0.201543027649
0.351584847403
0.318585484126
0.296258352334
0.259518563133
0.344106961401
0.322857819925
0.354176330748
0.365202383291
0.334037224439
0.279825541575
0.448308783182
0.34362891988
0.229163900492
0.388680153772
0.30485892051
0.247889583249
0.360738854847
0.333924743753
0.374445747386
0.372191502609
0.306257564101
0.31167044315
0.276570117987
0.384192996449
0.362757989868
0.345449169397
0.217809454678
0.453691573533
0.317075382839
0.278833798979
0.217371878586
0.300514117496
0.189786602342
0.232137383156
0.339949880904
0.32682772189
0.337183301183
0.540131489796
0.337893279955
0.332629016652
0.324811454512
0.259091329227
0.309022307373
0.336223496177
0.257258468391
0.324494406686
0.273387029111
0.377678595675
0.32655191979
0.301581385617
0.283168506816
0.25541329772
0.275275876159
0.274884519376
0.417725927874
0.454710551528
0.2967734961
0.319430625744
0.298607888617
0.284587962222
0.412079295126
0.293200378487
0.369250926694
0.261192872763
0.351614887025
0.368213137416
0.30777831811
0.215383042049
0.346121710705
0.231671758788
0.368608428837
0.260698558753
0.445048972034
0.332793575912
0.322333997443
0.319757971034
0.314125697396
0.347432656927
0.345575268931
0.275346244466
0.321350882474
0.38508394368
0.299240874724
0.234653179748
0.214022571788
0.307968580212
0.406658487523
0.296104758894
0.384244530736
0.308789503067
0.388362597029
0.321525833686
0.378445552317
0.362165735166
0.388626948146
0.253876413836
0.19667722833
0.226976050338
0.386774826756
0.295581977833
0.294022682722
0.363097454939
0.397331151126
0.341634644434
0.352443785731
0.34578113037
0.322594498375
0.248875382674
0.33311348996
0.250139213653
0.375293115382
0.273350541409
0.299065080433
0.27485765694
0.275744125499
0.230506846815
0.300338031805
0.290328602881
0.430445307057
0.402356660402
0.25142200083
0.421276377607
0.317742089696
0.266786546056
0.290004919619
0.31519807895
0.288801778253
0.24074517027
0.432869561866
0.285839668113
0.255537826142
0.247699873726
0.34749449335
0.363346807442
0.349793517243
0.36019789538
0.391114912942
0.264727061561
0.341878601762
0.420777406856
0.314275270742
0.318390862877
0.281515231191
0.324888804172
0.370150403615
0.236160883262
0.326800418659
0.328123124445
0.289621355998
0.281118257673
0.317504025971
0.271950565915
0.306761589959
0.229500157968
0.186027891956
0.315141516036
0.371898423082
0.279828014253
0.322256941149
0.244669038613
0.374678223406
0.201187886215
0.312540410528
0.422563019194
0.271272843238
0.370571988869
0.306618107311
0.30776262771
0.265421156335
0.255674112112
0.269767450255
0.251082937294
0.288221811525
0.328359073202
0.324052380944
0.323995803119
0.356301991783
0.323122036729
0.22509692905
0.312817909546
0.312054204935
0.383706507729
0.303162144201
0.272078889646
0.299064271606
0.429507683015
0.250027153776
0.349185118988
0.303283094122
0.30876659611
0.381057804611
0.34162230027
0.356617404326
0.393469140673
0.238305926551
0.340884458666
0.256341580757
0.403850278638
0.399721150654
0.361903899369
0.307835387594
0.22393526412
0.305969536078
0.372545398502
0.290815996911
0.352692840126
0.342135971455
0.237214432111
0.371958838351
0.296661536539
0.41170270185
0.301999075701
0.308963707293
0.206991646931
0.306494651256
0.265456896441
0.354432229961
0.382914499652
0.309968463417
0.199910256678
0.289958167024
0.366838505954
0.368426979043
0.419464509403
0.291617210554
0.293877158414
0.400179097727
0.378676164975
0.352967344916
0.318107020589
0.276478369369
0.370135914677
0.232901901351
0.341341364908
0.310139031486
0.217670983061
0.269968631326
0.390064739965
0.38927170166
0.268598998625
0.392868146443
0.344941206502
0.33727423909
