0.212357056654
0.351110621432
0.362784047381
0.302449170063
0.297413839734
0.26896919999
0.247879759168
0.327772914173
0.232678465175
0.220415189272
0.308936999642
0.297334280197
0.178941421261
0.262555843873
0.342663688067
0.287135203196
0.230692271613
0.324652861247
0.293087719493
0.255885224918
0.196057699293
0.309797673634
0.31322793884
0.277653551408
0.227936537244
0.322793888166
0.272460983895
0.321321514884
0.299266080673
0.238923105561
0.216799804056
0.265145173374
0.2071279844
0.33828751876
0.280113602193
0.318230631937
0.277047179941
0.224895157743
0.33470370752
0.322430243693
0.291008582399
0.251029557228
0.249633775179
0.255969394167
0.273090738534
0.327642931044
0.304878786985
0.182453704747
0.28376275594
0.265258965033
0.334732936812
0.306584395492
0.276899416646
0.264707257905
0.322221009518
0.419220765943
0.365996478234
0.353805744267
0.312367184595
0.155441887402
0.240414389787
0.244622764698
0.242348676477
0.312078801915
0.35708673785
0.258823391831
0.168568688431
0.327301699995
0.319257581127
0.335196997254
0.268610954434
0.347017359909
0.244594239111
0.302965522689
0.232450733624
0.287187882312
0.213512778578
0.34193325945
0.303113770922
0.18861852961
0.225111754026
0.250008885939
0.288708626573
0.297380417809
0.161898295435
0.241498309446
0.253092149143
0.21108991265
0.250919635117
0.390621755596
0.354001385063
0.207223115225
0.230934056068
0.28680969452
0.267641946278
0.243960218768
0.228588570298
0.365729315972
0.285493164196
0.291164392677
0.303468449465
0.293463556504
0.249568256493
0.210330137644
0.228281313155
0.27110546636
0.283018051448
0.330171017016
0.299834543204
0.297891409736
0.352149508958
0.287495675139
0.3838444854
0.249043779033
0.250540256024
0.283715936632
0.23657451584
0.282031436717
0.223587290092
0.23010416128
0.197761932331
0.257189458959
0.287578918474
0.287836052401
0.29079454135
0.253578945116
0.270782866994
0.242812099487
0.234564377026
0.285939257596
0.186953384466
0.360983619243
0.333770708827
0.286120612995
0.305673754074
0.23622061466
0.294618779562
0.347377532886
0.307758164419
0.313235852915
0.270871312109
0.310089766104
0.316207278836
0.211046419807
0.239194954823
0.337419212106
0.281861076495
0.289070735365
0.285844957482
0.356632265498
0.304893301437
0.315365637777
0.271880550807
0.301424041922
0.211099385939
0.265041700649
0.302831656357
0.248137916323
0.247273856778
0.297317931263
0.256877012166
0.201822831749
0.343707897938
0.290514799178
0.266426947435
0.261586846216
0.325567055164
0.356199403559
0.315148679664
0.266806779984
0.241709611888
0.290371154316
0.283382562232
0.303047125483
0.30264567233
0.285523666628
0.250051425681
0.239378292971
0.319292663901
0.232794413219
0.331841224542
0.254728738536
0.258924867711
0.310205880119
0.243685602665
0.173721695292
0.25271167673
0.36906011531
0.341991113942
0.193533783584
0.341957909061
0.27468066383
0.353269048443
0.212265176952
0.243044286855
0.290018837127
0.241009942568
0.300486954348
0.237507920798
0.336184090753
0.270788843666
0.278790898706
0.288552717176
0.238141350487
0.269585031841
0.259652056169
0.355277096619
0.243413026178
0.294682360507
0.326646815069
0.257354870193
0.16727405713
0.223993055606
0.333132414375
0.313995510304
0.324370445079
0.228714603008
0.225035673073
0.223691169494
0.325343935494
0.268541637781
0.225914743776
0.27556248528
0.197060518039
0.261836636428
0.315279608064
0.269838594713
0.24915882615
0.23292057037
0.305144107487
0.290638945645
0.296304230479
0.317364047069
0.246582472957
0.287829434806
0.26147509483
0.226086862763
0.253856670219
0.290596662849
0.264288994793
0.16228412565
0.216790491887
0.353260852917
0.255919075045
0.203562208449
0.252644443036
0.266980171442
0.241049117874
0.27287523449
0.262116398218
0.285568905748
0.268804486603
0.24552087032
0.259499786742
0.298796346847
0.366064609675
0.333940361637
0.249172781775
0.271996727384
0.285056454677
0.312371476995
0.197695174769
0.365708777755
0.36647801208
0.237687620853
0.237738212276
0.263958441028
0.322826427901
0.257799219457
0.28516923822
0.315471728232
0.357077231401
0.291892042163
0.216777677904
0.215765105353
0.335489866712
0.251969688282
0.258645792987
0.264316241432
0.34828158133
0.258787891353
0.243746149384
0.281596534795
0.260618051924
0.312646311217
0.243941782858
0.332949959239
0.182832068545
0.371365960217
0.278070820342
0.226525826229
0.26472334314
0.313061402697
0.248359493219
0.287482148949
0.255334720133
0.273624715473
0.39915151837
0.199708108091
0.251596422755
0.189422173378
0.290565120854
0.259515592647
0.302043343385
0.395962991041
0.24372446131
0.297852895787
0.362115179112
0.214794317431
0.294629972806
0.348061997645
0.258380351638
0.212708803213
0.280797893352
0.310307596099
0.237691469496
0.381912491651
0.278096205032
0.228008816932
0.313717408676
0.277489465216
0.247030131285
0.342889332583
0.301895366841
0.20864981657
0.276578035763
0.296819010088
0.258261265313
0.262189786268
0.203618994308
0.235971640021
0.212812825234
0.253650463603
0.290258023322
0.341166855134
0.348478177618
0.235806249705
0.303400404993
0.244627784808
0.320360239141
0.390520459697
0.274565652858
0.258982290061
0.30840923625
0.289385938498
0.278955040404
0.262687504014
0.278332387895
0.199167636067
0.298597975097
0.366909301055
0.249338982014
0.277456253973
0.302130009038
0.221713881873
0.27505714638
0.265514338162
0.165950867362
0.333348706235
0.276121084146
0.325902117506
0.305322451125
0.387208196027
0.384879908443
0.243757421818
0.331732974511
0.216099226119
0.236416073123
0.281682821476
0.314606927767
0.291108104288
0.308487813101
0.229518438544
0.323555796262
0.271499770998
0.25529579698
0.321754359196
0.311595385679
0.289665449812
0.244492505485
0.366936824106
0.240160137435
0.175639766086
0.303453015035
0.376784289224
0.320892382008
0.198698880063
0.316051483426
0.251626878852
0.264462968558
0.239383171716
0.340310030497
0.298847310394
0.247523632612
0.253593025753
0.348995848733
0.293044626048
0.3050467999
0.379226879311
0.302941047459
0.349391412852
0.244615549767
0.305904609051
0.284275996608
0.32807552592
0.182656132614
0.360368828599
0.309553300954
0.302465261637
0.294956234226
0.218241647171
0.314546895797
0.367173344656
0.23379877696
0.371934922204
0.338449249761
0.34000744007
0.369367776984
0.253440649443
0.249383199578
0.369366977128
0.289481218553
0.32019386787
0.32642327059
0.243919123028
0.343855210516
0.317384455295
0.294995804636
0.204911066569
0.221319828655
0.283695595955
0.296824788312
0.268937090383
0.294631085303
0.233776875964
0.378692039004
0.362937634784
0.252525392165
0.379430028267
0.311674123126
0.294397915209
0.283119736575
0.356185042094
0.28121554859
0.279586852251
0.313716508983
0.233400606789
0.237889239947
0.241568595001
0.437142909887
0.259556025452
0.21792981762
0.265807347041
0.204815921879
0.223470659441
0.254185572297
0.318951482417
0.350335364612
0.263352709942
0.244712284398
0.355611057395
0.273582416068
0.315340306763
0.291598240207
0.249779899317
0.290213956519
0.29425463415
0.296246671642
0.308618576573
0.236018276192
0.393164525831
0.379964679854
0.289229665621
0.292410004185
0.320250874899
0.17242527662
0.275652291617
0.31821073047
0.272916992639
0.20630447328
0.322872849571
0.313509250376
0.214851762043
0.305164601295
0.350512993943
0.243723923885
0.213646357241
0.241150777865
0.351105019709
0.259378901735
0.356425710341
0.281381592575
0.258125763937
0.403897020027
0.445294356414
0.271569304673
0.275708767609
0.230773501675
0.269034302946
0.237099407227
0.299860037875
0.269825409375
0.329225528089
0.238448582788
0.355946284156
0.322018088757
0.273729418547
0.286967255881
0.316653177109
0.277264599763
0.424239717002
0.22679460728
0.175059677877
0.258426893975
0.337607549039
0.275723910654
0.235118457776
0.242440579217
0.360575843237
0.245555637743
0.40274587698
0.228785663665
0.327652564371
0.294793358673
0.245142088571
0.270399281846
0.380648902744
0.392956982779
0.348270181241
0.305970588997
0.41551337608
0.26983045501
0.238238570727
0.265776475952
0.184410194382
0.333030679041
0.360532364522
0.299511005792
0.237398861486
0.342607756225
0.302503533308
0.340529635122
0.287842357624
0.303928893801
0.31226905008
0.337804434467
0.297715756705
0.304099930048
0.343554911305
0.327268312112
0.373453126504
0.221613143412
0.258666484318
0.266612116747
0.274892832641
0.232364042689
0.322078148825
0.30994067524
0.318132504311
0.285135285466
0.348437991637
0.272304559817
0.248708066459
0.288561640574
0.299490131428
0.209571985874
0.345676188028
0.233717655775
0.323672823639
0.308611909516
0.299762597756
0.372817321738
0.273166580892
0.3015251435
0.333349193622
0.312463266023
0.366015738576
0.312788660086
0.279761250842
0.365472257411
0.369079890568
0.258684600174
0.267160203372
0.277282742773
0.253710211852
0.330634313445
0.364758422959
0.189971613638
0.229908677072
0.26411964293
0.220662066792
0.236612777044
0.207117596583
0.265956213883
0.281596109998
0.331296617922
0.225315977817
0.326203996032
0.246614004078
0.305567170683
0.22774430796
0.21270377553
0.308193999293
0.349176564548
0.318089083942
0.260187090166
0.270538429633
0.195685758024
0.244528424788
0.216838031613
0.226641746069
0.33922280535
0.283642899176
0.273057374861
0.244544864986
0.329387321156
0.33186826798
0.373530391383
0.346611996001
0.255360874614
0.288339388814
0.213008777027
0.339818330214
0.265557878272
0.254773405399
0.257035046767
0.25395440342
0.441994316216
0.316300280582
0.273291016102
0.269853861691
0.243593291024
0.344475652487
0.374237748943
0.33857894405
0.24450216128
0.25466778658
0.391931079675
0.331390081485
0.31024328126
0.257211023532
0.3709613558
0.300397107575
0.376200519053
0.273506356085
0.386391022445
0.183012021682
0.281550113231
0.244817777407
0.341386778696
0.315835866505
0.314273522253
0.304269903017
0.18591244832
0.279160048909
0.235545911883
0.343666627469
0.295406349171
0.274317150272
0.246678496475
0.280608480092
0.343051838579
0.344401263428
0.298955369017
0.264433637289
0.306831027171
0.308797249969
0.298905510105
0.344370551543
0.214637263421
0.194753567915
0.227793265184
0.315385932965
0.330690834826
0.249973442883
0.358071691482
0.264347710962
0.405948945154
0.357236412595
0.328970490353
0.309157633574
0.303281707232
0.231173727554
0.201595267184
0.356987560191
0.346654164637
0.285679684734
0.309526904488
0.361945604145
0.256807448883
0.351208977812
0.319692665786
0.249612927625
0.336496722691
0.372184491537
0.289780131904
0.369258845379
0.299704453271
0.267575033296
0.247960413557
0.228584014089
0.308505895356
0.242034734622
0.25480665801
0.307088366356
0.2241877679
0.353808012574
0.311240630029
0.413009341869
0.283720294663
0.239224697641
0.249515035332
0.290058428643
0.261537351864
0.304763480697
0.242458668177
0.334962789556
0.337193468426
0.365274906638
0.154148565093
0.308059597344
0.313373840851
0.347054502942
0.250069714281
0.273811555371
0.250822326654
0.238138378969
0.217940702456
0.283245279951
0.322026716983
0.409069898096
0.358683522951
0.340982835658
0.260843137288
0.319528806006
0.242479215951
0.303147173237
0.333800036892
0.242533565522
0.200005635384
0.200382849367
0.190839560866
0.201261284241
0.27120677755
0.371794820583
0.235039309265
0.368633492492
0.313059083614
0.240147130424
0.273588347396
0.21210174745
0.380941934312
0.29200516448
0.282627656957
0.267172855937
0.3566106419
0.222171027151
0.299604343194
0.36247827932
0.406461930743
0.301745687854
0.323492220499
0.271862801761
0.269762595731
0.23333657636
0.318936808749
0.343064007765
0.27913307685
0.306102913615
0.254285966757
0.345320800759
0.253187673803
0.228598670421
0.339121364538
0.33498003609
0.238865811891
0.337959878951
0.367128944503
0.427976636749
0.418021877414
0.249630556227
0.346232897488
0.250199469155
0.200952516241
0.254175552291
0.309151958539
0.315010221929
0.331023278793
0.34337901278
0.322424396233
0.234902303625
0.188733368442
0.319054884687
0.327346197369
0.287187166822
0.389930179706
0.241883399754
0.27788341132
0.408736144891
0.318444996785
0.318973028258
0.242098345433
0.301002418584
0.289818614612
0.295425270145
0.210089743025
0.238408825643
0.275848920258
0.295372866938
0.220520847364
0.273616203277
0.225686118249
0.292989325902
0.316559075207
0.270278835968
0.384090918442
0.382533349495
0.274974413854
0.34548598243
0.45463716782
0.285991677242
0.225717487516
0.270750571854
0.332559358876
0.357013696558
0.336707314537
0.3007197987
0.304895857072
0.24124875958
0.252168768481
0.337858736337
0.337899865616
0.266733942691
0.147348419172
0.307252245367
0.262499846969
0.292248987067
0.329033326373
0.214038089803
0.286114174331
0.251766802957
0.294394104583
0.200613244884
0.363800517268
0.3045188102
0.197124563087
0.348129681371
0.362569965703
0.373111164086
0.126919570461
0.26275138568
0.277867805555
0.277536766799
0.257809373885
0.195367664637
0.283986814057
0.306744920701
0.369733221931
0.349125588942
0.228205039979
0.272562372775
0.254037190534
0.301519884822
0.379611886547
0.227200109752
0.32220101827
0.235072945818
0.313908013772
0.275589400734
0.299914737093
0.306372358584
0.194285552347
0.267233243792
0.301797944838
0.17903729767
0.235591249968
0.291925757573
0.281975912415
0.276658787617
0.260550967726
0.235391441298
0.266566416489
0.343047281008
0.30504096768
0.301304622858
0.246522623317
0.245608147335
0.313127648168
0.310535968871
0.292062626935
0.315197536223
0.331850427489
0.273027357675
0.33906545506
0.217031946101
0.270275429367
0.308222376546
0.314157419092
0.258535274827
0.324848909565
0.314429855186
0.245247023503
0.298448448327
0.297923815949
0.337608379447
0.24842795217
0.265778327565
0.258898720869
0.308506865546
0.212145440499
0.315426430124
0.36910058204
0.328466993291
0.250381913706
0.281829638238
0.243688400262
0.228085995775
0.332890335747
0.265602355198
0.331613894245
0.298329355437
0.198472185115
0.320699298726
0.252560139086
0.298458222323
0.282972706938
0.227446473809
0.271011942784
0.260197450887
0.244441065501
0.263720211537
0.233826879216
0.37644851817
0.368047417619
0.313152588111
0.297601205361
0.354937493657
0.28326557032
0.26927968009
0.349331418828
0.329617911706
0.289575795683
0.427573453123
0.250951079324
0.280053389175
0.148172037536
0.279952568906
0.234045002256
0.226031667506
0.440231717796
0.283460680455
0.328009639215
0.265444294077
0.261455103836
0.303566094786
0.357419103405
0.212641884506
0.276089560904
0.311818065752
0.309233495304
0.298068013513
0.323170242403
0.335377187849
0.347804101431
0.250607193875
0.238721112498
0.229008690969
0.253354186734
0.311769240273
0.280420995973
0.278078965826
0.294625085466
0.315334903321
0.274831224311
0.318909165367
0.211421100719
0.330347904746
0.304609435384
0.211711111686
0.287551080037
0.28023800158
0.378936708502
0.277089344523
0.389972012712
0.253835039109
0.284750359758
0.267369107373
0.205474781318
0.394472923452
0.254293258727
0.300962998226
0.327479429413
0.223252452303
0.273320566745
0.253347376262
0.298294508794
0.317511772899
0.278951887154
0.273396013379
0.24348569674
0.279835025581
0.263863856634
0.290998866849
0.220690272852
0.346228578902
0.280384029757
0.264984150086
0.187437532822
0.250411138044
0.37200877825
0.376113177164
0.40175690852
0.312112344376
0.398449680144
0.235866350566
0.273476901529
0.182371319526
0.340679617345
0.22292410833
0.24856689111
0.301685903025
0.2314670592
0.319029865456
0.370760638286
0.320229455483
0.316019607328
0.290073179334
0.316991885598
0.208691781388
0.392529609683
0.283798035574
0.275043645225
0.244162044623
0.180605705518
0.254165585439
0.18148966445
0.318980737598
0.20988099481
0.244614409856
0.263383448163
0.334383013515
0.30650807296
0.409741501678
0.308568309718
0.246277182919
0.164757055872
0.376275820447
0.291255891053
0.284054604433
0.285293029614
0.207311596883
0.273694546249
0.303258563448
0.359098688547
0.285456626924
0.278540834057
0.288456746601
0.370480353873
0.363748636946
0.201438163406
0.323700032565
0.309614606541
0.237445992368
0.294270355429
0.326449084445
0.240552187915
0.228574987568
0.307768274676
0.403978167648
0.342904982196
0.292701817003
0.301561224193
0.292007833993
0.258984971687
0.384472207879
0.196294776097
0.282879330075
0.219553884673
0.312121124337
0.28881556228
0.322146958779
0.333758434931
0.260520355874
0.224482820588
0.359332400849
0.308935457189
0.275930797721
0.363499569766
0.281024198984
0.294811940568
0.291086350455
0.417663159873
0.381012705039
0.308533260688
0.28856807216
0.26198610967
0.33219759882
0.329165580831
0.329514533257
0.233524895345
0.326799015957
0.21391204358
0.290478777987
0.181545323902
0.257687565825
0.348646317261
0.226204343233
0.365146385083
0.300037055321
0.34373137222
0.350708420315
0.285735547389
0.264078557993
0.375061682111
0.233272081883
0.35531217252
0.272132455962
0.352175318969
0.376067500888
0.38107023211
0.33245528607
0.264248455431
0.210258104012
0.245254826901
0.250011619534
0.288074426246
0.131674353517
0.351167589657
0.338646223499
0.2167839529
0.322807899677
0.312149050845
0.326028864161
0.261786932903
0.250093547806
0.308913797906
0.365196127563
0.237255425755
0.269066523397
0.177552767674
0.37046276508
0.326275903649
0.305896016262
0.292410025067
0.266355599514
0.264067936067
0.261555090649
0.265312030677
0.296258532876
0.246460392367
0.2555568823
0.267661108511
0.399708135869
0.23626498758
0.309652268875
0.252036571696
0.367159608164
0.299100633749
0.354564404225
0.327730338369
0.289638934843
0.228927632516
0.224751452875
0.285203253366
0.249903131719
0.281894808145
0.304297151072
0.246091486229
0.379440893346
0.238185725435
0.322281532935
0.194713710473
0.28361759021
0.28704551797
0.280239323201
0.280206314033
0.26559746043
0.351445355103
0.351684439034
0.269349428038
0.294663484373
0.297911182969
0.396015907515
0.32704218716
0.278139102653
0.292390832554
0.204429282752
0.261743178114
0.266952144728
0.131529843004
0.291216885823
0.282250729992
0.288826519193
0.287134721262
0.225488688098
0.307540691078
0.337561292505
0.387709312523
0.336646809092
0.328322876554
0.259016416296
0.262408437113
0.321306972461
0.279460076044
0.322472994609
0.251189920692
0.199094337739
0.218792093784
0.195579312945
0.169541440194
0.339976925159
0.414261684584
0.322209406856
0.249574037641
0.186934719881
0.31216940513
0.209086411907
0.286563265943
0.445783414973
0.244007877148
0.266920102075
0.248385446251
0.302724988189
0.295197942753
0.217753969487
0.230427208801
0.293996392699
0.236245569432
0.337068879313
0.271392206626
0.274066624693
0.262782497148
0.234307617683
0.298156781407
0.262925588416
0.263271553013
0.3158924001
0.262623775923
0.248087047204
0.249445167604
0.31342937138
0.441846806013
0.407769520587
0.229932082073
0.243326315231
0.273457076674
0.24738359911
0.331323303328
0.241427044896
0.358144666721
0.283861484112
0.323459868617
0.246288642983
0.211813519408
0.409258393835
0.217658303858
0.323973943406
0.343313211725
0.248276994808
0.287205328112
0.353956247463
0.23858497767
0.278685171491
0.289542769927
0.327259147752
0.323056954565
0.23038270476
0.329959216766
0.238743024664
0.32481147782
0.259985811732
0.29935024409
0.209921629466
0.23325320257
0.261665842062
0.325290508161
0.28700620455
0.348666405104
0.429959250993
0.336284490134
0.315810062496
0.257439333363
0.300127030341
0.212880014629
0.269620993257
0.221155042372
0.246136776749
0.279310413976
0.281878051068
0.419371983925
0.345639864067
0.323442503971
0.304336459063
0.492497418003
0.204785321344
0.213932071013
0.269064380397
0.311417169086
0.254308098154
0.246569421637
0.216447073582
0.227378955804
0.305956057612
0.293785993723
0.387847665962
0.298258244375
0.273342352248
0.302796276485
0.209659132363
0.28198764794
0.19578219725
0.277222600941
0.24141394201
0.289339771919
0.39457556022
0.230452175525
0.251782541138
0.305859324313
0.309378086944
0.200192401206
0.324316738619
0.220529428791
0.323514173134
0.25730120633
0.250895469482
0.202180832548
0.197029898254
0.286835354745
0.264604333936
0.22057393871
0.243723738395
0.31489931737
0.233054067635
0.232013113158
0.202273823394
0.28589150261
0.272926485614
0.39680570771
0.285681457867
0.327079132744
0.338873846989
0.376521438721
0.385276095792
0.316937534001
0.33145764804
0.28847492168
0.271776902894
0.237853024241
0.32934641911
0.317680129507
0.235785338653
0.242033353357
0.501077077589
0.297648851223
0.390838864993
0.240529103075
0.215172173547
0.33519492519
0.225175760773
0.272560430967
0.234530369864
0.383228019623
0.333432100403
0.226010431944
0.32487941054
0.331240743924
0.397060700801
0.310173099498
0.258668834522
0.254627664011
0.368438120536
0.23105152659
0.283496486752
0.296382797038
0.329033083319
0.206883528815
0.330903547952
0.196000236169
0.332801213461
0.265772650291
0.339285993249
0.248976719371
0.317214291658
0.31616075357
0.290680320936
0.180794887904
0.274170858314
0.301364723319
0.227574496667
0.304213568824
0.322596942515
0.283236172358
0.311545951883
0.334192548815
0.353574468798
0.263610064099
0.279079597281
0.262426589894
0.268973013212
0.290475599295
0.348269869782
0.308676467761
0.294760095077
0.260494893899
0.337840947519
0.34412515396
0.360370933918
0.272172594476
0.282519607078
0.210707257399
0.418992152147
0.329142975938
0.336021040051
0.380540658163
0.290818727772
0.345740709337
0.391058807224
0.307450686158
0.314604705884
0.32624911485
0.242284283583
0.276008947369
0.36911039256
0.260766330397
0.294550024029
0.329715424597
0.294131717372
0.280665650501
0.28570384503
0.323289825606
0.360832122549
0.283463217459
0.266198606658
0.258947425324
0.250429343542
0.209520154846
0.351166787766
0.279473215388
0.314913125851
0.300998247195
0.361592626578
0.379259055785
0.156869648589
0.238483860571
0.264343128292
0.219657287824
0.259522070861
0.261311154009
0.272776127155
0.328335997039
0.188724358015
0.286277614607
0.319904626152
0.266541966428
0.360561808191
0.284441541546
0.368074844363
0.328027655995
0.329328801191
0.275208860708
0.325613726746
0.263555757973
0.250241283728
0.250365282631
0.188251120747
0.181429738573
0.348427837217
0.300974073934
0.248157291407
0.269358100314
0.282845801332
0.307124289598
0.249357715986
0.150761528979
0.376210852238
0.289191725611
0.325598740041
0.325115870497
0.284434139503
0.247266025476
0.255249698758
0.280122872745
0.252194348032
0.211750040947
0.334882626449
0.277164323879
0.174985105224
0.211749633539
0.285226642328
0.25527037889
0.205171302427
0.270154150863
0.289687267407
0.250417288158
0.188066319106
0.304397064555
0.341100184219
0.346364940634
0.281440074814
0.334877246432
0.309155502203
0.348103914741
0.288212378657
0.36427267695
0.313083543518
0.288179281737
0.185344413192
0.33118199054
0.243135720477
0.513144840848
0.208354524914
0.290902548845
0.276537683094
0.314144378925
0.275455868702
0.297006673019
0.252570693811
0.382567338994
0.357232455675
0.263363861271
0.241975131652
0.258370932248
0.235672531099
0.125139326372
0.268279259366
0.208484322959
0.288813817476
0.207837243159
0.329514538642
0.369475630668
0.282157529426
0.298050021117
0.37127369968
0.317206799888
0.198113925848
0.272055720304
0.29687274339
0.3235136806
0.255871637379
0.255837049573
0.254981267401
0.375996163817
0.349503756257
0.281880102021
0.3097232173
0.301630225312
0.24684028576
0.320309947436
0.330498024295
0.276343409897
0.277312859986
0.42605084556
0.369709362468
0.368224761494
0.276150249578
0.28170497145
0.270337466988
0.212931634478
0.237926378298
0.295782743843
0.281472897693
0.285230540566
0.197835006303
0.251523476815
0.25029622769
0.226229622427
0.252796040838
0.27591662855
0.286665700066
0.240663261846
0.390526574043
0.311128650593
0.31223759291
0.294818429805
0.311924996938
0.266982331665
0.163278380248
0.286115701393
0.238173979465
0.395647233906
0.426217080379
0.317222146583
0.283406019003
0.322739154603
0.21177036446
0.289828922889
0.300159597289
0.284104111117
0.210775259408
0.359351399005
0.361753811548
0.228579116102
0.274549526849
0.27184779612
0.19906910941
0.414289638747
0.239870962152
0.243915311084
0.20945726126
0.28766309151
0.284255863352
0.377099121771
0.290106315512
0.241085905225
0.260775859826
0.25219927545
0.354022227898
0.314392474051
0.246801600193
0.272899935207
0.259445570971
0.286368185883
0.243727088368
0.232774316342
0.234805891744
0.171019292612
0.303396383804
0.335180727155
0.198148377354
0.204814411186
0.374501907788
0.339060796205
0.246171685121
0.345319817457
0.435986197341
0.30205605177
0.293343620382
0.252078076602
0.199663065281
0.268711424989
0.373388467048
0.274652377527
0.281965618094
0.245402958853
0.369681418815
0.300422576531
0.331934116081
0.332707087536
0.26377887336
0.214587405101
0.28172933603
0.235976719982
0.304364990552
0.333758241666
0.312705314946
0.215014061995
0.321815945821
0.299449201423
0.283460731979
0.224564329108
0.321984075053
0.308258238521
0.258584550893
0.304209730569
0.315136152392
0.362290102172
0.330200138472
0.385230261535
0.325991577414
0.289451734063
0.315839239403
0.327370031299
0.291296336606
0.292629630499
0.257531280639
0.313212741976
0.412377849546
0.434636355837
0.327980062853
0.385227551525
0.311284734758
0.334362334482
0.263236511594
0.385842894486
0.367845302666
0.255278438615
0.356463575752
0.357672392939
0.301157496586
0.283054879393
0.367779887878
0.302818306129
0.434574705327
0.336119776286
0.220612342158
0.426953825413
0.407003074335
0.348731425795
0.477355491246
0.251583079913
0.406451734393
0.385307699296
0.21236101486
0.218303717491
0.379116210521
0.412885204996
0.336983621604
0.280422593721
0.307676513815
0.23239340322
0.232545049421
0.253646753861
0.349691546444
0.382614376248
0.349627751863
0.278334160316
0.335194363674
0.291982091304
0.266860378366
0.30529592191
0.433809907636
0.294135145658
0.380748843479
0.374827432907
0.286649317246
0.324330102067
0.432532183372
0.45632026867
0.339152251875
0.39713614248
0.4942866311
0.26243912186
0.333500217705
0.3533489457
0.328444007484
0.440922856642
0.324501820315
0.472971337876
0.311203101888
0.349810536071
0.309651581312
0.321293736406
0.323046857314
0.252334096321
0.422264443191
0.30972973857
0.357523188806
0.268482520718
0.29260112963
0.275441354864
0.36754720457
0.312392189355
0.221278158433
0.322893167496
0.29292956633
0.293012755982
0.305915040732
0.328112649904
0.305734962984
0.335600439537
0.312754373396
0.41753047055
0.314302970958
0.311271758665
0.159345841936
0.379923642037
0.404296684016
0.232353879366
0.35941051686
0.459105323775
0.334789027824
0.256466327995
0.205875758817
0.313048846642
0.243077431019
0.337575022491
0.333335978447
0.25565503376
0.225195975058
0.227459103703
0.310203144812
0.362900129631
0.256676268382
0.269612843654
0.41149569062
0.324771086876
0.208588229339
0.442491118187
0.440025551653
0.361993540848
0.31295940266
0.407447741235
0.218352719693
0.352800661932
0.387400331506
0.259872137155
0.365598126946
0.375221748045
0.406985546981
0.242759610825
0.292771064685
0.365721132465
0.277819770304
0.345141155016
0.415620296269
0.231170620234
0.405667148396
0.272146699079
0.288237074202
0.36392769637
0.287216445614
0.319887345082
0.2468677316
0.372550304995
0.446974927918
0.305971825084
0.432728490081
0.326705922534
0.370086687444
0.366897693745
0.433458554123
0.316568326156
0.333964689974
0.237968604034
0.26209051915
0.35051607248
0.376231299837
0.407413080654
0.264595444489
0.304881618267
0.207334222552
0.294676998072
0.33015999717
0.399237681981
0.228477673689
0.409587233583
0.342125820296
0.308396431887
0.329370580804
0.25824051649
0.529250252561
0.307955686996
0.300853277645
0.310780290766
0.422069144528
0.378694825086
0.395164615017
0.306146381759
0.280159791253
0.208960959429
0.449875438996
0.294947982784
0.206465349226
0.489554417263
0.314589154528
0.28381084214
0.279514195237
0.243602123199
0.397073701631
0.443132500036
0.36109405431
0.314982773324
0.246869221119
0.22142779007
0.313374322051
0.373713431327
0.344415546267
0.412799065647
0.253882499701
0.247362288979
0.318670966274
0.221645204558
0.452134236278
0.356327090659
0.35953661952
0.423106611414
0.221905628974
0.244758180009
0.386867780864
0.263248953226
0.274628498907
0.260447560074
0.291358122856
0.357370187863
0.319849787607
0.301744306469
0.303091837683
0.291275561918
0.293624152208
0.338265873689
0.304690007344
0.37023516787
0.39402616923
0.370974321461
0.36936458925
0.177006410015
0.364036359114
0.296964562556
0.347899571852
0.366900422733
0.476495593064
0.392118031314
0.258682071425
0.235365932252
0.236705288494
0.347782223044
0.306490893099
0.386815074377
0.2247866692
0.223828402326
0.267392243896
0.361152992039
0.225825691991
0.204265461182
0.316632267962
0.276105877481
0.336002030291
0.260526543761
0.371814108926
0.252906574919
0.261929315104
0.284349047593
0.30670900102
0.201498996559
0.219366352743
0.317595210848
0.255861051549
0.241152093027
0.329956035521
0.308228541385
0.327300395333
0.257796554725
0.299100564066
0.315384643828
0.28381143424
0.152650081637
0.370634202534
0.211455651585
0.191875024779
0.350751503104
0.163944330482
0.294749855659
0.241048451904
0.269713140237
0.215884489991
0.26711170983
0.309652369197
0.303764717028
0.251740492104
0.301461475025
0.250090164746
0.299113156632
0.244004110233
0.298603185693
0.279489082242
0.286741373034
0.273725472048
0.343414942828
0.234665061105
0.336327124856
0.184531932112
0.230685954554
0.271885375409
0.251492917716
0.262565062037
0.280600754967
0.27446701258
0.236823634851
0.293221854908
0.215238963981
0.307827512942
0.346078458731
0.324755033818
0.235292085271
0.40037826777
0.397012610594
0.367095382405
0.449390506799
0.278350467749
0.27866665074
0.319601421675
0.246358113351
0.243710051701
0.285930206298
0.282306461759
0.35742282548
0.227095085148
0.286013468024
0.30419120519
0.285652458226
0.311017346915
0.292529341153
0.321807315846
0.265500637954
0.24478788723
0.297819030193
0.304594034412
0.329626494234
0.293967829575
0.266565168062
0.351195473296
0.336945669401
0.309485831633
0.23235001695
0.28976463118
0.266222666022
0.321284920038
0.282178951271
0.313152660585
0.33749564414
0.200957686434
0.337891607535
0.264636247685
0.31590465512
0.21008282965
0.363166609647
0.289413705066
0.429229837199
0.301139611785
0.219380933791
0.203729574832
0.302961079208
0.310337500014
0.213078440642
0.226519357615
0.364799537853
0.3271888919
0.339129981424
0.395932060724
0.212660643282
0.354935053538
0.316877408028
0.208856984466
0.26328902431
0.310561675908
0.258143079458
0.243751998366
0.422735699663
0.232915603386
0.201129461515
0.380293866112
0.256595701716
0.306055336094
0.208724962176
0.292021547853
0.272792223281
0.284009637423
0.27916697426
0.37991867361
0.214208270371
0.345863398851
0.339284815974
0.349118600306
0.262183359702
0.21477802072
0.274945494862
0.289772898637
0.246078082647
0.263079437156
0.272320818609
0.302607860872
0.276994198402
0.277380239603
0.223496285636
0.266569943172
0.298745375809
0.271733504145
0.236546185283
0.260600417569
0.288976063895
0.256512826789
0.266918675691
0.311927990727
0.276014232415
0.210961647171
0.277315166149
0.322841355949
0.308096458871
0.199239528764
0.180780882548
0.284494274321
0.273158505074
0.284914104414
0.294911913782
0.318064984686
0.409823413034
0.236650005999
0.23590455689
0.3540640029
0.322073710887
0.240299283562
0.290084251389
0.296782573274
0.293631019927
0.30464659226
0.281628553079
0.222093456565
0.308165220659
0.363940160499
0.259178379433
0.259203690891
0.294473278747
0.361998657103
0.258167121811
0.174320599547
0.273142486439
0.263295164868
0.361142608423
0.297254255354
0.273245804348
0.274369476069
0.246824927473
0.3075692616
0.327822870667
0.28587184578
0.253876260052
0.266768065459
0.28435855673
0.236588706146
0.271235212067
0.283033950741
0.327196760067
0.296871936243
0.237111961302
0.325071478203
0.282452185331
0.276373459821
0.207593149134
0.321784490086
0.226959132206
0.337496296126
0.361735972196
0.280802641795
0.327991082679
0.311576088519
0.229334932308
0.297777580791
0.345275277727
0.385412759082
0.280670782464
0.274283250599
0.312557473823
0.300319367756
0.318005540167
0.314557662699
0.303134172935
0.27643174972
0.30827522124
0.272342612379
0.305065957661
0.251128587783
0.206683831128
0.230746608014
0.238087002416
0.234801046088
0.316723052432
0.297531659848
0.28540350823
0.282870836522
0.34769636574
0.245414952776
0.250069223647
0.290993726263
0.265852243388
0.29653400788
0.345478704171
0.320119314098
0.233365808655
0.200621955416
0.291287596478
0.395008130293
0.293143972966
0.21472431568
0.279136425087
0.290134382211
0.303028546227
0.32675279576
0.270624160172
0.310296169079
0.350991987306
0.296411978644
0.255691141056
0.33415827524
0.292857288472
0.29014127493
0.293499191219
0.31050726194
0.328539703149
0.375026684425
0.260035894227
0.350148486037
0.347613463037
0.278803772005
0.154056865389
0.211285183936
0.282666644347
0.207669097643
0.246151781898
0.280150851995
0.285285911017
0.281883138014
0.207653230411
0.311955945817
0.299462844278
0.307491532744
0.238572772707
0.271461390828
0.319998223906
0.207343307342
0.424901584781
0.316770350915
0.270373094652
0.377290265439
0.303622537726
0.278856864533
0.266224050666
0.264084111409
0.322113948165
0.25386639043
0.344971145483
0.303836387568
0.326420437957
0.343492979704
0.273155641125
0.312458649077
0.282859358595
0.221762001991
0.21382975674
0.177726333358
0.338001103225
0.254036120762
0.325311848647
0.293848921265
0.414470490559
0.176936186841
0.282617131675
0.26711568051
0.256943550857
0.364421524686
0.321444759029
0.305141654782
0.396991147592
0.305351972137
0.317837772918
0.239508201122
0.274494081291
0.342164283811
0.215936951217
0.328297372897
0.264436682327
0.29347091659
0.266414989312
0.264612928871
0.248518113195
0.315639816081
0.269763154383
0.2643460132
0.277213256497
0.277639999808
0.281313903497
0.252877646815
0.24522000529
0.29497276731
0.299920246263
0.233316051706
0.290777438826
0.33349757072
0.268436554288
0.316831746173
0.387259904777
0.370393953979
0.296394525196
0.389735435601
0.2825726195
0.308627350291
0.270432538585
0.364122675559
0.334885735982
0.261398579759
0.334850545053
0.252023076356
0.253150005097
0.229558595075
0.272187334939
0.303819004398
0.223497630092
0.232329821334
0.250630025036
0.331442135605
0.258496737509
0.329232463367
0.220490144687
0.306190691354
0.359813158196
0.258140364267
0.248445680999
0.277480576249
0.325343431459
0.26342327199
0.251007235597
0.1632705954
0.305809865506
0.26509587691
0.222848290003
0.183742404285
0.216615753313
0.300116718482
0.312988319478
0.269289040163
0.254932424479
0.328519877371
0.333854823197
0.30324887868
0.237568243768
0.320828149082
0.25784089841
0.188063207489
0.336318112315
0.312584895422
0.279702586899
0.288406564694
0.37944050978
0.289082143181
0.396038645511
0.351690093867
0.341405861029
0.374968266867
0.22334673363
0.357165006837
0.271189705123
0.218907457709
0.210067023898
0.269609399147
0.351298480119
0.192044567985
0.269243177962
0.336714535871
0.322384544585
0.322548790705
0.234922599042
0.307961288653
0.296543448938
0.187766276768
0.269557657158
0.229312197831
0.294545436332
0.268137549745
0.203826486971
0.271426382154
0.331095770864
0.195820468686
0.2976416957
0.294947407989
0.342975128543
0.304635610262
0.289189225
0.269556369263
0.265271143975
0.258056565651
0.187681297909
0.300474267954
0.290768232949
0.305622906824
0.189795687089
0.251420445699
0.226859460078
0.338815895778
0.310062133717
0.234412944959
0.310972286875
0.219728387109
0.340222220505
0.298957162513
0.329999594582
0.363533765769
0.368993715149
0.223956346027
0.354699714323
0.348642640195
0.309428476687
0.265109202311
0.307183189087
0.289237900345
0.295845496589
0.321213298996
0.254672521641
0.204729377444
0.238431052502
0.296826192788
0.29469758798
0.254890945993
0.31686256701
0.276498816137
0.264970396096
0.339085588339
0.215934435524
0.222982593782
0.277191856278
0.33113737235
0.341036981808
0.320377632677
0.347535476096
0.424660664737
0.198258517614
0.261756470973
0.260389767998
0.395407218339
0.270491584588
0.243367977855
0.312859563458
0.25091916114
0.269773841101
0.331725282859
0.262784477755
0.252047405037
0.352897318272
0.252807975191
0.228507047632
0.284866552743
0.228770680371
0.38572550474
0.320549732269
0.317464548758
0.274455912709
0.37788122548
0.247022156807
0.330223221866
0.230711441141
0.32816550939
0.285612144007
0.278638667748
0.222174296408
0.391760258154
0.219834275517
0.228378373952
0.291762399752
0.315165061668
0.238751125685
0.248482778685
0.276308911738
0.319642461308
0.235335086173
0.231070768654
0.36046663699
0.300269440547
0.302604021654
0.282907113203
0.291783792728
0.311377682123
0.239894228781
0.280543138464
0.275871699403
0.257291582381
0.282909006257
0.214684512687
0.330758043537
0.194453459952
0.255339883928
0.221326641367
0.243786989656
0.316017292148
0.37384074674
0.278458375547
0.338780919056
0.405960836766
0.276978602287
0.234611534301
0.193348594895
0.296361692264
0.282736066899
0.331652387235
0.235534205879
0.236124904248
0.298634406181
0.306511977952
0.226560892343
0.25516283526
0.333307505884
0.214144298762
0.372976024564
0.255193392833
0.303427375935
0.278308010525
0.251273443222
0.256311350233
0.22707773074
0.347860325475
0.260887305754
0.305738825675
0.242209820407
0.171846467591
0.358178661954
0.235807427931
0.255583752852
0.239380973138
0.405353916495
0.334854145599
0.25391684562
0.287659998961
0.268535807825
0.255667441941
0.259082405673
0.298147475124
0.24278932505
0.430362492292
0.335590573905
0.203366091333
0.300729024621
0.300618810675
0.252043844392
0.221055394717
0.316002218429
0.203474127266
0.246271463281
0.230485697383
0.25818127229
0.283033786392
0.360347277298
0.365182244323
0.254019027075
0.256943565782
0.232967141304
0.256795765527
0.255567078153
0.321752429874
0.25246252999
0.268371213173
0.178535217297
0.406075758191
0.306324805927
0.292706640281
0.316783263192
0.346574760399
0.286959343517
0.229815823096
0.235028232416
0.262241095651
0.305366564097
0.297815924215
0.261149042784
0.273744413403
0.200984777337
0.385677629537
0.297327638121
0.360598361068
0.213298940481
0.266470436865
0.239046931457
0.302800701442
0.215646858686
0.208555738659
0.188023940791
0.298080634746
0.318880234291
0.247311629775
0.312214354085
0.387764147158
0.271309679352
0.222823149235
0.277017254543
0.293342691609
0.315777241171
0.266528762427
0.283002220918
0.204892175035
0.42645289502
0.229357104727
0.308943947514
0.333975313041
0.257099569316
0.265136598251
0.277622634097
0.353735924505
0.331218581026
0.312787242323
0.22612278079
0.315680922228
0.355196372044
0.252923536712
0.301835722015
0.353424667801
0.26015825052
0.312635367174
0.301420026959
0.285587459374
0.229118828156
0.346823175124
0.239957558082
0.298873113812
0.192535758008
0.287648313369
0.294914937569
0.280232743702
0.197151481826
0.27253028421
0.304702631003
0.296806773597
0.233349377531
0.239639094433
0.290090662017
0.327323545476
0.262871831171
0.239581103222
0.30934896945
0.375279806963
0.239290527949
0.20674822284
0.246577390732
0.424362642773
0.290728710531
0.238156092499
0.34688124119
0.265569599736
0.322579697227
0.30651171048
0.251870453411
0.190948400316
0.367948533508
0.278660386479
0.343274863684
0.281741034487
0.31387062059
0.260501966278
0.257477577148
0.247014644579
0.255523488712
0.377922843751
0.285782052965
0.277966521956
0.238596681218
0.30413624087
0.171092782491
0.322989123781
0.374709671406
0.255080562604
0.233403389763
0.243894054004
0.34435362725
0.284217798844
0.236639155289
0.216177418317
0.319970902818
0.302956317706
0.319697730413
0.293325267069
0.290178849219
0.231402458817
0.352654393412
0.272718337045
0.244141169126
0.217491286738
0.188287665958
0.264140899863
0.286902985534
0.249982598048
0.258224438751
0.348942146991
0.198293963054
0.262923331511
0.364690055825
0.299822956928
0.335444249297
0.241141697493
0.279542194323
0.253789401956
0.2933510245
0.268468725237
0.203428120071
0.269892524924
0.35896331943
0.23319148783
0.299766874887
0.311061652069
0.193923750811
0.351680299658
0.269723536148
0.227267116905
0.251766256403
0.262922029034
0.240437046314
0.212845920765
0.29273256455
0.293660185578
0.256374857232
0.280592016807
0.354247752809
0.281718530337
0.334943314894
0.314562031468
0.337111098311
0.38775688508
0.397443737024
0.218417055158
0.371447448434
0.299234894959
0.278704018464
0.318344376347
0.28221327851
0.243197290921
0.258341434125
0.181666620343
0.270723202896
0.285177081056
0.364056728991
0.340516107057
0.213174197517
0.321752555652
0.336957251469
0.300860217132
0.332271377925
0.308713022214
0.33624135664
0.321929254021
0.243673124606
0.328488382666
0.37662465541
0.271789095229
0.402000504016
0.359358965883
0.309110514245
0.339870298516
0.401959704437
0.269477259215
0.227290539946
0.288994653145
0.303586357902
0.217713249734
0.274829566387
0.331574450329
0.36904246217
0.308260196038
0.363480823438
0.285430714393
0.281890649732
0.304724718328
0.247128943772
0.290818270772
0.334324004164
0.295779476206
0.236130088319
0.273493469936
0.216112057943
0.302530306227
0.371566085498
0.217374162745
0.366250514524
0.386216500075
0.123958199436
0.301083762096
0.205129995166
0.230478324558
0.384842030439
0.265397193648
0.324100432334
0.218777010921
0.340519833679
0.261313333511
0.168437890986
0.35903349423
0.372566934437
0.318065355679
0.292455826213
0.404663611997
0.345073195407
0.255981045363
0.392333831884
0.27624698712
0.236919931562
0.261613168515
0.204848290389
0.27259549487
0.276829561912
0.264624183082
0.288575245881
0.262000010273
0.202635313562
0.320192293772
0.23347926876
0.357740787765
0.215674316149
0.272559128559
0.323367022213
0.288753309038
0.282897243796
0.360117933534
0.250793534147
0.289614269615
0.361759528613
0.26682008172
0.27210150253
0.293132789811
0.29571827164
0.293711325455
0.347174846522
0.218448157889
0.324105494607
0.228199685329
0.277987924478
0.300683918748
0.293056320629
0.22178648683
0.308948038705
0.309029205138
0.237502265249
0.313415452743
0.219627601582
0.30244566012
0.246143241469
0.283270194269
0.228114535175
0.228389299004
0.323667366193
0.318199872501
0.361459714867
0.23856383135
0.294014602825
0.320671244328
0.317726218485
0.369547897523
0.319656770513
0.256521778005
0.306746709748
0.298039608357
0.228033829428
0.338716692935
0.364488363903
0.312540292161
0.36330613359
0.354517987949
0.280547942488
0.273633184402
0.25423698735
0.296241657876
0.257674178424
0.252274858006
0.287848276153
0.311179658841
0.387214801639
0.399664127184
0.240729267375
0.281866051521
0.372185314857
0.287641071244
0.2462029432
0.319832761439
0.291840910875
0.304412581979
0.316711036817
0.241773834664
0.301968705735
0.3519582957
0.262073042348
0.293455358725
0.249320982691
0.294936061151
0.133350952024
0.322509190946
0.297609778245
0.29476585294
0.227545584881
0.318145017888
0.380143107401
0.226945342118
0.277031555778
0.227254163357
0.308964799778
0.383991592902
0.291127921508
0.26971293636
0.257003399415
0.205659295877
0.34876954474
0.264488000598
0.322582066459
0.242939878206
0.2944296497
0.319379470309
0.361289633456
0.407284853376
0.312234557002
0.331573222405
0.317899203666
0.25378126545
0.281611307117
0.304377122962
0.385729140549
0.28104122119
0.298467917981
0.330150650092
0.301786488695
0.356852060861
0.185970913983
0.270111106415
0.284244325841
0.311218122097
0.30710316381
0.248234139335
0.304255456073
0.236292624056
0.314048921956
0.255248697082
0.309288028295
0.296141671164
0.255634320466
0.284742964552
0.297773446481
0.367589317789
0.185980786546
0.218047140312
0.315407738202
0.258429484847
0.180317718505
0.292051182966
0.290474059251
0.379370578347
0.301337087162
0.241669138309
0.30353925791
0.256491693153
0.27870387875
0.311502282558
0.293256453595
0.321281941758
0.265749545601
0.298205713364
0.219998140014
0.205079315733
0.214063462184
0.2704271672
0.216524297355
0.271666027237
0.234991525872
0.226411742719
0.254737764036
0.313074715535
0.261810495161
0.187794254044
0.399442678213
0.25738838915
0.298585004777
0.308940783057
0.30555148364
0.327443625752
0.367088520023
0.247840583451
0.297132739759
0.322264727867
0.36032682656
0.211115946051
0.243682581944
0.250605032785
0.325385215851
0.189619260444
0.305811473961
0.296405038615
0.366590266946
0.170028324941
0.343626668218
0.250543126572
0.323846427983
0.280531861036
0.3304664571
0.271163017234
0.303758252556
0.278106409743
0.240012217439
0.257966412131
0.297882943944
0.227063337091
0.245140837024
0.389046102803
0.330128703599
0.403240951049
0.404016671385
0.256687337239
0.255828748929
0.248191939052
0.231636887115
0.34363637272
0.243511058378
0.278722471059
0.218992869134
0.222377352054
0.294634141654
0.303827330963
0.315918015727
0.343576521159
0.323462453317
0.240566989243
0.299823346404
0.312278755083
0.182289605447
0.258822162706
0.278379581103
0.378905865746
0.266477724085
0.233596858103
0.171336825503
0.247043276953
0.395335330754
0.290233627187
0.285986207849
0.256481857448
0.350561684317
0.281987703943
0.448750277737
0.290298688205
0.267441700511
0.337223045563
0.351153100975
0.270297742763
0.329248730433
0.409334431948
0.300313375286
0.243878902316
0.299918037988
0.274440832173
0.286829840272
0.363097049395
0.285535183892
0.350026976724
0.220456805513
0.253258865864
0.323893235394
0.22519189773
0.269189129104
0.329186280122
0.275256285585
0.311985475655
0.319466237768
0.244855503379
0.301669779167
0.262146752895
0.290635290191
0.298778756687
0.189949949589
0.430310232289
0.31329227568
0.282603188265
0.306738058708
0.291050349585
0.333863872967
0.21303285461
0.277049036907
0.321214525742
0.27450886692
0.300516340201
0.352464939331
0.305028726071
0.274818916659
0.40932899868
0.277940759291
0.253754458379
0.408712716916
0.204354029183
0.273078027378
0.277013982602
0.282748930886
0.263845930411
0.355945126871
0.323824287514
0.38205502512
0.256206884042
0.329128200409
0.330775062026
0.302510595776
0.155226197002
0.232198878743
0.278964652557
0.240968334162
0.279920063168
0.252933782501
0.260818554114
0.244214295663
0.269588557329
0.267493033328
0.386765756512
0.283972317888
0.216586851217
0.335986166848
0.249494608694
0.372202813407
0.282408009701
0.273968246367
0.280584384461
0.283942479046
0.324636475596
0.318286775553
0.245992260496
0.247730013472
0.297617937359
0.388058079598
0.174832298451
0.262560664258
0.365196839146
0.326205646435
0.33172478232
0.225674979493
0.344786588599
0.252660744951
0.233216775695
0.355638572589
0.381977268248
