0.359805152688
0.641140341052
0.455406862892
0.675638833489
0.581716471549
0.655261346367
0.669781327152
0.508561025872
0.639421024319
0.449506585059
0.344976948273
0.559615700665
0.438152246012
0.533823415938
0.299767719236
0.631844883971
0.538039150898
0.635574821204
0.534102535587
0.692667955385
0.617348999982
0.586660475986
0.570678675999
0.64630553407
0.457793076995
0.414986565262
0.638995190309
0.643244766313
0.489103863483
0.479645034435
0.620494640399
0.591386376959
0.67624142199
0.443743887662
0.543023949761
0.475678924952
0.624786318828
0.662693741855
0.582352534336
0.643060301511
0.619046151664
0.607366969558
0.572540376658
0.596804648185
0.505138006065
0.411231810461
0.60756058717
0.34009356674
0.5764312332
0.709959253549
0.568232013711
0.581040913144
0.503407880213
0.551901092906
0.513298761325
0.570773651239
0.60037486888
0.547099918988
0.534090076602
0.663295950831
0.4594889099
0.640826001623
0.481221384079
0.345842349242
0.675586643131
0.522049949753
0.688880140072
0.474018367993
0.522375421462
0.61018655704
0.496443996857
0.517022112244
0.615819999523
0.476319267141
0.456276388726
0.522406093817
0.51730659781
0.539014496817
0.475574675347
0.757955089667
0.588584318153
0.608280969963
0.417264256578
0.613007533195
0.366822895806
0.518472157142
0.663006074789
0.447056061903
0.4272752913
0.437168331383
0.598163189257
0.666640094395
0.555344004087
0.381508775512
0.629546006779
0.549600515318
0.457888963604
0.44839608886
0.514928273547
0.547437558979
0.494119835196
0.440911779755
0.524169903599
0.546743707299
0.388224510055
0.432442941893
0.727731381657
0.433152462343
0.52047431768
0.645116954164
0.639579699744
0.539153110409
0.529687268397
0.433856505673
0.484096364283
0.552182856875
0.492767858154
0.679919288593
0.38672109753
0.436962498199
0.566811510454
0.45874830482
0.431127745904
0.625115057991
0.547783577181
0.545630084354
0.459703697523
0.619897627069
0.698048435891
0.578845439474
0.446199097588
0.631134063978
0.490475978278
0.482581756644
0.440462110497
0.568165754957
0.638065182404
0.515241930091
0.486223418404
0.487096832868
0.524439182394
0.656800352369
0.628832099375
0.562355687596
0.662873110677
0.458582175559
0.556223252468
0.538040517618
0.435892986987
0.550866543433
0.476759755696
0.691797553893
0.602101110089
0.615398943276
0.504411099532
0.543105040466
0.624379676601
0.651488555708
0.585433119394
0.607839804242
0.615413529499
0.573581367025
0.495750854373
0.456384472778
0.572251098897
0.566341312477
0.564050469924
0.480647866529
0.561937245694
0.547138157469
0.402012434425
0.401012670046
0.548340707292
0.476329940868
0.540714095732
0.546317327252
0.415393237259
0.553533089125
0.419005377629
0.474150698657
0.421201377188
0.604478753229
0.608900983943
0.841481642321
0.467154986793
0.465642057254
0.613801593742
0.484022875427
0.371992119133
0.612247717817
0.542884520495
0.400485493005
0.452963016951
0.601836540576
0.598170489593
0.380036641006
0.603283512839
0.43356506539
0.694436979515
0.579987117237
0.532028268212
0.494963798356
0.630871618975
0.596400390456
0.639972722611
0.470405054076
0.485645510166
0.553552184243
0.412697976881
0.454234485959
0.621100887742
0.372226237908
0.647374149443
0.541339689285
0.617320632219
0.732525726282
0.505925594021
0.468387887591
0.435344416383
0.629939844951
0.438323238808
0.633754080733
0.545289455539
0.427554278983
0.624744625805
0.56299605379
0.588031772365
0.509687866847
0.642757479849
0.432210435175
0.666706594933
0.429925251294
0.465102949684
0.651518217375
0.443295619235
0.63465559604
0.650151448429
0.507265097332
0.491498991026
0.557613121404
0.625883063853
0.511770177949
0.378397552832
0.531824894807
0.449074837229
0.631302571228
0.545646741988
0.510797487004
0.774011807449
0.406975063292
0.4400227351
0.665076796959
0.484202417109
0.475137881922
0.469891166928
0.547737393697
0.433311525281
0.385420137891
0.567183451321
0.456416290155
0.556653601501
0.505054132185
0.585098358342
0.506021600403
0.458345271411
0.521211344356
0.642730862492
0.568516997102
0.609805698386
0.397255446071
0.487263288484
0.732787446482
0.574457209014
0.501079718579
0.482631917758
0.504155093547
0.677083582018
0.534218497297
0.38997213426
0.497690781016
0.639580165558
0.332252478471
0.419638169248
0.574897995255
0.821817745024
0.601647370079
0.46739993203
0.518156578893
0.585890649323
0.398388505957
0.633712552293
0.647461566006
0.438706700742
0.603510727908
0.43389794768
0.519943549478
0.650246632804
0.713851117068
0.531173679597
0.482807231272
0.667562292797
0.477521467574
0.548451201379
0.62921151522
0.373188766534
0.541306320135
0.535181531975
0.58744727713
0.570609103132
0.403004141924
0.48128230545
0.409395576617
0.543437453155
0.617180632884
0.698524787998
0.519131706177
0.420244042231
0.607445368589
0.569160462597
0.676908215151
0.636609984001
0.687903432603
0.396620318787
0.444804932464
0.468831415545
0.697965286592
0.646761190008
0.580022508818
0.369207345134
0.512569240707
0.534923949189
0.64080031818
0.506515199442
0.389469216473
0.651117600882
0.592839482848
0.410547478909
0.620411562475
0.633312723519
0.523265313542
0.431117541192
0.468807194353
0.551992685056
0.488398028434
0.569333198426
0.471382995084
0.596751947862
0.464743248265
0.550898208899
0.605954540537
0.516629317213
0.547569576207
0.495954895075
0.524948780016
0.490889834863
0.514108179329
0.657957540332
0.634904634558
0.368011735651
0.632349452235
0.449885845514
0.54100303032
0.574109277736
0.445890203101
0.531781498636
0.467855797079
0.632767719576
0.604501412596
0.564166297866
0.857574084569
0.625571266861
0.659932118692
0.548780057699
0.413750891647
0.625159335535
0.52601215372
0.617815037335
0.455137909882
0.448301077106
0.465885691777
0.569337400269
0.481312999218
0.552389546708
0.660349179888
0.525565887237
0.537049401256
0.408760042946
0.56075055226
0.520835590622
0.519095148333
0.574838410453
0.553055670838
0.410532688138
0.384483490664
0.500652645905
0.471178964264
0.523362486363
0.661084569897
0.387085449954
0.616923663585
0.575758504744
0.557719869183
0.414438561317
0.466679370013
0.63814866557
0.542576647744
0.513145623846
0.582926380722
0.51620380397
0.406493906603
0.606922788081
0.674606729112
0.69824990293
0.537366050882
0.508578684907
0.507549025206
0.626228103533
0.510132055104
0.647892038635
0.468109796335
0.62633605405
0.459840216137
0.639395281187
0.400537346185
0.420334460234
0.556572784428
0.458102032208
0.650691568887
0.533278097944
0.40567385118
0.389060351128
0.640666118082
0.59534614897
0.474528463983
0.426580500922
0.37088579617
0.51412140475
0.497071056827
0.725337259385
0.559659628662
0.623978485155
0.595439811497
0.518360318647
0.619117913843
0.566243726106
0.536000699668
0.528906922358
0.613034904874
0.477595892295
0.53437431806
0.528499396313
0.425791275049
0.669795129661
0.514617101614
0.585462959069
0.505661461132
0.446603014297
0.627005518575
0.440175610227
0.537570591463
0.677073678398
0.661573767053
0.477684696064
0.562469262647
0.719103855965
0.603500158412
0.537055229246
0.537554172849
0.738670614036
0.703075014994
0.518876745882
0.596444819674
0.576512622275
0.707683652552
0.471587206033
0.773078931759
0.468348335289
0.608813538729
0.582973626779
0.673348644116
0.454892981343
0.377076692191
0.61974659184
0.547181310443
0.60330472433
0.747798729274
0.539993617916
0.437021024793
0.428393161047
0.670101936331
0.531459889931
0.374529769133
0.529038789907
0.634313076728
0.581432215126
0.589139575057
0.628803902779
0.473043977497
0.509993516953
0.550353342561
0.678795403296
0.739526288609
0.579044414433
0.405217872275
0.333512882571
0.459528178685
0.372474160244
0.43258608232
0.622723014518
0.519170953127
0.566137481728
0.650760276992
0.651487386482
0.583736807812
0.58030352364
0.726904618652
0.499702986267
0.41092608517
0.446364627072
0.704759560621
0.51563504171
0.435366070749
0.510985352124
0.554269453634
0.542099831537
0.444693093023
0.64490824103
0.554532698804
0.513487049271
0.761986813512
0.632290593997
0.49791336088
0.530997103617
0.453602343848
0.49171364253
0.634771022121
0.612239273771
0.445403318877
0.447747199883
0.711432688601
0.675340598507
0.386946584656
0.478849639804
0.39242208736
0.633256610865
0.513802485691
0.413466955596
0.56526815238
0.852475659121
0.47949482435
0.423392233563
0.56503668837
0.553852548996
0.650436473819
0.561829235954
0.524459940232
0.570929510354
0.374422499307
0.541176575967
0.579109262973
0.477725033773
0.663454641551
0.569893881271
0.544635069733
0.576169809612
0.539277480985
0.442007939756
0.534010601326
0.569156674017
0.569061210892
0.62671416851
0.51532734208
0.519117588387
0.704844884969
0.519022582409
0.478914834789
0.448061844166
0.543030838312
0.718837072843
0.727416524574
0.449172352359
0.55322919918
0.558612509786
0.495438679425
0.459439181015
0.556661138721
0.391307933177
0.54115827319
0.480882891258
0.622614522361
0.499861872468
0.547594986928
0.660284429388
0.642439381467
0.549464853667
0.513665330945
0.564776594325
0.456249403077
0.566987953162
0.556762170975
0.366466471532
0.575694633695
0.504701779176
0.464799791685
0.563688092222
0.571139103086
0.59331774055
0.638033239888
0.41214829684
0.593239824966
0.473414848537
0.43345872158
0.44334097681
0.626386122836
0.626861706895
0.585597718249
0.673008002322
0.392936822222
0.448234196285
0.614425151788
0.469376760703
0.620142614458
0.615376022203
0.57328025768
0.544552195891
0.491411185503
0.481838709764
0.679873103757
0.603327040308
0.4966196123
0.386491072447
0.62823122158
0.581130153188
0.548104567385
0.574489019164
0.691335894935
0.415836936548
0.49349360827
0.416078629039
0.643532390588
0.494946093457
0.38824957456
0.607037246829
0.361811437877
0.500489349904
0.553101078408
0.513584675217
0.578055892815
0.641382627202
0.495667686454
0.637794025665
0.517396533693
0.507674984022
0.422070095418
0.648481540678
0.582189898612
0.648099996968
0.37039916725
0.527872801974
0.522548469259
0.404968453604
0.500141655292
0.430126394264
0.558803467792
0.462454523189
0.5963987445
0.51176870602
0.651167412353
0.640564043063
0.631877126045
0.499985326622
0.493214608054
0.594382833421
0.579428530906
0.746173632278
0.436024522848
0.510883107631
0.625426510677
0.593901376889
0.644979058841
0.522286436964
0.478870762674
0.438476666508
0.590044452476
0.65273412369
0.570427137779
0.523278445796
0.522353913168
0.515993263678
0.588736123263
0.537692437608
0.429762685246
0.417356330617
0.473288408119
0.409828891682
0.401976777543
0.558499006035
0.525217071056
0.608395891995
0.483816401806
0.53592996089
0.504094005017
0.605130514613
0.753493916297
0.598748234058
0.505039490255
0.655246492172
0.440377515887
0.631669290903
0.449407161921
0.398008231531
0.506611603883
0.394898232036
0.651921191706
0.638697109908
0.447281780281
0.711689765987
0.696835245555
0.490357786457
0.607547820154
0.679892486762
0.651103334438
0.527048910103
0.53681583919
0.607543084314
0.652621871242
0.531147536238
0.628511537147
0.735275987619
0.574240222017
0.598770096834
0.49471309305
0.509629552912
0.499228024493
0.664244171278
0.463744843109
0.610502120317
0.461212140143
0.550042754893
0.563741282037
0.504458663907
0.702196975146
0.619416013797
0.540226130589
0.563716751086
0.617880705959
0.565487250723
0.614048604576
0.553385369158
0.644037702333
0.429332701185
0.617439299766
0.587423275164
0.580695553173
0.559925902121
0.520473652802
0.604785638702
0.628384109859
0.53647347157
0.493306837684
0.412533487161
0.476567902515
0.411028206797
0.52953872211
0.314474889822
0.598092114173
0.604446203986
0.460176655454
0.701517993514
0.603698172452
0.516301294137
0.532942298177
0.590634772745
0.650227196936
0.492624287263
0.54001340336
0.499985087697
0.575377447334
0.585240075995
0.50787202212
0.637461928833
0.442721159765
0.423843401454
0.42814910973
0.428651117808
0.680315833523
0.634599334596
0.477498872308
0.528254762373
0.415508463957
0.50386122052
0.511656337352
0.489767130309
0.426853768315
0.494520420873
0.418121598323
0.547799928071
0.599438704316
0.578281592259
0.606793599867
0.616858403089
0.503444517664
0.599580635176
0.68018528227
0.410887454405
0.516385144524
0.528983488979
0.459741433222
0.576626369375
0.485240241237
0.625555378182
0.461511103971
0.445215295468
0.333315102237
0.650084231818
0.503919249192
0.593932928439
0.46119629012
0.453097678059
0.391891955539
0.470370363967
0.665801878645
0.545661781091
0.614779685048
0.485520831274
0.483353694426
0.470882280282
0.486970331224
0.51852612078
0.44950909706
0.575556644487
0.527481373566
0.615832891354
0.672452170585
0.6227440399
0.492734761565
0.548645564724
0.536568417229
0.740672478721
0.461583844009
0.412403431337
0.498155872514
0.617960581059
0.54427138931
0.741417317681
0.5308255567
0.594299944238
0.530267358413
0.52364360804
0.473533767843
0.575741139217
0.748933076195
0.485405615418
0.392553056663
0.608589270284
0.457679086032
0.571197899935
0.524306949001
0.500509314998
0.743581941091
0.538255457518
0.445253237842
0.588612054981
0.490760806365
0.511598835725
0.555249584569
0.448251810619
0.727244389977
0.516888754918
0.533548870178
0.433913611105
0.72850505103
0.543932950651
0.61101639149
0.560750364677
0.614056250063
0.512592258954
0.514294294506
0.664746898331
0.493726060191
0.706644469903
0.584139057337
0.603793335617
0.410024527959
0.450011438882
0.674611656912
0.641504714757
0.505039198044
0.514390453068
0.47933221892
0.320243030158
0.596289180033
0.671412060227
0.561255700456
0.597980783282
0.560487226207
0.52500278935
0.676045846615
0.318507943608
0.590150749188
0.524930218853
0.525915334979
0.565353707748
0.918345611719
0.588281535554
0.765027658409
0.645284932868
0.400358009958
0.367721904398
0.572962723702
0.657514360834
0.532365827854
0.452661821186
0.576798254735
0.641941746723
0.393770169721
0.513013160468
0.616668747408
0.566677609499
0.519592713511
0.589475978736
0.585263690699
0.46548750589
0.63134784705
0.567644865681
0.537871765996
0.472349907952
0.533162418742
0.504509398367
0.699146651343
0.585531254669
0.547232218868
0.67423631948
0.497429468353
0.448457585034
0.563674893082
0.569119779925
0.538679894097
0.60361328714
0.583784288251
0.770292457867
0.498235977963
0.595596413901
0.402349054826
0.409807122124
0.58082884763
0.445592511473
0.504737694707
0.689786136486
0.592875559144
0.532676447812
0.6345062201
0.637909188955
0.599750003189
0.456195222446
0.470495462673
0.798936318595
0.619105124676
0.487289091744
0.427907567495
0.706089102411
0.591754754097
0.602274443707
0.636170297694
0.624182861999
0.720260081639
0.515022456845
0.494127537015
0.499482356805
0.347300785415
0.466331331993
0.448357226013
0.47722062537
0.588212364101
0.602375828735
0.396773954056
0.585279774869
0.568705696239
0.49355003402
0.575725462277
0.508453378117
0.62182577084
0.323269865612
0.708124770718
0.52432686385
0.688059297559
0.579695079257
0.587163413752
0.468734674715
0.596875977209
0.522258509943
0.614644563378
0.502454266444
0.523088328209
0.590360781023
0.413569496886
0.543722018464
0.539155487124
0.55586936064
0.508881266007
0.452372551391
0.469903949989
0.581195140388
0.343239167646
0.516952383733
0.448500309399
0.476471349024
0.530296432359
0.489758537078
0.598352949192
0.488497057817
0.668745070734
0.538761591386
0.519034242935
0.703801207692
0.572437995381
0.627998096949
0.542555322548
0.536653146059
0.331259778511
0.618708190222
0.589653334969
0.418522975441
0.419855456664
0.540029202936
0.569345331803
0.659688599689
0.835355552771
0.468310485409
0.677765967713
0.466626638347
0.576795828014
0.551540275671
0.542107197101
0.501844159397
0.557395888357
0.659820040794
0.455184027817
0.541740629912
0.518383911277
0.415479589756
0.47390668318
0.522747423945
0.637521547767
0.463780686781
0.542732022257
0.411787081537
0.546646746577
0.624218835422
0.674777139402
0.385484187751
0.479658289849
0.450672801171
0.438890622483
0.850093393769
0.650968800722
0.385651838843
0.510070805209
0.602473384581
0.675968258465
0.355624499106
0.377458824658
0.443375415546
0.505260132421
0.602769785948
0.554340101809
0.284681999564
0.584531803209
0.472070235018
0.541508910597
0.354141660849
0.657780882599
0.390911487919
0.548717409173
0.43596154761
0.518331182929
0.500214717762
0.489398604954
0.444211221726
0.349384477428
0.686500259692
0.682712535935
0.639083171592
0.530898776533
0.671412937525
0.649861063855
0.547235632544
0.446697295577
0.646777223142
0.455950090823
0.421165973378
0.498838848536
0.504852248582
0.512608843976
0.42358887261
0.599653910672
0.463919689322
0.30433552982
0.509395220619
0.495783705704
0.522397951328
0.509137578976
0.489472060611
0.683287668817
0.648584493131
0.448893885113
0.336137598807
0.482312697451
0.436861459674
0.465432298413
0.556187068139
0.698620264934
0.624125869544
0.526648251023
0.628274833691
0.518126715388
0.509655411813
0.699445344503
0.435147850879
0.460046388804
0.581191461439
0.509729688266
0.620166645592
0.532719888591
0.565271753356
0.623997688355
0.535236638393
0.615835688049
0.567826090472
0.45894537859
0.414191201948
0.500278122318
0.460945115095
0.47972560072
0.431506987784
0.746671290583
0.558889104353
0.607800578156
0.585983036509
0.596669730378
0.423748686382
0.544563022052
0.465783346453
0.580816975695
0.614701643134
0.47227362249
0.496849179118
0.555637651585
0.538892386624
0.601481535547
0.409000328729
0.498629169832
0.619225448438
0.527905298261
0.587767423332
0.665779063764
0.447244552422
0.493514082694
0.530937031667
0.682496912475
0.751714920376
0.458468321917
0.571549539438
0.513517222795
0.548212645983
0.515782237364
0.406743917666
0.436531429754
0.529989627238
0.599689020374
0.474668794845
0.473007642178
0.583948141663
0.517374582115
0.522096969829
0.561203656234
0.635551095816
0.58861481736
0.36658625793
0.391780242023
0.649702962168
0.423939869121
0.589502926243
0.54304550143
0.443082633948
0.581732683778
0.595691358625
0.514751495094
0.594815474044
0.54828037829
0.505825466981
0.735478971904
0.498515348521
0.617416093337
0.45264795945
0.687706892082
0.676915251045
0.550126190526
0.470927255685
0.566543974434
0.490362204848
0.394814183549
0.585676351521
0.506704571854
0.528368649302
0.518475181497
0.618388047808
0.648794224497
0.35560794383
0.555907692622
0.67409368268
0.507769962395
0.552507685524
0.464002516078
0.601886028086
0.623824418892
0.556147755378
0.584488933418
0.662174083024
0.61886460705
0.639450136255
0.473530712789
0.435364078569
0.609231620239
0.573200301865
0.722432157714
0.6307366226
0.439737576771
0.467472972771
0.811622246517
0.520595155582
0.556203033246
0.555891853848
0.698161503054
0.415337280295
0.433443829254
0.563778725511
0.414246962982
0.415744760529
0.436189921689
0.627440634115
0.533573487424
0.361693127089
0.357726647335
0.565883964406
0.524153716119
0.57842135346
0.586652525195
0.377915429293
0.405541596907
0.557727037372
0.44226770026
0.430489866739
0.557193090396
0.552093199626
0.519881398626
0.579023465618
0.518059462475
0.48282614227
0.619378476941
0.57358728099
0.607296248414
0.652778954052
0.592472253268
0.438851834583
0.377506480485
0.535488707446
0.797221972393
0.68146884363
0.636722835836
0.419089701435
0.652028556979
0.415709052878
0.610067570947
0.449427188002
0.672439404535
0.447397019471
0.445865336495
0.514841867667
0.561878170564
0.542254430345
0.598347458623
0.634108840643
0.319700444529
0.456019602707
0.533092828761
0.676076538502
0.43749713932
0.439809397656
0.47649304356
0.540205426525
0.508725648692
0.401793522657
0.316187666732
0.488591431866
0.513621513772
0.443617445904
0.633335431246
0.770796190889
0.584819793193
0.640097227917
0.672534601792
0.5173052921
0.587545070382
0.384505483024
0.46219758962
0.450503353627
0.640903966209
0.549123432611
0.306684191495
0.448594333997
0.509400201944
0.531468765613
0.575448943832
0.433210643215
0.547112045341
0.49563419592
0.525170407708
0.599142723413
0.488067867383
0.438330099273
0.592157347628
0.471203009616
0.473807573446
0.45767767468
0.483417935732
0.681487723585
0.400465955629
0.500274462104
0.418297201817
0.47334143142
0.494016351997
0.452070154874
0.392670698866
0.648591759232
0.465343846991
0.588865090543
0.756373910165
0.509210917095
0.633342090767
0.445052328768
0.684482550682
0.433594190741
0.659833470727
0.562293435894
0.474677637097
0.489711169084
0.391356376348
0.548799943094
0.504849431925
0.431049720565
0.364085228554
0.592346100499
0.556336406407
0.434087467624
0.591507100618
0.619105493648
0.447340231353
0.360447337828
0.587888803159
0.403641331488
0.66784268065
0.421892800051
0.489622635044
0.608014089179
0.564048250424
0.432482978111
0.680307992474
0.37371838395
0.360301134989
0.671131749776
0.60209516565
0.570956087095
0.429671125726
0.569727803765
0.529016732892
0.485497715471
0.577798520614
0.578971502865
0.755363562034
0.594244759267
0.548590012097
0.522616715285
0.530269251625
0.510591403913
0.578265625466
0.640625854248
0.45963994839
0.431799138507
0.494676353323
0.814040416836
0.531647670838
0.402490036876
0.527638297467
0.512173979489
0.401127076654
0.499835212404
0.551926175712
0.56958361885
0.565190066471
0.59010667143
0.50576636963
0.480082461785
0.464425569194
0.462972501177
0.534910943785
0.472625567781
0.576088806897
0.598407815596
0.654582914049
0.532306513276
0.62347903131
0.565540026923
0.543796510209
0.473500745397
0.502497928871
0.484451962782
0.496487579599
0.474694696345
0.492591388244
0.550692752814
0.49913518864
0.560187286766
0.613281851306
0.56027311472
0.481279465626
0.553011136062
0.509227906142
0.407240176969
0.479265797995
0.521002796604
0.502529290076
0.557659951666
0.536652746716
0.45463551309
0.504245383472
0.501332041954
0.459455465055
0.643050316377
0.370373336287
0.546659221244
0.575496515811
0.364428620201
0.560396713498
0.492934659319
0.70237728843
0.494929169052
0.487731005973
0.470964629655
0.356931311825
0.422867800741
0.561170896115
0.616516258076
0.507701458869
0.675919416646
0.453053924938
0.480491208809
0.762531425627
0.369092093303
0.457768647068
0.705355325669
0.683125524531
0.537230746194
0.607406137386
0.443745225553
0.667535549812
0.591723223441
0.43905710072
0.630575841754
0.708819680727
0.471021304545
0.621801877359
0.439940510591
0.635568746728
0.785919273214
0.415215013271
0.350994791487
0.430352925402
0.672705833404
0.543863145687
0.46897220407
0.724891768979
0.556405381673
0.489983623397
0.594354245699
0.614866721154
0.618717456057
0.498040789741
0.464882573726
0.556423832492
0.557387686749
0.537820769597
0.573440402215
0.445882242498
0.797176237039
0.466095587493
0.526452705102
0.424645979909
0.6252813615
0.770344784292
0.561927246876
0.485613046667
0.32832539877
0.530776404973
0.629049775442
0.468563622114
0.482499921092
0.400567083756
0.631513435342
0.631012973295
0.56130429464
0.45843780946
0.639093916034
0.728516647786
0.433849484257
0.345234257347
0.64065395519
0.469810036605
0.590782390092
0.643554155266
0.673314615983
0.450337103067
0.464737018234
0.580680642472
0.515202864467
0.515876353319
0.584992384193
0.389849287354
0.513420174414
0.472890648673
0.623432840694
0.692241407749
0.727671059828
0.451281940669
0.581375157275
0.468871768097
0.660240210557
0.531134855137
0.551141109093
0.485935022384
0.511164208299
0.505400459567
0.581801580374
0.521294224916
0.695630954435
0.600905383771
0.309822745772
0.453011670882
0.488278429638
0.520810218235
0.582318030251
0.523489945453
0.595353371305
0.82359445838
0.604006485501
0.452226392024
0.527586394388
0.628451140551
0.505789335721
0.51834934612
0.546681621527
0.588935503858
0.517660878057
0.480135664784
0.519076109903
0.521706924838
0.687437273839
0.725776384923
0.552193152139
0.537296090328
0.44327622628
0.587015688903
0.545244446785
0.544079159629
0.38710975497
0.570501801378
0.683853163089
0.710560816661
0.520453453837
0.425739093585
0.419282041816
0.461330062902
0.344644148392
0.427125718025
0.528313769907
0.640262807695
0.58873580775
0.616741556599
0.626893348759
0.630215328518
0.44503505673
0.479998816015
0.654208821825
0.501106379512
0.573652154654
0.464956107252
0.666675108827
0.345530127469
0.560879027297
0.746071503369
0.465789149221
0.474286090577
0.567269751455
0.580947117641
0.670374168915
0.487202577983
0.474578527148
0.584811368329
0.583860195017
0.550981161674
0.593300908546
0.625411223226
0.697366399302
0.563041914823
0.380124553015
0.589600379816
0.705329035434
0.437817273744
0.492614801364
0.542351198437
0.354542593068
0.556308229813
0.502500776902
0.521032434289
0.361242717779
0.485915415865
0.5515708984
0.724816443242
0.473921430954
0.407545864575
0.371448725448
0.55308026312
0.613854070113
0.547755278013
0.626297107169
0.455651900424
0.448107204564
0.468811419582
0.570334736373
0.414002751722
0.425701064475
0.511944472775
0.453554531424
0.619301895388
0.445476166432
0.517597246819
0.65077662436
0.421160050298
0.607965440689
0.546365944275
0.358801734153
0.567537277084
0.658406697959
0.582425837937
0.640893909556
0.394959623938
0.528601221653
0.508285316062
0.487498964901
0.416321230851
0.465965893397
0.437378915822
0.43401176583
0.562318495685
0.492496521973
0.45584987902
0.446351653658
0.659594803402
0.483185363193
0.554435517288
0.368035761906
0.545091331866
0.477432929314
0.500917324667
0.500915009357
0.621383743582
0.518712999276
0.579009914452
0.627913776531
0.307969414783
0.594256992866
0.535471766729
0.597704538441
0.540747007524
0.43821937717
0.608441479857
0.697692055567
0.436905754307
0.557472794662
0.611562164737
0.551653943515
0.484391108434
0.460924218405
0.364155910428
0.468869173185
0.41767100093
0.594527860346
0.554884266492
0.65058337672
0.444457297043
0.508343562746
0.563198366322
0.503764716673
0.574589308613
0.683704750146
0.52403376703
0.352259100433
0.699175599158
0.632314978918
0.545214755412
0.324711166434
0.439281070619
0.585944138657
0.523756091571
0.480470892352
0.459490983729
0.545142433336
0.531529434446
0.444631863684
0.539548759388
0.470667029282
0.594702200165
0.521420071083
0.400380107427
0.767958406798
0.408410650742
0.487380107905
0.444610721817
0.388339125434
0.467487655122
0.446629893473
0.362575269019
0.638912385355
0.608751265287
0.579771150972
0.547082545396
0.546470610339
0.453975229305
0.439091040266
0.58305914127
0.666559346188
0.613161541578
0.393225991236
0.519192936392
0.682867400396
0.374476995889
0.32603246677
0.385181301843
0.70094591753
0.411125010736
0.57602012056
0.589465531362
0.528427864618
0.447754790034
0.452976053992
0.52539898128
0.546565620666
0.575283478943
0.731435574327
0.640730395926
0.416427773824
0.594589312862
0.491999520837
0.401832941797
0.642208982376
0.470663115074
0.435841174346
0.526652647352
0.67993286299
0.579085058168
0.564982728315
0.590711523724
0.497853290872
0.524704624391
0.428133986034
0.546081955197
0.319641294961
0.457392251707
0.432416102012
0.62043838071
0.684159530603
0.377296804717
0.532977838744
0.700754206482
0.506826458861
0.622854653643
0.533119414529
0.463425493373
0.563159949904
0.657841721252
0.550231579268
0.586001817656
0.51356125813
0.431340455207
0.518628051516
0.404710028306
0.606683101402
0.602606480175
0.571226380777
0.478651704569
0.546160777466
0.549095157673
0.65030661192
0.506107361901
0.519955988062
0.610367660541
0.707703544171
0.39209126324
0.586517708545
0.602622067296
0.474775182641
0.312513144499
0.465087597571
0.606870140286
0.516145009954
0.448578254071
0.627626610677
0.555148127516
0.674012989761
0.449033223911
0.701999542671
0.461102515883
0.470352270926
0.523536365826
0.347587794861
0.483279927871
0.470589822731
0.627672442292
0.504161414154
0.364125679169
0.504129943331
0.603067797188
0.359284272837
0.504796076092
0.50690401912
0.528208809747
0.518549546839
0.360401980994
0.593530907723
0.457446065756
0.513328810307
0.630400485417
0.575895357963
0.443947423973
0.410791228468
0.829149662101
0.591822302298
0.408579354897
0.348771377933
0.432376610353
0.521996180526
0.458507421305
0.563251334409
0.547348078987
0.596598170877
0.437360543095
0.492167052118
0.499625024972
0.673795414609
0.467446706003
0.57642144136
0.547557017945
0.538650003259
0.531123184865
0.500195698132
0.607125694894
0.624362461437
0.421210737901
0.468166903433
0.581959458721
0.571816669876
0.515157174691
0.519857875633
0.526224821076
0.561098014892
0.503132211921
0.354948509505
0.444175654649
0.661019277484
0.609918989589
0.572063653562
0.67276924705
0.397450212943
0.437757257217
0.639467723951
0.452817863365
0.633185830774
0.52890682565
0.609291951529
0.340970126645
0.597837456371
0.605684383397
0.467140844826
0.593249233442
0.497699251731
0.484078600588
0.433715121681
0.446411496833
0.459807913911
0.57625197099
0.6426408124
0.453743919571
0.478340327692
0.596040348771
0.419419630814
0.581859407499
0.614432268674
0.468937345311
0.679653095488
0.537923640295
0.401727247056
0.605012289886
0.763444288931
0.486597451039
0.58994963332
0.658317869349
0.531141438365
0.402744373952
0.557131377022
0.461409827444
0.585122337769
0.515083487689
0.465672082234
0.687072951942
0.522781537068
0.543777533987
0.582589623534
0.51065112995
0.559090869012
0.75775514333
0.395137628288
0.704262131425
0.415205943907
0.508360679602
0.561896375256
0.458022601827
0.614461025437
0.542815707085
0.467744204492
0.456801746539
0.648003680673
0.415137727976
0.589761090995
0.568067592095
0.52986566661
0.416182267508
0.415031706059
0.517703420115
0.534792983083
0.660197818477
0.517173030341
0.733577172652
0.445354977587
0.490568617171
0.639299753853
0.482805461826
0.421290163086
0.489375260611
0.560466151645
0.458662606869
0.733355051372
0.53646935284
0.479243054931
0.437463364289
0.551189135612
0.632390865157
0.490258708099
0.740768339953
0.654356950608
0.425039471563
0.481605013583
0.563122598829
0.489507274708
0.380416058295
0.57805515565
0.555675301056
0.580098956553
0.633195781767
0.558031284655
0.413190461889
0.545980598165
0.398014038155
0.603862029297
0.516894672714
0.61158209532
0.386990988817
0.481255987811
0.648199716648
0.479374709145
0.545315987403
0.649042915632
0.632173035672
0.463596892268
0.53104327548
0.517044941291
0.65711795962
0.394722644379
0.469233481029
0.554812663805
0.784153414023
0.573263666866
0.327896875061
0.60469430616
0.589399586475
0.595878912508
0.583396614483
0.557005839309
0.465799049555
0.539641134768
0.661868737004
0.563464763536
0.697003402386
0.457957302548
0.552093695146
0.52982416419
0.453981436232
0.583867947138
0.512281177551
0.408008094397
0.483134029436
0.514004126958
0.600746367509
0.508727408459
0.598356117147
0.454241079069
0.588941828048
0.529383593496
0.438174985152
0.548798112175
0.629490927519
0.636115771101
0.399333533599
0.575667867744
0.38310105671
0.632025913901
0.425837955593
0.450394080574
0.565541879184
0.488738147441
0.654560979462
0.554343860825
0.463764579378
0.66801566477
0.613627832646
0.423723523476
0.546267449579
0.691644416566
0.528951608868
0.500328832768
0.506227417157
0.556196536768
0.365969812949
0.749498263569
0.574483525449
0.729126035254
0.531612866076
0.517444224483
0.469918708175
0.651634651498
0.675083600155
0.484693049022
0.531646554997
0.371837319649
0.562037936664
0.563657434399
0.444575199341
0.376958448197
0.600421572929
0.545265202191
0.466501012204
0.568333588657
0.606370167097
0.566068572202
0.553552928869
0.588870369842
0.417771803047
0.632855500906
0.559386308565
0.558686812624
0.610972756392
0.555498698566
0.655454881869
0.488423301696
0.62304887958
0.539298759373
0.447965465294
0.613932093692
0.479928875906
0.622454228616
0.628873863013
0.626987865383
0.504005812433
0.51161564608
0.503181702111
0.441221327187
0.574186695231
0.489320826642
0.577157661752
0.674651111652
0.473972192643
0.557210284504
0.565620712488
0.401509493993
0.690993614293
0.559516418224
0.662059780749
0.608976260221
0.524409924332
0.580809474597
0.439947142584
0.498271603019
0.460171636572
0.546931247603
0.387430503573
0.476284880614
0.376713208367
0.624345427567
0.614126075313
0.657966896321
0.478431186587
0.501650620122
0.658747211166
0.536463353449
0.605004554503
0.433349144407
0.632024830123
0.424976217167
0.47707847928
0.471506997593
0.701317507088
0.431753340612
0.52350746056
0.575279726908
0.469184716333
0.430647216341
0.596510704153
0.47604613322
0.493178717765
0.573410590801
0.718162767618
0.560706927112
0.469114926321
0.352557687293
0.425422991616
0.46537550604
0.512728996582
0.512296734332
0.548568536869
0.522820427391
0.549540357059
0.691840097601
0.702506872345
0.543157019809
0.50213985591
0.447704097519
0.636939884507
0.521370521786
0.5323628937
0.490679885143
0.507126996833
0.79506306959
0.74404123744
0.511429661261
0.414839768291
0.458965563032
0.561190688771
0.50537083459
0.510921782969
0.583621084486
0.592717236305
0.488845982506
0.585729234196
0.69427931835
0.495027293139
0.501841935951
0.642204669091
0.538849563281
0.282761172966
0.644696698918
0.435425882773
0.487819668603
0.60225787758
0.637698181947
0.564542547229
0.596622301934
0.659305511856
0.55084549708
0.483863820015
0.620501296548
0.416679396399
0.67695731506
0.710679874254
0.52824250066
0.657130723594
0.477625150132
0.480892097157
0.663798245816
0.844808202462
0.549589650407
0.497093148123
0.455041416957
0.463137863342
0.638091201421
0.435860941789
0.759998550942
0.70629177355
0.388375673143
0.675594800008
0.612700548528
0.526534513179
0.514211020549
0.659586284459
0.472929503164
0.404789443157
0.581329865624
0.321988484963
0.565712683411
0.480810056496
0.501498349845
0.503112475398
0.492032350402
0.6272848811
0.542987021825
0.562736680877
0.772516266394
0.635108852087
0.551790418642
0.609193222842
0.602344332747
0.54780042622
0.464557885754
0.724274942968
0.483493291726
0.651486588887
0.394716244345
0.471812076293
0.530460411908
0.626054710293
0.45362208557
0.376098261614
0.395819864698
0.464284217899
0.604284246033
0.447462911196
0.593711193017
0.559597106841
0.592907000637
0.500440537888
0.784120420492
0.464164192415
0.560417790592
0.367671699439
0.558318174253
0.490342972247
0.730118342661
0.526746793543
0.509425692487
0.383209547106
0.526828364277
0.455974529211
0.541084368318
0.776912530361
0.341411390178
0.564430327904
0.582788316907
0.402336817624
0.668957399638
0.415474606029
0.376491246581
0.662501967092
0.56128155018
0.410823504094
0.586360346916
0.570523713671
0.543436367858
0.546996871257
0.412124306775
0.640509441239
0.580929352562
0.447936004346
0.498285201762
0.494673840375
0.437417106638
0.510376057238
0.477874918726
0.65894910631
0.570312500097
0.5463572799
0.62192342489
0.419652752632
0.542169907872
0.467240708792
0.441538034034
0.625738915276
0.350366866089
0.41266923151
0.388320180535
0.549045236735
0.612494220576
0.437282023491
0.573818655821
0.5022915993
0.358938815417
0.458721289076
0.38820388829
0.641011186957
0.573663188377
0.526008919083
0.535691156138
0.521872298275
0.603846549145
0.629577347481
0.426643743439
0.663188805431
0.462976350773
0.401473011127
0.654930331643
0.527393712417
0.461329250027
0.487122180987
0.458139717553
0.403485265726
0.492750429924
0.654286011505
0.57615660366
0.528550837369
0.631511310877
0.50998646105
0.454231806507
0.573597279267
0.513112871924
0.568817962493
0.515502213851
0.432558961973
0.68036378453
0.602706038727
0.668170421244
0.450227048221
0.625048130036
0.601383697338
0.56821361025
0.440485192056
0.484880681898
0.420268747753
0.617860609302
0.617142416931
0.618289420267
0.329266895441
0.565981312927
0.625355028331
0.456492797214
0.450493402376
0.628365191578
0.475077422902
0.342236106589
0.306997939719
0.560275228622
0.50731986069
0.467389514351
0.465742160199
0.435568411829
0.62583874965
0.57020940987
0.656609162731
0.513458585862
0.585904803066
0.580734367679
0.476184326735
0.524831908465
0.401309758017
0.575690598092
0.497372450164
0.656597827872
0.556857378589
0.52063377098
0.596810972687
0.635550374319
0.518396255547
0.585728060675
0.371247951439
0.747747956867
0.421092781598
0.493375780749
0.458229177917
0.674093568788
0.616503657993
0.477568140246
0.508960991363
0.543382888195
0.577318737422
0.442612500533
0.37925890901
0.566383323765
0.459059380574
0.43361358729
0.530104068931
0.477730046406
0.512843355565
0.537067754781
0.51329136808
0.700227024019
0.592929952744
0.67759155466
0.498135520607
0.674396800528
0.47870809715
0.58533568679
0.632345119876
0.439831503003
0.635466622773
0.479668814462
0.634765237575
0.544936196063
0.476160383195
0.554768832536
0.800830786588
0.54453038162
0.721371995109
0.604759330865
0.395978476875
0.550547100534
0.636619546175
0.417398996102
0.487620305809
0.598078070645
0.574887676761
0.487644695611
0.486385184862
0.720236345159
0.499051380931
0.513841928491
0.71497734249
0.584240098674
0.409113929512
0.444216653857
0.56838959049
0.456893425024
0.491570888606
0.615870353546
0.506620151654
0.530023727219
0.603118090423
0.595360842102
0.579803105135
0.563150948964
0.589710501839
0.506881672564
0.387328316697
0.618553480462
0.459060731796
0.535823545594
0.550376492577
0.45071173624
0.429883473921
0.523991342615
0.603373274223
0.505460410996
0.757816462426
0.59348078954
0.641230259504
0.570458546098
0.485960737297
0.432587038264
0.353923671016
0.649132598963
0.452635659817
0.49529618701
0.560963350837
0.55843240305
0.335712035437
0.543647573317
0.480036430198
0.542631286582
0.627036908186
0.579167870652
0.496117679593
0.63001676333
0.358707535767
0.441142885798
0.588594752787
0.524109825864
0.584945346226
0.544907511872
0.658791747681
0.657927564514
0.459609929028
0.74794382404
0.563931711115
0.649840100939
0.364234392419
0.663762520849
0.433233322606
0.601233693494
0.57451933164
0.378177240092
0.594844688664
0.614169159494
0.381167888268
0.598573915088
0.574478553021
0.589821917668
0.609015321992
0.561324701111
0.622960242274
0.541383382469
0.50816398301
0.601370015001
0.516464210009
0.572282828395
0.597872877682
0.559288091164
0.536060051289
0.414999241555
0.478591056076
0.467217706658
0.551199323409
0.645650360362
0.614727609789
0.467722279195
0.700075039008
0.49229133451
0.605305641733
0.525120825255
0.552613186402
0.369052159365
0.541635074836
0.477306840617
0.572030185139
0.680419394468
0.608937064351
0.446726638204
0.594923321128
0.517490510766
0.438482736618
0.61644672552
0.558310378208
0.474630240276
0.517926493025
0.566529321109
0.57567020559
0.619408284471
0.505803395887
0.468010006992
0.56513723064
0.426331139049
0.451361208566
0.566551247825
0.46040333502
0.529355271332
0.605885397905
0.349584051135
0.567706394168
0.471367167537
0.668211269286
0.495478141949
0.707149099265
0.34443703351
0.548000017991
0.597505012452
0.528340832779
0.363384752231
0.452929245022
0.538510680478
0.457240576854
0.612657877397
0.369857746788
0.281733891967
0.380136224916
0.711829792248
0.45403792703
0.407705164932
0.629850694375
0.548004223733
0.490467115146
0.510042148297
0.653974997434
0.53984009968
0.541937028482
0.365368442055
0.853430326753
0.680267467524
0.433837496263
0.556380000651
0.509817839579
0.665897904756
0.520525818908
0.445200746775
0.544001309052
0.451556104394
0.496156256523
0.656212376726
0.473840142415
0.360205637553
0.584380670133
0.488909439251
0.458811143001
0.512417649503
0.483364732782
0.42660497167
0.69423115059
0.517243459296
0.430567999101
0.445160956162
0.452199802365
0.470406260538
0.541655412996
0.517636842842
0.437555036329
0.598976809247
0.549034508101
0.486784017463
0.588509482333
0.635366175415
0.617093820351
0.525277661188
0.419460836937
0.447797299498
0.589454898065
0.603316964216
0.667567357378
0.504020035978
0.554012349673
0.449550656025
0.638729044255
0.615841465493
0.544252215752
0.485593855355
0.607507524365
0.418480288658
0.299691800177
0.707340097852
0.571216429059
0.532867053825
0.567324639018
0.660713809004
0.398869483251
0.476747487025
0.507264324114
0.619739620476
0.619259836255
0.543396865063
0.499973424668
0.392936681956
0.350308341514
0.434380414178
0.515577269213
0.457529002041
0.612252076014
0.409247194628
0.571816623472
0.446458932799
0.482136656164
0.66999685813
0.597872773517
0.567950556958
0.638536350835
0.63378637823
0.503075504872
0.486682435213
0.558317138358
0.438442983657
0.559573569085
0.598145986841
0.528836045766
0.537450168806
0.382335745517
0.518775789271
0.60910918119
0.61610121529
0.635877637817
0.64244385646
0.63458119774
0.485642503722
0.575178572334
0.499168839717
0.629447289151
0.626567406417
0.540767274263
0.550114096895
0.618681623586
0.552817796154
0.527155960521
0.560492424659
0.32330567972
0.489645683363
0.535083847275
0.435491038131
0.663596228829
0.565150560186
0.466656853806
0.535075814776
0.6843308604
0.564451402303
0.339564135553
0.594011016774
0.434653360361
0.500412221341
0.521512042639
0.476850282278
0.710834332907
0.589917659405
0.682788936513
0.585550045709
0.620848177636
0.433115903174
0.522857880521
0.514377011602
0.626821306787
0.620884135697
0.424746223125
0.572354246773
0.536685541635
0.436134001782
0.438474826033
0.409325467737
0.580145343834
0.621766326486
0.474848086769
0.618662133651
0.498005943079
0.540142947449
0.558540431096
0.570919054207
0.606822252538
0.478685062888
0.425770544374
0.61690476035
0.624532816553
0.420825232171
0.488797376174
0.720670715878
0.540126197281
0.499002337808
0.735452992664
0.414183101744
0.573191514749
0.479913658234
0.609980425176
0.534289752579
0.673613276103
0.3925700599
0.459200946233
0.295985103126
0.480671408673
0.441397181165
0.439853433582
0.500398950425
0.421157970083
0.503207737901
0.588411672036
0.43012200703
0.677412038111
0.446214217815
0.473852825584
0.529650492085
0.622073036159
0.545512843305
0.482344194213
0.568559270261
0.447628813924
0.456181561102
0.543444831463
0.491511265402
0.550863269704
0.402631239025
0.452418131659
0.604825876649
0.479256316739
0.584976245042
0.519147247067
0.577401858715
0.554311616648
0.514038405179
0.434329202043
0.612308370464
0.482048262045
0.639610144059
0.710985461527
0.627389877228
0.522968274069
0.445003864001
0.485197318041
0.564123773762
0.454779035001
0.554727898394
0.43681615727
0.544677559267
0.623340341156
0.500525993075
0.470738519021
0.648309348914
0.462982879846
0.695194575458
0.561823032898
0.596205806657
0.726052094049
0.452546808028
0.546540313463
0.56130459533
0.419225723698
0.651500458802
0.550691478261
0.44595246872
0.516641666926
0.48631253259
0.58257211303
0.590912775851
0.481817197911
0.701036668554
0.36931562028
0.367699307051
0.734941978962
0.671209501214
0.569707966882
0.570019996974
0.579295146302
0.564657440704
0.600166754547
0.491966611694
0.545110022777
0.50542268046
0.706746835101
0.416095129545
0.618046728388
0.372051257081
0.386110073752
0.603149614627
0.667921708192
0.466805891364
0.443435408494
0.526031168779
0.733715501009
0.370867021175
0.433600644864
0.555416968053
0.448213428221
0.550603810353
0.586469158009
0.539431315812
0.543064454659
0.551472599791
0.496254412887
0.486714146518
0.583588524697
0.664957148464
0.569084434364
0.547138057232
0.448960059772
0.686310493072
0.499608157275
0.47217859308
0.384020832886
0.479624464562
0.69558123646
0.544437815896
0.489172813675
0.450783390006
0.46730360901
0.493724725034
0.540596585498
0.572928117476
0.607773060768
0.550431813393
0.499503645615
0.654025644277
0.522863133436
0.576417743469
0.623690535314
0.488965324565
0.531531609355
0.655512798399
0.460153920415
0.511371958434
0.501411249065
0.467496775307
0.627609256774
0.605498911914
0.414809046777
0.586088481797
0.583593421561
0.771739815636
0.461658535142
0.521182722912
0.497294284569
0.468909852499
0.383858255157
0.568103638798
0.678078307002
0.538321055758
0.458969943699
0.464557485776
0.475372073398
0.498504008482
0.700523165917
0.38330989343
0.535966173171
0.492915605049
0.509762244975
0.5259477673
0.577887090241
0.511090935643
0.58153809195
0.541649438136
0.588532723931
0.417616208985
0.477522711319
0.687102182794
0.527283432752
0.577031490756
0.438406812864
0.567416970246
0.438275025035
0.50333463465
0.543367158567
0.54154987205
0.430350824796
0.509798049375
0.565635948049
0.547735742813
0.618248231138
0.474860867982
0.578715320828
0.389891901113
0.551077755797
0.466527538522
0.722599523136
0.611879044688
0.580294366468
0.75937822283
0.543756148114
0.582824979303
0.463731721225
0.59169672361
0.425827191674
0.415545109115
0.519701420129
0.675794621492
0.548972032438
0.507040267422
0.546626355277
0.51086823848
0.50030884683
0.601674297438
0.479052510397
0.64820786943
0.553940347204
0.418778140911
0.520134992773
0.524600689299
0.65373247858
0.354082813109
0.620888278435
0.5001966922
0.493173187133
0.72134224497
0.597721504829
0.563519313742
0.427979081105
0.719729104974
0.687504119709
0.483633603677
0.541640674103
0.634074190728
0.790068574047
0.510051423628
0.540905220256
0.817152214864
0.485809607737
0.61343809892
0.546853819514
0.580965374024
0.686563678501
0.502906262152
0.477188606134
0.562675335346
0.472405461719
0.554140273582
0.660688265949
0.725478848843
0.63708220394
0.581060094328
0.656151046237
0.501139530596
0.491018335395
0.795514441882
0.491359973863
0.454927695267
0.490008724322
0.536404808615
0.392381360966
0.461333296288
0.490881591152
0.629662835695
0.633264644749
0.568349040198
0.448851110764
0.463287633281
0.425123606903
0.648780846749
0.666426240693
0.637160005159
0.515364542953
0.556417055798
0.408446712577
0.59354155901
0.407088694854
0.379241966436
0.539672652766
0.458159515022
0.626302949018
0.585473519896
0.555751603565
0.592394337753
0.582189732834
0.536195868073
0.551861658386
0.456568549417
0.420454572058
0.427359916671
0.456303202784
0.564456020379
0.555216394258
0.305959785767
0.399814079634
0.498355025795
0.458838847827
0.440003209671
0.482992850638
0.464892915908
0.533409909172
0.442458014654
0.579267917355
0.514204077869
0.490240270015
0.609599564322
0.711961962916
0.578542188527
0.450968467527
0.481510797043
0.424686449268
0.47726402364
0.444834363627
0.461670700609
0.666876320138
0.586551690973
0.783327775178
0.518327668088
0.569983732352
0.619861819559
0.652338138219
0.469504363942
0.560717689358
0.483576358627
0.765383891815
0.467225896143
0.409531152455
0.537322640449
0.596463285827
0.39278928281
0.513612949154
0.474917951721
0.625258702738
0.49210460121
0.625667375899
0.650088858945
0.365296710221
0.437036535371
0.507301355463
0.48685328927
0.555679764704
0.517277877846
0.558553584648
0.295145020423
0.435191114933
0.579691537124
0.500656193921
0.562327100663
0.504420899593
0.697811582152
0.505368510057
0.472885091557
0.588392000739
0.462697108355
0.652346342694
0.505446877832
0.511141257523
0.526165964163
0.596479193309
0.576608126252
0.55298373836
0.59511836029
0.609036612386
0.438605853598
0.371731775322
0.493480028306
0.517985275908
0.602992447027
0.459815784313
0.394477919358
0.645799747504
0.454360580982
0.649818706666
0.622614675858
0.584851869425
0.70622796605
0.670303633052
0.569721276373
0.500412861414
0.584985088868
0.33015244815
0.617083050021
0.549118779467
0.73427084768
0.484798501895
0.456835273714
0.528958642517
0.573280071729
0.596849826213
0.430772092288
0.437419158892
0.507210410508
0.608937766765
0.626578749481
0.623011999295
0.611374725188
0.584922485415
0.594606955697
0.38849875477
0.60552496691
0.629443577094
0.437984279702
0.467204383554
0.543042394585
0.496080079381
0.479494236171
0.386057610306
0.476802800115
0.577083625969
0.597245678026
0.629371220808
0.429772684188
0.463184925202
0.533584418905
0.657278743446
0.420631034629
0.519487536449
0.579701906658
0.415325593723
0.478780655808
0.556327014567
0.54281365012
0.473177809579
0.703801901417
0.480870935207
0.577077664658
0.57784886217
0.459481293427
0.697047861251
0.433201031682
0.467744692587
0.567580204816
0.541582052
0.585706052216
0.570809397074
0.375839042961
0.388157060902
0.589579840195
0.546532003388
0.72208448904
0.462131144489
0.474418466752
0.518238906137
0.555664810656
0.497819620754
0.551773087404
0.499187288353
0.493497262632
0.362186499408
0.294005649466
0.601762865985
0.642919987395
0.628008205276
0.449812990857
0.41296907384
0.475903486977
0.595654013856
0.530417436477
0.532896604373
0.459021354514
0.502341270219
0.521351414853
0.634280659387
0.561254875839
0.560174067815
0.577492545861
0.446321776408
0.477242143786
0.490577657422
0.768648713247
0.523670780483
0.5841070701
0.615129561621
0.5086569904
0.692013335
0.500722734457
0.523077283777
0.510039551388
0.589256014397
0.46288200545
0.490522264507
0.459539327137
0.794480708472
0.550895543582
0.529051200829
0.493911411677
0.551597112198
0.542645175857
0.380447986121
0.414179512893
0.542143390978
0.36537775404
0.479475623232
0.633478591072
0.399269045801
0.51015926605
0.369289494416
0.504141991561
0.593018252663
0.725463113982
0.672087801098
0.495834981206
0.490408660518
0.357607985268
0.334480690633
0.454189523764
0.624755000561
0.599416354496
0.705860993227
0.616694227354
0.575965476718
0.57244144561
0.441110866981
0.520220142014
0.437989614747
0.406095036334
0.348598050825
0.582262376798
0.495630000686
0.421177970286
0.641095342957
0.61727638352
0.538768441186
0.745482520077
0.402227004142
0.555042401471
0.638868970235
0.68833711928
0.567638475511
0.590894091678
0.621256655901
0.636072270025
0.540206141053
0.557626339968
0.44040270876
0.410185773889
0.639093870292
0.54667847844
0.71982610331
0.583355795813
0.57941545836
0.637015076917
0.626616045282
0.6153806208
0.610469822352
0.549431450938
0.740520967447
0.702364743819
0.521049072692
0.566114801022
0.517135119606
0.516465202311
0.443729405871
0.494793221737
0.424923977168
0.52194360654
0.338738262378
0.434675793776
0.41300371865
0.483372628372
0.75686708354
0.641414871137
0.538728595216
0.620997938211
0.593145188464
0.515252400218
0.630589340259
0.603648069964
0.584447673613
0.625768204396
0.753627250043
0.57925019864
0.538416766627
0.516028227039
0.660191569235
0.521642941899
0.5478738605
0.639413169168
0.514232607079
0.705178825801
0.654738899416
0.664983308275
0.560533994774
0.562188725827
0.396409138668
0.634222252447
0.664181917206
0.582937329117
0.592527512838
0.452543510621
0.479117815497
0.755078863915
0.573266848515
0.55108252678
0.532566570318
0.539453873168
0.602111445705
0.413975446427
0.558922632415
0.453320323961
0.617004823022
0.449704984123
0.52145809825
0.408831537136
0.578050838418
0.68238103563
0.561394202455
0.549635037014
0.581718226441
0.344199693471
0.536772690829
0.500129043789
0.668797924282
0.504089112153
0.519995117231
0.62953993973
0.46209296224
0.501841142892
0.33568271666
0.397029313363
0.397581921737
0.611214775004
0.508209073651
0.578771534656
0.601905452623
0.597757149017
0.557654558191
0.482575979459
0.471400766415
0.544632969243
0.596001874908
0.522983418283
0.655564986991
0.545958347313
0.592128416885
0.547665886365
0.525232812397
0.608597292276
0.685022937926
0.550832934649
0.699487360518
0.437428098273
0.369283767188
0.528097993026
0.577707523271
0.457919631435
0.652711658938
0.639923836897
0.641039667969
0.750180908777
0.661407517388
0.615474386529
0.524317720668
0.552486868909
0.712568297227
0.623939998567
0.517504408284
0.550780762405
0.58184593569
0.583570083852
0.387120143527
0.587294995553
0.654304274613
0.513539948771
0.707881146542
0.555258062228
0.406197690894
0.46509864568
0.648803321182
0.545930824387
0.734047659748
0.488152889627
0.640656034464
0.549201617004
0.503316965697
0.612493819055
0.624232679057
0.747524423912
0.572556008743
0.55696713393
0.67464206636
0.452675559861
0.645323042469
0.515993451777
0.617753296515
0.593016828081
0.45576255966
0.363236021076
0.459622161288
0.619311350059
0.409748355218
0.552764882651
0.445147512645
0.5345922915
0.36529183409
0.674293890029
0.617009451744
0.58872994214
0.517671154108
0.446308428747
0.607531612354
0.599850317918
0.532802732239
0.565699237006
0.496231046825
0.648209304104
0.456281346741
0.630816934245
0.67595627905
0.63120918084
0.490080682511
0.647950924073
0.622084762422
0.544088541768
0.792177483906
0.479115290423
0.57627951308
0.581071239672
0.453870690293
0.511929409765
0.536587636622
0.657252759716
0.586938268973
0.553177858922
0.431708799686
0.631341258352
0.551775702135
0.524162234301
0.566173462999
0.599841494429
0.586765363049
0.550785232159
0.525369180162
0.508623358068
0.597026116091
0.470427710966
0.623732825898
0.423920742764
0.508532665238
0.467919029617
0.78945785586
0.424281929724
0.519692575333
0.428908916098
0.591632360066
0.581150368925
0.573350108637
0.605508176622
0.443387259154
0.44784025478
0.628865791876
0.578909840707
0.551224796628
0.395851282466
0.510512525406
0.443360462436
0.42917152432
0.403145947235
0.525855903357
0.68258830811
0.658873122545
0.584360577295
0.639276364029
0.58068501612
0.48282915766
0.388343721817
0.83505801657
0.336167507194
0.534574229149
0.661502268623
0.503261365202
0.461225368366
0.373159392234
0.591285331606
0.51249994911
0.481260731163
0.538549754575
0.812854109436
0.658468144911
0.369763523146
0.401324539609
0.430181719585
0.515600763439
0.560851759635
0.346265845477
0.576713555108
0.545899422667
0.596260079552
0.587815975002
0.50423764654
0.657479278167
0.761619728805
0.478163222071
0.523538866808
0.510614481662
0.59280608727
0.59038884133
0.547934611948
0.575292204324
0.505829018614
0.589560711875
0.64604616852
0.508827693543
0.462142078522
0.619031967619
0.521108754385
0.625402813616
0.585234397373
0.518621077238
0.590253148933
0.631621080826
0.496876795343
0.578868615849
0.695193405279
0.568493808235
0.504369468994
0.662621250041
0.605285354914
0.349741175631
0.568504817197
0.473713121044
0.462649577414
0.596240325166
0.5610490573
0.503130623511
0.465456876873
0.485250464264
0.52268044465
0.499760699596
0.487741002525
0.654582753756
0.440432195139
0.769930068064
0.53999373779
0.495741219128
0.497424241082
0.526898460171
0.505477629672
0.305339646741
0.390961249505
0.585952000082
0.487672561749
0.374155265333
0.554636966394
0.605158189079
0.820417500156
0.677032482122
0.552062391388
0.46355057948
0.630770747263
0.693924949089
0.329264468747
0.454585379279
0.550429022382
0.572873431926
0.6067852145
0.543600596143
0.594621807792
0.669157586275
0.56942495691
0.523873178715
0.675935142145
0.611081968398
0.408213785196
0.696152007912
0.696896114985
0.533254298492
0.470858947349
0.596357383448
0.584130899318
0.618663179593
0.674986807955
0.686989771654
0.538324784623
0.60816096732
0.433166465729
0.545672839917
0.521428457991
0.509477104894
0.722351011479
0.668206448408
0.50058476244
0.482289304393
0.548290261784
0.448952647969
0.648828861879
0.317043292803
0.567570160884
0.407195385921
0.586806837979
0.510653432558
0.611092149063
0.777982069897
0.399893695266
0.548824639343
0.582665193931
0.737988820485
0.502831729738
0.516717433743
0.386038573829
0.544956357553
0.464042145506
0.56600654285
0.715432974936
0.55046974517
0.583928274476
0.58186931307
0.367004758685
0.638468575934
0.464843146114
0.433097767873
0.728610841431
0.434198347858
0.505397814724
0.476831781084
0.626953809708
0.591195380677
0.467850684272
0.369076329459
0.506581411143
0.624592718191
0.444981256613
0.587649700652
0.524188094755
0.499124643368
0.545369366205
0.725459629905
0.487613711802
0.509744087094
0.378185175546
0.521141859758
0.477407678329
0.436657107397
0.646101755429
0.488894745112
0.328752427339
0.609617075208
0.644850802682
0.540084500235
0.524846619853
0.422722849015
0.639666549316
0.515138552436
0.445857312651
0.394027988163
0.736088553914
0.496054826259
0.536323176115
0.563176395253
0.447506059427
0.563354568508
0.724674647446
0.407673649445
0.658917784238
0.383495997874
0.600805044145
0.390840172548
0.437191148653
0.446168484089
0.482648040381
0.593685386571
0.599865951662
0.52974337251
0.581501072931
0.539323862642
0.565808426105
0.612623300859
0.746956538274
0.765939880023
0.608673043067
0.523310524591
0.590858941871
0.614884082678
0.567792118038
0.515502996055
0.497888310247
0.503598672647
0.44400491398
0.357623693705
0.636819035088
0.555168803772
0.414730223793
0.510064038546
0.54504578483
0.744414164901
0.508819868756
0.48410789581
0.473631888403
0.382425368054
0.533282225584
0.489742468696
0.62407125249
0.493216654772
0.417768894499
0.559872445777
0.58220779601
0.580509255587
0.49948979211
0.461407106985
0.458866373379
0.465404824303
0.489077125642
0.484590359461
0.351577915696
0.589674742297
0.661097973744
0.664644656016
0.373477620507
0.465486080447
0.415676468853
0.503046443949
0.663888956472
0.782880510288
0.664013781723
0.602607554176
0.593591520505
0.510831966159
0.551677829527
0.696606879391
0.647282062521
0.584930056159
0.451914103897
0.542550258022
0.385182431421
0.473969944151
0.500443661183
0.653839007036
0.687630813336
0.506662269211
0.328519058832
0.465722015015
0.447853663746
0.443890028265
0.548423008707
0.535153572719
0.373607818163
0.458969160437
0.664323271837
0.369206785341
0.614902411715
0.454709987448
0.360921296735
0.638991378508
0.434990626766
0.608333311813
0.505837572116
0.476801181536
0.563878868505
0.441114417564
0.693096817501
0.576903333647
0.506551378156
0.536945027946
0.483482936287
0.678723707754
0.565118631884
0.610989792012
0.488696030896
0.527226906205
0.572435098152
0.61552884093
0.466453427113
0.441283134486
0.594533846833
0.615534656267
0.686207660033
0.677716350321
0.567886853374
0.62279008866
0.457280960519
0.415727115949
0.539279042536
0.551713582249
0.498460422461
0.406100009971
0.537750090175
0.654456304593
0.455878754759
0.465184597282
0.523935365708
0.48534249073
0.489740251208
0.659363148294
0.59655347687
0.549577221576
0.565162937381
0.587918027847
0.698490708981
0.503631438981
0.415846662764
0.622013995448
0.439743565585
0.438638701169
0.571313457691
0.475408833453
0.724317376438
0.383086244107
0.588788304517
0.583038794458
0.584887075529
0.53406654595
0.503883610724
0.588943714102
0.435910952871
0.562537418151
0.433334843936
0.645448937281
0.502074550037
0.596149868994
0.559018023544
0.521129773456
0.358952258272
0.621991813332
0.476716403918
0.434017246321
0.726210781235
0.556191065443
0.466609740651
0.511584280662
0.531507820424
0.570843662415
0.660722211857
0.402457163346
0.556348421414
0.436006562282
0.568894717017
0.570125756946
0.564756949493
0.653557294037
0.457515691617
0.680433697768
0.689191468047
0.431384109109
0.440748480944
0.662030852361
0.630016319021
0.747591848581
0.507900568642
0.385529884116
0.387966173207
0.519455312646
0.420482138583
0.585363187944
0.511845478641
0.544208282828
0.339947401567
0.685882694421
0.508005776242
0.563993999432
0.550064895239
0.726023078496
0.630813477587
0.517925066265
0.458507615017
0.544282663893
0.494718494343
0.572763138154
0.490151832464
0.430207619719
0.611662989132
0.474036880883
0.476414262531
0.74966124947
0.704050053468
0.566734678824
0.79011167516
0.505569496436
0.589835116649
0.519126286851
0.519040633452
0.583996158608
0.526266703093
0.668442336788
0.487570708
0.482716620179
0.611254504062
0.70564029108
0.676629726096
0.552641247463
0.724195797203
0.590191954827
0.348462452015
0.678854451357
0.427336518037
0.688002133779
0.572591326904
0.47546456165
0.672339081909
0.629515070246
0.348381057474
0.498790008964
0.582695617765
0.588735119172
0.509985235293
0.482868740627
0.556278301344
0.473668231933
0.586092375937
0.554772821895
0.50927183153
0.487648563262
0.515830550819
0.607351703785
0.586872071789
0.448788885981
0.515683894051
0.464021573387
0.38853628913
0.489836759376
0.442616268397
0.377209571764
0.578393254278
0.461122458388
0.419525660532
0.632297797948
0.455471013891
0.64346243589
0.453459419962
0.486971353126
0.295907320771
0.567139150265
0.55439536432
0.513185840296
0.532559662251
0.622738903848
0.672306952456
0.39913723333
0.466813108618
0.500183793513
0.705105086087
0.590316462943
0.477249942685
0.555321121475
0.678370764682
0.446872391191
0.44285166742
0.605069945255
0.591517647144
0.407937929786
0.495386868734
0.493636615114
0.572117042294
0.410139982822
0.593954631607
0.592628481935
0.573676485374
0.599241832155
0.510878347082
0.522032686849
0.437588370215
0.43744997498
0.451473643154
0.819056540349
0.567108288979
0.598049298199
0.396619009105
0.490706498405
0.676591444407
0.354721615337
0.432871432795
0.359948663814
0.44937799571
0.476352384173
0.539025041074
0.457214050358
0.467024366622
0.527953279253
0.542998378432
0.548142757888
0.595020678339
0.609771805766
0.417425795263
0.591365635221
0.521913988754
0.505594591174
0.502481767678
0.635251579896
0.510625945725
0.601164026984
0.475447648066
0.531855137223
0.474588950913
0.556594661495
0.567460088572
0.41532719126
0.487249678663
0.326788585473
0.443981021263
0.491420446625
0.58695843047
0.567339447753
0.476761124721
0.61004555068
0.499066209593
0.547937519293
0.547387162719
0.529884746461
0.557521064128
0.588743557595
0.616206541495
0.43992996821
0.625612533389
0.441951274321
0.434884580847
0.590103694609
0.45284671961
0.692706129178
0.62370252407
0.470119486007
0.544063760664
0.460835198545
0.442465672935
0.495690461758
0.444493800342
0.345279514699
0.456289193761
0.506645461857
0.473358997173
0.436405883379
0.604492558892
0.546559334284
0.589823165858
0.529008490589
0.453245176061
0.436666775749
0.621712418587
0.466156056946
0.545922075883
0.479693607693
0.715793599197
0.532048111278
0.385312186174
0.628989921446
0.429984729308
0.483923799954
0.5848806415
0.467025601736
0.443418965653
0.671070362922
0.584332694324
0.536625695267
0.54777543218
0.589312769096
0.43549464969
0.701231794202
0.480177245588
0.427384381371
0.677197133153
0.562059521057
0.581059385066
0.666777238597
0.566191356287
0.460626397464
0.547351023207
0.514974717383
0.352723924956
0.543979586048
0.468436767829
0.58285392843
0.699650059787
0.697107380883
0.55919614113
0.570894640999
0.429825029427
0.630752639408
0.39745251924
0.564159753395
0.541321499846
0.593727563233
0.428867794741
0.400823055595
0.547994590071
0.493864299781
0.531385083149
0.476819830305
0.47948193324
0.542683680342
0.610681882145
0.324944558781
0.547203021558
0.64127533734
0.535030668236
0.530447376647
0.312664839687
0.518192448304
0.472243685232
0.487179133403
0.437654750695
0.496376135312
0.552820072777
0.499451884683
0.540426178571
0.5528589572
0.430429733694
0.582167446419
0.434512619659
0.523650186168
0.484119846177
0.410056648918
0.603267065552
0.634364704267
0.461480742452
0.380359399929
0.47264845657
0.532746938704
0.577626636191
0.422129068112
0.706827937351
0.481042535072
0.438959077142
0.652387979195
0.370453742588
0.318393357859
0.434681708308
0.522075133388
0.687192241464
0.580237844758
0.573777681917
0.581649655685
0.614731542556
0.512380664712
0.494720229372
0.629723190984
0.490678396627
0.442267851941
0.469875401912
0.380592949866
0.331697604156
0.509696799882
0.505823974228
0.391745407633
0.487793760149
0.643073070372
0.549696483474
0.647945132256
0.675984399457
0.659966627592
0.483597106372
0.329465972262
0.438366590557
0.474699758596
0.36817622936
0.588219286881
0.341078300439
0.60173443153
0.488829002862
0.556653676987
0.410333933377
0.460834188894
0.43378149156
0.601678210662
0.576993473855
0.679437629408
0.498675815967
0.481127766001
0.359075788455
0.433713737961
0.520845047269
0.674877946268
0.458020483681
0.569150672453
0.327235835
0.648436435559
0.454970612271
0.569111893717
0.632371782641
0.485836737993
0.458380326253
0.556553266062
0.574402772517
0.590433988911
0.55806835478
0.628251951611
0.501230155658
0.516090600305
0.598730387349
0.580097102209
0.458216632863
0.496057504268
0.543789857755
0.540845028409
0.586639143239
0.412855648422
0.668896905325
0.495855064035
0.609792869327
0.517143491494
0.577302910254
0.449788119471
0.68808310056
0.438852095889
0.578461045948
0.662152773499
0.732937716904
0.563782074053
0.688335635726
0.597510683476
0.471218644615
0.710409427355
0.652280168899
0.46764229371
0.614911036788
0.426507565463
0.530232753585
0.529085328384
0.604657228233
0.701067306349
0.43969427981
0.648446998185
0.436815013803
0.497221468686
0.539619425095
0.310788675635
0.596845125499
0.643039028094
0.586271328781
0.56913285023
0.538057771522
0.392131620751
0.448738088163
0.532970908121
0.70603059655
0.486565408753
0.588505709251
0.512386318556
0.393871738976
0.545706366905
0.511341179682
0.777305403555
0.586086938821
0.527168433715
0.584965304947
0.501191009563
0.539082969958
0.466850618779
0.625287080235
0.572446845089
0.531113063634
0.598417303302
0.493453901958
0.467211642544
0.48849165331
0.449566981814
0.500878506814
0.725076972918
0.623780678859
0.553451004957
0.6328584484
0.723938548251
0.620042602808
0.454963861475
0.678398789198
0.430393286637
0.607247202129
0.619095297453
0.483305552342
0.55778908995
0.546673412563
0.375634840083
0.403760835326
0.4417223244
0.64191243389
0.616202880531
0.499873414634
0.387281619148
0.452243232485
0.418212853082
0.465558024282
0.539144313197
0.591848904292
0.497258449484
0.646134696834
0.326892636366
0.48827797684
0.541589647986
0.52764144574
0.598690308207
0.593836740018
0.452130675816
0.611210822681
0.386906537715
0.552037128484
0.574432793904
0.553893986433
0.480543061158
0.542017708469
0.496591545485
0.6357522854
0.499013601161
0.519719469263
0.507794764714
0.436979601541
0.540233565095
0.553675427558
0.601929931581
0.610064710343
0.585901360186
0.414765486534
0.520550806213
0.48321494493
0.490100591756
0.457659886012
0.6325212232
0.377212102927
0.720664966706
0.524376397966
0.461880505395
0.587921717364
0.596715062316
0.532786690359
0.532033922852
0.606794708444
0.506409299051
0.461206873315
0.437207892778
0.53324169335
0.650015767858
0.695957741721
0.378714231833
0.608587702286
0.398876785282
0.588306964488
0.559799461105
0.570344324752
0.506281920574
0.595547086803
0.694893973576
0.63033793172
0.467084301369
0.404906685217
0.558388768897
0.558048006182
0.660128977234
0.540425991939
0.532093136973
0.463499604366
0.529500591047
0.724158404367
0.498326871445
0.55761957786
0.615370944728
0.599443239503
0.484521612966
0.530090313987
0.506368751586
0.497767579062
0.466785892292
0.500904272536
0.417652978496
0.415814924641
0.526224593396
0.603763844408
0.730016054521
0.609759983046
0.577801607265
0.54512162978
0.492766721612
0.650505556075
0.465385206011
0.528656733643
0.569764208755
0.726096362996
0.630671714288
0.706027590846
0.290996663272
0.486220741256
0.563652451024
0.556658039907
0.426214140441
0.476383540161
0.768411593397
0.62698513606
0.617956857615
0.620244447774
0.603403071991
0.576176164347
0.357218841565
0.563420582848
0.719250601267
0.476222743996
0.673741322787
0.530684454783
0.439379808652
0.54829344162
0.634817972076
0.639322365535
0.364044198548
0.72797554117
0.572422430723
0.640564241585
0.512281633924
0.443245421853
0.694784747788
0.507415748611
0.536553963041
0.425098600543
0.616508802071
0.5168007784
0.488470319293
0.583855150114
0.409780772877
0.607687258972
0.476906756353
0.372077483363
0.504391810755
0.649696087624
0.757303346249
0.577847404347
0.430309830016
0.594533121944
0.468716129846
0.406849926321
0.349591808288
0.534361729555
0.537213308655
0.588676421722
0.556955467917
0.499097898054
0.507831730135
0.630302881356
0.6700433463
0.49329661771
0.64083191781
0.574972255001
0.801218260296
0.45194874771
0.668126377853
0.50465508937
0.369299622278
0.309877216827
0.525058145497
0.464874671577
0.601730614021
0.422872096173
0.540355745261
0.563810277666
0.768554733012
0.598883140016
0.416645147483
0.457469339988
0.589767095015
0.423698658648
0.392983113015
0.435918646602
0.400006628854
0.658764986105
0.577060706439
0.650889394064
0.461129226855
0.48700372677
0.482865927332
0.285246478489
0.699598363046
0.534788468577
0.532559512029
0.461647277011
0.599628149194
0.520946473951
0.73801339668
0.456874969276
0.648553349617
0.599042684129
0.42901603467
0.452278883658
0.458658930447
0.529131839074
0.482395200392
0.490301842537
0.434188900216
0.451132287209
0.53695049468
0.362197833471
0.471231986613
0.488046451698
0.562719891879
0.446894348127
0.461028532714
0.561509641742
0.709388921661
0.61298084039
0.568769929123
0.579832688287
0.531770106275
0.778691003231
0.464610015623
0.502354421983
0.542904411568
0.509643192843
0.458345000866
0.317619052317
0.44061511272
0.633314016055
0.493892473366
0.540328895668
0.520831178588
0.666949724823
0.721691832199
0.548490864027
0.445227302754
0.686394176081
0.64225157643
0.716291769846
0.48156018459
0.613221052512
0.630262523492
0.487576976627
0.555597524204
0.579157386665
0.613890559377
0.533872503639
0.456770069401
0.301503555215
0.539467334152
0.529830644553
0.4722201927
0.627652050907
0.60407136297
0.648111379695
0.441228514664
0.62046677467
0.473735024933
0.72053042874
0.562344600601
0.580160375362
0.449242608248
0.579205936279
0.586553909337
0.451677116967
0.370319870501
0.387840025395
0.574885782399
0.599362893736
0.587272804053
0.677581941026
0.352284107243
0.495333745538
0.43220747468
0.59539081057
0.587550952562
0.598092718246
0.79267181509
0.634302656049
0.707051149001
0.47302738475
0.530577138047
0.412729576631
0.472478279698
0.50216643187
0.329721812739
0.41921013358
0.433182694295
0.421366571744
0.471052217056
0.699258039177
0.450739156351
0.451411287415
0.376240677345
0.450700224759
0.637757537179
0.42914021282
0.725920816599
0.5492405219
0.626646028015
0.361734804129
0.472741404511
0.489202692912
0.502333047615
0.682747123048
0.504863361477
0.512995300705
0.669687830274
0.61722109576
0.48959912367
0.529908406765
0.673469047063
0.563315704609
0.65961864965
0.553278574839
0.450210526867
0.489718117913
0.507928556911
0.612138786978
0.409544304391
0.528106523193
0.425137251542
0.515494387584
0.41998787476
0.586632056534
0.490802711192
0.602793157577
0.673029250442
0.348436955762
0.394458926337
0.442785122331
0.639702970521
0.712203910965
0.558918116346
0.619796553947
0.659612354459
0.569935929329
0.724431256817
0.727691985993
0.517083585476
0.582630128797
0.50458193638
0.668567057192
0.634326024296
0.628046414026
0.675515396799
0.428366030221
0.564426413852
0.679847211624
0.55087046658
0.537474105582
0.629613193429
0.623565680622
0.704809036932
0.562747560206
0.392762566954
0.468224913256
0.524766867242
0.525128499492
0.551922955254
0.464823806496
0.483676177349
0.553535255746
0.569154700423
0.436591571613
0.59135353923
0.526352605896
0.449201032532
0.588735449153
0.642702426913
0.6097159293
0.613641808498
0.661500809482
0.525481342214
0.54151494943
0.662936080694
0.587040492323
0.505504770758
0.451418395343
0.518502455372
0.32750610391
0.583382429232
0.48552429647
0.62265010971
0.459694128021
0.598389180225
0.364501791147
0.468533588214
0.426602736775
0.352829255711
0.548822754196
0.421792320642
0.381925306342
0.626701767038
0.557351022059
0.589319597082
0.623378707907
0.540163127375
0.580791939071
0.487236600617
0.539335355276
0.450265062315
0.367443072577
0.412085067552
0.437219664651
0.516561132325
0.5642892963
0.472931436981
0.501144883571
0.524881556911
0.401754518246
0.626590884067
0.623324074204
0.644660824764
0.75202843245
0.542598784938
0.316332452708
0.708928730812
0.588155289793
0.623668093751
0.505746543201
0.617442305331
0.711545338414
0.49844882034
0.512121087428
0.418263423858
0.401398289656
0.37000626519
0.587418653769
0.454746224193
0.601467471661
0.542822931823
0.49300737064
0.474359824647
0.388977896604
0.519572918101
0.433741817105
0.384722568059
0.463927637897
0.531224311055
0.478954066115
0.69040375087
0.506014457403
0.506968468529
0.824382749398
0.682726522981
0.421632043444
0.491419133744
0.534008268856
0.370684998363
0.592202765437
0.392524468813
0.45135829475
0.594529366356
0.52933046358
0.46116620159
0.554735429621
0.523649263266
0.67437205061
0.420658497615
0.488965443094
0.320052942544
0.585601098923
0.45852272929
0.579101188119
0.644484218415
0.642354139804
0.624095326535
0.587663328392
0.353571494608
0.493095452316
0.405971906357
0.344440004558
0.362091127378
0.507327117966
0.469102791895
0.551372492043
0.407733301847
0.576227444134
0.527369806083
0.541129353401
0.414343966175
0.451169883704
0.550531620124
0.493469932074
0.547708805945
0.421086933245
0.583018636655
0.454722922517
0.435964441329
0.556546382847
0.558914952739
0.643076503222
0.485335517754
0.461206915684
0.425346718192
0.3290133068
0.364223903633
0.614102375311
0.516939869535
0.477245627406
0.472587755568
0.438900935463
0.699360064941
0.442938613987
0.482146373801
0.558475346634
0.540011098963
0.508134135885
0.613631562947
0.723143331486
0.394865202809
0.556709108737
0.58267402702
0.531750947306
0.619635278687
0.583124774316
0.523657799195
0.549917634523
0.633315121465
0.632882192811
0.653079321528
0.663185965713
0.3239231034
0.534756136349
0.624941728606
0.544396646679
0.373754064196
0.521008281112
0.546685553061
0.392092635901
0.5648917746
0.584161217484
0.463940346953
0.370601953883
0.519308024446
0.58041910737
0.615014705683
0.504483651109
0.618945136508
0.535342442065
0.644167918716
0.434009118865
0.464679431199
0.499957788429
0.502010416433
0.525618950394
0.557739124447
0.691876331632
0.598313725916
0.629457108244
0.541969706
0.451149487943
0.423235319037
0.620590141714
0.575319754475
0.438608045327
0.5995955876
0.487207091123
0.507701156098
0.378937946228
0.641342676193
0.606392271417
0.698498489474
0.67472386003
0.54183931985
0.670586052631
0.585858072508
0.619388129544
0.397656136738
0.561445619541
0.538650081058
0.619936131956
0.698209017676
0.544965884114
0.467050140074
0.740434627024
0.496077422828
0.541809727239
0.400766655061
0.349122821136
0.474532879448
0.55082249105
0.414296668792
0.528533162825
0.623449382821
0.628165785986
0.608635522433
0.601786505859
0.414068929199
0.56194301562
0.53475715108
0.601933117907
0.497089094833
0.562164327125
0.452943197931
0.50221374254
0.468720570304
0.626965450812
0.444500726286
0.543746197194
0.464873050713
0.417430926895
0.515384262453
0.512455390678
0.679759760011
0.567848196915
0.539332084163
0.485839104774
0.651724739219
0.564280335024
0.416224393835
0.498766150115
0.587468368242
0.441508447744
0.463533521024
0.778351283864
0.429163760805
0.606440116714
0.613618631708
0.49861874663
0.487894341032
0.570518334125
0.500500932596
0.628574888441
0.606623784171
0.530158105686
0.578443329246
0.365780257583
0.360544102713
0.499619934281
0.467385247524
0.455283960341
0.445669359054
0.587056050109
0.586280634625
0.500677491942
0.494169301413
0.506159951491
0.515400907783
0.409685960058
0.703177637171
0.696898039795
0.449462433815
0.514132930257
0.443073774668
0.568155491953
0.693151911094
0.548440360494
0.452116496174
0.382827411256
0.478050306215
0.605891968756
0.454567721734
0.61554244521
0.463236064592
0.526381888115
0.52852693605
0.526835840354
0.513679086184
0.481325129108
0.613025151869
0.583476517166
0.539943682252
0.455126400813
0.527594017516
0.679347855958
0.506167683782
0.724135588214
0.649744985016
0.560092340747
0.547680535743
0.648848446326
0.614668941648
0.553975727878
0.463556391669
0.632785772107
0.47008529962
0.495540736959
0.541455730504
0.508743589654
0.588603231399
0.528934725924
0.529396843981
0.556167688779
0.534236855352
0.671372456238
0.549681108659
0.492449178645
0.404666706386
0.566688592498
0.384885129389
0.329789526766
0.543781187219
0.753386247297
0.578939352193
0.557008755263
0.544024056694
0.55969530114
0.347899733469
0.60780629511
0.521608552124
0.610115934455
0.486254221893
0.558292032375
0.496666916601
0.697791981667
0.497694428103
0.400511462021
0.519434285406
0.560887220446
0.360417544141
0.64825321389
0.41455991493
0.547432708639
0.64836089043
0.486497498072
0.619733908551
0.672896108302
0.439388038263
0.503288392136
0.621080805648
0.589348454086
0.638606354414
0.439601412151
0.330836845719
0.435681852386
0.284416583548
0.571352724649
0.478460293187
0.527459536629
0.487412867993
0.364845596895
0.609832897903
0.409289675727
0.414992139048
0.55123675505
0.529035373741
0.424642592984
0.593516839188
0.60635766471
0.535701094345
0.507965774768
0.390036749608
0.579952504284
0.392227251717
0.493931039411
0.527284886665
0.461762892032
0.668506461037
0.571300985977
0.447623040424
0.460144951631
0.516066731949
0.407205592365
0.686145918941
0.51958788659
0.559219824287
0.579852450319
0.476119474758
0.627159669674
0.76219834926
0.342872582401
0.508328848852
0.580912988258
0.605954275818
0.583558376469
0.499819160449
0.553958239705
0.524353469055
0.423641446441
0.771343121157
0.438260671148
0.573831890276
0.474199923705
0.497947269936
0.460567265735
0.631459972842
0.521428188535
0.418101409213
0.433888454878
0.620870688509
0.349701106914
0.537674772667
0.650465703937
0.519828646749
0.409458514325
0.549600584491
0.404733524618
0.479065062205
0.690275242847
0.552540534571
0.468585598785
0.522110375901
0.561673998795
0.59827057757
0.566428778494
0.611335588239
0.73554533721
0.482938222868
0.460213774462
0.529269668543
0.577121095447
0.369921843349
0.496127618462
0.641777918297
0.568585372286
0.593576670093
0.534911807284
0.569340048402
0.658578792006
0.651023247109
0.618820358426
0.533691272752
0.592874506493
0.739670140901
0.575152578334
0.521009198679
0.587609340138
0.416262338091
0.702687924903
0.568626578532
0.559611694038
0.58054660643
0.627625108357
0.672105598285
0.430294730483
0.512830556303
0.563595563516
0.503573273761
0.557812492047
0.516672359109
0.589481876117
0.465308901337
0.689180030535
0.755263973279
0.586592260722
0.430483155013
0.668516246125
0.535814204238
0.508331008972
0.59204129978
0.615299327841
0.427960357805
0.417758390414
0.61382948842
0.539226595173
0.425584077908
0.628383874351
0.536337609967
0.58667003802
0.484679167149
0.410063029711
0.455712219093
0.595360795286
0.612564939987
0.638336958864
0.592072618264
0.56586112861
0.570746811141
0.433513030814
0.471531188751
0.416150391003
0.570823612841
0.384548452229
0.60936913434
0.550659592778
0.406047075474
0.723376786706
0.631243131693
0.692498037775
0.55326830796
0.704317088991
0.349163165824
0.786468124003
0.608643842328
0.429716502271
0.648196525253
0.608410494064
0.629802838379
0.675800836639
0.510775005105
0.558291672535
0.555341887564
0.476948832059
0.338187138457
0.441637919577
0.469141991766
0.31974192767
0.368268120865
0.550561599827
0.540337528153
0.62240053452
0.59392941438
0.437028765528
0.538598647714
0.595124270792
0.672552023283
0.534563093165
0.454806865958
0.501381785653
0.558137232443
0.496348121036
0.397294432842
0.536273748174
0.600849552945
0.617223225972
0.459157081617
0.530118481449
0.60599375804
0.531373215424
0.511977822438
0.466032349071
0.396187830976
0.481723001286
0.64222767297
0.615492935571
0.606364826143
0.785418031899
0.682884565833
0.550179773777
0.649997015376
0.47557524506
0.600879645612
0.64079748345
0.479808926772
0.48788331351
0.621159694999
0.484444992345
0.530828251176
0.504339191085
0.600319896141
0.565228268907
0.620591385304
0.634846759037
0.589664378479
0.33639479053
0.567128852393
0.658163671473
0.558889722134
0.569890712158
0.504428742563
0.525532709277
0.639771473
0.614979471928
0.639327384361
0.615940577185
0.553365851822
0.507312642007
0.349896521659
0.592637845953
0.458337338101
0.700800614926
0.450771300192
0.558437521005
0.585665009736
0.464455154382
0.637381782478
0.541253678192
0.553173822538
0.436160857647
0.473384382935
0.564729249077
0.475070613154
0.54121723047
0.501486535894
0.400336806523
0.513944885037
0.576540569216
0.623493359933
0.424198161004
0.48144531022
0.464587747936
0.452048142831
0.467724978134
0.764990894501
0.498592709529
0.55109402938
0.580782152093
0.511095213109
0.540075659148
0.577873897175
0.608566469007
0.438169484206
0.68097271824
0.516177633038
0.539582813116
0.376122282986
0.603656805408
0.467332218471
0.402415883611
0.422033799763
0.565850937005
0.703888942027
0.577526051613
0.544020119273
0.516998086197
0.784119473197
0.587052826273
0.570208301476
0.534616669262
0.647560265236
0.504945889559
0.471824794074
0.683890145351
0.480320619955
0.453220411752
0.522013248394
0.522614692829
0.447732396835
0.588436931748
0.471121388746
0.563606350508
0.466097212569
0.559983323142
0.624964006248
0.479388819523
0.49341097727
0.349072688263
0.541710363689
0.428075369101
0.569262426516
0.468339475741
0.496107847979
0.586791639284
0.522088173021
0.488196291868
0.593077789307
0.431886378128
0.56220675719
0.608074736114
0.470155476273
0.408952393783
0.620854000937
0.386252744552
0.409314849316
0.606982312446
0.376358356547
0.701108995403
0.570992780317
0.55973980728
0.569237550256
0.439181671619
0.509821039421
0.594406225113
0.567368452092
0.30632445567
0.609808035322
0.671073843664
0.626451185366
0.43640421875
0.437119507598
0.590897878614
0.676108087712
0.692351477663
0.707772124773
0.461630927077
0.405007752249
0.684492891945
0.56561870992
0.52994712609
0.640316934502
0.606875431292
0.435238581654
0.561867911376
0.498857469441
0.574831490591
0.550422964069
0.491918642987
0.434830552509
0.517661307038
0.432990479204
0.495219536891
0.294336916587
0.477647344368
0.623173139841
0.402564562585
0.623319561584
0.69552985437
0.534648600829
0.558907292241
0.416012186175
0.637786011621
0.607653852056
0.449043338571
0.508835038505
0.581401829455
0.38090023594
0.497902790291
0.572616366211
0.761400314337
0.294218547494
0.627145470241
0.46904790285
0.619437903655
0.424744592996
0.464999882069
0.462914268855
0.523570620952
0.417556290014
0.704714306123
0.43644546762
0.304171698173
0.542939506296
0.600143124812
0.684562199143
0.499307386322
0.502195013954
0.408157647357
0.627951527562
0.516563035539
0.481708233722
0.64638992597
0.530631754907
0.396848232966
0.508403161105
0.412193298906
0.661495109151
0.561761686858
0.430460879246
0.671906278669
0.444929026024
0.460577452846
0.471409105627
0.440398187664
0.514718711636
0.507305299177
0.580089163888
0.523055882998
0.558777879394
0.571167937099
0.583198631859
0.465525672836
0.468651151938
0.508307933996
0.692788024494
0.549881138684
0.5522247039
0.634113160072
0.530099140368
0.491285124
0.53997257165
0.498857754966
0.587774441502
0.260004446842
0.4624187665
0.586218221078
0.519483900284
0.563554724005
0.558166029798
0.567277400764
0.626952148593
0.492036763946
0.555550436186
0.454519061142
0.518611407181
0.617962210593
0.456180443443
0.550005896888
0.374040927293
0.461970440199
0.51196444063
0.595787246704
0.48580937653
0.569639653896
0.585339774009
0.58275821112
0.535052613359
0.437576307362
0.536472155402
0.489820938587
0.456249111474
0.521013551458
0.497522089792
0.416897416189
0.530550531031
0.556145506247
0.627103906484
0.679271762206
0.67693859318
0.584172192979
0.713772500993
0.441609414373
0.653345279088
0.492165548443
0.576312305315
0.400288945392
0.607188219337
0.491109864808
0.489108955649
0.625365955665
0.552117817072
0.461829529818
0.557841433361
0.584578528338
0.441475804322
0.648805409244
0.560957793013
0.509720818158
0.459290223689
0.421269937175
0.427437825088
0.407772719601
0.588541105884
0.496413111207
0.53979467809
0.529203166789
0.385530977672
0.550789729542
0.535047090791
0.582120746043
0.5388171036
0.556405927661
0.387411108923
0.396874859761
0.665861367877
0.702107385162
0.766556592485
0.52877329946
0.48275341367
0.645137969106
0.584315086864
0.494112786891
0.591703223594
0.439858008849
0.393041569919
0.497508792198
0.447447814612
0.58861718135
0.447814426656
0.545853484853
0.675284458273
0.452974802136
0.545256739622
0.544356561546
0.42374034843
0.570541605504
0.429648460787
0.646554933389
0.562342374843
0.379196663436
0.458900728516
0.529506161741
0.552952965184
0.558978161309
0.410904335078
0.494422554327
0.630304595029
0.505604233389
0.491493503244
0.44321060044
0.724877412101
0.802403042996
0.50059202301
0.545013012811
0.620774642566
0.582353324127
0.434198420299
0.593335092005
0.534467350052
0.43845377489
0.548689651615
0.535886497565
0.451235604287
0.397523702446
0.447892371912
0.611369528184
0.622720573801
0.425702894869
0.489640003199
0.486107275672
0.457405602626
0.598645039563
0.460286653974
0.604912147361
0.477276654809
0.580049339117
0.56841200343
0.504224715232
0.50294651216
0.728603272213
0.485407600877
0.506276989082
0.68710147047
0.551913616563
0.6355958937
0.475668002379
0.472844640902
0.553284984286
0.49980956201
0.454151865626
0.300137937226
0.475012486709
0.632792691012
0.693379796575
0.61917298496
0.684507548924
0.478259938715
0.521429832424
0.434554240945
0.518614035357
0.483774442141
0.517803506387
0.572313489796
0.551433020122
0.658021761797
0.540157255047
0.649043893705
0.486693564351
0.411553884661
0.621594861572
0.466377469821
0.606992094218
0.545607887301
0.524402679536
0.392615173217
0.520225857488
0.568535898149
0.518441337861
0.66685839175
0.49461522506
0.500364890804
0.555474141426
0.479409461676
0.446335540271
0.458712849813
0.530863067087
0.560289223613
0.454415586585
0.523946049556
0.541270684481
0.654771138044
0.506238126562
0.361643629433
0.422506899112
0.653785049536
0.704847694647
0.672211711679
0.449123876097
0.524510250168
0.403230697417
0.490247253623
0.612113520277
0.452713501419
0.494652674406
0.241774791746
0.371635605821
0.59207249381
0.454424477823
0.278952908804
0.532315464315
0.414014453663
0.534799370087
0.47826008261
0.571839849509
0.518962608843
0.597029378368
0.535707858005
0.554822662237
0.584316645895
0.538748302035
0.48112031412
0.629843149549
0.51164168502
0.59132701673
0.519936019759
0.551251147633
0.513446565373
0.52176704882
0.563921355401
0.43181209859
0.382158651466
0.559180232367
0.499160511653
0.577420672471
0.463567165442
0.558211063116
0.44528849768
0.44858946747
0.649078855067
0.499887929943
0.597502496865
0.552644579772
0.360253780866
0.52731268668
0.685671076753
0.465217154874
0.677677600027
0.49471885049
0.342217848258
0.401513980539
0.490358732031
0.48586060952
0.427417717405
0.658358321357
0.487801652943
0.48882940363
0.465910616662
0.44967132534
0.664455572658
0.611663407813
0.574349930758
0.507093048802
0.584064368632
0.383534233565
0.512283394078
0.577860331729
0.37369239368
0.518350005292
0.51132861968
0.532594298846
0.698469162014
0.686074395581
0.362156859889
0.385943796608
0.581601029271
0.53957526613
0.510607429899
0.393658100617
0.741642852874
0.526938408868
0.561661278371
0.652363613452
0.550964646373
0.550610005507
0.691170027303
0.615992633909
0.700943933666
0.430652097844
0.686367541879
0.601300227699
0.583934786377
0.57676088428
0.503390411748
0.588938479025
0.419550540721
0.601911049485
0.619847913405
0.446951687357
0.702369561465
0.476535771433
0.468981913868
0.709181180119
0.447148245141
0.636597727495
0.484690037232
0.509837703323
0.592527373267
0.480314930973
0.618715470672
0.433201221975
0.469324264852
0.614352560248
0.499824144959
0.525661335358
0.480409809379
0.600032253194
0.61846651946
0.286289340569
0.671444237215
0.59814195083
0.646821010945
0.444542705179
0.51466463919
0.517406748124
0.532107683425
0.68432145596
0.732612626591
0.400001673425
0.583143648959
0.548252604507
0.610835816603
0.5506913811
0.440239831573
0.526373572039
0.592773229437
0.547618292451
0.546828162867
0.564325268433
0.450726364147
0.531126388068
0.355780221812
0.521080710748
0.584036022841
0.594006235462
0.473251151154
0.543371007493
0.532638993877
0.464043857686
0.72170964048
0.467513883609
0.390166688973
0.499412553475
0.530676061099
0.420593995102
0.482360378518
0.610633484754
0.464921212239
0.551693072629
0.549749172301
0.487471501896
0.335717547036
0.694952096766
0.440013591226
0.500520328693
0.426627111462
0.594070433564
0.440907528924
0.596949117188
0.643021232597
0.53784241515
0.729861591903
0.582971329535
0.53668644096
0.514777213067
0.605404050927
0.66269195418
0.511593404258
0.447959816557
0.48473099131
0.534978775569
0.561564282342
0.513147752314
0.379868624715
0.468850482441
0.497911068882
0.433671920033
0.610627174158
0.530230004399
0.440854045187
0.482193619824
0.561556889135
0.531227465115
0.4738088377
0.573693872378
0.476415405646
0.617507405145
0.490610981535
0.5354961001
0.492100541449
0.668604438776
0.595352007313
0.467067228955
0.712478932933
0.671593883991
0.619159066938
0.582335901825
0.414847500294
0.437665444634
0.496053363005
0.626440324448
0.572248730792
0.492713346851
0.553965051951
0.712910304942
0.332547304607
0.612760373647
0.47624966407
0.682581935272
0.583489416156
0.355259176573
0.600015554875
0.386376571742
0.573940263478
0.569023563114
0.486414846495
0.473915144634
0.333172414941
0.559801980882
0.524922574414
0.434004234898
0.622957036788
0.4207130593
0.606593020887
0.577242631243
0.551420397936
0.503544626505
0.378703689179
0.673196830142
0.338257090431
0.488243414603
0.493011297709
0.602343591975
0.511365351215
0.361143142835
0.507193506923
0.774139647002
0.52169983317
0.492594170439
0.490732348236
0.786672487423
0.713081778673
0.555880492305
0.535503636437
0.517169024533
0.547912741949
0.499272296504
0.527605676396
0.47241119477
0.523860943279
0.444558535372
0.636157912817
0.594436421138
0.566622406634
0.528229129279
0.745654010319
0.696266249005
0.662321214182
0.701565721874
0.437328123259
0.451410139401
0.569822359453
0.473562356076
0.532269910231
0.555288594505
0.639381849747
0.442046663638
0.531775195298
0.580088806442
0.47770920787
0.474580965131
0.686727761527
0.581262761651
0.427993800584
0.402026167737
0.607574791716
0.445694690363
0.653774984722
0.683125598016
0.491058948997
0.455874062578
0.752501157625
0.544170415537
0.595884065092
0.614263930113
0.424468433156
0.495738963046
0.534006339002
0.542544299006
0.515750825295
0.610611034984
0.61652111077
0.400362959247
0.79030873803
0.514091569084
0.500187994607
0.380720197812
0.404902868833
0.613283413716
0.489637576561
0.50199118344
0.675023169179
0.573450115636
0.506391770604
0.73379618318
0.81018361908
0.510731188553
0.599728854158
0.487345516478
0.559250758405
0.464119100828
0.493081007575
0.723630363356
0.592500909729
0.586809717995
0.625740273233
0.456710836904
0.458200083326
0.583993126163
0.738805616482
0.741238547688
0.70090658981
0.536375122716
0.577116333019
0.525477685266
0.411744979044
0.567667744722
0.603159054907
0.635648939782
0.722395152443
0.532190842785
0.504343784422
0.503666821248
0.666239561535
0.511484354841
0.504130613747
0.653667956498
0.665184492438
0.579582712198
0.390443442253
0.507723985139
0.463890781808
0.539290808034
0.576275308479
0.579391348472
0.574750567107
0.559331432241
0.769795598464
0.622523668772
0.716903867565
0.613266932889
0.588715999865
0.531361148689
0.477093739445
0.488438466345
0.600488258074
0.574869503778
0.603674887596
0.508012520975
0.694145199975
0.354514407752
0.412105882191
0.519648811923
0.641585134187
0.529134548284
0.547247065055
0.531182634237
0.613292808197
0.432592018414
0.430327754146
0.784263380826
0.320381793281
0.45098845257
0.407445643419
0.420265066986
0.453379603195
0.581507582015
0.475673711353
0.537870229129
0.401605160337
0.527067762369
0.510546233379
0.48004998727
0.755923056327
0.530689878452
0.518585347921
0.784509288132
0.598862724358
0.482370687828
0.682757978091
0.512651773792
0.672099228912
0.530985146738
0.469373028912
0.598828194136
0.491520353138
0.422347069127
0.418118573866
0.551366988244
0.611786937466
0.62806342042
0.684069549306
