0.24130430679
0.338205376525
0.30736802154
0.463592709712
0.390181206637
0.307891385924
0.341128262295
0.272778312778
0.289827932938
0.224026628643
0.185084310787
0.265749885491
0.242963460339
0.177920882386
0.411069929844
0.173577852832
0.30214271329
0.328175035503
0.260513040707
0.273615562718
0.383665800414
0.29162170361
0.253042471508
0.182111114362
0.311344042945
0.369131701862
0.2766121173
0.391588397276
0.336941974167
0.313594510572
0.321762606511
0.325469688391
0.226705323351
0.28886943991
0.334413320077
0.336632443209
0.340599890473
0.365463160721
0.431597639994
0.311423962993
0.384290070706
0.482111665584
0.293390393977
0.402427578866
0.269701299898
0.371298202028
0.301433400094
0.200930413126
0.3333461061
0.28689070761
0.286221595127
0.190888149078
0.278168948671
0.216090835001
0.214613611137
0.313212000639
0.302676504929
0.343377868032
0.372474950813
0.284176229657
0.336794397183
0.274362099666
0.383193617182
0.308895386849
0.298238830374
0.326736053761
0.314647849707
0.251275809852
0.328770466537
0.327992277914
0.240204732694
0.269250061201
0.213697373083
0.285757245917
0.27748734655
0.19996340497
0.343124661004
0.27236783339
0.386023407964
0.317011045552
0.296156432424
0.273997336697
0.300494092433
0.284443436225
0.347018002197
0.32949798736
0.306697610365
0.276942916654
0.305620318828
0.344850175003
0.240478312086
0.269219319101
0.325766344104
0.295145807191
0.299475790957
0.360918001757
0.338663100024
0.325661427362
0.279042306345
0.271216869009
0.308855551864
0.232038479406
0.302390961107
0.280839631472
0.300458974382
0.320569906369
0.33241115128
0.25844539725
0.261170356144
0.172231140831
0.308930677994
0.285522707564
0.336064823289
0.297498292879
0.398690753174
0.260453098967
0.234075055747
0.280788348874
0.321279701204
0.302695839671
0.262662733699
0.298585286743
0.258263053982
0.336025695452
0.300001087067
0.349579292115
0.306096613542
0.247814223074
0.287741687537
0.303107727452
0.284742557425
0.27414266625
0.295719100732
0.347723526132
0.365377203037
0.355322097387
0.248026657689
0.170066183781
0.261856058293
0.338259013941
0.4954649934
0.324420631715
0.322866450154
0.270093905725
0.272383562147
0.364982064438
0.381446480804
0.33820814845
0.317104810535
0.338576585124
0.331111704263
0.347075998928
0.257660256226
0.430648882697
0.372014860458
0.381353990409
0.314510097231
0.349498244939
0.397763665161
0.357740802992
0.442781266604
0.278133210811
0.274407646372
0.249236497874
0.271521900509
0.299548117218
0.340084641341
0.501719423094
0.313743259403
0.270190800637
0.316762831544
0.30842748579
0.303325144738
0.281052384011
0.293917381625
0.262166700975
0.266488906122
0.244301426591
0.214328812161
0.27034189716
0.293141810552
0.419592908158
0.392216675355
0.304036041172
0.275435951034
0.306546623528
0.310628104571
0.280867403238
0.231471941518
0.290780998269
0.31838066536
0.356359457372
0.269886497802
0.539414046988
0.391591525801
0.287850970714
0.34743535174
0.384265091049
0.377623073293
0.407982773293
0.30673242717
0.281915042747
0.275917220191
0.285103881669
0.418502300665
0.382455990648
0.298007886214
0.361470046897
0.268089702615
0.264865785755
0.328521721028
0.215863310698
0.528751642663
0.315947763453
0.291597704168
0.328257777005
0.385503940543
0.262708132792
0.369496650548
0.314866704863
0.278181796705
0.307548838872
0.271475061801
0.311605998318
0.275776033057
0.2444355037
0.395257091886
0.319125272547
0.318033255764
0.308752673377
0.359471853926
0.317835252402
0.261888381269
0.305346932176
0.283888847337
0.349528406115
0.338841478715
0.272524158805
0.268948293489
0.342331602719
0.311357518368
0.349355946653
0.387131242283
0.332848380785
0.360804377741
0.272749825175
0.326011821932
0.40917078019
0.393889295228
0.306737641398
0.520053532353
0.224244016098
0.35699883532
0.259660867493
0.316625444639
0.281274218465
0.225059033921
0.305277782411
0.236468701362
0.32331348228
0.228304692326
0.343130386364
0.40514207651
0.443682070968
0.300131086344
0.332085779933
0.365782526272
0.374992268284
0.397291051856
0.352399769934
0.4034056459
0.315596201717
0.475452490125
0.327364032736
0.334065031319
0.350999106509
0.329826309187
0.220423630773
0.343968571007
0.18879354977
0.295982204337
0.207319281817
0.325007726362
0.466908446837
0.240323370554
0.343533224063
0.488807973147
0.246337374327
0.316333476988
0.358772157108
0.306426684517
0.30844455071
0.488990336428
0.299327907534
0.280361167075
0.291281251017
0.450422079857
0.222524633436
0.244851661524
0.310700902715
0.290199673955
0.433187018816
0.304063044579
0.204698627514
0.241633555928
0.256375522165
0.335381094969
0.276354709353
0.328790604823
0.288776966689
0.410594682399
0.229433474123
0.301314300111
0.440117359362
0.203173774365
0.406353434421
0.252919210718
0.3843607975
0.216121139137
0.27335207561
0.365646107578
0.231393414167
0.385145943886
0.366393391461
0.411110579177
0.302923175014
0.234881736204
0.237921334834
0.287235004531
0.368484058339
0.387854388514
0.296282476547
0.245796086185
0.291248096295
0.210996508869
0.494982035693
0.266582366575
0.260562361817
0.300491926729
0.260070404176
0.303305823912
0.294072218152
0.425207603617
0.283687270641
0.225098791769
0.285845430707
0.413190342445
0.474862617593
0.34372892801
0.359174891493
0.390139089418
0.325623754189
0.3542111994
0.421053914143
0.276698107906
0.192835714379
0.34890957697
0.222363131072
0.376287733259
0.322168234667
0.354783149888
0.347319427774
0.435892400771
0.316011739757
0.391203124007
0.283479746974
0.28233565531
0.255915024631
0.217489812078
0.249508061392
0.399914736002
0.44651491319
0.318889009341
0.386026682202
0.213865103994
0.277936901483
0.432968858051
0.285601778635
0.242232868908
0.435161023298
0.174171229609
0.269345570302
0.415233649866
0.26065295748
0.342595523239
0.346971237513
0.25711222398
0.29006816984
0.319171371261
0.348634024822
0.407280444659
0.294827058746
0.398943505768
0.320722477543
0.286008668287
0.348754181477
0.285255168835
0.355499835502
0.312517566933
0.259989211673
0.391919702148
0.193183000444
0.392775126106
0.198744262421
0.211692374686
0.377043162969
0.319215564209
0.398668554593
0.352904753909
0.306134753025
0.234251628106
0.591206266397
0.214444640406
0.380789682144
0.397310536321
0.331965759204
0.30467583913
0.199039944645
0.220000933583
0.465178660096
0.394597033986
0.411559242036
0.259343607787
0.315319702554
0.259678330559
0.314723935826
0.363696796132
0.320434573175
0.242346002675
0.583774707296
0.445745282322
0.293826896045
0.463161024884
0.265806794181
0.339082093926
0.381767743389
0.14382277731
0.18509135653
0.631507223084
0.355350482249
0.289081064613
0.499761443634
0.190769298775
0.186165160074
0.373549467581
0.197888430039
0.290144034611
0.265683628022
0.340396674018
0.270414207534
0.29857909504
0.159343944642
0.547544339995
0.337612992837
0.29011649096
0.220674880097
0.390525355965
0.520150382806
0.291509705202
0.263079786238
0.433503187119
0.378767807344
0.435261211975
0.235344273696
0.314629909451
0.437811785147
0.248226843003
0.231635228905
0.624420647501
0.250183168726
0.288270643457
0.256987913528
0.160913899579
0.385925332763
0.253725830044
0.438788870615
0.283984643753
0.429833000482
0.368958086037
0.324049096899
0.442341163545
0.341488272662
0.279491398304
0.309623329007
0.354467983881
0.341735856418
0.320196456856
0.472263208423
0.378493023964
0.337172882818
0.382046171439
0.20037147208
0.355292244843
0.482905001289
0.256917205569
0.279241411181
0.317995942398
0.384345763929
0.308084281535
0.351568792556
0.288702478883
0.270046200374
0.255512074867
0.215361136242
0.24759455635
0.302099401901
0.365782772058
0.263585092042
0.157219782542
0.261751099374
0.193715342482
0.364299837809
0.261151996029
0.516905151636
0.210970270781
0.247788952801
0.285201961225
0.225442049187
0.317684130759
0.307558740817
0.281556178733
0.292982472372
0.446395622606
0.262796043959
0.370555787303
0.233882905682
0.319896122503
0.423745093863
0.230812074505
0.266854474078
0.367098140217
0.211933312023
0.29804774336
0.45273341796
0.235559101786
0.290592293566
0.460169767026
0.214223214297
0.407846846856
0.328520126003
0.386007149451
0.332661418915
0.191014004518
0.307284308042
0.352626692076
0.279805809059
0.314894402991
0.342205654019
0.326354795312
0.372580854505
0.258728798532
0.352325174435
0.2472687205
0.372104679952
0.325563281048
0.24219309264
0.298607659571
0.323157592964
0.350282020198
0.411462859353
0.346167795159
0.277995211841
0.263990368004
0.310957063851
0.308854717892
0.283245615507
0.348669405167
0.268279562666
0.208102665085
0.376493338181
0.37672279114
0.303058721258
0.257895971717
0.314575242358
0.408325456013
0.296533468781
0.290631328007
0.349578759351
0.328156301444
0.220485803345
0.248698546638
0.328912284207
0.248045321218
0.302796248444
0.278070090721
0.274583265978
0.408863388355
0.338548655921
0.359042810344
0.217478129054
0.368810207721
0.308825647844
0.26444118394
0.304793823998
0.311654639629
0.278099589312
0.344644701145
0.275059917247
0.46737315801
0.310213632854
0.291126743729
0.44559461603
0.288570883564
0.390716230487
0.299802182217
0.357557895304
0.293849644975
0.33998627379
0.438714063772
0.237995584792
0.29944549489
0.23189211857
0.313693478472
0.268933599203
0.275471107569
0.31139598133
0.204853173163
0.335329722804
0.265915259997
0.260515712144
0.378656775027
0.31209092312
0.319987206524
0.303417134174
0.353477108991
0.335596901423
0.264106154635
0.390469038513
0.285227678585
0.286171003675
0.250077521733
0.351862518962
0.424498829518
0.261240139208
0.265718146919
0.223015771476
0.206288171112
0.31654669271
0.231824449966
0.319108610787
0.344303645912
0.29087439536
0.29747436974
0.213056807622
0.269917853324
0.276127293837
0.25591987597
0.418232857336
0.327517275963
0.364649073128
0.344019759034
0.299222236608
0.289116468259
0.261152258143
0.324358379642
0.314620147774
0.316393033406
0.38000585794
0.287408659711
0.284095373118
0.32211058239
0.251743306817
0.268895936451
0.300117437421
0.269101081294
0.304943999969
0.26770790785
0.385516981791
0.47306092489
0.36416643448
0.340394042381
0.339520988758
0.323191621926
0.287423355279
0.376073837184
0.26979602251
0.286856102591
0.285399867214
0.33092026743
0.310665316466
0.275221673424
0.315854891519
0.446482880319
0.279810286095
0.333024589704
0.378313171757
0.234808693552
0.343470247073
0.42610806802
0.240190651578
0.351749991111
0.315876390193
0.290241002354
0.325691607185
0.206738051961
0.294930713439
0.354941607206
0.281444745689
0.363576699197
0.239558193171
0.27112718297
0.289233252312
0.366423860681
0.233075498178
0.335045789793
0.255241840833
0.445529391235
0.38233099981
0.395365708759
0.423361659738
0.413147311286
0.265225630498
0.337126077926
0.258858690072
0.282441417457
0.383258321981
0.276638803683
0.345164374148
0.338810356369
0.291561386794
0.311169371737
0.216304913526
0.293479177529
0.275107471452
0.357121299178
0.357167476996
0.246554578258
0.402829239306
0.394503368819
0.36075189221
0.252827393297
0.260943479524
0.223454534648
0.258334591253
0.463816332711
0.249126958554
0.266998192341
0.383774531325
0.398430175035
0.242966648305
0.27993397649
0.315454394561
0.208780180031
0.375837352757
0.449639630259
0.522899308123
0.252227939497
0.286368101668
0.293583489717
0.331704106234
0.26367979501
0.303112932407
0.324395957205
0.328907741085
0.543974382331
0.304826467894
0.453906827269
0.423179096027
0.521916883477
0.310540219349
0.342672507867
0.264888047284
0.232131322296
0.400664189337
0.271162923803
0.382531095237
0.272674003399
0.246373076739
0.282586830064
0.155256252993
0.224517369231
0.294010028823
0.242973068432
0.528906682635
0.323036989814
0.285727046135
0.541353606803
0.467880918539
0.272808652517
0.191786093276
0.338895581108
0.293850645995
0.326337802673
0.348927669289
0.326017367113
0.389189354465
0.334710041356
0.266985635905
0.354560301285
0.406727352888
0.40192744543
0.304539833529
0.366562845498
0.356074126267
0.417322093439
0.591574636216
0.272978808742
0.250821583001
0.425087467644
0.453694212989
0.149788310259
0.237770210795
0.376492925095
0.351712544714
0.231816770172
0.315588792176
0.395853829516
0.483124411164
0.233703376026
0.368074086335
0.339600759646
0.545044261199
0.259737045761
0.249850455002
0.299323245461
0.480316965722
0.432328027661
0.265418718244
0.383330642069
0.382190690109
0.49369878662
0.310295478796
0.268675226356
0.260459099302
0.576842560672
0.296263810631
0.132341599222
0.457228393177
0.520869042292
0.242627403888
0.347713152969
0.352826110059
0.314195544136
0.209784038694
0.305694610767
0.16339889945
0.512157488184
0.379249178297
0.194390319523
0.244139080558
0.264699741073
0.5089429739
0.287024602279
0.314980358689
0.245407919347
0.268416450955
0.446460096088
0.495769549686
0.278506288357
0.281108530695
0.531719693935
0.352823212996
0.429722957249
0.255085013714
0.271646704981
0.268662961949
0.22420043748
0.166783883341
0.303637410503
0.485183132403
0.472824988547
0.233446837634
0.311224155564
0.417959247092
0.33582554536
0.511235634471
0.356444585821
0.264947339363
0.240679203755
0.520593211281
0.462135916952
0.405686856582
0.319181437807
0.145543372415
0.287763101611
0.172394829311
0.318900060661
0.278296539793
0.272139518256
0.433633198519
0.273901660429
0.255226780843
0.283637266825
0.363257686375
0.407522918872
0.328971377512
0.34645805905
0.281985766316
0.414614349373
0.211465666549
0.332500720391
0.286633797784
0.358744812721
0.312756969933
0.305137070705
0.217183293352
0.33173922579
0.319507061878
0.271440990088
0.291986166535
0.215528003813
0.265435923265
0.380904832964
0.296977101605
0.26383569043
0.299869432409
0.349026324821
0.261654812979
0.279609934366
0.278851555201
0.274219191352
0.300454147597
0.289555631089
0.338517923793
0.3103665543
0.274272304795
0.300118720506
0.327670664891
0.391238602302
0.291699094856
0.309039762816
0.322639386547
0.232145589989
0.338177147531
0.279981753508
0.274032237898
0.346716564244
0.296838185706
0.402821247933
0.277612845099
0.243548455033
0.255337300943
0.329704696943
0.324860581657
0.33814387996
0.345093674733
0.430569769683
0.381543851773
0.317533949362
0.343705396786
0.305163863933
0.301698195689
0.341090438854
0.282859451291
0.328887018567
0.260750330821
0.336453480022
0.359399460555
0.273030506904
0.279640760368
0.299506668813
0.333615525365
0.395910874487
0.357234820354
0.29488467665
0.266249920967
0.326796466836
0.280965065426
0.329565085104
0.311261471117
0.310638965352
0.39295508682
0.276171960205
0.237266713829
0.25950802071
0.268450584103
0.383302863138
0.277352264184
0.364990242326
0.358899915722
0.347766399271
0.317944841149
0.356586868495
0.270427782523
0.374265017578
0.240772221468
0.225875234401
0.264665998841
0.228864153136
0.298038868712
0.246773141379
0.29345645627
0.283651185644
0.38617538335
0.193465052105
0.378345622268
0.363925496283
0.256524230161
0.252890518929
0.289274418553
0.200304821756
0.31084957269
0.227416694288
0.385790212915
0.257406169601
0.33325128581
0.344481050557
0.337936889937
0.22818491232
0.329052896617
0.390318629684
0.312364789172
0.289026147109
0.278750560943
0.300661262881
0.206627010563
0.133005218419
0.249946123667
0.574346976627
0.331023536435
0.259955216111
0.343375302803
0.243372104325
0.250440986116
0.219085109915
0.344169192392
0.44023483578
0.281312790205
0.34109941807
0.259052802243
0.498628195987
0.21068095927
0.21385490081
0.404382903029
0.304181778307
0.23442410614
0.268431741535
0.327252470557
0.229007177512
0.281261274014
0.296666667405
0.328949920374
0.345253405983
0.415885427912
0.261257370215
0.331004004016
0.313552792948
0.444875188582
0.283628552665
0.226441707361
0.248803013985
0.231047567889
0.399900604972
0.229226807166
0.293576338545
0.22440685982
0.146000684441
0.262415188377
0.311974230521
0.266115186158
0.395903902247
0.206199673673
0.281782612282
0.354499813924
0.509456902889
0.381188528405
0.218794264649
0.489896352182
0.158840704376
0.392331372754
0.353322228533
0.337846869283
0.322921197452
0.504437526863
0.220764986543
0.284141717324
0.325120794702
0.528329419882
0.17129006205
0.371733489356
0.345202029227
0.515639607171
0.347181768525
0.325524909583
0.356774530734
0.565799028905
0.332961729034
0.319814958669
0.351121395731
0.534304879141
0.295348348085
0.290006477465
0.338337263647
0.22873375714
0.281785684064
0.21412768764
0.317640237936
0.3466899255
0.474459025902
0.323703039536
0.256392564644
0.288047420774
0.27900382828
0.474972262604
0.220701311464
0.219024401644
0.267077679473
0.332251890635
0.378839677577
0.184251833978
0.373302119951
0.534628074126
0.174672124646
0.247536369697
0.31722689085
0.424588456176
0.280611269949
0.349912466321
0.237916320592
0.318424010019
0.486218536058
0.396135442786
0.258618267461
0.397762333423
0.357372164769
0.489388038119
0.217804728343
0.35896410498
0.389254653266
0.430370593178
0.348898225948
0.281513215475
0.239961063374
0.284275976068
0.299533437301
0.345500444273
0.378970443465
0.470910112547
0.373516548196
0.249664780787
0.24709875987
0.25130512732
0.459839423357
0.290348814997
0.459769936687
0.254738571618
0.272035617685
0.246260624157
0.215515382629
0.257987242228
0.301155104014
0.512175088331
0.348846002652
0.392846235015
0.224000595264
0.24880472047
0.469233806236
0.401902258488
0.302083282751
0.296871631971
0.380046904762
0.402235515352
0.484425436255
0.298505910729
0.309298481315
0.361157455768
0.320530783111
0.443133964425
0.411417025618
0.325217028175
0.342948826999
0.279441856223
0.366172759193
0.454343275066
0.308962164212
0.289544811615
0.393621297538
0.322650371813
0.257145578451
0.301118249911
0.307529898703
0.334448188042
0.308781178878
0.390290382361
0.455636575037
0.390592525169
0.315158679896
0.441229515104
0.250367568958
0.321859787356
0.440829127457
0.359987504675
0.281857031779
0.328429806388
0.291116873031
0.293204586813
0.262420873959
0.324713998419
0.225703368654
0.374970965571
0.369277417085
0.274007530121
0.334158452046
0.397724076794
0.324493413454
0.371891207125
0.411035603798
0.29027776304
0.299541693309
0.350595371026
0.266925952321
0.361254892225
0.37893288873
0.24261472803
0.379828277847
0.264816154398
0.420131654883
0.18908898962
0.347471168604
0.298161847113
0.288418396456
0.265798909275
0.341068226065
0.330291658551
0.392850852108
0.306968175711
0.450454767256
0.3153630017
0.327203714879
0.242543568969
0.327021009632
0.422906316059
0.306950164647
0.279698903552
0.258172203042
0.211899331121
0.280125102398
0.331302579855
0.339326871599
0.433476532061
0.329308255429
0.257347599402
0.299598297273
0.237033952244
0.380710520797
0.393167658081
0.348163337149
0.476012192685
0.285861259923
0.212266610832
0.277877035401
0.445870203149
0.317390429765
0.254723186221
0.326249235513
0.423218976311
0.318152878476
0.277510087507
0.272528428182
0.319446889377
0.291535010074
0.267105463128
0.304260883176
0.31602009474
0.390293401881
0.313009064684
0.330838954132
0.16197008171
0.278667429335
0.301338688122
0.269621396687
0.312948118344
0.32511864486
0.255479201157
0.214620191675
0.305362414446
0.386689148931
0.303164494323
0.307598453961
0.262453203719
0.348054874454
0.233427634441
0.330480356687
0.201145759669
0.336285436752
0.31912956241
0.250207493014
0.340512439008
0.348028543401
0.362170045993
0.365949332586
0.343505466142
0.260379089084
0.264886757193
0.28572610418
0.303273337468
0.301123577029
0.332240327503
0.398497462332
0.279821639844
0.355613179179
0.251918050409
0.289074096223
0.232006305907
0.409991689969
0.311132089111
0.281649252132
0.445476274445
0.347256014497
0.285373278099
0.316044188265
0.210493062783
0.316429565847
0.291127318628
0.348837753751
0.254435222257
0.251760641896
0.323552642271
0.23754013399
0.370041326004
0.312025358119
0.221197548614
0.290047525778
0.329737749216
0.283052359106
0.253823134632
0.299302214532
0.322526855948
0.25674389749
0.385877153053
0.312466274197
0.355632787106
0.34054692373
0.225337996108
0.253546011722
0.265825083683
0.346011730559
0.282243985783
0.25832537503
0.291045092044
0.256399254838
0.300262251852
0.362115869641
0.312547067322
0.26210473937
0.259063282406
0.262337648273
0.425981952561
0.305147117429
0.381857326871
0.367966606383
0.292500320242
0.313477245095
0.354738633516
0.328833962183
0.277034943216
0.36200580112
0.204611035679
0.318885323479
0.248872504329
0.34215747996
0.295246044876
0.340978356619
0.209853805691
0.229997995791
0.40861745577
0.299061356782
0.191216620315
0.30384229956
0.328267437846
0.296490586934
0.352789582413
0.357836247179
0.360568180285
0.421938992642
0.402287244068
0.276810849984
0.284042752
0.239406138832
0.325592763715
0.354824659266
0.269431420711
0.247878403323
0.243623414486
0.292717282938
0.34966993393
0.253900325529
0.392969635807
0.351984597808
0.298218348615
0.356036168393
0.180134795131
0.430606821829
0.240484978122
0.25754202509
0.284392546167
0.386420717565
0.277507786887
0.262075946355
0.317160253106
0.405949129879
0.309911567858
0.352076084802
0.331625761865
0.305453387457
0.393234371992
0.320771920773
0.416456353849
0.31309719042
0.278707128784
0.276751332603
0.335527654828
0.333904976717
0.262690778838
0.260059397002
0.380098220138
0.320929244156
0.276569741804
0.301363938576
0.283932623842
0.355786187452
0.306148357701
0.331927984964
0.306219464165
0.300907445706
0.307723705439
0.372285528004
0.259657470497
0.223239703023
0.326208718987
0.298119128296
0.254064913957
0.297183072686
0.329502076998
0.280124234835
0.300403575385
0.279940617411
0.402399790705
0.324497937893
0.174951453714
0.267134968118
0.383094121776
0.218902287526
0.294161395756
0.219822348324
0.346962100876
0.457181361986
0.347462077405
0.41319399928
0.258258529013
0.301276148885
0.223720607466
0.256899612214
0.341613772649
0.323014372586
0.256715904541
0.287743878337
0.408481729778
0.297154187438
0.264690164232
0.428594082416
0.410036086733
0.285947741299
0.438519570716
0.337923434492
0.264794635986
0.383643909832
0.259510747309
0.354820363941
0.339053489203
0.324560350213
0.225769437579
0.373618007064
0.267856552519
0.271225804563
0.26352081077
0.514222063385
0.307404010961
0.374568631078
0.235684249899
0.32868320515
0.302088775675
0.297900741428
0.358042420694
0.276591261132
0.292039380675
0.346926839955
0.345560238061
0.418326043351
0.292684016121
0.272252732236
0.268396752239
0.209407045084
0.363497640352
0.32633586545
0.357661300663
0.402693611509
0.339144229543
0.322231982194
0.269225151546
0.250798371631
0.307587446384
0.287446081808
0.256615073186
0.213433060227
0.295809378072
0.229040772138
0.293252947587
0.271460188293
0.317272570023
0.220924758728
0.319187245435
0.295366162303
0.323203832136
0.408417254903
0.315391418746
0.259365992082
0.243309513699
0.301765094674
0.315049224073
0.20367576973
0.297974201351
0.30840718581
0.28984718327
0.355449597641
0.430938030234
0.306373484443
0.423250734824
0.324632532932
0.341873591192
0.257639591657
0.293876625762
0.228967908249
0.280289278026
0.328767711754
0.326714494884
0.310671437991
0.333120094894
0.179114426609
0.348741418942
0.439390425128
0.26618419223
0.298245419213
0.294223846831
0.352750674071
0.2595847661
0.288917199344
0.305029104321
0.264562628621
0.223690439298
0.334227764533
0.375375151151
0.351871801363
0.260707341802
0.252869015773
0.27422719786
0.294394127851
0.394689475812
0.266350328468
0.318979447688
0.259705993492
0.289573130124
0.246507998123
0.369674593212
0.322257204788
0.242907549074
0.355760631227
0.340049836704
0.3054594878
0.349976155913
0.462697852226
0.267706225567
0.335572403941
0.293244986035
0.286030458114
0.286996438976
0.299001296874
0.34084668826
0.222927441242
0.425041519451
0.459418417627
0.305723021308
0.339652559998
0.322244320549
0.308881143836
0.455366261513
0.363026814514
0.275808866449
0.364888132144
0.276422436162
0.249728593789
0.260759103737
0.259564682815
0.297278049017
0.239369537209
0.198523008867
0.252014114875
0.289534714598
0.296408047502
0.306756824255
0.263570335545
0.290977450983
0.330394158334
0.366936211848
0.267397559899
0.243624287771
0.338994563479
0.300660375891
0.368049021613
0.355174475479
0.300858860702
0.395061202619
0.302611474635
0.337408802316
0.327888821654
0.373559258683
0.255888363887
0.329695929382
0.224931663493
0.222424865241
0.38645227564
0.34284662218
0.35775352262
0.354650593858
0.38260044246
0.282776994964
0.304076220232
0.253387068894
0.261991459764
0.262936326629
0.363263826104
0.233231395464
0.291544013574
0.36829972309
0.48417282811
0.398331784989
0.290720515512
0.350064194526
0.322490826328
0.260764931096
0.283235611992
0.236370705626
0.239028424587
0.298096574292
0.279033853418
0.311709274538
0.329895513722
0.352140037184
0.195998469056
0.241678743497
0.30755390012
0.320000456902
0.356863306168
0.358976397493
0.394164345149
0.250602104224
0.331571276511
0.234777918228
0.287069100771
0.353628623243
0.299404608846
0.361941404757
0.296649310277
0.355351803796
0.339775246062
0.305781206115
0.241739578666
0.398583662923
0.329176017034
0.269550972399
0.332561690591
0.1707801242
0.422618164806
0.35269503802
0.275174067759
0.221335610934
0.193524029088
0.228638343033
0.411370313923
0.340808621568
0.274664779669
0.309973117745
0.21987696968
0.289278352055
0.318912848589
0.348673788176
0.255537466337
0.396485632513
0.330620167005
0.368386447814
0.360750385417
0.408873745555
0.265872578997
0.219537939663
0.203229735025
0.352864685107
0.254651330463
0.262288719691
0.299466919229
0.236779022817
0.271811169857
0.269562895913
0.313901361431
0.306694464599
0.271034605873
0.307116381332
0.269207802943
0.24000824849
0.254362139128
0.183708592913
0.27088712214
0.289176190861
0.337271191663
0.254723502009
0.316449740116
0.319570694125
0.313911891826
0.292552105412
0.3676081735
0.326896860923
0.326245626135
0.358478336875
0.327178966122
0.434538315222
0.264192162993
0.248542139273
0.298421519373
0.360094043317
0.253344185357
0.283863117448
0.286146286286
0.32873177805
0.304259881673
0.368133995774
0.431922049953
0.320612138351
0.341042942256
0.306370782887
0.266920911154
0.308038426687
0.220159706479
0.306336945701
0.314307563515
0.366831444152
0.331421529453
0.272357348328
0.258092193377
0.316902804819
0.349853315981
0.392652232647
0.248352798034
0.313285634278
0.238491089243
0.348352395483
0.172878506783
0.326563982914
0.313493817565
0.291999532937
0.228187031049
0.332900231096
0.241442751152
0.319086166784
0.264150634487
0.314941950716
0.350863148078
0.30272228476
0.264620272667
0.246614797427
0.319549245484
0.203635165205
0.298787638057
0.251915141204
0.279664926177
0.368168249214
0.293435368973
0.392820237993
0.491868360366
0.298596027627
0.341938136232
0.316709912255
0.271227914627
0.323652439949
0.310477857495
0.308131793784
0.281895646378
0.332071730827
0.323799435885
0.337605187271
0.297537624906
0.332531271418
0.298840530005
0.288313694535
0.220000684004
0.257293597144
0.339182695771
0.319089313318
0.335985128515
0.241427602244
0.336602049372
0.284755381434
0.342871132744
0.336956571683
0.381920630302
0.307181130462
0.392179808985
0.415406771703
0.34171351677
0.343702836279
0.319360608043
0.43735384538
0.346356998155
0.358631392572
0.340555574441
0.27389537841
0.412839161715
0.289585351798
0.44677634165
0.343571707698
0.360374895821
0.371518795971
0.266212176135
0.343143738672
0.333299087976
0.263286136798
0.226226038394
0.426607702792
0.367655883051
0.329260305392
0.204678079473
0.364629077708
0.24952055716
0.293988933344
0.340518107649
0.280831821986
0.489351410913
0.315973641306
0.331802659199
0.40443290194
0.446368978044
0.210978526229
0.177265731685
0.320223136049
0.247078469989
0.344330425015
0.223000620866
0.341703476558
0.30474618629
0.362694743309
0.345668104948
0.390740821639
0.341186765897
0.33823613749
0.184843674813
0.373924457379
0.442761361759
0.242253009789
0.31985140291
0.323675098497
0.352407501004
0.282647499267
0.314050373803
0.210754217973
0.321388914728
0.360971429075
0.391286789165
0.268187896678
0.300382559998
0.2690733784
0.350869346615
0.318122433635
0.339723158876
0.387006649462
0.366867347009
0.285886640364
0.325903876415
0.261266023054
0.491878309559
0.355463927017
0.306289207239
0.24700886499
0.327509304428
0.452989150331
0.421758952064
0.284297855783
0.280890523876
0.382481970647
0.280195444088
0.36738784584
0.304425430156
0.300830327696
0.309951478626
0.49271999926
0.386156107299
0.453475965884
0.341593513755
0.331600946799
0.23377940423
0.320405204132
0.26397031519
0.217657576046
0.359631483895
0.228106035356
0.392906010113
0.311098414389
0.457358317955
0.293681783549
0.255058998955
0.346689686416
0.310970374696
0.305591154782
0.412260544164
0.392112654827
0.278752006083
0.384326380881
0.293528959302
0.33583627795
0.351107232363
0.30929547393
0.343118694996
0.407631492655
0.417482038914
0.293814392206
0.319111655442
0.375453028614
0.252818922626
0.328845016284
0.307445057223
0.343164630043
0.228782212115
0.269702872298
0.320569459104
0.244750026631
0.336435937087
0.332045217235
0.305435265662
0.218003419953
0.304382259638
0.330684119066
0.17227420967
0.29446081824
0.277071296756
0.219516609795
0.302157209524
0.264256798094
0.288232760769
0.365805023335
0.319822045691
0.307989248272
0.18841948197
0.289119509269
0.283750894565
0.279582471352
0.286334410964
0.305295736827
0.371896104526
0.234939431251
0.294157127356
0.322752893964
0.362663419782
0.301290420356
0.288279705211
0.331861230172
0.358621579506
0.324202663706
0.330674908073
0.22744483609
0.354145227924
0.338474986424
0.30071122423
0.35054989571
0.222070927865
0.265293838386
0.285385633673
0.381781318497
0.29931791709
0.334012181296
0.279948945312
0.304442269155
0.299640733882
0.286885215833
0.291956858371
0.328681371625
0.323131014011
0.403492567605
0.271792030637
0.214157684623
0.326970566449
0.249171281736
0.260707825085
0.37515851171
0.262186103382
0.253216318672
0.360814810174
0.393020792716
0.312970404566
0.327012315177
0.278556956465
0.343374342718
0.341032919664
0.285717905742
0.239677864873
0.272449449138
0.297437447795
0.292488575528
0.352476546742
0.381607936166
0.396285010763
0.285110625296
0.317345489822
0.198456981704
0.292429167868
0.240953514232
0.345638490344
0.360166373533
0.327837990055
0.266713225641
0.407883286604
0.367827446789
0.331589042137
0.37002172287
0.417302414989
0.254687557182
0.373718684578
0.27715840669
0.349019006003
0.243596035529
0.372076505115
0.37430875967
0.287532626962
0.287832072703
0.27704344191
0.266723095139
0.220359075557
0.34279715618
0.36680084658
0.35309431992
0.237505794691
0.321805019749
0.421239342452
0.315345455819
0.40349933566
0.336920512572
0.276351422076
0.336984001139
0.262102534771
0.2440495505
0.291353409793
0.296578996
0.298618823616
0.31890989698
0.282502974555
0.343889378596
0.25966863594
0.284435780214
0.335904770867
0.370536952188
0.273430897043
0.326188329859
0.316128979981
0.30089687627
0.320861764337
0.298317309502
0.328946642197
0.363240951522
0.311159341123
0.289841580428
0.301087176952
0.312202882699
0.216436112461
0.325925729123
0.416107351449
0.349849040904
0.299770968152
0.351185847456
0.24166703752
0.320211821776
0.227702083323
0.20252688962
0.348872299773
0.330203283756
0.370346123457
0.331357990636
0.381017347534
0.28774726542
0.268775010116
0.259212472689
0.222694446573
0.301653287396
0.248791827739
0.332230436194
0.326911946031
0.282907515349
0.367865246422
0.378621583691
0.324459447622
0.300569925064
0.27898767335
0.36165896383
0.153405438355
0.273116960058
0.295730748105
0.259673761932
0.259182196797
0.295973310646
0.29058286937
0.287898938313
0.301091549485
0.414163889771
0.248431277408
0.290856252308
0.30598799183
0.271813720345
0.307012049792
0.313003493073
0.322715930264
0.262989110685
0.314027006455
0.304402677119
0.305032692853
0.285625893509
0.323752586437
0.361316824894
0.387838417375
0.250388731279
0.435619813818
0.387238843468
0.277255887055
0.366760999063
0.280274524424
0.429567695811
0.326369453093
0.264281360746
0.368828411211
0.275628862355
0.277776915321
0.213953473892
0.215995555124
0.347711975986
0.284608868358
0.392042221074
0.324307940229
0.323352793058
0.327881225856
0.293481418275
0.284777933866
0.319623639936
0.170282878399
0.300819505911
0.325953379066
0.343159075772
0.376360588531
0.30675677922
0.283776341776
0.308122268694
0.286584882003
0.299659508694
0.323376538569
0.223687269281
0.217686001738
0.346391441042
0.31287880387
0.323818557044
0.379679111443
0.211206413845
0.299852653651
0.41584800204
0.360417719858
0.323008267971
0.260156289046
0.325006923756
0.285168811109
0.36396398436
0.339616346391
0.29478587092
0.250581923142
0.253525374863
0.383651197081
0.388270446145
0.275129371158
0.247000812437
0.366948242206
0.382332716309
0.344004031857
0.29430427658
0.276342834989
0.260526790507
0.249983617623
0.293264577396
0.390027191163
0.289401958048
0.340137185473
0.306766274813
0.272494409296
0.427015508432
0.255887699233
0.312696945376
0.292632558141
0.342822421736
0.382390986951
0.215947408748
0.31425031748
0.2843307662
0.407862828368
0.203116047049
0.237908924573
0.306774332524
0.251618729298
0.29417154434
0.311088071915
0.294602178327
0.30341565943
0.293515707225
0.229688705119
0.300539065314
0.35975993708
0.348745578607
0.374002656872
0.323961899204
0.279903807899
0.263739555248
0.304749929075
0.326182491855
0.284487135545
0.261986548327
0.28586662191
0.366798138604
0.30332399444
0.319077309229
0.274419551753
0.306499405145
0.248227772639
0.227781826789
0.372987566994
0.310165616409
0.381508977973
0.245389587912
0.353458773546
0.276511851337
0.35263285715
0.298788331364
0.237845778326
0.378874808187
0.373461890858
0.331326420989
0.292092330132
0.353172453844
0.403045996704
0.31701171787
0.294985795647
0.303119307671
0.281057788635
0.247424263267
0.342646864685
0.325703755493
0.265736943485
0.355315921711
0.304230672398
0.234117536728
0.30070136944
0.308902671179
0.340724598542
0.385146198607
0.302433273795
0.392894706947
0.248886719516
0.275295936939
0.30880184816
0.292405673866
0.420656065982
0.343631016719
0.261331482964
0.310945093814
0.221244691752
0.215681208544
0.265510120869
0.333247833778
0.308177017621
0.28559261819
0.283005972672
0.291396622902
0.309727655623
0.365034053901
0.324168262313
0.353927167997
0.344168317992
0.289614801639
0.241012472627
0.320402730469
0.346969236914
0.327946027568
0.294334299351
0.340411960113
0.294973514873
0.346545787201
0.245107214219
0.318950345934
0.258480954603
0.396179476762
0.266765118258
0.313001162417
0.290113999346
0.326079152609
0.284619706679
0.257171978847
0.38410108214
0.314853393863
0.338204240299
0.325706158809
0.38173246741
0.248135899432
0.3066323943
0.287406416097
0.164029665519
0.323177832518
0.315035934819
0.282595630743
0.322629436519
0.266855535274
0.313350906656
0.335169439196
0.311202028908
0.260643103717
0.298370309488
0.267189064192
0.399877043329
0.245163234851
0.378326212363
0.36378174743
0.383574954562
0.299620122283
0.341343526735
0.361139543766
0.359508578761
0.208049092372
0.221813508197
0.357544989849
0.328665825114
0.31303119709
0.34618760417
0.307719265368
0.290468411672
0.338966057484
0.268012375134
0.157971459334
0.249018943272
0.275353641075
0.27302837981
0.230983869149
0.394876492697
0.301556718014
0.331345006542
0.210951988129
0.294189578258
0.378888881901
0.285528849754
0.364476681979
0.31689799326
0.194539408059
0.316317142829
0.296685342825
0.314445414455
0.262677445515
0.313996203611
0.289992732048
0.264545218511
0.303173488797
0.264860558967
0.260951490483
0.246254268188
0.321926549348
0.319922586903
0.401996171643
0.345664135903
0.249548866724
0.34312316963
0.275552611358
0.268827541424
0.240867595526
0.29894949798
0.318658557516
0.351672277295
0.247504598181
0.27158554392
0.372356169529
0.424956501989
0.447081924656
0.262251769707
0.258968254585
0.254572853916
0.301125827967
0.328656205218
0.357365199886
0.42598685904
0.237488629079
0.259260018357
0.42721157223
0.267605514871
0.320909870546
0.332061763244
0.296116477681
0.388911567932
0.288796758648
0.275560914555
0.22046337288
0.292977405074
0.29582163051
0.435100104839
0.336326018823
0.24828708875
0.332036707787
0.217031968147
0.261858732203
0.344931680742
0.323399206724
0.341242832586
0.358848655385
0.328411621211
0.346314177222
0.282985536024
0.404748422037
0.330638072945
0.266559764434
0.27176735413
0.324707303708
0.273756131415
0.303468744606
0.391055920219
0.226749446961
0.39345099871
0.225812806786
0.247845051643
0.282386642311
0.348792996744
0.35184687483
0.358245440795
0.26348769024
0.296716732243
0.360409625427
0.272845658758
0.378085424927
0.298677600665
0.242652426622
0.379141446998
0.214439698789
0.347678430952
0.30225799969
0.284945260536
0.316229199352
0.283408290632
0.233815577413
0.257742550571
0.295672207979
0.340018971244
0.296103041492
0.303677379965
0.285374876855
0.264718472835
0.381951390258
0.274347750199
0.217180226235
0.294770213731
0.235354464305
0.299126138741
0.402082125417
0.243559466838
0.256089887255
0.378182006305
0.274922339179
0.330055531986
0.331073061197
0.303000375942
0.460859788648
0.321291088464
0.357502954007
0.33322228458
0.280696789087
0.296859661346
0.259846617336
0.344928359751
0.43776017999
0.307241531538
0.244792613866
0.323887570528
0.326456406429
0.36567680755
0.295907298366
0.347499502362
0.328634805456
0.377088378566
0.342764097757
0.365375016166
0.29241728267
0.294239873167
0.414038671479
0.272073849361
0.354873621706
0.32658505566
0.229794345033
0.336324189678
0.293505435491
0.309618701914
0.23047232495
0.257200389889
0.379073276975
0.284898718598
0.340809773296
0.318953011836
0.297631406228
0.403111173808
0.316214189492
0.306576493974
0.348395891979
0.363250700029
0.366645808882
0.306983911361
0.318457962058
0.337905425289
0.44211082414
0.261716756716
0.362554628432
0.3459119031
0.220080495758
0.337715034099
0.28711753689
0.296785115919
0.404478861412
0.361983123447
0.368042707795
0.306360303638
0.253343365738
0.293368327438
0.25025640734
0.358318273944
0.400490181016
0.284152966749
0.38133134354
0.354183631068
0.383184865766
0.264669630715
0.258993177386
0.228324728547
0.254998785091
0.35888824293
0.256889529607
0.320717529465
0.389422927799
0.268825830743
0.241329905755
0.297755107675
0.29070244586
0.253052721505
0.312582400592
0.301406041546
0.291325224295
0.369678517499
0.241680018551
0.292352258942
0.284716175215
0.28973658325
0.28166664173
0.285467296769
0.277585761494
0.303790086504
0.390127886907
0.388529239857
0.21951014024
0.359975731456
0.225838666575
0.277024247611
0.276077029791
0.185584881944
0.173136995066
0.30738096081
0.209141037901
0.251374999975
0.282365276367
0.31355099374
0.226214734279
0.335447552641
0.297383927197
0.25980848383
0.4102345227
0.345799690406
0.261224775885
0.356324990273
0.294869034244
0.372033938511
0.241816437164
0.303606580984
0.387181393189
0.300005174732
0.348934290103
0.325563609123
0.33055982629
0.308165596872
0.290066711534
0.395829078033
0.293893675479
0.339894504
0.41826440359
0.335064513881
0.268108621243
0.253831091567
0.333457893475
0.256452219543
0.361714730953
0.419346828988
0.31702452943
0.334006472674
0.261720408579
0.333937233595
0.269749883003
0.503876170788
0.267535685232
0.301787973058
0.322617685282
0.240885270672
0.277192889624
0.210755010528
0.296161607181
0.271181237449
0.410776154778
0.395307208455
0.238325872329
0.338003574762
0.248770587
0.34975582617
0.354518593776
0.273803995069
0.312473751212
0.274528346951
0.299429766908
0.511268033969
0.329811344333
0.313966354162
0.221865344351
0.331095534721
0.279900138061
0.292299110681
0.388014219252
0.215647171077
0.212015278007
0.304752938687
0.21387569159
0.403809857546
0.326807368603
0.301745394958
0.260663832944
0.351048136188
0.271110217013
0.306823275716
0.28887378682
0.307989349732
0.242928664577
0.195834151532
0.291167203487
0.396295743277
0.339683421244
0.319522025719
0.319465591911
0.300218716443
0.261872309464
0.337216248748
0.257575356532
0.298473556446
0.305951586949
0.383007732565
0.220600936886
0.356339014566
0.308575361432
0.26534535873
0.264368625799
0.326978271105
0.270305687501
0.280969544082
0.336081002041
0.278963657774
0.292911980359
0.289458204245
0.312661389822
0.290594518863
0.318282442627
0.234927965111
0.294585582932
0.246061568142
0.237325095259
0.287651956954
0.243766003607
0.320365219984
0.308449327168
0.212863156033
0.318545291939
0.30266914866
0.296763116959
0.263827434538
0.300783003769
0.321959099892
0.328392090979
0.303549446166
0.299150876747
0.176761326213
0.158216802057
0.367731676883
0.196126834242
0.326336490829
0.185696853623
0.345321776431
0.344522951841
0.331958084318
0.381489707725
0.278334182079
0.183604101638
0.339029601751
0.321047462591
0.293858549022
0.238561266544
0.332226973996
0.290315518695
0.225190159448
0.281433490029
0.286961249043
0.339653418783
0.306923464567
0.305960309288
0.215117743985
0.226706116756
0.279451269471
0.317777071686
0.343037622754
0.369443749451
0.327048507702
0.254062418316
0.322624864346
0.39311622222
0.30814625209
0.365848304947
0.322087982553
0.199106888257
0.271056557353
0.289376505574
0.305308133593
0.274433937487
0.2617855717
0.354710416601
0.261242554474
0.341629265733
0.242081105758
0.367635508508
0.269528154227
0.314943130691
0.259435869373
0.328660307252
0.317073445636
0.296561096883
0.214598595377
0.289135536139
0.362642516824
0.341946559584
0.317611977882
0.368034746171
0.299029096196
0.39360209066
0.275762393282
0.365728902368
0.420498472012
0.346456876332
0.415147974948
0.353962499812
0.329540890922
0.379486096512
0.341405918808
0.312170509845
0.327562731591
0.234962477541
0.215582908337
0.284665767607
0.354158269855
0.486341761371
0.227339935216
0.388886466567
0.282571951951
0.308325866787
0.297033912856
0.254250810286
0.275904373452
0.300267774607
0.324662767347
0.291205126042
0.310513738833
0.437991329188
0.300742281889
0.307295255891
0.361750179536
0.253202085881
0.312055421545
0.317431555147
0.25889923611
0.421166342393
0.276361072471
0.319151554445
0.29367941243
0.35014550451
0.325799411308
0.26799293031
0.353243070765
0.420371683413
0.316849880421
0.303368297793
0.322883072636
0.369749311475
0.232654662594
0.35447992269
0.339939083855
0.338339240145
0.355142251737
0.291656849477
0.439907137634
0.274519923665
0.29641714226
0.438766508426
0.255730953577
0.255829086258
0.28287583576
0.391139201675
0.312094919404
0.413969490847
0.427281092116
0.359641582537
0.173970861692
0.373697809337
0.327161116808
0.205174810788
0.392283253988
0.330128191498
0.346694198869
0.264579724856
0.246488475819
0.311314812624
0.398348700464
0.382162595651
0.36191063649
0.267285604801
0.307610979027
0.362271514591
0.422698396992
0.227930994562
0.400066021397
0.304760737767
0.216054225186
0.358812415463
0.221857410666
0.415301634889
0.453813776713
0.335347992035
0.388821662952
0.355646298427
0.412704995608
0.308002653282
0.391525406295
0.281571767853
0.277958445954
0.319982247453
0.238044862713
0.402826084961
0.440604114158
0.307461873336
0.428422732676
0.22142729712
0.235740608087
0.280951396376
0.282574403033
0.267044397829
0.334120730549
0.276564400617
0.286348254301
0.291847044591
0.329261067552
0.30861137594
0.288717014261
0.353364835241
0.317610087614
0.372632831238
0.245283483277
0.412781745634
0.324367044521
0.375533774111
0.294571435329
0.37587209414
0.376685234004
0.295787139083
0.237363170731
0.284347577549
0.310134528574
0.291159689914
0.318157896317
0.219303636227
0.235234902851
0.217969044831
0.284505555593
0.289368550594
0.288554708603
0.333276473718
0.334344799647
0.322511313742
0.324645084003
0.282421181656
0.344781692348
0.249040672478
0.303398976283
0.256085078211
0.253026142241
0.334560487359
0.344836211037
0.252874046685
0.287897637477
0.309951998522
0.292980497657
0.333742192113
0.310382263694
0.324084723894
0.321472809698
0.259102240948
0.221976195541
0.348849549311
0.356372373135
0.188160018871
0.321585141482
0.272609759959
0.274005936583
0.207030587955
0.374731103686
0.348618417097
0.434853984403
0.199481925977
0.143718606265
0.325474906472
0.337291276749
0.35514207578
0.31682218701
0.272895847449
0.220339854834
0.331221067178
0.340177457999
0.319539806827
0.36972218007
0.271580486319
0.351428578493
0.236160517901
0.293682131179
0.272998744804
0.299337380081
0.217824709245
0.255905265091
0.284764731116
0.330141311478
0.220602963468
0.403424235071
0.30009428879
0.260236101261
0.273281212569
0.366447523942
0.33466831112
0.343481617258
0.314962325622
0.253523748057
0.27255280449
0.258725330537
0.284143897811
0.389461303722
0.330940616519
0.340972710812
0.406362523025
0.379656448699
0.324230907362
0.316901642235
0.250374048656
0.327820827956
0.260836637761
0.366379369008
0.386592225335
0.267421270117
0.285004476264
0.26332260748
0.295757714223
0.374925879565
0.275136819927
0.275495330481
0.223404205249
0.299318536523
0.371107141197
0.318345364297
0.348394999354
0.297799903535
0.403645652452
0.375774288023
0.303933317014
0.364879233192
0.301586613136
0.25383917021
0.2276167097
0.282169796132
0.211307756334
0.305562799107
0.302630076147
0.232222033071
0.242877468324
0.275909748867
0.357321832271
0.271613751113
0.276709100008
0.34204293203
0.230411396388
0.313906868286
0.354669458784
0.279639865931
0.40026237659
0.273440050507
0.220747895051
0.293264897976
0.266447765189
0.239093502968
0.341484276497
0.305620871113
0.406431164541
0.468059921002
0.284644892524
0.306932206876
0.370419506092
0.37498487446
0.247944271405
0.300415317322
0.276697349616
0.27331877403
0.349858598601
0.32099110883
0.36100480791
0.285789186518
0.36421935873
0.270784005055
0.333083546014
0.513543560342
0.188794049257
0.369477972606
0.28597341361
0.274430045178
0.330149198402
0.207855679787
0.364402705676
0.345464982742
0.440609376193
0.302450027695
0.252398556248
0.313927349669
0.333829262969
0.27457018766
0.371662599019
0.26563581249
0.190233604183
0.319734226721
0.262899473195
0.316631777834
0.449867527839
0.314032214876
0.21529103028
0.385153934388
0.326886876528
0.304961467577
0.278886141317
0.312769563059
0.314971456409
0.359317497101
0.323625181601
0.336098343054
0.3928140182
0.219863267229
0.271615198901
0.325591675864
0.334085851335
0.36152952583
0.348433164658
0.372025955326
0.216968254086
0.269125524761
0.314594664585
0.220323167658
0.435678682052
0.293844210109
0.422304562863
0.297683884234
0.555805496458
0.324657078421
0.387092878863
0.223196012711
0.279264618332
0.47379457709
0.238104687415
0.33826471343
0.248501028879
0.22624146826
0.368352821674
0.232387640624
0.5016093139
0.433600417118
0.358683927239
0.365380074032
0.286306426419
0.37921964525
0.335692221879
0.377597023715
0.344249376624
0.317944318885
0.458368021743
0.258805570242
0.273358450166
0.261297231912
0.399061423599
0.406494180919
0.275959039898
0.331694412174
0.276126616315
0.218695544657
0.359840760766
0.468908116456
0.392884532395
0.286617771003
0.251657495191
0.378964083924
0.494382502164
0.218576331867
0.360092950196
0.238616778317
0.245331841451
0.269742149325
0.384779698313
0.413267345608
0.329018485464
0.347555474768
0.354995586018
0.268877674673
0.242476588429
0.319047952454
0.337957269856
0.313739956141
0.336631682344
0.193394342085
0.341992806297
0.219376339323
0.388535477054
0.400306588628
0.269146776117
0.300649785683
0.319594524522
0.338058152569
0.37149017499
0.434519085111
0.403718106007
0.342878147249
0.217627573751
0.299557717111
0.335093769067
0.467623537134
0.266630275319
0.351064838749
0.344894741768
0.291623558145
0.29180482353
0.302088195885
0.444016066605
0.29271821021
0.268848704112
0.31521975839
0.396388847139
0.232833235964
0.242269503088
0.301484427881
0.345448490527
0.311593584107
0.326718365885
0.213546348212
0.333169978516
0.231324328514
0.230127990042
0.433515650761
0.258506864888
0.452948394752
0.353221478283
0.334172265152
0.231534620664
0.443627479811
0.282699505471
0.246378220439
0.260118716966
0.53622632589
0.301763183057
0.213711040195
0.352105422451
0.252652259942
0.293760117309
0.240487487581
0.324869758874
0.396369781863
0.313959972125
0.296948904086
0.328076428784
0.326388199249
0.235667188668
0.209003819861
0.289833153755
0.303104234211
0.354249913218
0.297274705148
0.391538709281
0.349206776122
0.232190488552
0.279809059896
0.23173735752
0.258300556084
0.380323985979
0.293420277583
0.265020125206
0.245157725812
0.281029952063
0.300820719855
0.245146630567
0.428944956115
0.356360142092
0.288360803934
0.239018643813
0.266595768326
0.33039840845
0.364488253785
0.322618733979
0.261012138227
0.384497346382
0.279938171029
0.357419580245
0.212219050156
0.365070842682
0.30837295011
0.342129308745
0.355246153492
0.351156698922
0.26638547907
0.282044550788
0.267387639333
0.416640775621
0.266837072842
0.284978028162
0.327882268189
0.297281325328
0.36321177615
0.254044648839
0.297109277987
0.453508795241
0.290679524513
0.376237694357
0.321902449688
0.399863069654
0.303528124742
0.359020089087
0.221843679246
0.239276499511
0.346955512962
0.283595870777
0.319221899005
0.2488324188
0.341252145424
0.181629385367
0.312730342556
0.301131047386
0.30738592579
0.50324538171
0.32147178366
0.19416814337
0.494600474814
0.267969943574
0.283618480807
0.290359842333
0.389130607776
0.283806644678
0.321488841726
0.376908642894
0.333510547772
0.317880222602
0.38512986727
0.372301647935
0.375449821972
0.414250780943
0.32649520835
