0.315582779144
0.319272288808
0.334100903426
0.256745358732
0.24360923754
0.360334895226
0.2761207786
0.37571421141
0.386399963627
0.202995892608
0.295450034582
0.244118853093
0.262203607972
0.31492873313
0.34174255326
0.305658717355
0.280837376094
0.340239967039
0.31763291287
0.292971810179
0.256961205562
0.344483162581
0.235384370335
0.259701321468
0.24206243329
0.251326799616
0.236973333188
0.287209091947
0.283702088992
0.245509260229
0.263531562267
0.264739701196
0.336076576213
0.185089277213
0.352901293343
0.201505826066
0.348740622014
0.316767623578
0.265700615488
0.346630987713
0.253621017694
0.227462933983
0.335809995587
0.303325637759
0.239351652523
0.327632960365
0.395198537682
0.252029054633
0.230414235082
0.283890507709
0.322480250118
0.334707664995
0.30369547316
0.415101748668
0.294002023974
0.214864247114
0.360936295328
0.269181968306
0.304756433119
0.276161670286
0.298718359975
0.308469389293
0.30457333972
0.363581054524
0.316988662411
0.213035202727
0.354529084541
0.185598617497
0.298163538013
0.29877785513
0.257300823684
0.285067305575
0.304905167825
0.202700431111
0.271106191878
0.261693635788
0.244275686899
0.305323656445
0.182223872747
0.267601917832
0.374148986561
0.430508105208
0.360950938518
0.322233388251
0.284102326076
0.241056908259
0.334201134312
0.382515591136
0.211771698314
0.256147867847
0.26734466701
0.247408025698
0.243706723585
0.297396996102
0.261151924556
0.282573371029
0.259898754103
0.206381435759
0.359000218763
0.14853666034
0.233412472596
0.324843965037
0.250817350098
0.332043096095
0.214323494443
0.324621915504
0.206113956649
0.286067346585
0.320918737969
0.402345194956
0.20213796944
0.333685138524
0.324191642802
0.277736379855
0.350482673125
0.200397192371
0.334012631955
0.378044320646
0.224767032126
0.396730637684
0.260259266349
0.319405036934
0.240757378665
0.243978855505
0.234611031075
0.238719360732
0.318165248008
0.335661592795
0.327638082087
0.371178932978
0.214673177039
0.290494722488
0.407398218849
0.19331063113
0.317101604
0.269766464528
0.227337948896
0.367067405741
0.302916687919
0.423193938309
0.245351330027
0.229929724491
0.355187660791
0.250383223691
0.306670005596
0.374866711513
0.230402660387
0.300539805739
0.314184403345
0.332420222536
0.279497184462
0.222513076755
0.31868981521
0.278667309311
0.218485252131
0.316278709523
0.314486627861
0.323008004024
0.302625344605
0.325163446527
0.198833852786
0.277475181439
0.328475150325
0.348868433248
0.36131602735
0.167791353074
0.305889925138
0.314709423568
0.297333528475
0.338435276651
0.281073737004
0.306678276786
0.271956738559
0.277647723687
0.282360955913
0.303892475101
0.301928748164
0.261844041038
0.30368974903
0.351624984207
0.27464342594
0.312035950717
0.330193441959
0.271773441535
0.2617778775
0.272357597286
0.30471495337
0.329417178561
0.303992995236
0.304653098362
0.323058333334
0.238918283091
0.357896658755
0.279702575758
0.326972287795
0.232333100317
0.297459605722
0.232526001211
0.344438052657
0.350397323674
0.222778884194
0.296352402304
0.359111771995
0.339140313963
0.334440377888
0.327205205834
0.296811241519
0.322950975317
0.355816075871
0.286795534377
0.275430122703
0.331617887892
0.350900187574
0.291988958008
0.44717989748
0.404346601475
0.400893138699
0.279558294467
0.32936176624
0.199790110577
0.363137822832
0.349276470451
0.302002458844
0.351066794261
0.346762517111
0.320403225214
0.207907379732
0.289089652655
0.283242284224
0.269026759711
0.353948054273
0.213843102697
0.329591033463
0.244670265245
0.278120623476
0.248256566517
0.289480393293
0.246794475813
0.253989367841
0.273351060411
0.260816797378
0.323046801929
0.313914318104
0.269770994083
0.408072669711
0.33355413244
0.298139606274
0.28173511406
0.290219424926
0.255319869254
0.319288232835
0.299250558586
0.339444773589
0.326674614562
0.40189404303
0.301750276217
0.305535237806
0.183976888673
0.342513524053
0.263149348431
0.272160991306
0.314124858862
0.337444050926
0.283907500119
0.324527613835
0.238484588712
0.267325768747
0.314362044633
0.362158973361
0.302585735771
0.460209843853
0.380148552463
0.370682267279
0.2429646023
0.223344996505
0.268577280448
0.327066504349
0.352234021774
0.244921213504
0.348158364044
0.315932296263
0.4472313599
0.3703973387
0.355552977738
0.326491867497
0.254214332352
0.349870779056
0.346030225829
0.296348843738
0.344235485037
0.276908273585
0.310202509484
0.289991320968
0.239950176264
0.349815365811
0.295446431462
0.28621076299
0.212334216049
0.307156621672
0.30671813464
0.354535877116
0.368571179006
0.312854596003
0.197012397228
0.23077921345
0.259838167938
0.353133145593
0.330225455553
0.303148342676
0.300120573356
0.305833928236
0.368267430204
0.25200603165
0.347532555615
0.2047049117
0.26148503206
0.363274105191
0.30310889715
0.323224271926
0.307475952627
0.269522544849
0.311727415804
0.2318669021
0.333204935595
0.267165362191
0.37120399637
0.379094929418
0.274151627352
0.232190515494
0.266293674933
0.299015927984
0.279972201585
0.352179309845
0.331175797987
0.312461657896
0.316782186141
0.230378472785
0.311595022082
0.194701365064
0.360227205213
0.309597102092
0.33370648048
0.291215872801
0.286380313309
0.324912021082
0.33380766675
0.359044292862
0.280221618294
0.37662639808
0.292889943343
0.337258657634
0.268995072092
0.325749113615
0.324395183842
0.372874617356
0.358778783017
0.211266631942
0.261643278491
0.307938359597
0.270715140974
0.334640944543
0.241783026304
0.215807840238
0.337935768351
0.195113198823
0.311004422836
0.251824349279
0.21958757443
0.285881921076
0.393304884595
0.196811521895
0.246494652411
0.227482784466
0.302949203527
0.344623590369
0.370997829903
0.234951132978
0.323692594512
0.313966387929
0.325642642704
0.293727986088
0.273277815028
0.277115018032
0.279286983636
0.287760403986
0.234811950278
0.296269993789
0.316980777168
0.246114847559
0.407815847336
0.299130541014
0.25984618375
0.345101925917
0.326154955509
0.257873820759
0.34119263077
0.281660633224
0.26830758234
0.220971787608
0.429421235843
0.301136420793
0.24843565333
0.247751341097
0.331888351291
0.211950292366
0.264253821689
0.418649632264
0.266164594466
0.196377000578
0.219950535836
0.197517443412
0.241525194576
0.379656844313
0.333800467241
0.262686271459
0.407385888259
0.37852202661
0.257431714261
0.37416567472
0.242352868158
0.22670783613
0.316543511383
0.217978197415
0.389105429532
0.216221793922
0.325080054904
0.321635739178
0.203358460922
0.411879434408
0.27095604838
0.307034294499
0.350983629154
0.297012610844
0.40178674214
0.340814175455
0.285824211573
0.313743834824
0.319832497927
0.328263932922
0.237691802339
0.315157139068
0.280856415877
0.301134732071
0.3477931368
0.302126817433
0.38351658234
0.346213477949
0.426467629428
0.189844006411
0.267360949018
0.314624774657
0.270769134758
0.384279309937
0.294052531516
0.344932158832
0.235931152541
0.263448871076
0.297628946964
0.340502688659
0.281197813386
0.287705934996
0.253171811988
0.367284091296
0.230189922834
0.390497753967
0.327160334543
0.333491253811
0.255499124847
0.331401361079
0.184465091791
0.348234728661
0.302639935657
0.314595165059
0.284163166942
0.326958920861
0.224498255645
0.359697398361
0.268209889236
0.301560453765
0.38033833488
0.343389152203
0.35100177421
0.277198013468
0.297011573776
0.249189655117
0.367734509491
0.342055312114
0.281745850469
0.282909291444
0.278992193733
0.292356463078
0.309483568948
0.26579951029
0.215268643891
0.261300573705
0.284515688681
0.315113183893
0.322835984774
0.233435408542
0.25972307861
0.257848365428
0.326305489594
0.312660964927
0.356325210576
0.303926726609
0.354504465092
0.382945874103
0.303948856722
0.266074112112
0.287650003773
0.213592961027
0.29866902243
0.262719797685
0.226736324974
0.269093701708
0.249354770888
0.289429717755
0.268285357052
0.251836394965
0.311047295392
0.364728512042
0.336232506376
0.415314520547
0.201845892213
0.320411165109
0.18373578473
0.368660635391
0.293428925616
0.2149340713
0.230526114679
0.200689649473
0.333479836195
0.216556145366
0.408783607867
0.351520953377
0.282109183987
0.351688646574
0.283684643328
0.193888407933
0.198173449325
0.328404401209
0.250780434221
0.322220068789
0.268847660779
0.352598251762
0.240122052802
0.293774343323
0.257079709892
0.230802742332
0.267797367549
0.255984525318
0.324052516053
0.315314235967
0.264731124393
0.3187664451
0.345599118575
0.334895986282
0.258426542312
0.36895776658
0.202273448622
0.313020640562
0.292151187061
0.356166496382
0.272572711543
0.378786268986
0.304239865627
0.22632657067
0.296401887062
0.277075142026
0.219723544152
0.319742337739
0.271835220173
0.324163235614
0.257666526162
0.261420848106
0.376544354396
0.274760600553
0.311271449558
0.310564898621
0.430051826556
0.368002723468
0.402476501469
0.320281740394
0.383695868982
0.268378754618
0.304523533154
0.287802935478
0.326993595539
0.250745641981
0.323638363261
0.363077626231
0.307390438094
0.307413308072
0.282938528729
0.263199212707
0.341719940447
0.318957007864
0.247377738583
0.357871312659
0.352587099578
0.299326054801
0.367347982335
0.314924557217
0.378972691487
0.304577017235
0.251797876964
0.314933274717
0.236694292012
0.281649095383
0.450913899428
0.169470253627
0.300383465452
0.250386312258
0.254308632238
0.236048546124
0.247473545818
0.276819988305
0.209879808065
0.312449757004
0.269617708401
0.309423551687
0.301283383634
0.340072266583
0.246146682362
0.314662082153
0.367977463465
0.262507865929
0.239018692225
0.258802194795
0.283615291599
0.257762973889
0.310913733048
0.266783176221
0.279257510575
0.341281399491
0.344428688562
0.328249541138
0.346856900639
0.262915408793
0.1667009541
0.271227242306
0.278948782069
0.233221042561
0.290959322554
0.355261691575
0.350738497957
0.334229695056
0.336019369277
0.240368227452
0.291849928089
0.309820398865
0.239041356686
0.295675341696
0.345527473555
0.3114811895
0.227295140132
0.314970539663
0.277205501804
0.340091949165
0.325094175494
0.344122700995
0.238864470304
0.275820923328
0.371511433857
0.32616654792
0.290716869314
0.257023751785
0.255751113872
0.255863001926
0.233599578675
0.414230763876
0.274348694051
0.262548319966
0.277424866484
0.269439304771
0.352517688819
0.340635212463
0.316429213597
0.290985987008
0.260986848333
0.26448435405
0.29241406249
0.297168429388
0.28747139713
0.361844001675
0.178133878356
0.405032186347
0.251726168757
0.288682925846
0.378710126814
0.291232101862
0.236852979018
0.257090273141
0.380989790407
0.340403176695
0.35073743532
0.211484591467
0.330857823853
0.286369061246
0.302295145164
0.277249480937
0.274702161204
0.203837916251
0.239150074673
0.299167648547
0.165883778216
0.413474630271
0.31117493448
0.240200462999
0.223242881662
0.273027235546
0.331912728689
0.297456141487
0.350230695311
0.287445718643
0.277544385417
0.396888407755
0.264479693657
0.307549750623
0.393724048342
0.379176046469
0.339181170536
0.306027824809
0.276603842293
0.269830490218
0.343303582003
0.351505017348
0.397251321404
0.26656932152
0.31730586645
0.371169591164
0.323495886168
0.247815404771
0.219719186262
0.259152401769
0.211797864282
0.22241165338
0.205796557296
0.306402895499
0.291471609995
0.235090812377
0.289977507694
0.236221283463
0.265133350618
0.228076976419
0.317801476281
0.322067414572
0.226159911379
0.247222056144
0.216449396605
0.30581613752
0.295559222764
0.191783776655
0.363830119302
0.28808028905
0.264641173757
0.24446943174
0.248553117851
0.360572975708
0.261978196275
0.180934797813
0.356192239444
0.344226755246
0.200359617761
0.317376093905
0.279574492587
0.367248652165
0.198900076956
0.239384812527
0.374621346005
0.357235261525
0.368949967062
0.320041392623
0.306444803066
0.2387003906
0.385287397174
0.360067325648
0.344066629186
0.349986288205
0.31685897213
0.249260256111
0.320430849064
0.371822288064
0.322523653021
0.313350872278
0.250655794176
0.371343267726
0.334769033377
0.257472989315
0.296823378582
0.255955803737
0.293773290156
0.373815471526
0.355898891977
0.296473720209
0.337689246804
0.305002983185
0.295375105859
0.403616200831
0.313344499766
0.264128594323
0.307009893413
0.322937485664
0.269726916171
0.236947214805
0.251728669756
0.236445012806
0.327262923856
0.283849071905
0.222691047983
0.281515478421
0.307628289025
0.358042200255
0.336763699041
0.273141181422
0.24946038776
0.35536218676
0.329849874008
0.244162739266
0.203634618438
0.280045611907
0.253765059817
0.278306181904
0.253959249071
0.342042703748
0.255501972143
0.302409385794
0.302569932654
0.333943162276
0.27819518114
0.241749671728
0.347404176443
0.279015669756
0.241815707573
0.276613423157
0.366006725268
0.324064030888
0.332173767711
0.318574442144
0.296093719911
0.40657065211
0.268364396302
0.365924017691
0.27628037134
0.315497268579
0.258003187318
0.348076819237
0.266727330003
0.26538815985
0.243659563524
0.25610895995
0.336560278894
0.242936267079
0.376333262165
0.228962098116
0.252718083836
0.301520545409
0.336766615425
0.268104839187
0.372135174064
0.263489682563
0.212017967666
0.330432172055
0.285522500353
0.274718642331
0.348821575729
0.268504386823
0.384583734515
0.415957805771
0.315660916541
0.310414100345
0.379796112146
0.204363444446
0.337549244703
0.255445090938
0.275723440029
0.307244294863
0.299716633643
0.273532406812
0.254708514671
0.335710045614
0.230844956278
0.224883451268
0.230889912908
0.338661630186
0.305495335635
0.29558516118
0.372599991661
0.2397352791
0.290220584259
0.242760530447
0.335884640415
0.377118511776
0.451477098129
0.195867312996
0.295122702622
0.261038985835
0.274912818368
0.288997564453
0.32876462555
0.302319140766
0.297029703116
0.404041774181
0.326866444542
0.224066010202
0.275755601403
0.271693063525
0.357229311783
0.367840355174
0.274142399132
0.271342033916
0.273930074536
0.322784051687
0.37423717808
0.270248271239
0.337249315109
0.346534995486
0.38902321253
0.293113167516
0.353346827702
0.356528215894
0.168381381945
0.333006843315
0.255366517991
0.291733086573
0.299599886894
0.313865342642
0.30748926943
0.279763083534
0.307377179094
0.280180273238
0.2781285733
0.294088413248
0.369981513043
0.228128609539
0.317340103644
0.332532876766
0.278524578605
0.319025481576
0.212795110829
0.266815277665
0.27816396879
0.250873308731
0.367939583032
0.278633017295
0.339153433817
0.333164564324
0.322288431149
0.37586564868
0.371139811146
0.366195029117
0.314283607085
0.366530104338
0.300541772664
0.332442740974
0.279892180799
0.35511788912
0.379637493699
0.326074828138
0.32506730287
0.331098089496
0.301505843814
0.282438036934
0.224476422649
0.301386453501
0.33512272144
0.298191195532
0.230275723563
0.256204475851
0.332681069509
0.261607090526
0.326212702627
0.29866886899
0.29866752553
0.29999965121
0.230654220446
0.301378290564
0.347864316837
0.296733383199
0.277341809264
0.274451397104
0.274220575018
0.295590427124
0.231748942463
0.35097896435
0.287309635834
0.29571296713
0.310745975208
0.31558022594
0.321428081452
0.300304905038
0.313654011213
0.469499518369
0.231213641988
0.263005906099
0.335970505526
0.272252418342
0.389947289608
0.329552161318
0.430718391593
0.333671852334
0.14710907869
0.275179224882
0.158071775244
0.294383270833
0.364594528106
0.30397634484
0.307509996234
0.358651073409
0.258569018081
0.356165758064
0.318360708126
0.30575182747
0.379871281421
0.341914540768
0.283671872668
0.23587465343
0.26650467291
0.300423287529
0.302659721972
0.336857707031
0.369777119086
0.305123859223
0.384548917821
0.297613532346
0.239582271234
0.299137633805
0.226877437611
0.325893526798
0.349988871977
0.351258393507
0.299940196222
0.342397987737
0.404202091385
0.24445333073
0.338472988808
0.306233437514
0.31270726128
0.322181234579
0.398070731985
0.297897216475
0.296177402004
0.234968763262
0.289879417302
0.300081539679
0.389392709856
0.25290405259
0.319594313056
0.222706772395
0.332640989173
0.247487203234
0.256398690784
0.340094186179
0.382995925939
0.266935072806
0.322334866579
0.328391202952
0.267595486272
0.312916529725
0.39072770229
0.370875682895
0.26036901027
0.342299300854
0.233483847389
0.23977462112
0.272668739151
0.248549464949
0.416700909969
0.268426716848
0.248148242748
0.250579881582
0.286019914232
0.246755339895
0.344462559781
0.321163842532
0.263390765807
0.324702050522
0.283487839505
0.306717505792
0.224312931069
0.238783781152
0.36776963074
0.281988720344
0.339216791991
0.255325962956
0.40599962285
0.247801267986
0.202809876007
0.279699123487
0.279070744651
0.252444186572
0.230913213192
0.309483976537
0.259531608461
0.337345841376
0.254255735991
0.279791356374
0.270023608818
0.365298611338
0.241070572444
0.280774449637
0.304521634858
0.379255626526
0.298352981894
0.291665130835
0.267032919653
0.252487094224
0.301579794523
0.292324809779
0.254952164966
0.343123798576
0.245263892989
0.221570876917
0.363974336083
0.311909069113
0.358520290379
0.361196170229
0.226617457999
0.271058301446
0.152136975215
0.426602043694
0.2673201476
0.208173376356
0.275155025722
0.364076706333
0.279509880338
0.303396635738
0.229191155328
0.340158181844
0.419322250002
0.341382194121
0.306352641196
0.282299402971
0.300015554499
0.172183528942
0.296377537752
0.1964374057
0.349749040544
0.33232745353
0.302666257596
0.266345573601
0.28851716282
0.330913538433
0.235133207736
0.372544425254
0.35539146987
0.313787368701
0.314318775981
0.308897276638
0.31501483181
0.311995234115
0.222049978375
0.349957344295
0.312423077297
0.164730642124
0.28799520584
0.411998509011
0.319493183342
0.191092312698
0.291787674438
0.224456968235
0.226371642781
0.212631285824
0.278948877765
0.244193232573
0.364741010204
0.275085459151
0.273073182084
0.35689949429
0.24398644034
0.233853500603
0.380696698426
0.390283799836
0.319569268014
0.356402129753
0.262728484156
0.363234836887
0.365923837026
0.284805017227
0.235969291313
0.331060975853
0.247368136497
0.292686720377
0.352099620262
0.22821238234
0.262230140239
0.213379539085
0.279853644858
0.279003454963
0.242582810951
0.403060381076
0.321085390592
0.341692196645
0.317996207678
0.292406195404
0.293125320239
0.333958407177
0.277790611385
0.322220618287
0.301863402429
0.263564503016
0.322212129224
0.29624718161
0.365468205819
0.226534110507
0.282668087444
0.420627369876
0.302144263978
0.301066664273
0.359350404223
0.312282766612
0.29109881988
0.280893701566
0.352989126262
0.256976374089
0.34293743806
0.240239472349
0.351162590415
0.324564301222
0.2982540929
0.317780330465
0.372118451806
0.322070061148
0.330846589399
0.290979533135
0.350075687647
0.180787664975
0.278204000999
0.229375756523
0.344048517617
0.28281477463
0.308723692077
0.34448098823
0.295077757075
0.301163895941
0.209306100165
0.26873758945
0.322365511965
0.32132243382
0.31517227003
0.32044564824
0.341492452952
0.383955712751
0.361070868121
0.28022613743
0.355556069705
0.256504640398
0.322403553375
0.225015842998
0.267395281171
0.286706163632
0.437972360494
0.287232159514
0.317505185366
0.244795229255
0.283587434687
0.2670317371
0.356133432927
0.384908239934
0.317441869138
0.343339594789
0.368695578859
0.344208637798
0.278574432821
0.333764714461
0.31451916917
0.272398632266
0.2553208067
0.263588409547
0.431876895854
0.296994624661
0.290991938057
0.239702050703
0.272996661778
0.256361395765
0.28312412558
0.252241667031
0.217816345526
0.320042628957
0.290980699182
0.350664279203
0.362091450596
0.320944121962
0.269977505881
0.20775177633
0.284805993173
0.324750938379
0.343408861074
0.263708737226
0.421268186338
0.341471296577
0.334843746443
0.256808648868
0.264906892427
0.151733216523
0.33445077752
0.265504846302
0.290570185622
0.297523547432
0.270057449967
0.238364805552
0.319627598938
0.336268256685
0.266023647469
0.284221767361
0.200802270074
0.32107532285
0.30294699616
0.298912558996
0.332218736852
0.364519452202
0.169402239149
0.247284416442
0.262696680975
0.265956119697
0.411659904679
0.291665684129
0.280651693089
0.361027713849
0.232937665791
0.280850221701
0.296491312429
0.275639654558
0.313342217051
0.31342017973
0.294507335539
0.25629459991
0.288143714985
0.245206886508
0.339362492926
0.280847776688
0.327383147378
0.267511413453
0.280966812674
0.340257614721
0.311563012873
0.282233323037
0.343126403093
0.294498755012
0.324052797824
0.215393054826
0.365934111879
0.323384037867
0.35668761762
0.223850829795
0.288449866872
0.3611294322
0.345094409834
0.284593543576
0.330880297034
0.341966799899
0.340354905706
0.42825389333
0.299643958444
0.294924816981
0.269714719851
0.28207903488
0.274679471732
0.245472257202
0.322059122356
0.302965175073
0.303215869889
0.203473436882
0.293460263875
0.344688958009
0.251761260596
0.322997811867
0.294574922447
0.286749341967
0.305450868978
0.286373865395
0.271025236487
0.350527652503
0.272389165216
0.198692986984
0.327900625337
0.40699191051
0.321620215044
0.199074922902
0.170384715064
0.387017368859
0.203535494562
0.229828013952
0.232503454299
0.227408935782
0.348603775675
0.303709225552
0.327454042917
0.352566433481
0.229130754242
0.357289722141
0.388650725645
0.374849776196
0.279006173628
0.257152719018
0.20553657297
0.34678222181
0.359294887255
0.337430963078
0.327460778839
0.264078676849
0.321533609977
0.26570966788
0.327250681031
0.246770048177
0.375038497871
0.255310542216
0.298235176233
0.287966154423
0.290023644861
0.308201757009
0.371396836326
0.35908383255
0.315230553471
0.262050667671
0.251935646493
0.2289554715
0.418394532573
0.220838102492
0.280404778962
0.331257504878
0.385679977321
0.216532244592
0.263426366164
0.384395133266
0.329027502674
0.274628887893
0.290757453509
0.22921687286
0.373414551186
0.27279965985
0.351007200253
0.297875756836
0.21836463875
0.312683232879
0.271378775931
0.218631220392
0.277205146563
0.367022025554
0.336735987207
0.278755665047
0.368532203241
0.29303041811
0.240965147589
0.316720662844
0.321921257236
0.249454056804
0.324229072149
0.276782169949
0.277436925859
0.277324732478
0.147852378501
0.310821005056
0.254238987242
0.327693264571
0.280801242466
0.431430789949
0.281112657199
0.289248674474
0.35003173795
0.317364709727
0.365550973142
0.368798940797
0.257263804082
0.297399557312
0.285814532655
0.243616303677
0.274079210084
0.300354311922
0.299168748337
0.28299208957
0.24653976593
0.305932830449
0.371496720317
0.320896286128
0.369694944981
0.349157428704
0.205201337344
0.27504703022
0.332951324501
0.317037843341
0.287857487654
0.310589463721
0.248555417383
0.296247635094
0.42161236967
0.306825383637
0.376664044799
0.282452195327
0.24444328705
0.374869837307
0.157354309696
0.369944410473
0.391304205679
0.273909306675
0.396130044488
0.261993895878
0.33342654237
0.227849443788
0.339082265166
0.229658035028
0.323923644344
0.288711843709
0.238092829621
0.360112835676
0.355843216076
0.216514895952
0.263920073307
0.401815891709
0.262038991432
0.2221534737
0.210585204057
0.365016293077
0.300260085984
0.26032564598
0.213696178349
0.255384059545
0.265927541904
0.317871725883
0.362995538713
0.302462508789
0.219090018688
0.267074682155
0.430330401202
0.374113076149
0.274067053512
0.232534654832
0.355287106998
0.354643109893
0.347403911754
0.327656189317
0.353354141478
0.363655698116
0.351138516559
0.301331527128
0.242718397571
0.252354687698
0.386314454052
0.286134720929
0.324719156989
0.228660359544
0.309858101186
0.269422345841
0.327531369262
0.288060851428
0.456304936853
0.280820136902
0.212357467603
0.323165604145
0.388454632927
0.235168409075
0.36664944716
0.335986367187
0.31314246724
0.29784540227
0.264616755723
0.298836960612
0.34173569911
0.394830393498
0.360712579074
0.344778832083
0.262761418951
0.284434030637
0.280592695335
0.333140575961
0.296869822278
0.286375177812
0.259870951743
0.363635713216
0.309361250815
0.374658376818
0.242165797952
0.314360550163
0.352557909239
0.247574159446
0.288251082874
0.339440995902
0.274408401392
0.24286430057
0.304348340604
0.35698533092
0.284805680525
0.2873675464
0.212451648361
0.350054849322
0.337954690633
0.330895238778
0.313616892481
0.283576815683
0.278453775886
0.236017162138
0.279057518957
0.279333291702
0.29451890392
0.260488231305
0.297766242165
0.298053929864
0.316840218566
0.340047065474
0.263943217051
0.278420285491
0.357579517313
0.280708444381
0.248772249797
0.279706788798
0.380436148695
0.337006313991
0.255569752276
0.288359834627
0.239626822261
0.285592023954
0.246906658318
0.287010452239
0.344351227436
0.249006796995
0.271141321962
0.346467506901
0.306633915454
0.282224132233
0.241675345367
0.306811715761
0.242023655834
0.301383503258
0.343514834948
0.288219723162
0.346358487134
0.293851013102
0.278203516642
0.216193480636
0.265895993247
0.388200493627
0.283202075535
0.237437134906
0.262959736691
0.393042242547
0.307995849766
0.343051432808
0.287825934225
0.286256265036
0.519564391596
0.32620649446
0.234976676146
0.350856721388
0.255599329868
0.353239614821
0.239863775485
0.26908632555
0.440962995827
0.17605349698
0.242566952808
0.270887329782
0.224628887959
0.307120579058
0.330079811557
0.346751079175
0.341576157847
0.319765548186
0.317088999295
0.304386654179
0.316247764367
0.314770120229
0.257540397545
0.248251994977
0.257619773224
0.318937551156
0.298470721601
0.273216939971
0.280247112409
0.247430780466
0.185383290363
0.239909929055
0.349666275939
0.250161255184
0.304918090738
0.307448938956
0.266182958546
0.422978578019
0.266425453887
0.287029712379
0.269804605912
0.309229224689
0.295350015667
0.295686213946
0.338790770009
0.2487943206
0.29346830284
0.278070531466
0.311500597493
0.319490474037
0.383521870691
0.312183796679
0.328772383851
0.237561104616
0.272060979736
0.237808104913
0.233964106207
0.317264299015
0.29273932439
0.272616747326
0.304947614623
0.307590424944
0.294651015783
0.321710828817
0.289951645407
0.36010656664
0.310003269841
0.314394918441
0.318892169986
0.371662811267
0.263662670001
0.299528218345
0.26351548424
0.284137428713
0.308065197549
0.272770114404
0.262013786348
0.333889406644
0.288288555531
0.30681705756
0.246073889467
0.321100594822
0.331095012467
0.293983285843
0.436529587526
0.298207834361
0.284444557034
0.252629326016
0.254537877162
0.332525592003
0.282078018392
0.273830354745
0.241844147999
0.25505234242
0.232417108089
0.287944276488
0.319197788266
0.323408843716
0.247929157879
0.233412758474
0.284619707783
0.327648131467
0.261834340474
0.359364422852
0.360275539745
0.25555246362
0.315842959099
0.326969185265
0.32912682236
0.389308773676
0.34898732696
0.417553570557
0.245127524375
0.289606786969
0.272936191115
0.261815051525
0.290494522905
0.275985275795
0.291525479818
0.206458261964
0.270248371843
0.341250003582
0.252096399495
0.28530556906
0.260859370897
0.323190285495
0.248918768854
0.335580564086
0.291902968846
0.285512738419
0.279749453873
0.399265241403
0.363561240597
0.267153367286
0.365655336068
0.290228894458
0.182411976773
0.213340494139
0.2051397729
0.272574759223
0.363343981526
0.321493160224
0.238616998877
0.325881643256
0.330146071503
0.32661905819
0.327729842859
0.330128337335
0.351915074494
0.282697103185
0.393076170928
0.32141882509
0.255477248149
0.270205436378
0.267713050569
0.241332801232
0.32838106536
0.231940940785
0.266139365806
0.218240697216
0.311304922591
0.276007125597
0.332378866989
0.263737230312
0.216772791746
0.263127667301
0.237969433796
0.307094361828
0.101575124283
0.326605323667
0.276456386325
0.262518093861
0.284659245298
0.267812140769
0.333222032917
0.318747110107
0.391617824246
0.260026705923
0.351079386611
0.262335506127
0.300685809176
0.277655093407
0.307178213945
0.273721602143
0.367848176371
0.251996547107
0.262905338018
0.221773074926
0.365168677851
0.285567088861
0.298827636353
0.345536229758
0.3634218701
0.314460176456
0.252095394924
0.399444099445
0.384112908304
0.24142377567
0.285572714171
0.273165079118
0.233844578252
0.38312192695
0.2557982993
0.265996869421
0.233055847576
0.314626841242
0.205251874744
0.363579207341
0.259213502017
0.396659613141
0.32948779274
0.303522605345
0.179746112462
0.270471692792
0.178556166349
0.329620102791
0.176022308043
0.231519108781
0.28266648709
0.315374679404
0.196779612632
0.331230903001
0.330162206243
0.270848011401
0.215574595409
0.251509438066
0.31792421047
0.355104445536
0.277339135204
0.25284363576
0.302984250583
0.34511556763
0.316649154072
0.410075202412
0.349956600832
0.313172248984
0.22198950257
0.320221299571
0.22279562384
0.32541445947
0.248440146229
0.266584901299
0.352496359288
0.382427622478
0.210029745035
0.284013462195
0.359452860463
0.327295534776
0.226648255348
0.297108631783
0.282956802397
0.295037457832
0.208820741583
0.307282619296
0.250033013186
0.330110776744
0.312541902628
0.363843865416
0.318862376795
0.290177105155
0.347898090951
0.268387002953
0.37452796366
0.202890873094
0.215945204022
0.286081878724
0.252695644232
0.386163255098
0.387678875881
0.305334458364
0.328115729023
0.334633683412
0.400240657
0.355324895479
0.375281057344
0.290199484231
0.292615395179
0.224494825675
0.344054290046
0.288177867462
0.249586913481
0.340277555033
0.384190056621
0.28119082731
0.342495316718
0.310866298459
0.267979423157
0.241770271656
0.250156752499
0.226466224176
0.230699073272
0.391835088643
0.340321133013
0.341862602835
0.278884110406
0.370389780687
0.386266921723
0.311390686194
0.34585710205
0.292866951284
0.267587690088
0.37452147225
0.347856166838
0.288264457845
0.238544381853
0.217356397117
0.382907813277
0.199723597313
0.248633248617
0.274629600862
0.297833219347
0.32860259991
0.283644619858
0.279521829506
0.324010436966
0.305972875088
0.227681591325
0.338159243288
0.316876502288
0.398518068319
0.269655792952
0.325950154159
0.241253705599
0.338816433946
0.275727099359
0.343432137739
0.187512216658
0.29709030734
0.309504757032
0.345558315467
0.343028717704
0.282463048738
0.343648117375
0.415043096595
0.260943264412
0.280771740137
0.211379655892
0.342951767844
0.249259274407
0.226492427884
0.247262556721
0.349376910895
0.376998246633
0.30634833088
0.345782469418
0.247805050404
0.384845123524
0.325030006274
0.348848163547
0.245885385393
0.314773051912
0.320312382231
0.310282654445
0.247191682474
0.277773475065
0.369240955617
0.36278727162
0.337437548568
0.199911522512
0.275837097382
0.366830836203
0.297118456131
0.273031227758
0.298852323283
0.31134397896
0.233842311669
0.273442826711
0.267062935148
0.30533052388
0.251059548975
0.341592202737
0.282015675031
0.192038683732
0.25140948475
0.30138571574
0.27871832994
0.204564900369
0.319555678125
0.331100274475
0.354177904389
0.332346432832
0.304222867534
0.337446401762
0.319630201088
0.324247633543
0.317531210708
0.220397770426
0.241999359449
0.409163203628
0.217165688609
0.320000779815
0.393789575589
0.390465160275
0.305770496666
0.272789189674
0.28971581621
0.332079702006
0.298192692609
0.348903312139
0.295178982641
0.277805928486
0.288070596606
0.277623949708
0.259804974369
0.315934498487
0.20379777232
0.225304623457
0.273036648181
0.29857752349
0.26325764706
0.281443888386
0.350552774014
0.315712333643
0.204093557166
0.318669791059
0.307667579536
0.213303287149
0.303653986288
0.271053246204
0.245511281952
0.277136178864
0.259649955701
0.32892522534
0.243435845064
0.312292276223
0.347214094623
0.270912129629
0.289701616618
0.321435073211
0.224383424644
0.318838825549
0.249181839001
0.281357088178
0.276062141192
0.271686713064
0.391715260108
0.306672527869
0.440702837933
0.302322950987
0.292963261441
0.294543264115
0.260389599344
0.265700079145
0.191395070223
0.360743906196
0.216536923561
0.342991808088
0.268468216037
0.27986002775
0.29150762345
0.307496911846
0.195507529994
0.362599309318
0.283768717832
0.32322985088
0.24776067052
0.328678650519
0.346858488476
0.17589698254
0.332426737459
0.245421854907
0.353074920751
0.262503538709
0.300578138977
0.338674337216
0.353572866122
0.163665124408
0.40354053085
0.230852765702
0.202807184131
0.305719391302
0.307001026175
0.342851681851
0.262358420306
0.352419488494
0.23101271716
0.303161931023
0.333235723563
0.271417624633
0.275057594099
0.249058524977
0.275981140501
0.284380054973
0.28403894901
0.320244881777
0.334853282318
0.332790336693
0.230951215016
0.237805424853
0.321030789763
0.313217909499
0.357440206159
0.370605664636
0.367249268473
0.260204975044
0.351213559294
0.384973445076
0.350701508746
0.35604249155
0.361132274138
0.280020450926
0.364571213027
0.280821434956
0.349945471948
0.186752860569
0.306578200279
0.309356403553
0.264949484692
0.263261980919
0.367500964374
0.334395775887
0.28812814516
0.28238322318
0.28470629925
0.280665478257
0.340513820993
0.384763768531
0.303760106745
0.286471907814
0.372357114563
0.360283854791
0.307353173864
0.308370770317
0.310045169634
0.370994985822
0.310771573787
0.341709062602
0.290802901415
0.338376975214
0.274873602729
0.211006927532
0.250041411749
0.275201510706
0.319329455496
0.303582819924
0.404394748424
0.372174764701
0.252153142368
0.311062396199
0.244185588679
0.319819363059
0.335338845358
0.252064140875
0.304951651456
0.258589603042
0.28774350052
0.286175459199
0.295602745605
0.350749866602
0.280447177244
0.340175474857
0.319898113038
0.288499709201
0.243539574665
0.300677590203
0.296717995937
0.323648405558
0.286515968957
0.231229959315
0.342269198197
0.273816030286
0.293956836307
0.309658751351
0.283285580236
0.438146666393
0.41615193791
0.22995395067
0.283180269906
0.246784150813
0.313220277409
0.339753662021
0.242253229377
0.2378054677
0.339975410142
0.294761922701
0.225625579219
0.418203202064
0.288739904368
0.248751440226
0.394299658757
0.292542839654
0.31528415882
0.338412981082
0.337662739218
0.250906991777
0.312444687577
0.257881302999
0.219646987088
0.244254927129
0.390257953697
0.263510368412
0.302208952154
0.380271617184
0.166325652837
0.258149137315
0.266941567115
0.270328397486
0.292767886864
0.321245074034
0.304887792895
0.288197309892
0.286836418863
0.364316520848
0.258029431989
0.357489624043
0.271676129835
0.324647409564
0.35055249732
0.390572454009
0.307565390303
0.329680784846
0.321880023152
0.290149885696
0.242327442124
0.36527137732
0.27654811486
0.380789494557
0.33703266923
0.264187414143
0.266963303771
0.317978343163
0.312578650316
0.361939881936
0.315711387366
0.311585449598
0.296821784361
0.240060499178
0.244370026008
0.190146301105
0.341343821749
0.327129283856
0.341287636984
0.278965420101
0.257286844761
0.344823120665
0.206399846631
0.34042941289
0.235136044067
0.25797814133
0.14558271049
0.314139023812
0.352131805048
0.257021038791
0.267846952415
0.37426951834
0.205382888197
0.275745861706
0.304704401482
0.345254683403
0.277966015686
0.361399755037
0.385173350922
0.287501058093
0.239389290306
0.305510051909
0.330158209094
0.283668038128
0.252525908865
0.327052447759
0.248530461869
0.288629179514
0.383238778731
0.312991481979
0.278187940213
0.378283351946
0.329026699644
0.324836745825
0.286239004763
0.34071470188
0.276792334477
0.376974129314
0.301184466237
0.240210829965
0.284900655913
0.411642547915
0.252739164104
0.342273396792
0.250728645276
0.332324801743
0.359609531121
0.350025938941
0.265126652567
0.323755096498
0.248643819728
0.324283913485
0.374316903779
0.324285534866
0.282351135649
0.29928287279
0.26067752891
0.353565595025
0.242959766534
0.191241099714
0.364163316724
0.343424806877
0.263738167141
0.344428511737
0.32380309209
0.321208540842
0.334330831147
0.342616261551
0.202812507679
0.360558140041
0.23594443481
0.320294142061
0.375899992672
0.385174295415
0.371868379629
0.387009425336
0.337683752599
0.298301939097
0.338799018713
0.253365226268
0.259792616447
0.259983823977
0.299953221463
0.221942563569
0.292559648464
0.343443015456
0.285853426624
0.342611804363
0.275612322061
0.285461907303
0.413594103597
0.203509186023
0.259718560534
0.330045115587
0.285294566491
0.223703020872
0.212659789786
0.3712271473
0.28160576532
0.294760064355
0.390924788717
0.231805855135
0.383880328138
0.392889088583
0.339144038083
0.355070055848
0.341384253715
0.223768497985
0.259586934506
0.247840119388
0.302938504192
0.377954404455
0.281800097084
0.299985662015
0.246727701393
0.290794454977
0.359802818146
0.261935677057
0.347214657958
0.292128980994
0.265499839753
0.394746444872
0.286465121898
0.421093229973
0.343515809791
0.310608713245
0.283299012441
0.276468877289
0.296406613692
0.267266871358
0.240287574965
0.35427241156
0.28443205201
0.33922448913
0.257133624306
0.244588260995
0.302894109947
0.367287120349
0.23107804556
0.288022262335
0.255842275236
0.297990716983
0.348539008958
0.251568437427
0.276073703115
0.441244457363
0.284159107834
0.312836615485
0.256303793814
0.293394859578
0.268026214054
0.325888272954
0.304703798157
0.223918950248
0.266186725557
0.308549412894
0.275987966304
0.311960600162
0.268140927537
0.364971175256
0.380755549928
0.306573549669
0.307073905574
0.235491787459
0.345671529143
0.321267970603
0.206327305155
0.296207411585
0.297926239513
0.310220612319
0.364452206717
0.218473777416
0.231476322111
0.182224557338
0.29765449836
0.272748372303
0.314520502701
0.272709859352
0.311434562039
0.236787018239
0.209304594966
0.139048502287
0.3354714432
0.391911999331
0.26956790179
0.182677789541
0.304437238559
0.263375372254
0.311746224132
0.311333082599
0.197085364515
0.267338331826
0.321099971277
0.229187354007
0.337219002011
0.319687900144
0.192571722278
0.343649965349
0.288343201894
0.198227344682
0.24406587913
0.267974172199
0.322605438101
0.239193058748
0.400564734407
0.361737848939
0.266443918326
0.277895994092
0.357823654602
0.316476704022
0.372418622097
0.296299359528
0.299966707772
0.257971865565
0.214713667049
0.215737811529
0.247654762655
0.346272200766
0.33824625063
0.392375112778
0.180441280661
0.280899932564
0.262287585651
0.279101438173
0.315755572919
0.215151576843
0.206431565058
0.295170932634
0.2235680004
0.27882674855
0.332976113739
0.311096744476
0.322510374281
0.291764175339
0.25461798336
0.413648922777
0.240069630021
0.218482566988
0.31953973092
0.231976929571
0.406560816706
0.345128945475
0.231598960286
0.285954797093
0.222079758187
0.316793176712
0.317320434434
0.385553450823
0.304204234117
0.35516588102
0.303322703878
0.286187229466
0.382740659518
0.273198617577
0.348315056667
0.223526947947
0.284211458767
0.318953328146
0.31247646647
0.264485498958
0.254969110573
0.242746968966
0.216143188719
0.238865588333
0.304831075551
0.276272854085
0.271731348238
0.155004162921
0.310186762498
0.173744568692
0.276401718469
0.307822087057
0.300766290288
0.260524635973
0.231522115339
0.17781766139
0.275767222121
0.263601046123
0.292730523375
0.286896322832
0.303898122495
0.218924509529
0.24470718719
0.266916340672
0.262875865196
0.36992035206
0.31118407353
0.340394356182
0.36085853048
0.317743289704
0.398359776317
0.294849362457
0.227917372298
0.311426340519
0.315134341121
0.219289131962
0.374814647942
0.345128294675
0.288359527058
0.297321488497
0.347286678945
0.275696284595
0.213427609932
0.336796514988
0.238328960409
0.195182044744
0.298431955518
0.344665008531
0.266514001091
0.324996822776
0.224282735864
0.239889505281
0.344526179417
0.309126885768
0.262374995501
0.247684723764
0.301107578021
0.278715442338
0.320559723148
0.273675841227
0.374761493162
0.29087929307
0.261191536039
0.245308754063
0.356201894302
0.290167174449
0.323658718912
0.300246927779
0.265302992694
0.272639042981
0.308367295836
0.199093092874
0.329108232883
0.249517069389
0.381424062643
0.335239426651
0.333133434645
0.335264936806
0.348685343792
0.273247832346
0.269139020224
0.26438556769
0.352883453726
0.228296973482
0.260809447344
0.228410125613
0.236329374951
0.257517414127
0.359132853909
0.310929079776
0.319214204557
0.33019076191
0.320346699598
0.322886123124
0.286901126837
0.355260446062
0.179740111807
0.286819962355
0.354327810599
0.304961439217
0.398651481429
0.226885652377
0.22980363404
0.309710870008
0.414941583558
0.275078263019
0.235095049085
0.311618310214
0.314947806856
0.344965285105
0.30443295706
0.314553231788
0.199137784165
0.412806127913
0.324554122506
0.239260297054
0.335738059178
0.29199207216
0.312705986456
0.260222771984
0.318888771172
0.356891671318
0.343246511359
0.350320960631
0.202420086249
0.267030051391
0.336412405835
0.228669993738
0.380359703434
0.302307468293
0.214122891628
0.292123813015
0.258445093145
0.229997235111
0.269015035669
0.245742753616
0.327387564049
0.276680920019
0.298042172813
0.244955489539
0.237153996013
0.237989652216
0.195105388272
0.317037066025
0.333683960207
0.40223999098
0.327823913113
0.321785340966
0.343238092662
0.326881405082
0.2643257516
0.299356892862
0.310163669044
0.300464393269
0.404659368826
0.272949197016
0.264809897398
0.400986622391
0.249149269438
0.235179260714
0.322793329633
0.36976898974
0.271146983106
0.280257363183
0.278262480646
0.303727941177
0.270899328224
0.216864017956
0.258745402392
0.34377261064
0.380762053483
0.303323371164
0.276088347078
0.288983653885
0.36373478274
0.263609863678
0.305919427978
0.25490768117
0.30172309776
0.322152004406
0.323830914939
0.245382560689
0.385419730933
0.267973524397
0.300008921739
0.277000268339
0.254164240169
0.293343197236
0.21291785798
0.256334682022
0.248271579452
0.287275762864
0.228009508985
0.283347535441
0.189561746004
0.280501965761
0.229985817906
0.212806877255
0.274094359195
0.402642672411
0.297739026601
0.271426980326
0.21474126976
0.265558544347
0.246596091723
0.380454067757
0.280542780191
0.299798765757
0.325027492858
0.287762738297
0.265984791861
0.32155977501
0.303755276258
0.34342381439
0.38310932721
0.308653132464
0.249034155748
0.302151044488
0.383073473718
0.261435328332
0.271863120465
0.250330951295
0.306275793969
0.351231189139
0.272589715336
0.386289461522
0.242298760676
0.239108473841
0.347454284463
0.297706956825
0.249443027649
0.314206809716
0.255118796534
0.207672643834
0.272253744112
0.262732097668
0.259914364614
0.299950266021
0.256527680655
0.268230818941
0.21673764223
0.340860088183
0.155982762853
0.266087230076
0.428856213485
0.355110561948
0.119633431605
0.28436204713
0.416241980485
0.222516397191
0.283544946912
0.247685756625
0.272451426923
0.237320943968
0.212983598391
0.168603948467
0.208605970692
0.323425185731
0.188779230176
0.321289005145
0.272139002152
0.233739294384
0.293065652536
0.295757652608
0.296185462824
0.316861236805
0.250227064231
0.214685206883
0.282106149294
0.3639542736
0.302949258925
0.250706562787
0.190963597442
0.307498320857
0.182194866886
0.169671571742
0.375959926428
0.29180220258
0.316991767556
0.212646169997
0.331765120046
0.353797406666
0.271158859226
0.257490262747
0.339493667856
0.284145007793
0.331493866553
0.321101020541
0.282488309766
0.439880407809
0.386823034277
0.332653129499
0.283911499157
0.316594102898
0.240728902701
0.292777324982
0.306142129363
0.290615117802
0.185672394455
0.270646912014
0.472401242163
0.314237095937
0.347661968716
0.250040696735
0.323867707224
0.25645149539
0.303569273166
0.290370625817
0.226378275407
0.284659971137
0.225647819697
0.350645641676
0.32329360317
0.400446392524
0.301011478755
0.281433910437
0.293919533329
0.283715304589
0.250447025183
0.227199887952
0.224862743987
0.370371544885
0.354301658885
0.223505990571
0.267925652745
0.330253608385
0.355552650802
0.284050691454
0.310793882818
0.28211512772
0.312517817641
0.301842245626
0.32187144522
0.299284104765
0.3317975152
0.175552592009
0.373228341445
0.240113082536
0.316851479224
0.272329881552
0.329822809833
0.301864120024
0.310398237688
0.351169745246
0.269179944707
0.309033743788
0.257579538271
0.245460157079
0.258849544857
0.289915695495
0.245844953289
0.308324571588
0.333577346749
0.41344848625
0.296136890926
0.27590369568
0.25800570438
0.333521244523
0.240570287939
0.323203182913
0.271002005293
0.290511695194
0.299668235593
0.319065710737
0.275005173316
0.304511659903
0.241441305997
0.234528306243
0.283476379419
0.264994411961
0.31753484696
0.27397755464
0.286258292137
0.346654658552
0.251543209325
0.245734702903
0.273025283884
0.313478293288
0.369384096219
0.210434585552
0.321204564044
0.199373891298
0.287437874864
0.322534858835
0.330388312624
0.259722658611
0.336935210885
0.293509747012
0.332187195692
0.356194495269
0.311961755435
0.28599420803
0.265255654459
0.340818199867
0.227968999238
0.310029849667
0.251165298326
0.283068333253
0.182221838362
0.38522461829
0.374412554388
0.207798421428
0.3451125759
0.279714008641
0.221870266553
0.285474093294
0.290626581135
0.198309426649
0.230546469311
0.233078678493
0.226241410537
0.245973078916
0.339419410519
0.228254030105
0.237875206035
0.39466439193
0.286259408668
0.199513780057
0.277373395971
0.354739635571
0.3271552656
0.213819900824
0.404476462615
0.3404745348
0.337782499241
0.314730296747
0.311727197986
0.218800013428
0.333402799687
0.29745214545
0.243651662228
0.352303048283
0.30561081723
0.360410183106
0.22204955168
0.253569418154
0.390510188034
0.332967780234
0.268056048993
0.277608122362
0.31312517661
0.296560466428
0.297151348765
0.351119676512
0.293934468357
0.270195735752
0.285117336425
0.365153343503
0.300103309154
0.250417551558
0.318187489959
0.26929897845
0.278866052685
0.265271018414
0.253684685261
0.267192224557
0.315093684626
0.299386633458
0.223487637389
0.269705665845
0.238148552752
0.251436487772
0.268602709862
0.322841156369
0.322922311139
0.265382360458
0.342742961388
0.33394982344
0.259241542518
0.323348413437
0.269087033332
0.339399728267
0.335330680679
0.285348352603
0.254200628429
0.290311627355
0.200616671332
0.328171591875
0.302842015171
0.248777087499
0.311195032799
0.287749996767
0.266567826175
0.370252854163
0.336326691186
0.259009360475
0.296146160833
0.230635634818
0.256961140426
0.3344085295
0.346083940782
0.309010530825
0.30709595196
0.346473605272
0.279407957788
0.273281906978
0.289171183152
0.237854929059
0.402366100443
0.309998412841
0.299472567354
0.395164389381
0.279039116874
0.257564747556
0.318693786603
0.264794896098
0.34391904277
0.306421650375
0.294229184965
0.336947964417
0.33565810699
0.251850851049
0.33565148211
0.298442369159
0.235632290835
0.365636526635
0.364093424055
0.275713023857
0.310997211374
0.310124801646
0.345212927008
0.293172492091
0.245882221848
0.295254821431
0.446882549291
0.362993287462
0.200352034515
0.371042171781
0.256542349666
0.316861748253
0.306387289499
0.288190429059
0.306777511692
0.246776137165
0.279771251921
0.309919695919
0.312695522335
0.226345764483
0.31833133745
0.328109578729
0.303532713396
0.160748803113
0.266716047775
0.362585555599
0.245666709579
0.283251498391
0.35037022787
0.334222821872
0.33788942937
0.170919754807
0.392573015396
0.283436834753
0.200636231097
0.299133911659
0.246549084825
0.228425767166
0.352368073765
0.336407870504
0.359372880644
0.29894107642
0.276373678234
0.255837590167
0.195793395127
0.23489713047
0.234995741089
0.236357002219
0.252762337794
0.449778151124
0.298779557536
0.256155279428
0.293446429028
0.314132729756
0.369869111032
0.387773995804
0.321217527798
0.22011553935
0.294857505374
0.237184316962
0.276874780256
0.257907291375
0.495300420658
0.344294652231
0.201612487082
0.323331032395
0.270412501121
0.186032581099
0.256963907262
0.296177009224
0.290603997186
0.2594668519
0.364298374098
0.279904477158
0.263924517414
0.274350367716
0.320093822487
0.214042275825
0.265243589929
0.244520291306
0.306487833535
0.244647715572
0.249185424562
0.24828849595
0.258063227096
0.28290359385
0.28436780884
0.302417960822
0.291471723558
0.238135968961
0.260599783367
0.445084407001
0.264662080544
0.264512102842
0.336126669879
0.267660989892
0.301179225785
0.234449807774
0.274966022853
0.325499082971
0.279970151578
0.40689874409
0.275914246379
0.257561800784
0.234189923353
0.301200491258
0.340677941557
0.31015065699
0.272256382466
0.236683065827
0.212370520572
0.259942840591
0.381445492485
0.284711656295
0.340436494037
0.302665458939
0.208423383988
0.306544884789
0.238147607142
0.276368590622
0.348823315679
0.296672489261
0.277142747167
0.298410871179
0.279337076702
0.19935938676
0.339295043477
0.307919715558
0.282199440331
0.337373439784
0.297489857774
0.334183392022
0.249414788206
0.242293322173
0.294956549566
0.29922924059
0.327552589853
0.312427568951
0.34223708147
0.218318993387
0.345834835184
0.346608388204
0.27047773637
0.251107938294
0.352980916163
0.349107567663
0.309793953202
0.327953751401
0.313303805192
0.234896499875
0.316726562526
0.384564806123
0.387121272222
0.310465896719
0.291716092255
0.354102274157
0.315235287817
0.298166065365
0.286625220514
0.311543650747
0.296122198836
0.254642580478
0.331122105567
0.358381264903
0.397846187485
0.312124111234
0.26811625782
0.325846455289
0.326839111191
0.278475490138
0.340059253493
0.324552260095
0.323954850836
0.21866143934
0.243004105852
0.265136226159
0.273992406185
0.348659476977
0.343352178773
0.300849062787
0.282963846717
0.311155547614
0.334230623859
0.247069958088
0.326858659817
0.328845564598
0.311905997298
0.237916242528
0.24137294997
0.316793380023
0.3538307765
0.328001857694
0.227514317967
0.264334651432
0.227129352246
0.285371626092
0.193339301295
0.352616655518
0.284253764778
0.274276104939
0.274036101998
0.245989557996
0.237090518976
0.283815318896
0.309540897754
0.15547141019
0.332691583968
0.334725781048
0.288419834706
0.348827774122
0.296350515165
0.272953182749
0.307657192134
0.240631585421
0.301701349946
0.406360447061
0.249159015579
0.306229321993
0.263787838724
0.254560667351
0.277521275867
0.381280990292
0.304552818063
0.244498162647
0.29586962102
0.308291965159
0.205934689909
0.271584645047
0.329376010775
0.265281269885
0.231304373766
0.382757434417
0.312803191161
0.32534611506
0.232748530523
0.398694623215
0.279424673052
0.296026587284
0.270327476452
0.214511457734
0.31967375661
0.289933691519
0.244621947258
0.186378097974
0.291908255388
0.30209063231
0.254656931493
0.25292560553
0.263183564394
0.251600975735
0.248022062394
0.348809481894
0.235312309873
0.403383961266
0.294628855452
0.354864209512
0.332967821546
0.267827853245
0.34525659507
0.286724494666
0.315806598192
0.302873971067
0.429676569397
0.370226404369
0.323174148683
0.376159499423
0.284352460114
0.208510804471
0.30931186932
0.256662159623
0.20627218857
0.341997103752
0.350075743787
0.397988462772
0.318227481119
0.24680981694
0.254783620906
0.301287507371
0.309453864827
0.203052655735
0.327313271557
0.311030170185
0.311422141048
0.348867127811
0.262403811688
0.270820977618
0.297428561232
0.266097601778
0.259919508837
0.3133899563
0.272993471516
0.400042083049
0.384730030535
0.283744550342
0.239613553654
0.315349043379
0.306746656526
0.286868050448
0.349763807838
0.398067736867
0.310893490722
0.305863536274
0.240695413147
0.317687752531
0.265974614631
0.32737926721
0.299681728547
0.279650874543
0.205510889105
0.309890378492
0.352727180836
0.309161511481
0.353021110017
0.303023636184
0.330793443795
0.29091034091
0.303061918936
0.319735683011
0.222780225975
0.185265691433
0.418644111046
0.294530500015
0.335437254283
0.210316096404
0.286079671658
0.31804107968
0.30479678023
0.280961924148
0.321780452224
0.324942939238
0.367593586025
0.251135443587
0.271353369836
0.232541721029
0.208316073359
0.274500726748
0.208124073785
0.297099867028
0.257120124498
0.308160812508
0.294570921418
0.392402186931
0.382354180725
0.295753024292
0.339220425356
0.262398827013
0.296513936497
0.422736815459
0.199541142503
0.378640858936
0.253560458229
0.309892257806
0.500444210424
0.314786960627
0.257862216345
0.241160919813
0.274116510335
0.258906694715
0.340545112991
0.258163707218
0.349083500447
0.285299707438
0.349149010344
0.257814820578
0.234860634727
0.310156087577
0.258546034162
0.202223714308
0.246155957982
0.291044132438
0.249903206389
0.292382646669
0.306991583268
0.281592632382
0.283875967822
0.322019518794
0.272850624514
0.308711884165
0.343988331088
0.22945510587
0.274062844694
0.38702464451
0.228841597153
0.243232338939
0.317030936111
0.202185842735
0.278448344796
0.338183688804
0.315980030067
0.391719786462
0.3221876424
0.329825972366
0.261999499528
0.289911038891
0.266851358958
0.192871754961
0.270119312403
0.275139535098
0.324390162508
0.321935989368
0.299724445418
0.309571725992
0.280685180878
0.30829688555
0.28755303503
0.276425692626
0.202810314279
0.418314075038
0.259307487314
0.307563863038
0.274689382577
0.254700301952
0.325320462295
0.115903420862
0.242898882875
0.282329414276
0.296045217804
0.29995994595
0.259989710208
0.334653065754
0.326946279271
0.332603833028
0.286989143897
0.290199248319
0.253939161809
0.303633369498
0.246759477776
0.343568572675
0.250889132804
0.269787605312
0.246298451061
0.27671158483
0.247370751295
0.367693668498
0.246694904618
0.316197906964
0.382004992795
0.232684535041
0.371175877304
0.330949717429
0.311214039748
0.371195673359
0.187111571772
0.478581631107
0.37109401981
0.281730851675
0.309235740427
0.278867184256
0.323637003894
0.301612732971
0.278912377614
0.267127214116
0.28456278422
0.247191776175
0.273286143384
0.245090900555
0.32863599542
0.316677519735
0.246155783486
0.243134991851
0.277721960876
0.283109189491
0.294632531275
0.260993390675
0.267482556768
0.269540396111
0.241994943444
0.240599852918
0.342514800586
0.335223850036
0.297420833525
0.285687479303
0.214906127138
0.266844622094
0.32254980118
0.298947653374
0.429097604745
0.30310068338
0.292053679759
0.297275684274
0.324541075069
0.285002918857
0.316811824953
0.207396968752
0.236199857066
0.249809130466
0.21128047699
0.264187426621
0.324573056269
0.395307336684
0.226857804791
0.291752602139
0.264698051098
0.262268663705
0.269664893651
0.233153503406
0.278890134756
0.35661961916
0.303514886259
0.253379129031
0.256509088521
0.245090737475
0.365651321747
0.247577730592
0.214211134624
0.325068707862
0.276740734688
0.340730172522
0.28669200813
0.326049134945
0.25992444565
0.251705055903
0.352547992209
0.24276777173
0.242019941572
0.332526649899
0.225218337736
0.251525218434
0.268212848702
0.288802728694
0.363820229207
0.363852236332
0.401192184359
0.208077412459
0.370138791881
0.295717080229
0.303077843396
0.414439359558
0.308944087385
0.254854005658
0.31403455086
0.31266744577
0.301706380492
0.35954768225
0.305585715853
0.200208868331
0.208799752888
0.3344217836
0.304656774295
0.358470743311
0.249616490141
0.26178376155
0.31347445765
0.29981857893
0.357584562716
0.346840259339
0.282118648325
0.291048904986
0.220786930736
0.229358721563
0.24889967285
0.21574721381
0.375300949661
0.377520084314
0.342242847379
0.268051221203
0.336975298511
0.283339606817
0.22621910955
0.309664005958
0.227829474223
0.344988827414
0.350297881393
0.363669029597
0.283008007321
0.345494415184
0.24385502654
0.295392098043
0.226020789043
0.312082714618
0.303044982044
0.368523060097
0.348793157311
0.184287575175
0.366207443721
0.257461494521
0.43861246627
0.271584700055
0.295932479976
0.31084336321
0.243085681143
0.309092612729
0.17636178587
0.205597767769
0.270727881503
0.335908395362
0.343121201732
0.362734553024
0.321012086694
0.349545325767
0.365666100289
0.333804966462
0.286367635313
0.241172780994
0.387585676098
0.272697291959
0.368881344245
0.269636777185
0.341260022398
0.205778228707
0.254997278065
0.319243792814
0.360114531378
0.345935416955
0.419243708989
0.261791293437
0.258472788835
0.240320161992
0.291771575188
0.346444291831
0.291734835622
0.274051011411
0.238143238111
0.230679259216
0.314456243044
0.258893802116
0.30375932262
0.33424580816
0.412019209635
0.280176854839
0.329600389538
0.358496753182
0.268686819371
0.397000325238
0.328351319908
0.306339492875
0.300796346822
0.282190177103
0.306878718495
0.364347716026
0.307093706555
0.284794683931
0.266079270164
0.351903606722
0.337160060036
0.358873081197
0.250945114537
0.329339830289
0.282253351513
0.229503676389
0.295208816423
0.347083194017
0.277376696053
0.331790243926
0.353036029187
0.292732226048
0.243931050259
0.249382056924
0.222293953647
0.326647829577
0.316826276791
0.250764127278
0.216287450985
0.259779567419
0.335108887905
0.386085827499
0.354230733166
0.32489582537
0.272603066726
0.291125201997
0.256600107728
0.353017059963
0.279776594296
0.264591941267
0.341394973304
0.246573543764
0.421570037793
0.288480908039
0.268405757651
0.351432498507
0.23069199547
0.242881142299
0.232164247185
0.353364988841
0.291305833559
0.443024539067
0.221554667864
0.327986127822
0.27598946652
0.262177441556
0.400604683148
0.245161402144
0.298124423699
0.29590248855
0.407629510064
0.337589729066
0.299192073479
0.2783127746
0.315648175605
0.29334547491
0.383352530808
0.320611496107
0.370632322934
0.336393171027
0.239892927114
0.352221284494
0.33386311757
0.284447638629
0.328692601877
0.245891538638
0.37824842796
0.202608071976
0.328759459278
0.321275491604
0.289339785418
0.306453590337
0.32980361331
0.287025966814
0.255243187174
0.228692065189
0.353516732592
0.28549224655
0.32755618578
0.42317809546
0.276641415655
0.272356679826
0.372798578782
0.240678048741
0.322969803168
0.335901441528
0.259708623345
0.27976689633
0.291099568393
0.295506694354
0.358635350186
0.249962532642
0.200111785598
0.25870799196
0.262608551464
0.272839403422
0.286450685242
0.397901620583
0.310496420255
0.28878553137
0.222730862023
0.274283325375
0.325787655662
0.308527509376
0.282648768719
0.393918460806
0.368657091664
0.236320685591
0.302720127223
0.239623096355
0.357092330545
0.329553238312
0.218504271947
0.291426795731
0.315893264744
0.213657874431
0.227349082423
0.244333011865
0.426595358305
0.304641619133
0.20312516061
0.295775617842
0.311638092325
0.333319284724
0.249920121255
0.32082034573
0.321897178846
0.284390868072
0.23814338762
0.298955375779
0.310820323661
0.312873428897
0.256793883888
0.293161383101
0.224304167562
0.268503112003
0.382159646395
0.386950373603
0.303138890378
0.291554549859
0.244004858512
0.360706309671
0.279415433224
0.260204463747
0.276844033973
0.232845513589
0.279143203011
0.25555521191
0.320925475044
0.310685621057
0.289282082733
0.417548185207
0.318333648038
0.248462823947
0.32411262044
0.275611837748
0.241081158801
0.31421455117
0.234396163766
0.308531217199
0.327753008557
0.359541519299
0.256070884374
0.29662290147
0.264594989697
0.464281702587
0.291382372721
0.249777490116
0.328574408287
0.295956343081
0.341847930086
0.298469980015
0.341348405626
0.356807399297
0.360826218336
0.274033081965
0.253973804527
0.384241870273
0.307700687356
0.268328313575
0.360467625672
0.303742799371
0.36555563896
0.401679221912
0.322479721486
0.400650740938
0.292426039277
0.288434558878
0.245788074866
0.301926051075
0.326306270808
0.278264351795
0.266029797588
0.294896292957
0.21228756317
0.23495161705
0.275308119083
0.353964737536
0.236172641423
0.276484740498
0.264261418662
0.423817583975
0.278418534926
0.253863893448
0.373305740049
0.256911943201
0.261865356812
0.378119996947
0.256956186479
0.426898121456
0.352493523573
0.345568485636
0.345634365427
0.370680007216
0.319574655501
0.256212553082
0.237486033355
0.397799392058
0.345767739615
0.366963567887
0.386297803174
0.310425797737
0.371775342381
0.374640268531
0.257009580441
0.287507032686
0.306991844897
0.227168669812
0.35634232631
0.251666109903
0.295321712045
0.277915743272
0.382309353204
0.279663302631
0.282337069529
0.279272595185
0.298298851218
0.244101052474
0.305614498162
0.33307556749
0.378335943045
0.263373555287
0.351358204728
0.31532055393
0.307323434996
0.283415194947
0.334717186628
0.293422462593
0.27258009726
0.205598080363
0.280327373377
0.299068270802
0.354317475841
0.308683354574
0.27101253162
0.289172115894
0.205344179055
0.237108262734
0.354822390625
0.273846961804
0.270967684585
0.321392769034
0.302742035841
0.363493818924
0.311100863691
0.367345201826
0.28011284959
0.334438938315
0.255714291955
0.278736047563
0.340384761363
0.300860929867
0.281363752008
0.282755908089
0.315631455729
0.248804077446
0.28009862171
0.377433517439
0.283544525831
0.242703839608
0.309453741476
0.323042609271
0.279567658
0.293424525235
0.300712268046
0.28080178823
0.336287475268
0.396998121457
0.331097098372
0.245464704995
0.333523532187
0.369874766916
0.346918401946
0.36875884313
0.30456286793
0.253340176589
0.23213771739
0.256698122574
0.253651242769
0.250771669747
0.282675754076
0.363443814676
0.263480959148
0.270501270636
0.349745437496
0.284150422321
0.21683195652
0.291616321976
0.315831583141
0.251543855687
0.28860141864
0.340645491781
0.410515201012
0.296258640573
0.222470583748
0.260172563909
0.364555845141
0.257228463101
0.191760411772
0.346366616395
0.372195838539
0.275098442241
0.261750640662
0.320851416555
0.33693819409
0.255411914969
0.250177612609
0.27744727513
0.36193607252
0.389112361212
0.372850593055
0.296913383826
0.362726080476
0.313359063332
0.300444734045
0.398228873657
0.373497076469
0.337673957838
0.291825515008
0.169661502216
0.331619488681
0.240657498742
0.213348724877
0.233611236841
0.265882700977
0.233009578998
0.264269029368
0.270333663206
0.288035613638
0.359497713602
0.325379506378
0.235506002766
0.247158181763
0.301472132023
0.328247298936
0.303646198246
0.289497095416
0.303720653136
0.260868017075
0.39837692769
0.295316423303
0.30179511797
0.213094020098
0.262539353572
0.285070732625
0.320515294743
0.305945968642
0.354039759495
0.261971753339
0.194895437357
0.287537980047
0.338422107856
0.340602430506
0.249514406535
0.214235902598
0.262240470195
0.327963235358
0.383325593641
0.425508116084
0.348272254402
0.309217285119
0.316254735276
0.371373703976
0.340674008164
0.338718624942
0.291798740744
0.348380225829
0.345175830962
0.207280006806
0.247697113255
0.239348346792
0.305874439443
0.310773942303
0.329612393748
0.35381697366
0.309096621168
0.230699537383
0.275705899181
0.309322780898
0.229190394951
0.325560335852
0.314025651341
0.310512234676
0.324889129651
0.268351223092
0.26004124942
0.23863886169
0.287710900006
0.157283950649
0.289862581775
0.249683602554
0.365797713762
0.320658658999
0.338011275052
0.264246583456
0.231105970964
0.246449855275
0.317549933062
0.310852756655
0.357577138188
0.299238518311
0.292670665709
0.275819226579
0.340756831115
0.29444102494
0.476283633048
0.288556250194
0.237980531634
0.242448234702
0.296624395013
0.365205741385
0.307569266474
0.359561716388
0.307998970103
0.401268343148
0.406416182787
0.275168988225
0.36028254568
0.347446573792
0.334272340384
0.288493960735
0.375215433486
0.291842699839
0.306746304423
0.287531863017
0.273008124641
0.350289056328
0.279322908824
0.334790815328
0.265262812213
0.276708426866
0.394513730315
0.389126946452
0.232927386841
0.250550041208
0.346588355174
0.352032411236
0.298988625782
0.242263893675
0.284558893042
0.253472237341
0.348214344559
0.197787292932
0.374727770086
0.387205120412
0.302348710205
0.282610366235
0.370143078921
0.301092994056
0.338570007776
0.284589219014
0.326243005846
0.236381250878
0.283777968982
0.290401530454
0.287814573158
0.291135995793
0.14937888989
0.299435301059
0.349064777863
0.337994389345
0.33947192677
0.256594361954
0.270815853556
0.342410095425
0.222792933268
0.257660437604
0.332238493881
0.279411519971
0.267665247546
0.278170916375
0.360431122261
0.299888995625
0.268920209124
0.309657783738
0.289920784219
0.351093746905
0.341932214218
0.231518568435
0.324757453679
0.26572985433
0.250161429504
0.315132800889
0.316626370685
0.364213570236
0.364299347598
0.343637342063
0.267558556296
0.323047874185
0.232456992826
0.260172058275
0.338719927598
0.265096452163
0.31132947966
0.29356297208
0.294174590557
0.363956860801
0.301201461918
0.298695044929
0.353867901233
0.291834474892
0.334796628403
0.250039159961
0.344821689915
0.279197370831
0.208856625005
0.307793151346
0.201488674403
0.340067107092
0.402414332226
0.304546367663
0.363743388275
0.287605882995
0.309501628217
0.26367449068
0.341997381521
0.336819774284
0.353140687465
0.283897034473
0.38537791754
0.301364706848
0.271964639836
0.327952073282
0.264404124889
0.329866753513
0.333909112672
0.370697005503
0.232999849514
0.240821783887
0.236701488343
0.39513852154
0.276412398608
0.279348436343
0.293615925966
0.291378231136
0.307012655037
0.366837621112
0.284893046739
0.325419138501
0.262402192732
0.331633730153
0.29168735674
0.334175998306
0.321779511144
0.250345461478
0.322945753337
0.246917165562
0.204050186508
0.422799293112
0.239343154665
0.273607719698
0.338774781121
0.300672571701
0.274403669703
0.255381614531
0.378471801113
0.329681459672
0.306667902274
0.33158039924
0.314222342725
0.365717864289
0.276766935936
0.356483201438
0.304207519644
0.330753447522
0.322959133657
0.307220769253
0.191277266813
0.345904387959
0.365310951306
0.277724125157
0.211687671821
0.21324119701
0.332873677804
0.338474306995
0.173941088624
0.322466216003
0.352085919336
0.201078512964
0.292713538333
0.317378569498
0.357443753518
0.331344267969
0.277485560302
0.268760298951
0.342209707959
0.25528602337
0.246982146909
0.22590051383
0.248538445529
0.340247310414
0.314871137919
0.252291033103
0.331660943443
0.256704348701
0.346885230349
0.274242719498
0.301879062788
0.314868185306
0.299463488968
0.341356643085
0.272328763486
0.298142728778
0.24038084568
0.319678332927
0.292610482795
0.361851392034
0.156889839122
0.333103640915
0.358610817168
0.255629484638
0.263107055427
0.278879284878
0.259575528805
0.311108134876
0.355838962234
0.285543131219
0.319239691596
0.401944967494
0.18606226197
0.342893599181
0.28184220512
0.252807313189
0.257346452116
0.27065115573
0.211717784647
0.419859235261
0.29892705802
0.242508096332
0.325152467842
0.330685173932
0.285481111362
0.260265484845
0.333884292142
0.34374657033
0.259720443147
0.281715823294
0.316504681334
0.261516151805
0.256060907022
0.285801412741
0.285835727557
0.185782560178
0.259081208392
0.357242517681
0.403893407942
0.364137894091
0.369171792172
0.276732685722
0.210866101686
0.352195609154
0.263913220001
0.394976781504
0.2727583769
0.311390890472
0.309880961457
0.248800449892
0.247732782255
0.277155406354
0.392063764174
0.317663993496
0.257658695258
0.263018640939
0.29295878067
0.328317163254
0.225973312138
0.373342416777
0.335449974934
0.321739355331
0.323193245532
0.310822747042
0.282393812694
0.27553216375
0.329552809515
0.34605488435
0.234167075524
0.338543852877
0.336413368454
0.309385168689
0.307449580176
0.382257484548
0.294646558353
0.255441799931
0.416603335136
0.338149959584
0.291450360664
0.362377438879
0.267792970897
0.281379400327
0.369582550603
0.262030686961
0.282800034602
0.297648599731
0.29358961826
0.259904943522
0.307337777526
0.269931475002
0.333692108023
0.369695148872
0.429297443369
0.260008900958
0.269354936575
0.259506170842
0.258026628912
0.249734323794
0.344758905353
0.264209580259
0.273214341804
0.326536533932
0.38848199967
0.314646759953
0.25889196381
0.379379378155
0.318056932839
0.286739092854
0.263030330772
0.383551911276
0.306165138487
0.243668053686
0.279078626877
0.253609952351
0.305244488291
0.268953861151
0.289469828589
0.219342029895
0.202070185679
0.334786149971
0.285784249769
0.359580699939
0.195330615258
0.270325857644
0.242232331385
0.306455154708
0.238520400071
0.260911884425
0.198189675005
0.279920337071
0.326677261777
0.301516888315
0.283669903915
0.271756755707
0.325614585198
0.313119055784
0.386330243628
0.271127252935
0.270744001846
0.259641668687
0.348813471332
0.256426288217
0.334359227775
0.321776731898
0.295034156725
0.38274232646
0.23336768881
0.350298662652
0.312612324236
0.242113882687
0.388465778936
0.338431131253
0.23817355535
0.261327474451
0.356628677806
0.327202251634
0.32790262442
0.269522771642
0.282144305091
0.318757066848
0.299363785486
0.33863013369
0.317055858919
0.227675304626
0.259133471006
0.297783459437
0.235482655624
0.313899595752
0.236661867859
0.299303693648
0.29919632484
0.263395960211
0.298389210991
0.256531682896
0.365138897841
0.347999496918
0.259744074162
0.313191624071
0.326757725973
0.281890036766
0.34667891435
0.272854469808
0.287371324948
0.316562489536
0.350060259507
0.263197827336
0.310666811095
0.264553036523
0.350242229975
0.284255585479
0.333610269725
0.299943291843
0.438272004153
0.287941789542
0.229580663764
0.39550320068
0.311055947819
0.325456566037
0.291779005631
0.386014518206
0.341112719964
0.270716749038
0.294166850608
0.216793770706
0.3102589417
0.354384609767
0.250322042823
0.261458083923
0.318191475649
0.401037371044
0.290766308024
0.262397985388
0.348428349636
0.261020627072
0.341241311457
0.298906858943
0.287628460261
0.297132505285
0.424080383754
0.300632730311
0.323026949165
0.195015329384
0.215455962612
0.261415307697
0.239767458269
0.239133829762
0.3696308902
0.37731894422
0.301351419699
0.366302242657
0.318760964034
0.33491613853
0.279261705916
0.24741066679
0.257517157688
0.282004711685
0.29885609698
0.267417244928
0.287983015518
0.343655996234
0.382268949493
0.273111485663
0.313845416097
0.28089841972
0.250738324104
0.319512051039
0.310394843467
0.298535231797
0.299381530957
0.317287621403
0.33172568326
0.352255054636
0.310912624699
0.327912044077
0.278366075958
0.317102655346
0.282479903611
0.257488178716
0.345241221843
0.302372457721
0.364638690626
0.340356323194
0.321014772444
0.181526359956
0.397374222022
0.324287282498
0.389525787807
0.376881695479
0.341468890159
0.291936932783
0.240747017667
0.280013795941
0.267847008779
0.306779517365
0.347452465686
0.372887360263
0.241553173868
0.339750965776
0.370215365321
0.388995941331
0.354253665756
0.290005838688
0.25706638438
0.322677662446
0.316781255129
0.257464807833
0.298876330829
0.256047270424
0.255476226444
0.291361695468
0.22881796143
0.217642509532
0.35382038783
0.207556207997
0.289408068994
0.325609344479
0.29476759749
0.247050079934
0.3183377781
0.408730733986
0.280654219101
0.318364327415
0.220109126846
0.310082088014
0.294757798725
0.315735509483
0.289954688504
0.286573714446
0.332029467421
0.341895987868
0.320360983809
0.347250241708
0.274002846239
0.286355768439
0.328488851155
0.327512165962
0.398264460599
0.298253360922
0.339754149997
0.24533660742
0.307927883859
0.312746062323
0.278198381158
0.268804345441
0.298516056438
0.241968994964
0.220655840148
0.279473360436
0.294823667303
0.193419390959
0.188718358706
0.267649473711
0.306969310717
0.302335370486
0.311159466228
0.345387510279
0.342102225283
0.229474773215
0.268910938272
0.272985745921
0.232112440101
0.254661405088
0.282850252176
0.329150098312
0.372571331454
0.355112603147
0.341701216644
0.295517838456
0.305617701254
0.279092743507
0.265080081749
0.207630035533
0.337394460426
0.330223691679
0.314406517784
0.317156487406
0.302392439574
0.25562422034
0.274879482057
0.258112095623
0.309095587292
0.27847558415
0.259065798991
0.261642193268
0.335475922618
0.372375208295
0.27579978714
0.315384025483
0.210457442986
0.321556110807
0.340739632216
0.354803383307
0.361567031117
0.337273252966
0.221775135591
0.233360917087
0.348384340968
0.308420179545
0.320321033843
0.258611872141
0.391212329511
0.322817716546
0.277541510805
0.276274710606
0.294492490828
0.315089121377
0.265834355396
0.30399474827
0.289028558255
0.34334378899
0.253956930246
0.341011573921
0.378455291628
0.242136164594
0.232093442998
0.258095618599
0.37205916839
0.299368633857
0.281201102751
0.364018554129
0.240469188721
0.358844069182
0.321766780528
0.327313672453
0.337697865723
0.247915527923
0.311379039129
0.24847835297
0.270514977431
0.416879413369
0.414374788327
0.296196812059
0.347329380958
0.386346263383
0.300020406893
0.338336337259
0.249277158082
0.339890941691
0.253776443875
0.257558826763
0.278333628423
0.303750562448
0.295140699216
0.190300156639
0.195363348326
0.307103702043
0.38694125556
0.301125197938
0.274235393659
0.382766545907
0.213190850944
0.261109433044
0.353713273734
0.247661704939
0.235244491314
0.242396004439
0.335316492083
0.266834954919
0.302799017734
0.244665327776
0.233284698102
0.313349489188
0.345066007303
0.321081833155
0.291695778094
0.367463478694
0.341198748029
0.414854262164
0.2841301962
0.244022029917
0.345740827984
0.31303685374
0.278143092061
0.272723047178
0.334120297916
0.321737978272
0.346249276807
0.215528036606
0.260847997461
0.258306036297
0.372106488684
0.25315570648
0.271731887866
0.470477128846
0.315160204392
0.296532035089
0.273810548324
0.339379426866
0.258092944413
0.290829958323
0.229840975651
0.351688390772
0.385336166975
0.380608863816
0.252404291442
0.37162224826
0.301267716047
0.345683960531
0.348881795676
0.259320820172
0.305456475588
0.314529898883
0.297783477629
0.245265273717
0.251652520567
0.302394587784
0.286030279933
0.236436351109
0.370570122847
0.294800490617
0.250351150867
0.292613408122
0.292509938109
0.342234528054
0.247611659888
0.237569798184
0.394591563957
0.304537196126
0.393317658512
0.365812339564
0.25677241686
0.382688391129
0.265975650332
0.354820427421
0.294064840448
0.308657424984
0.219638557391
0.294341583142
0.364192702128
0.248304430504
0.324423629852
0.275849007754
0.412831130468
0.301208301149
0.321827957609
0.312241669507
0.324896794861
0.236332605594
0.247796030062
0.282797081144
0.311106426909
0.254586297354
0.316278284708
0.285888797214
0.369198640798
0.236790176659
0.332008091582
0.286114607261
0.279875410688
0.263704729004
0.292866949022
0.307889548051
0.195182034814
0.275372168126
0.34094117583
0.250766118453
0.245867801602
0.314844440306
0.288870537138
0.344729875443
0.330621520675
0.386120937716
0.309535394985
0.246064365401
0.258606096305
0.267675949901
0.374322918069
0.240961395602
0.160273964513
0.342892680016
0.28228571411
0.21951771396
0.249916233894
0.296978140955
0.182453950939
0.326050681789
0.390788517046
0.305706222958
0.259249173998
0.317122222603
0.213952219337
0.32917596541
0.366873253332
0.291624768907
0.20606392481
0.282918615377
0.313660769585
0.289449286952
0.280890491787
0.355577674522
0.208286896741
0.282206036576
0.210685892023
0.301666948679
0.337387288602
0.199451222481
0.301284498294
0.25039482074
0.358071682932
0.307919768352
0.377836776998
0.308193223504
0.293041186873
0.297257384635
0.255106156333
0.234851070794
0.341385963499
0.221772284636
0.267413248934
0.232977292215
0.208769158779
0.297192437804
0.278286554344
0.299532776383
0.336852983451
0.342455367785
0.296888029817
0.261870850365
0.310588483794
0.243875363703
0.252170483138
0.253018368161
0.252634944608
0.22807301665
0.336535257894
0.26337858755
0.337868295244
0.242489335044
0.306903230905
0.337492024525
0.280642754185
0.291301023309
0.282762340014
0.37782655053
0.234744168511
0.227656330742
0.2943161335
0.297177371867
0.351618933493
0.351495448381
0.238650349821
0.238421729565
0.217711475129
0.365851433366
0.24545084993
0.236944636409
0.28329699648
0.248813904615
0.319198481441
0.227940625989
0.277381625506
0.301541238246
0.269047817289
0.309214911938
0.248337169119
0.324341486294
0.283744368246
0.330518348375
0.206354825801
0.246452191706
0.193151696438
0.227900183161
0.26252880056
0.364293837329
0.237346683767
0.197759874441
0.30900861328
0.262723588357
0.293584933736
0.365610430216
0.329343939984
0.33020189438
0.268177094551
0.325904054397
0.345589247274
0.31019186334
0.243080126984
0.246642470583
0.364187517765
0.217970987337
0.377615611026
0.377254067277
0.280121999842
0.257911386996
0.314030642534
0.350708901322
0.213081393677
0.211135690508
0.205642267188
0.287168847163
0.336235103835
0.271233298491
0.258504069017
0.275902055855
0.314590809564
0.419343563592
0.305686038985
0.223887955347
0.315761275887
0.341457401795
0.319059774065
0.262797281638
0.355595230105
0.388354653671
0.328467709547
0.378643581561
0.228673100528
0.296205871691
0.325848549681
0.337655397397
0.293889365908
0.232733918644
0.263760816225
0.351583741953
0.260706901925
0.226468563167
0.339262303856
0.235457937171
0.34780475862
0.300646863739
0.23938394886
0.324783527082
0.147005563068
0.244777311368
0.233758763861
0.304478357641
0.278090762982
0.377368031186
0.396309369971
0.305291283215
0.427351483151
0.384710017261
0.412860118779
0.369807092345
0.242056713274
0.33085789639
0.240105631559
0.284684579396
0.222690687309
0.267634942382
0.337623910098
0.322186983202
0.297189036334
0.364000657932
0.267986872243
0.328377205528
0.246564763538
0.286935257709
0.387935343749
0.29319792011
0.320641315417
0.289310584282
0.304377715186
0.269740466265
0.328364399459
0.31598637118
0.301784812286
0.296571267869
0.279767590145
0.260224417768
0.311281374659
0.259269526997
0.273491562501
0.304082396294
0.402733691892
0.235274182803
0.276274758559
0.331814455711
0.272145954131
0.282329163165
0.268060182927
0.279906849981
0.26069515193
0.349290333023
0.35173251025
0.290067082919
0.305323327077
0.264367151808
0.2160127229
0.209555777238
0.277182148291
0.228087096494
0.263946527261
0.309301522152
0.300113892823
0.219173186053
0.367858377464
0.374298476543
0.290888509404
0.318117584699
0.228242802346
0.347768138013
0.252094421576
0.296441672664
0.329166075984
0.370640751309
0.381034379306
0.251106821187
0.228935967497
0.334657287759
0.241433022371
0.349451372335
0.341045305365
0.220409827975
0.412526507865
0.215369173806
0.25314027017
0.259569765912
0.2358761638
0.291677339592
0.327028605508
0.299046069241
0.276325251454
0.227225541029
0.238216199017
0.411375731856
0.30745751964
0.25189291691
0.249147200194
0.257813165504
0.271966246038
0.351937792782
0.23992612242
0.332943744763
0.417226198987
0.362734250278
0.277202640447
0.285924250345
0.185673241131
0.200736385532
0.262505285366
0.348655549846
0.304526228065
0.247687826248
0.339300013457
0.347342237419
0.308883106704
0.328730741447
0.244027818019
0.300409449475
0.285212790638
0.265633207618
0.381306239483
0.312908827606
0.326982778341
0.226203882953
0.191710753781
0.331095082266
0.415050522802
0.435051643872
0.403933615724
0.30040248349
0.320827305498
0.297919570421
0.330712444804
0.25657242688
0.258822235241
0.284641926291
0.264268048798
0.269155965856
0.301850134247
0.37544844526
0.272679471155
0.193875099017
0.294713420032
0.250607716758
0.227109816426
0.349269913475
0.230075561414
0.291386359804
0.369753853916
0.317814109884
0.355473774345
0.281148463284
0.239357973097
0.271145185408
0.225912195067
0.277884765221
0.263018723816
0.30449729315
0.398556571871
0.243218588668
0.372074864975
0.297580343629
0.214737452365
0.372047786898
0.293069411185
0.281698456639
0.4152007631
0.182633702849
0.147094803602
0.303071335332
0.308939046725
0.340171107738
0.334699640074
0.312716690289
0.257013882151
0.330280330778
0.38855226847
0.350678104797
0.241439430597
0.266311078358
0.33852776818
0.407931732437
0.257140542083
0.316107425675
0.344254920086
0.350992128914
0.332973279269
0.356749052985
0.296775363783
0.309499347322
0.296086573222
0.257025555457
0.382885563136
0.224067413615
0.307733535302
0.303765471548
0.296466609397
0.257806323185
0.318022100924
0.264063137047
0.279300672555
0.319165380404
0.188463620531
0.333926380217
0.261521361235
0.280930517232
0.276002914522
0.334497220603
0.262508315104
0.32851300126
0.236636641802
0.272432073407
0.316019194291
0.328078519702
0.331474981037
0.290757505371
0.312275409163
0.380106753558
0.259599516531
0.374993511357
0.252888831124
0.219507161608
0.413839931934
0.219654455959
0.275125689893
0.351073665094
0.237475866394
0.187980216406
0.301565541379
0.311079767314
0.250482446479
0.279639026055
0.36473306982
0.245872911155
0.300300981947
0.344107022329
0.179464508113
0.233056451524
0.289029077548
0.294517734249
0.246518385699
0.276363329566
0.331984907419
0.316862797605
0.357894423101
0.24853387885
0.297627880208
0.389277755415
0.237216115551
0.30643397118
0.381946376648
0.391202637751
0.359512139931
0.249303185166
0.278517377579
0.248299807597
0.326583258602
0.276197796838
0.289714701968
0.376391537867
0.333837404262
0.270503294152
0.215970020616
0.276618960062
0.241594677012
0.364341170949
0.400911676779
0.323127677769
0.309237606103
0.245331335022
0.394906955359
0.263408766369
0.307130565928
0.333960195211
0.336768043917
0.203947914283
0.227967183867
0.361626066928
0.230830107903
0.254801459054
0.367487124229
0.336689116754
0.322494808764
0.271344371109
0.247239500066
0.343846732069
0.290500684849
0.223555234219
0.307490402691
0.201558919131
0.305274371211
0.32078237083
0.203945962542
0.292888817385
0.172773929393
0.376647237362
0.260697631046
0.346248039843
0.220291766577
0.29223372862
0.334079985229
0.262711782412
0.272739903835
0.33529177126
0.29483541738
0.227797479366
0.279257146023
0.377178890754
0.272776120627
0.268190745644
0.2539737958
0.243038992593
0.227909401611
0.307667355157
0.288352501625
0.207868755913
0.300630339601
0.249059364605
0.353020919885
0.376804898719
0.313599563048
0.248054055424
0.283632468116
0.375486916249
0.297980156552
0.373096584948
0.332432523414
0.337429351289
0.357441696303
0.25829396076
0.247772897416
0.306427720857
0.296780184554
0.334294953964
0.265372609464
0.323028637236
0.347718340146
0.20225496765
0.249052021679
0.257725851313
0.256754086197
0.291896280935
0.223075651552
0.355559479213
0.279583983455
0.273343151131
0.346061869237
0.223298821421
0.267688406132
0.34700106514
0.283710238452
0.310989138509
0.254169117769
0.304489123957
0.344724437311
0.285345207561
0.173031626835
0.333626865143
0.285985362265
0.4321425633
0.335185700005
0.30952612966
0.297066190812
0.349313201887
0.185203051309
0.212692485281
0.35624962463
0.285450649759
0.315349009984
0.358145671195
0.355425356127
0.37834751347
0.226426662475
0.309199980052
0.335804275328
0.210623651925
0.309813929926
0.339987397157
0.323625536894
0.27765522794
0.223250114712
0.192995527605
0.270767142494
0.365292215368
0.283214106764
0.366699351945
0.289955294299
0.26865562474
0.337951180814
0.373666629145
0.37677946394
0.255036023858
0.278579504944
0.323987422616
0.295157753341
0.313152879263
0.340630142535
0.443840009347
0.299143207756
0.303057239947
0.261252935424
0.343631264331
0.249397176695
0.348074672397
0.293702928269
0.2696354934
0.234474533879
0.164068354495
0.421681843455
0.305616609951
0.369687554823
0.271003693678
0.327341774116
0.295740667432
0.314466455851
0.244277544234
0.277241871576
0.312976815793
0.326506935784
0.354576999116
0.365184906121
0.264634138581
0.36554074472
0.282001378667
0.293786161666
0.386265889964
0.291770339561
0.334582094192
0.24338268921
0.317383451875
0.227339682989
0.391028620664
0.409921675754
0.256288658297
0.326107099179
0.295441439054
0.394233810575
0.299221623147
0.322125951651
0.407822095745
0.246505867567
0.282293618661
0.236567245664
0.280354824365
0.287246007119
0.28391303975
0.223414768821
0.364334995268
0.328959585856
0.348845935338
0.325299107771
0.240283726442
0.262125789336
0.318368541478
0.406077385107
0.241442981968
0.317415219945
0.263766943284
0.262069065923
0.254770397895
0.310156290558
0.271164610857
0.326094995246
0.244342915681
0.358522266955
0.268495548044
0.217069534001
0.254437857465
0.230885024472
0.214078379363
0.309469117032
0.282119917872
0.392631414959
0.402368402642
0.264527431534
0.261512589086
0.275129749228
0.302201418343
0.321503074831
0.218910955071
0.308145129002
0.275292774902
0.40584599436
0.274634333068
0.282128037341
0.297415361827
0.337824620003
0.292714825151
0.185319269045
0.222527045786
0.233601349355
0.369819187299
0.342066554545
0.324218496623
0.219472086291
0.369271630596
0.309166390566
0.282256324569
0.341285587224
0.225784581892
0.365176842067
0.259455233818
0.323155613595
0.277225907376
0.299169094374
0.301110533286
0.30026034376
0.292506016998
0.223363858866
0.250497383864
0.271038484987
0.337822241207
0.365473238456
0.271552916938
0.293027578506
0.230886811328
0.262519383667
0.414530088633
0.265406728674
0.277256533036
0.324392772686
0.288357293547
0.30326853019
0.248381080672
0.303482082826
0.249172783567
0.316984271627
0.38543079133
0.346191360776
0.445495503787
0.290189089243
0.30364672703
0.302341382213
0.264788816993
0.325082524352
0.238538836022
0.333818577411
0.304355110038
0.303808162946
0.347676680074
0.29878946991
0.311458833023
0.272865789285
0.267160414967
0.288660518426
0.41297524159
0.272499046524
0.308360534308
0.344350374611
0.354367202414
0.277698378725
0.318898116352
0.316483043593
0.240872055891
0.355003578591
0.372790551478
0.316667997754
0.287210593108
0.305282504776
0.210412623799
0.330467855509
0.240990723914
0.309558713237
0.360958843316
0.360977665192
0.296310963243
0.263573537544
0.254673378448
0.238554416273
0.325917339311
0.265317756579
0.242968451916
0.32910369055
0.321189240517
0.272011348667
0.273780592531
0.299854514938
0.350045213389
0.39221189461
0.351796435292
0.331771030754
0.222239439711
0.311464647987
0.246719291516
0.328839963823
0.313439613335
0.334781348005
0.343701213544
0.303562882404
0.30816538515
0.342723106007
0.288306130823
0.339202253571
0.40534178935
0.317890186538
0.28281862133
0.235987426712
0.423720542963
0.335812711113
0.251931515177
0.285806340921
0.388225168433
0.316780329491
0.357073501909
0.375667134956
0.250259931111
0.341897584376
0.313266687346
0.341767543596
0.25751778249
0.291695323995
0.293534792745
0.223302320643
0.235052864328
0.252425493191
0.313611268511
0.160605437629
0.34614601972
0.33421293954
0.287407520755
0.323545749913
0.345053088926
0.263931179678
0.271847027083
0.381841753566
0.252668191018
0.296155077111
0.29172372124
0.271259381116
0.28527493602
0.308358594921
0.274846454134
0.279393362884
0.28514095131
0.411884549245
0.329217234952
0.302208141717
0.308852530639
0.223259804068
0.269833546922
0.280421070343
0.31103980195
0.30522719278
0.271009533401
0.263441411819
0.388880092888
0.385804934886
0.232896473782
0.214728032767
0.270412877577
0.257802993433
0.30284654561
0.287867345731
0.364865921001
0.304280160522
0.363121904152
0.340888302277
0.248256064293
0.22246785858
0.230301818264
0.299584051379
0.304359551586
0.32064705042
0.370359993906
0.364582539929
0.21014022202
0.412483256305
0.367958993853
0.261108976175
0.287900756427
0.284729890462
0.275062074963
0.301763776894
0.226958529412
0.32747110567
0.31879325924
0.297202989624
0.285185483392
0.28668994733
0.262708740854
0.261598410528
0.308760273708
0.290192588804
0.357427236569
0.321245154674
0.294463426919
0.313325729919
0.335849085206
0.2993641464
0.351853463867
0.272857376018
0.370576974036
0.317619565369
0.202568667471
0.331897664119
0.394126634782
0.360975629678
0.229183507184
0.323704029039
0.260545531617
0.2667572048
0.228091117376
0.18995347068
0.210766617119
0.188106422482
0.221017926685
0.276791862178
0.155896866073
0.242508962209
0.266174030808
0.274140230469
0.345375438983
0.265244767261
0.298992029923
0.264692528572
0.299059788209
0.308061956498
0.31496675158
0.246682130186
0.341823724703
0.35714466495
0.344771398225
0.292373632574
0.241411009165
0.340605658852
0.31566976305
0.329960638902
0.292280434856
0.229357344628
0.25190890504
0.223647749799
0.338125814801
0.308639538405
0.289711612617
0.31608217438
0.218268012565
0.261408064444
0.28987646734
0.236942122179
0.239457831665
0.306594995988
0.250267049503
0.289604930159
0.2732631797
0.313703252787
0.231124297389
0.278366329516
0.254590634175
0.176378840086
0.390088093041
0.220695460134
0.288901113489
0.384406782345
0.341756304021
0.345865986027
0.276242934094
0.209381639097
0.375881126799
0.194664363338
0.389807749428
0.271558727959
0.229600576634
0.199116484272
0.277932616761
0.231648956683
0.31002281535
0.313112559667
0.156014829627
0.300019767946
0.344442693368
0.263450021217
0.249929006621
0.261473168244
0.307526729208
0.281887751266
0.303903094838
0.339365496879
0.316898360947
0.321437174769
0.269681277851
0.318003791324
0.397935939309
0.19358201308
0.367791295063
0.355309851536
0.292439745013
0.283287525971
0.248066703569
0.290091031712
0.256907080443
0.292020687694
0.308385129161
0.364527778793
0.267804787994
0.263523706448
0.237000812438
0.343079462471
0.282528429028
0.204332027399
0.298326917117
0.249951142927
0.238076364561
0.274582879096
0.309921427257
0.329143500058
0.307102711899
0.194446260644
0.263726114919
0.302543783092
0.189021518819
0.293772684084
0.330681517083
0.280191411177
0.329890168135
0.303002587145
0.336447557837
0.346553638508
0.191307078745
0.289873063433
0.240449959893
0.367462329058
0.266284239981
0.316849318925
0.260917803744
0.32306024053
0.234241194289
0.270282924462
0.326295890117
0.267859748588
0.333300658864
0.245417209871
0.332127106782
0.273206443913
0.252804372759
0.292580632562
0.306857690175
0.382016159892
0.330687616984
0.350395522143
0.309053153963
0.279959413229
0.257183192883
0.275498649392
0.320710111516
0.329111899071
0.306154385889
0.315356709742
0.330017263169
0.316138865797
0.331967597356
0.307007468531
0.316041874835
0.276942420377
0.237168024726
0.270172064178
0.362091379182
0.252648356242
0.353203331727
0.280015657409
0.313189709292
0.240209957029
0.30942114597
0.162796348651
0.353459136535
0.352488711855
0.294112362117
0.40379134905
0.28353396819
0.326665976959
0.300837242472
0.35223091555
0.264830782947
0.261948344366
0.299701935395
0.204617249502
0.313759402614
0.348636776646
0.18796372601
0.288504671005
0.305259909111
0.281480185767
0.258857191909
0.270943525101
0.407339967994
0.251482501183
0.295454809391
0.290729880837
0.299316314945
0.174339135696
0.275363120221
0.36791992692
0.239046554261
0.260582043702
0.247982522024
0.314378403769
0.308551098493
0.299588108275
0.210960996287
0.250466293067
0.22323058608
0.206295062304
0.294508525688
0.311345875534
0.35374736381
0.341097289702
0.251627409258
0.368938295102
0.307335589646
0.336133309359
0.308498381221
0.337368147506
0.258180253619
0.294433706388
0.374266090435
0.333470455095
0.252575645364
0.33457128631
0.456693896247
0.332425652294
0.277966266211
0.382750730012
0.249658517651
0.198731766477
0.263820871919
0.31417611695
0.259147926485
0.3368973018
0.245157458537
0.352173055974
0.211822961778
0.390482129618
0.266054286322
0.21451485443
0.310338939833
0.320397984614
0.196312955631
0.341107959836
0.297047385647
0.23830954833
0.315290316038
0.425142758559
0.226633929623
0.180730856179
0.311773901433
0.341878837612
0.282337131229
0.252645539596
0.370248206769
0.358844950089
0.236099079593
0.321638844328
0.344322950979
0.329361000299
0.269878762592
0.332325701965
0.408478252749
0.348380764158
0.259130816017
0.214372564851
0.250007953183
0.203679292284
0.296113059351
0.343662040242
0.288824878724
0.23027176909
0.282240741079
0.34979967285
0.320726154507
0.287748985796
0.278770511571
0.322588691378
0.320258459917
0.28238209809
0.1943235096
0.329315535674
0.202701464901
0.310844362856
0.293349057109
0.292518861417
0.294821928831
0.29536110354
0.393514177143
0.239743180858
0.302290034809
0.322387967257
0.477924410213
0.321496433416
0.205473908644
0.311691136757
0.280347172158
0.261103028776
0.309977626673
0.258840180491
0.304272611514
0.279198326426
0.287057244283
0.320018830864
0.357082586266
0.271423923905
0.297956800417
0.276751290016
0.318612686523
0.278795266956
0.283964782813
0.34860682452
0.276282370355
0.352040722656
0.253233711697
0.336726884043
0.265141895985
0.264875522801
0.289402256266
0.347322835577
0.25809170412
0.316660008776
0.3103369821
0.31876337782
0.215042149909
0.306640991922
0.280202756961
0.24757788018
0.343966561471
0.346352619111
0.340143158892
0.332107397873
0.39555034122
0.308018356244
0.335386872393
0.21022719656
0.27133772736
0.281789549868
0.222400913059
0.330234427989
0.277328293899
0.28059310483
0.329710223914
0.296838678661
0.36776845409
0.38147280214
0.299110549704
0.309049069004
0.274470755904
0.278943692166
0.233445941136
0.291830614316
0.323995145336
0.328764834574
0.174101033544
0.210149526588
0.27623820166
0.332652574722
0.261965451881
0.296465552521
0.351953851465
0.308830941855
0.319268069285
0.371759284834
0.295912902233
0.324723017805
0.20073272309
0.321551787594
0.2863136353
0.355850695693
0.228620970747
0.322188095797
0.272687539139
0.186242600926
0.28823518343
0.359809894343
0.335972000946
0.271192076541
0.306729674215
0.276400365643
0.248002121073
0.30638444912
0.321916051979
0.232238405332
0.267262362972
0.317610075862
0.269244028028
0.238547709275
0.280434168596
0.236907861779
0.256061042962
0.27411118259
0.315932978256
0.27809781685
0.395657479409
0.329351106163
0.186237913578
0.304534704208
0.360970504565
0.316523358334
0.301377999832
0.162620226833
0.341547316094
0.287591117897
0.233629493049
0.397838133934
0.267805351462
0.364973801081
0.33727729136
0.232472893381
0.306128127312
0.386851834901
0.370801167299
0.357732143025
0.228887371429
0.309283079772
0.29094470225
0.278165873387
0.439365725969
0.323210505107
0.32262869095
0.306173820869
0.303860317706
0.199169080439
0.270088199584
0.314175489797
0.299608487803
0.229882093709
0.282336716625
0.29882033408
0.329855405767
0.298675626884
0.305234478293
0.275321606855
0.252287809477
0.292891964915
0.350311799842
0.30021369704
0.293711269681
0.225035343118
0.265216269045
0.219165712875
0.222097501935
0.24764033165
0.230297888739
0.316342665963
0.264671852145
0.275586835794
0.290590121994
0.298025810666
0.301490525876
0.236099577798
0.299491505049
0.333152048153
0.372185193859
0.303356908787
0.352216808837
0.296737844928
0.389013325425
0.356392014429
0.319915927172
0.391875726368
0.300811079847
0.228856976977
0.332575836091
0.223814248779
0.339537981116
0.351137705252
0.254831483872
0.332228658177
0.328538866165
0.261074059303
0.292447771191
0.226634886155
0.376231098686
0.272009680695
0.340027627334
0.288241399865
0.356877970234
0.251805356067
0.343544319991
0.282512925244
0.397971712805
0.436570961093
0.34020780174
0.348285982486
0.294207627725
0.241427894687
0.35980643047
0.294672051099
0.379488260118
0.224167201008
0.331388108888
0.253972986118
0.309514216253
0.275970647684
0.31320740553
0.332333618205
0.232097405792
0.372470261721
0.182561708194
0.322009711352
0.285037506224
0.33523426672
0.195089026463
0.272847719642
0.229350800827
0.267681884159
0.299140477193
0.237907418606
0.31901371185
0.275294471756
0.361258760212
0.337366518094
0.238915889795
0.246301448343
0.272214083377
0.289639376216
0.240517800069
0.262553527396
0.297992950887
0.344155931307
0.313932983644
0.31212691778
0.3086983539
0.36285646273
0.264613342763
0.357654694364
0.26748116226
0.294430911252
0.320338615138
0.326281443506
0.277313528513
0.240976718741
0.396266718389
0.432531407171
0.26506941669
0.245131260288
0.317674119802
0.262054784714
0.379004983855
0.269033738028
0.362292094266
0.240636250151
0.329331630877
0.270685116349
0.322965218932
0.286508672714
0.229287982037
0.280879432753
0.33764788945
0.310932062315
0.346087446957
0.25217513288
0.226650785213
0.29500468917
0.306965089602
0.265011842763
0.256159162601
0.244552957959
0.294658012045
0.326596508325
0.254584360648
0.22181442133
0.239277725566
0.280008042178
0.293324368114
0.302254238752
0.329302196655
0.267525322462
0.353702111137
0.311995069274
0.283778401325
0.416451199171
0.222741104897
0.248914783087
0.357368392112
0.245749319857
0.252112694186
0.329006577422
0.262456312467
0.239479845792
0.308586826689
0.293093676314
0.251115584051
0.291723489199
0.315763710617
0.30832895924
0.391786716133
0.273665607776
0.306291086091
0.270993932331
0.373485015256
0.309824966586
0.275895152873
0.236954772513
0.322252111578
0.260010863227
0.374086281742
0.29968080194
0.229684032728
0.333797643926
0.270172636184
0.334170429867
0.377424384811
0.4017162579
0.153480140622
0.308631319522
0.34268412681
0.298455655393
0.259661611877
0.445077412631
0.340125174577
0.32637875392
0.239755083544
0.332912567829
0.221712961128
0.333411188901
0.310355119163
0.284449831656
0.364828476485
0.254285285639
0.238135898403
0.29928736882
0.337702382476
0.227706343355
0.306301976716
0.361822637665
0.21109548801
0.203928025485
0.372430233516
0.302527750677
0.310332407644
0.28566203011
0.179751680365
0.306890405152
0.376031641268
0.224021643514
0.353635218653
0.29132178553
0.354415233838
0.265885027042
0.263357086749
0.257598967149
0.363579592034
0.352819104194
0.250403813811
0.258638572348
0.290951177729
0.419473490754
0.332023861432
0.295908908054
0.339131599302
0.229200708932
0.316647788301
0.291928801176
0.320174786119
0.250656697353
0.316549719893
0.335572170209
0.19097377874
0.330710096029
0.227853957951
0.400364817024
0.35025483168
0.204736285451
0.279068479177
0.233236273759
0.287822411777
0.314901654695
0.391772669819
0.32361422978
0.337321107797
0.220820223222
0.227479137222
0.350221520571
0.377402197465
0.279932880975
0.308086629124
0.262904755635
0.380016328604
0.346986944013
0.277904125101
0.287541490794
0.198406004546
0.211088816257
0.332850197664
0.30634202761
0.246672122349
0.344809496881
0.320548815904
0.339877522305
0.239797591364
0.268371162748
0.372300622962
0.305609520037
0.390253427713
0.28499004962
0.30513385923
0.31306621927
0.213399113837
0.30179780346
0.367254072979
0.338552265334
0.285517835133
0.370713744725
0.239862952624
0.243587077068
0.30453773853
0.253693018897
0.346384493534
0.275231690529
0.35655509161
0.295529411558
0.412017841411
0.318714841236
0.230212977706
0.371510471467
0.279996254748
0.284740365033
0.29314465907
0.297024656948
0.252390448272
0.261375760716
0.373913881903
0.284666245511
0.349389285448
0.265822989298
0.333954439509
0.2088030351
0.307383688566
0.289834238267
0.310385027505
0.215494622753
0.351780646291
0.257952181161
0.307084468556
0.281591511964
0.335294202934
0.20159019283
0.253361609624
0.285945874133
0.233267295929
0.284923533829
0.279220315431
0.295659803036
0.30327214205
0.197614801027
0.29423805816
0.316195048601
0.249711306568
0.277409313913
0.336274160933
0.264897964224
0.489262537989
0.276256865613
0.279017013199
0.260011021308
0.297217530244
0.256992819733
0.266567886828
0.263626115368
0.312177126861
0.273398466662
0.277188737715
0.269070136957
0.23916045603
0.183636934234
0.241458610336
0.383030725772
0.254621280594
0.416125302699
0.286258264838
0.286494883808
0.306381357882
0.259315815669
0.279480783466
0.324750570658
0.292623653696
0.248353987499
0.273823510212
0.328876871859
0.235371604198
0.290074825271
0.3299094649
0.334079446523
0.237491746954
0.361253464525
0.253007346411
0.252759747105
0.281396197139
0.262736653579
0.439564229327
0.292027294491
0.278600439576
0.272695516577
0.177349784644
0.274800558251
0.311963972224
0.179323740891
0.31190247989
0.339766833676
0.281568182046
0.208588746584
0.386404257052
0.3596602134
0.256823912315
0.368832077906
0.405247205987
0.393390108176
0.236062304385
0.237427559099
0.276606152487
0.344400452637
0.348916087407
0.30302617717
0.246085099639
0.321951254387
0.303962727497
0.283200991392
0.357200830143
0.303523327729
0.382797449229
0.283003224761
0.406061634481
0.196121433801
0.267324161179
0.240522118625
0.367331194956
0.266778059656
0.34112669334
0.236483552803
0.327590024661
0.272610471483
0.374743488569
0.244144606193
0.331171444013
0.421860929636
0.242984335653
0.241038162786
0.256715269691
0.224787919131
0.340757758961
0.258572466214
0.396426169262
0.303454069704
0.303394449904
0.30945710496
0.350683704812
0.252926435884
0.28479483787
0.286498063964
