0.275871661582
0.26419256129
0.341520200573
0.285498379858
0.244409288039
0.288043921474
0.225951110449
0.290785354893
0.321231510098
0.238143169148
0.283277691179
0.241170170309
0.260696391362
0.284694265076
0.344640355769
0.297224620938
0.357952438572
0.279187243317
0.325339917129
0.310867437077
0.293703241828
0.24895346505
0.258992202009
0.21886448058
0.269739431558
0.216686188671
0.234397219522
0.358434952163
0.250554912972
0.269329336893
0.273492849939
0.264466397404
0.33870756904
0.273786283865
0.357735459639
0.361054964998
0.265873257597
0.324008656098
0.268352832331
0.309772897953
0.274974914738
0.271491615405
0.307497126773
0.262957344471
0.327980182009
0.397776291942
0.304482594691
0.342758322222
0.284570448108
0.293092145025
0.42767809695
0.262503292303
0.264600682878
0.304445121348
0.317561728951
0.277538836351
0.255001377173
0.222406173896
0.29477614567
0.236162162134
0.346543535083
0.254456320589
0.312703822992
0.32274859362
0.330647110148
0.270405816883
0.234671160415
0.304353509701
0.265389938185
0.248681897468
0.286171800437
0.236889276514
0.315410032989
0.295565691734
0.298187499525
0.192417641802
0.299978559097
0.373445381689
0.306838693596
0.351711404698
0.254731531918
0.259676649636
0.380418738426
0.297364037005
0.19175487556
0.19159024643
0.171579600191
0.264332219293
0.245931229424
0.260316994885
0.200075369331
0.299576303486
0.332867277048
0.188696794709
0.426586173655
0.2910937794
0.309555908439
0.329834076421
0.271821698342
0.245619184413
0.325635898816
0.224367057218
0.337802350716
0.290799324934
0.267907239759
0.314040264204
0.32582465899
0.240330659816
0.262101784567
0.346717020834
0.275224389818
0.348173302522
0.406152415312
0.288098089968
0.164334667486
0.261251145115
0.296929933378
0.196902772846
0.198567663704
0.231623184128
0.341474921709
0.306155443945
0.247210081193
0.222988565109
0.377795764556
0.299444291451
0.258516485064
0.301612078379
0.219298793807
0.3025148077
0.257002482463
0.311038681135
0.359609521978
0.223205465569
0.357886085359
0.299479077146
0.233453626796
0.300840994144
0.158916790825
0.331223090198
0.309855821035
0.231982947087
0.341734299721
0.455777536731
0.347499882206
0.283657612914
0.359025236935
0.218650423265
0.335290967001
0.355662450298
0.387977339564
0.380364087451
0.467097825661
0.405509352428
0.239653766767
0.306678160633
0.218149649522
0.315476140343
0.322979389086
0.391267241281
0.382436202245
0.25975571059
0.433423810621
0.284890560303
0.307975338228
0.32504677255
0.405991505607
0.368549881768
0.231873081009
0.397931252944
0.413764870285
0.27534450588
0.387711918296
0.231045849135
0.386371214541
0.212445387521
0.38337252692
0.424099322174
0.325600906424
0.289424965258
0.268579142495
0.320853344622
0.392312512103
0.24911681268
0.182204689939
0.358911709544
0.237329458182
0.444790034657
0.29221728038
0.300670478188
0.371524382731
0.365182567791
0.259826828812
0.230670981864
0.374552910732
0.350470885384
0.298458709385
0.360769975053
0.313035202303
0.392647426625
0.275213852376
0.395886948997
0.331956115108
0.184093726324
0.402359573545
0.345016767207
0.208013269116
0.285263286848
0.409190186578
0.247368801689
0.272358563208
0.362466989099
0.324950490514
0.349531494568
0.294155781207
0.268720364826
0.300241093168
0.395921796496
0.221465013896
0.270298575759
0.277388664298
0.276568688991
0.339713969065
0.236441410714
0.333596659325
0.330624292605
0.309952285257
0.307425164615
0.31749356146
0.243626413868
0.274144121869
0.499238802391
0.26684452996
0.321345934249
0.300721465903
0.408681065481
0.26407382668
0.346812411402
0.267491349599
0.378809011046
0.290341755538
0.165440570467
0.220741375121
0.287516773695
0.216731289583
0.350993357325
0.220603387868
0.446413653873
0.377093668483
0.390894986117
0.275157491446
0.27265040067
0.294323362778
0.376026688626
0.4271519823
0.245179083554
0.505537125574
0.388309572039
0.297741460687
0.411984826782
0.409895937648
0.469038150492
0.402568012172
0.280540275694
0.46965559789
0.369564174458
0.374170229796
0.183357508386
0.294266612427
0.311667029346
0.373253680716
0.353044482572
0.353956303955
0.3044057248
0.251252274669
0.29283972972
0.303737105764
0.244972381434
0.37762246467
0.369144600903
0.336142318956
0.285731590232
0.434953003063
0.2141374247
0.464712436997
0.42611978936
0.197258433655
0.277048914987
0.458662557555
0.29060371388
0.424019181352
0.354163077636
0.216421482251
0.269043792453
0.282811997918
0.287079614149
0.479780068473
0.314972219872
0.438343705265
0.271051724477
0.361662902434
0.438807219488
0.359537097824
0.269546713107
0.29698660171
0.282559563042
0.283351787065
0.301619478261
0.461946400785
0.387614411524
0.344477404731
0.444997621924
0.255237362631
0.352835102814
0.360071693625
0.460204699686
0.263680854599
0.275388942112
0.497857459694
0.31922303181
0.297946696933
0.340852181057
0.338045248868
0.297148900568
0.35159425688
0.251790151298
0.26549854188
0.252941301665
0.400842094688
0.261652800027
0.294499354517
0.380180836414
0.207802870643
0.255246596571
0.317157525302
0.291532490112
0.342949708899
0.419204082903
0.272127335931
0.29485917924
0.289456883427
0.2851433032
0.421992479026
0.261603143879
0.272094513185
0.243965251166
0.251177813942
0.282091609485
0.523628335157
0.261833949
0.327628430008
0.343087363392
0.245762011256
0.416148592316
0.256743668047
0.277235403138
0.313771508613
0.239055165771
0.303059837045
0.283008136976
0.303044231229
0.260738382268
0.292039539035
0.260816486147
0.285040739029
0.306219646497
0.272678296142
0.175241093376
0.206310046635
0.326261813396
0.456597193325
0.286101342734
0.44909175953
0.276287610623
0.281026709817
0.364765380111
0.431265179582
0.30812952457
0.430351170181
0.290886202816
0.302432667943
0.319499957816
0.329709012446
0.282758802101
0.417175000614
0.278735104673
0.256590288208
0.298721213812
0.304276233574
0.324822520503
0.307602144559
0.375380841481
0.244026543871
0.429086224881
0.296840467565
0.30189407982
0.436723357903
0.232428428536
0.370093866192
0.22037054758
0.290810540333
0.274985942807
0.452206173888
0.248799168344
0.433425262351
0.293192152775
0.354802402713
0.327928941344
0.239813547244
0.355820912978
0.350597285468
0.322451172747
0.350158296181
0.282354595029
0.392045139777
0.369295069622
0.462198175767
0.477159363696
0.341017432486
0.342801907543
0.257637675878
0.308074321776
0.290943015357
0.390308266059
0.415984341946
0.312595919023
0.476740036011
0.347290460811
0.280858334719
0.278779016512
0.374583330922
0.290112649279
0.162817544297
0.332584699804
0.211278736642
0.432390644889
0.34269847937
0.288541769348
0.296647817745
0.232044299915
0.375625898424
0.185250866634
0.335003155546
0.248361150304
0.306720822555
0.368219461718
0.221866143692
0.431072495607
0.209636626047
0.320813917785
0.402396390044
0.31067123699
0.508807358741
0.283313988373
0.245834335316
0.318960581021
0.36829414548
0.250722485652
0.360827656115
0.339017297316
0.34387196948
0.343152399976
0.37817946701
0.23792550123
0.309247626046
0.463398985377
0.248445924433
0.342579338593
0.478357163181
0.300387233236
0.316352228777
0.306718859816
0.266621079892
0.467347680771
0.257626311528
0.362249777021
0.308859727975
0.284991048424
0.26190703518
0.291144984478
0.485328644959
0.231690647039
0.217340866273
0.342362185899
0.272898633929
0.391099199836
0.276734241424
0.363906209486
0.301255105867
0.3301224136
0.513573308954
0.36295871673
0.322817304303
0.332657096411
0.230729146979
0.244331948005
0.433719970117
0.422480995681
0.278196342911
0.355594251591
0.226260787215
0.303911998956
0.440373648064
0.307907054515
0.251792917014
0.221626414463
0.33332486366
0.515844520644
0.295320481922
0.48978478382
0.312780509784
0.325830613377
0.319863427851
0.250000874095
0.462732970456
0.29154861417
0.30700989505
0.301238376838
0.27455541675
0.271935979567
0.451913777711
0.300077317344
0.359417286744
0.422497767989
0.295374047879
0.24263616207
0.291254806579
0.414251210984
0.216144113844
0.271690908673
0.367762435616
0.257703126548
0.260755724282
0.246717064398
0.159714584615
0.300843487458
0.567355256266
0.263144303116
0.452940250484
0.16907494909
0.2590317611
0.278096167152
0.315386623068
0.324630021919
0.317177985021
0.240711338446
0.222557933766
0.28280277712
0.343649816327
0.328057044081
0.190532009034
0.367184021236
0.314358702993
0.274498390366
0.286460014635
0.224700282868
0.200531618964
0.328279729254
0.39263151971
0.304890498027
0.310713060761
0.319255712276
0.28797960785
0.418710929468
0.253855361571
0.33931214668
0.524969323478
0.278844416923
0.378619088778
0.19870711912
0.298124523799
0.257847320777
0.332189696289
0.403340993341
0.249077282389
0.313681641451
0.446396996795
0.40199048498
0.402830381948
0.4802670211
0.293062682455
0.322647464986
0.255639732746
0.414539143704
0.320719205136
0.276300946791
0.302127129098
0.293270087921
0.32538865171
0.194262458893
0.289385413381
0.329856758975
0.26532566233
0.313865106598
0.249382333053
0.361949451511
0.287494312726
0.30054460984
0.249773768421
0.313243549061
0.288792110539
0.362557509828
0.287715601621
0.301532189522
0.309833407758
0.402148945082
0.413209352283
0.265672018907
0.417025151664
0.32598210422
0.220261266944
0.283746380782
0.306365143656
0.328122557486
0.313314749368
0.276899281711
0.214703730411
0.206731605614
0.250653318963
0.277456976998
0.294157417484
0.369768559317
0.250175781455
0.28904332162
0.22174816669
0.291316037815
0.286796190031
0.218918674919
0.242442915619
0.249272173198
0.331473969573
0.253966321591
0.377116246475
0.364009901301
0.207472797102
0.362023654559
0.346196764844
0.342911259859
0.407882661599
0.326256521367
0.272410992595
0.187824163519
0.365587407733
0.182780078092
0.271712763014
0.330523360637
0.215043465254
0.244232835202
0.34122460878
0.328952667776
0.210336557605
0.3203000753
0.289164714823
0.321753067337
0.309676883495
0.295108768649
0.312303051999
0.388050343866
0.271822187478
0.208208195702
0.233857857493
0.203168660587
0.223788027358
0.333726876292
0.28093502121
0.278659486971
0.218641740819
0.38799128611
0.326498403654
0.253394560163
0.268969021338
0.19663963854
0.254800483897
0.239770246332
0.285401740915
0.351863790481
0.180364300982
0.363599969473
0.325469148449
0.437741394407
0.254623536801
0.170931032716
0.349297997786
0.319753314409
0.239493744744
0.303890913738
0.236682773196
0.340620633456
0.254148643081
0.290569686397
0.301536388716
0.318545667224
0.315738802067
0.34243112554
0.28624814806
0.233889383884
0.312711886073
0.313492364914
0.211042555464
0.258357254125
0.309635733346
0.319843288107
0.337589616272
0.285236218497
0.265418478805
0.332321615827
0.396259266869
0.360154358012
0.269316015759
0.347665403428
0.392242649184
0.246347970962
0.284716441616
0.284299376382
0.332644739591
0.35852992819
0.245540403299
0.223505245151
0.352114873295
0.25574758611
0.294079396513
0.245482405362
0.224635512833
0.254088437263
0.312590318461
0.321817764779
0.29051051234
0.302333933897
0.272442409433
0.328416004243
0.322232179781
0.258481010238
0.225093825879
0.259798344788
0.29026818964
0.308809799113
0.318494777865
0.319480570727
0.33119812901
0.301797284457
0.256041872401
0.273568961659
0.317277657525
0.289754360534
0.404906105657
0.281059234311
0.293575353212
0.371670164653
0.259956996985
0.310788359335
0.328702585898
0.280061140759
0.333069586943
0.244555704591
0.344798901427
0.316767046616
0.284800828601
0.229350675156
0.31213810511
0.337338585932
0.259763516497
0.246142216957
0.277033124479
0.330340045668
0.225372317412
0.256758580415
0.275905806296
0.285358897021
0.344794603566
0.376991976097
0.304529639503
0.357044636982
0.364030828158
0.24968737541
0.276842924366
0.254565354568
0.338165528375
0.330418698224
0.221470564757
0.269683525043
0.345298575278
0.303185064381
0.327933489033
0.258365927806
0.277902978815
0.335549882184
0.192281657192
0.314108032638
0.290367710791
0.322859484046
0.279897488083
0.350187429594
0.364431070709
0.208915122313
0.279037725561
0.266897852138
0.319536999334
0.212344043104
0.352724864221
0.28012658656
0.363237248813
0.279243092616
0.247774540905
0.178950549622
0.276393122092
0.315745713686
0.236217887825
0.283231203158
0.213306501358
0.390151389579
0.427610124807
0.476285447476
0.34865022012
0.288364763938
0.381557965828
0.241853440294
0.37574770386
0.115358210187
0.325173459519
0.368738519866
0.240904466765
0.445028042555
0.317935612626
0.320538323134
0.546582730152
0.378165076774
0.271704542322
0.30137697743
0.300503428158
0.516414512302
0.260343885346
0.348465122663
0.385205968671
0.354217564389
0.277451744932
0.26242396432
0.421407644286
0.26993962921
0.194304143751
0.30535791655
0.196450127216
0.197660536176
0.363512064767
0.531048250881
0.209490653821
0.299588603107
0.403414945367
0.353026390196
0.298364106151
0.396570825712
0.219125500133
0.28931179358
0.32933673132
0.405832299533
0.498938118024
0.344091222826
0.313187541756
0.284777910457
0.411098983261
0.302043998838
0.381651732053
0.402124891582
0.458813933241
0.22789590648
0.36650742848
0.429421838116
0.20296319078
0.298740895437
0.287548948412
0.30546982453
0.357310108444
0.253883991404
0.277717224759
0.340108901391
0.350514472629
0.346872297509
0.293051916954
0.366515272976
0.53612463031
0.339595475826
0.32711284397
0.317953095952
0.271030906372
0.202209255706
0.363596560135
0.429327162398
0.339439072621
0.301204259178
0.482698591542
0.322846146223
0.544740191581
0.491556319185
0.351461232945
0.337029388884
0.36757657505
0.274831056818
0.260007065972
0.239409077625
0.473086718564
0.181729585291
0.280064815016
0.558043467931
0.322332303287
0.280750362242
0.41967780854
0.306884483575
0.275643745873
0.265504952361
0.311590590061
0.482664995698
0.27281577574
0.377792345059
0.296330744066
0.283555807639
0.271676410505
0.470047058754
0.260430013075
0.334586004572
0.303435958846
0.258693833517
0.582554294416
0.431918660385
0.294630415974
0.25296247633
0.330910974107
0.293467729264
0.245196226185
0.512926504386
0.49829256788
0.251821894599
0.28036298275
0.30716769828
0.30980449304
0.28737530188
0.546530177513
0.409945904773
0.288906775937
0.463977501392
0.433286040009
0.424329395987
0.390635813056
0.306174814676
0.406789667353
0.368580146614
0.339023151897
0.297155278979
0.423785917508
0.385546753284
0.272255449016
0.240111221056
0.271216802867
0.267274030464
0.274449380409
0.268402665326
0.241470259645
0.277762083144
0.285865446588
0.346773151035
0.304027165599
0.316516665873
0.44117653158
0.263034951783
0.264965701394
0.338039402854
0.193547957591
0.322815929134
0.201705883894
0.350934718523
0.272508468072
0.256514638992
0.237016543173
0.256669032602
0.246174846377
0.34564170584
0.280047763143
0.291628667425
0.247615826724
0.241721807098
0.270434090282
0.322209365376
0.383150565697
0.173486424994
0.384166840802
0.227779017664
0.282740229044
0.268381787747
0.277413514277
0.314148823662
0.263110790775
0.25496604488
0.23472309305
0.272099029726
0.328165106861
0.18285933418
0.361991367616
0.286366308996
0.239483586618
0.237929941219
0.29201716909
0.299478977204
0.275009744661
0.296312769763
0.355250918449
0.356071987294
0.253639686319
0.264621350738
0.19439197141
0.245317822982
0.252041365146
0.241884138081
0.254969992219
0.326400491551
0.274797529267
0.274062596582
0.262309000853
0.304550066778
0.338737431731
0.293722989724
0.291328120796
0.208764110394
0.290654665331
0.237933083768
0.260553715276
0.266479933656
0.444880994102
0.277786204488
0.33203939042
0.204645829815
0.293914556794
0.283501648968
0.297926930635
0.334318741732
0.354636051033
0.273031882568
0.228770571664
0.205768387981
0.236049757936
0.270145100905
0.258351003692
0.308724017866
0.334470379746
0.276547638538
0.178512026393
0.245280689549
0.266796183079
0.364331236129
0.25175754552
0.291271187332
0.366641387396
0.270391179589
0.225844759062
0.317879586957
0.385244800321
0.3789662318
0.245099730773
0.284755242117
0.313803706691
0.303629241042
0.249578744014
0.280884346096
0.309192410053
0.24615465629
0.332062590696
0.30916901214
0.277306037408
0.298013829658
0.267239365913
0.295211543207
0.17860592658
0.334523854168
0.268994901799
0.151590528345
0.418714617274
0.216570070202
0.125266378282
0.2183514869
0.29360397925
0.29022287091
0.353321043171
0.135570086304
0.300319523131
0.348188006897
0.369530010552
0.325117362533
0.20701863163
0.239140675651
0.291823526557
0.418272700565
0.29965507771
0.271468029944
0.410486216313
0.382469485441
0.448793698313
0.215898956382
0.224638021698
0.304440129213
0.40425974516
0.339334370361
0.227664436983
0.310729073278
0.277045361409
0.3085450091
0.291279727616
0.373907042871
0.46138479458
0.278639117389
0.217463995028
0.247344662686
0.327032076964
0.284864169374
0.192362589039
0.395275597958
0.291925626781
0.343669002453
0.261510391921
0.355446044319
0.246675931144
0.327760319087
0.226375303965
0.25568031298
0.55862331549
0.197465366448
0.354060515802
0.461875473693
0.444488551805
0.282174701367
0.285751536978
0.463335763011
0.21820498171
0.139388953842
0.287695458804
0.378610695648
0.30454144696
0.307909081616
0.265898066315
0.318232980388
0.221464868692
0.212046471796
0.493003003621
0.199718814236
0.234855406068
0.541456926969
0.230578917672
0.291812397158
0.410881463119
0.577159737616
0.260447501557
0.29592315058
0.430236420651
0.197954068279
0.244156697014
0.476660843082
0.502984167455
0.317373374067
0.392350772374
0.561265264911
0.227923258571
0.351313198744
0.33535271154
0.380381342903
0.284866126037
0.361552022286
0.349432712239
0.209440376689
0.302666945702
0.442390240332
0.284485232545
0.243751215689
0.488713866033
0.265237610833
0.328660891746
0.51913082687
0.377245835382
0.349942789045
0.241711642463
0.286811545475
0.289496388292
0.231981294899
0.479025988952
0.266362599733
0.331690682831
0.305798432683
0.502890128445
0.278232104081
0.210902518112
0.327689098199
0.288002412843
0.235747634854
0.2988200782
0.517888593415
0.195439116759
0.337604298813
0.31770500672
0.432721025545
0.217291535426
0.336043940598
0.46978068126
0.23189734287
0.172416326102
0.48936490104
0.362787131872
0.182705919286
0.245601111779
0.544901743613
0.31219350175
0.394349886294
0.525531180557
0.303514567211
0.302800895439
0.293584278489
0.282624618997
0.378347283584
0.229004027094
0.520346601112
0.361034485866
0.239635051737
0.417679506897
0.341690760504
0.25560212262
0.268256154141
0.345355208532
0.221069798774
0.364271080025
0.269421037641
0.329353412319
0.292014894425
0.418237693191
0.244174216884
0.242205907711
0.284254352761
0.289281826791
0.246882044543
0.37260649728
0.32611702224
0.183656410705
0.232703502614
0.31129854974
0.283903753132
0.303071767487
0.465217362885
0.396359074316
0.248141057662
0.347281995292
0.286963214268
0.25693900517
0.325517413612
0.398119658851
0.223661958316
0.339022569444
0.349995629548
0.281238810807
0.235055782463
0.35163595455
0.248664785115
0.299189041124
0.402562298483
0.201925989008
0.369651984741
0.382472713798
0.472142361175
0.278091361622
0.254062464517
0.369819913286
0.290669612563
0.31807716713
0.259425050806
0.36218118395
0.168476185161
0.295396104436
0.301093411939
0.316680485796
0.337776020547
0.307249242734
0.296527638503
0.261391621159
0.29821941746
0.308127538298
0.296839979182
0.211316999886
0.339977717335
0.30063312837
0.273849727736
0.296205354852
0.257487088337
0.319763257774
0.247996313366
0.318826090322
0.215505915084
0.379393914237
0.280483237834
0.35751868535
0.391233098895
0.393955401545
0.371861371045
0.313074159094
0.317640443857
0.272482426981
0.305143832993
0.513579979289
0.224930680767
0.305740176155
0.233860530433
0.275579850074
0.291258464616
0.327850717359
0.221933025735
0.40720590726
0.389240125483
0.344995720878
0.275440680091
0.401781825146
0.213783445627
0.291558703425
0.263657591657
0.408731095755
0.262574496224
0.347035059117
0.310508584726
0.353485340546
0.294890232295
0.260868292396
0.39031693064
0.252812341227
0.304086625103
0.30264607367
0.297271186675
0.275203596374
0.403349087725
0.376180572583
0.329099223685
0.266359842245
0.256940188293
0.235884495924
0.311154273768
0.342358060577
0.317422207921
0.324893091516
0.291979669003
0.259995667424
0.426982866788
0.452718917354
0.327095932608
0.479352558861
0.373277041899
0.490938714623
0.262412095369
0.328921472691
0.224602274136
0.26185490573
0.293059445996
0.356446832825
0.222178476636
0.278019320613
0.404093123464
0.341587226232
0.306336020557
0.209983632009
0.265099727973
0.324530409275
0.219163528492
0.244648452351
0.328170667092
0.289608287393
0.332272097909
0.32958957264
0.264210020098
0.31430321478
0.314738690711
0.271463771855
0.281356235424
0.267231008876
0.388015564787
0.352827476347
0.328776197958
0.25543805326
0.248204727868
0.318195257974
0.30411881548
0.298724695179
0.284603892852
0.313680869716
0.311063545743
0.289918057898
0.335993497798
0.296614325474
0.417088955275
0.267949009102
0.342502073691
0.284096546634
0.359434130494
0.238273131905
0.285427789709
0.305579717545
0.247996988579
0.302968609365
0.318151888399
0.319487755418
0.204198664492
0.220509331627
0.296392604861
0.367639301257
0.273505766829
0.306748873696
0.217204837792
0.272977466347
0.330126278427
0.359431026008
0.36173845301
0.192656296237
0.267393034425
0.250529348776
0.149028135965
0.283712154857
0.248129699577
0.199772297368
0.27218962736
0.246668134202
0.262294763669
0.225524461181
0.358185658822
0.346940279063
0.288716937349
0.364323755165
0.396302074844
0.22619635941
0.29348480751
0.366550542648
0.222930268929
0.30482968103
0.265775815523
0.250531118007
0.31887633518
0.362746967056
0.311348994006
0.270233280557
0.233938897948
0.307203452141
0.30677687312
0.248394133032
0.382822954651
0.348846632929
0.213318648397
0.24094061888
0.258454668975
0.262481577979
0.245523778892
0.350311799088
0.212654140973
0.393575334367
0.23545367334
0.222987900261
0.192071981059
0.224445011249
0.163472628422
0.378385155245
0.309962882304
0.284795895097
0.270839878503
0.179524336517
0.169633771168
0.345117798153
0.325982876613
0.335063666305
0.331703089998
0.357853657192
0.353120333524
0.289234545725
0.220775957162
0.387620528467
0.220303985978
0.402792983913
0.292606291761
0.267679120897
0.273162277033
0.294030061348
0.274240480419
0.335378405576
0.281457580859
0.369804183761
0.291307003226
0.287982196069
0.28956485758
0.333779074055
0.25715182112
0.290286757238
0.164875788336
0.181971746521
0.374217906965
0.20720898533
0.244670684901
0.35366831649
0.132999095139
0.359918667729
0.261168146518
0.298371485684
0.304737075847
0.231674483544
0.31181674016
0.258219936643
0.263962053938
0.336414886448
0.368929057807
0.32010363989
0.298278421204
0.229254428127
0.277820514143
0.316231344307
0.256321128646
0.241713285594
0.243470658929
0.215762960393
0.246355962852
0.324541820867
0.384326006225
0.314251151871
0.246529560114
0.277461889251
0.27314869831
0.336341956205
0.225418640398
0.338643072133
0.293642265534
0.205285635945
0.349648499956
0.376964947137
0.232231400298
0.334853419941
0.318613532963
0.345131089033
0.430508498629
0.234232142042
0.305665501432
0.305330198577
0.287347461818
0.289704541905
0.267673373897
0.299240189768
0.351488852298
0.258870663912
0.32733383928
0.349769958394
0.404798148132
0.256377780473
0.280630228993
0.271100654866
0.272762050204
0.250547528791
0.223959657044
0.333835227791
0.28200045711
0.351487867977
0.407113078859
0.291261999151
0.250137635039
0.295717108122
0.271759496106
0.245032013639
0.260356742729
0.247165341434
0.197922444117
0.238703960774
0.243221611667
0.295103279848
0.317091345968
0.357471386121
0.306322159613
0.277357955866
0.246416910165
0.221902738926
0.339128057191
0.276671205704
0.268717026966
0.270069372913
0.279029877101
0.322774435285
0.317315326112
0.255265850104
0.240127273139
0.204288434125
0.317061735656
0.348124289017
0.285739857512
0.20770574933
0.202808918332
0.38898379822
0.260161334255
0.213374418308
0.272009385549
0.271600476618
0.400691907628
0.292432323576
0.368916868181
0.272894910555
0.224047248778
0.324045586541
0.194301830485
0.276951361491
0.304819769206
0.333058134102
0.218248428674
0.31862472783
0.356144467562
0.281154890407
0.328024545696
0.284022759591
0.289518255639
0.345829168756
0.317560343844
0.265050572186
0.27253236512
0.18157664726
0.215505216964
0.272423965051
0.227638058244
0.294168184589
0.246309611333
0.26802965534
0.328274587441
0.287010380485
0.306976736673
0.291689746855
0.273965031662
0.340495317597
0.322132723296
0.287371652691
0.320427448838
0.254016072633
0.328694959264
0.300363837049
0.239372593334
0.348691035604
0.323345483728
0.238407734795
0.397115661037
0.255136689983
0.308877545405
0.363454600928
0.337466910626
0.212714648155
0.234755744315
0.303571349913
0.239680216641
0.31713962331
0.334868777391
0.186151091083
0.283402720939
0.334644896479
0.346777343476
0.296032230406
0.319483431402
0.236548976916
0.291793356664
0.241286984897
0.187653785499
0.175637065957
0.237383645344
0.304780032774
0.213483318908
0.324599955328
0.311308858357
0.242689382507
0.277187327489
0.371794918753
0.282006329906
0.269802632015
0.265221344529
0.216588981404
0.329015004183
0.276374073081
0.231042774818
0.29793846668
0.31805749412
0.290984569357
0.325043891706
0.282582090163
0.225537079784
0.322136516369
0.3554644165
0.347154521768
0.318358963791
0.269460090199
0.299431608542
0.349014419312
0.255516652248
0.349477776717
0.393301435094
0.352785799964
0.253070176233
0.328146711402
0.218366473856
0.362889018793
0.298125876974
0.276885399785
0.30141190263
0.214751587009
0.231254725801
0.278170862307
0.324722902905
0.345790208069
0.266097398665
0.294605411127
0.324188961822
0.31648657058
0.29558681913
0.226365497398
0.267567740949
0.237617805245
0.27792578005
0.448694934069
0.280857404567
0.36143177299
0.247404281366
0.279612023575
0.256493771887
0.33638405831
0.337378873848
0.261213526758
0.291435801335
0.3596300827
0.307089917537
0.285817936499
0.345032124231
0.362186935621
0.287504951251
0.307462600595
0.329201559491
0.351045432679
0.273673201152
0.313168085145
0.362741875575
0.249287463273
0.317519284923
0.363620555016
0.305750334929
0.263544273715
0.32395889365
0.239846676551
0.292044262902
0.351223362867
0.265804663019
0.183404353539
0.241178936208
0.227797287914
0.383085011063
0.222461933059
0.288096207397
0.346788854139
0.353388930881
0.26741378655
0.310487355308
0.33193625213
0.2883645142
0.328773776483
0.253500159635
0.278543291793
0.299739620273
0.333967560019
0.24761444235
0.348050711936
0.236551487428
0.219532382335
0.291666440923
0.262768374433
0.310558474598
0.291639730025
0.208829001686
0.262996093715
0.324259049333
0.348002172476
0.267119389325
0.318449550247
0.344026953913
0.292454889715
0.268174632954
0.225756303986
0.199761428437
0.292971663066
0.248566965528
0.363995150262
0.324026203012
0.316987569271
0.348373442194
0.239657852366
0.237757002318
0.282922129243
0.336712402291
0.332939571305
0.262246228735
0.271317070389
0.283010482366
0.341218140463
0.255609576439
0.403618586247
0.213180166147
0.296017481439
0.338579427606
0.246331921325
0.311903512406
0.293246830203
0.319661861998
0.278825168005
0.302915217932
0.311443076523
0.329027585227
0.327363566068
0.222553601268
0.297312365015
0.319909496039
0.208741806779
0.313017268799
0.368892233015
0.281342689929
0.292102021812
0.363585941217
0.290781820974
0.323445042305
0.248980854821
0.32056688593
0.271460509003
0.420797538685
0.324253781386
0.2056996809
0.214652339225
0.354021703893
0.212903436594
0.344885274686
0.354379814741
0.233579024667
0.324756661031
0.323113037118
0.363984115465
0.320904880975
0.279189291965
0.229366042815
0.31099404493
0.236840496273
0.271867764449
0.409010855733
0.216454206086
0.224746380171
0.376784352278
0.274873647652
0.254719116233
0.246328876569
0.339116938484
0.246004146353
0.318545149912
0.30345301333
0.258248706746
0.297564397911
0.321598458557
0.333643537486
0.291443411212
0.322337689066
0.172763766558
0.2842924292
0.263894310302
0.286362631607
0.34795803938
0.304122246242
0.375284567571
0.2468590005
0.380808860897
0.356266222159
0.350367534704
0.310701068647
0.28738597821
0.290429011444
0.266632511529
0.25783450591
0.277761504287
0.270031922356
0.250245444895
0.341621761468
0.352780395398
0.263056949465
0.328639224124
0.346233466672
0.393037372345
0.2465912544
0.284261636777
0.299195024437
0.361694918979
0.230565725726
0.339598138826
0.263428006918
0.324642379473
0.287839462092
0.287118466934
0.316798290564
0.291346928773
0.246894340125
0.297415880762
0.299907601704
0.307844828545
0.333133331533
0.216375672615
0.280120405726
0.340930388973
0.336166613297
0.282547455307
0.307662079417
0.291719362609
0.295580286809
0.212801443531
0.307094856609
0.252521905738
0.290247740623
0.337676213618
0.230717206565
0.371235888226
0.212104697779
0.357371657787
0.237258519687
0.301821769023
0.265977386875
0.347262382339
0.297489631141
0.299942955805
0.38621135132
0.291489004129
0.246361745058
0.299189432177
0.347822237191
0.350873464926
0.288805325685
0.331177257747
0.347274534563
0.333729926351
0.304379158534
0.259596867291
0.341335053664
0.331263933975
0.371740867494
0.315668607756
0.2350227847
0.293956414482
0.275239018426
0.312987065344
0.242269213639
0.339557449785
0.268679903554
0.381969378963
0.288049625648
0.206639932181
0.418998179446
0.318369324485
0.314898454079
0.279203491199
0.380443447262
0.164353537546
0.358101689076
0.287744028801
0.530374066289
0.320622139228
0.294046409804
0.406407179676
0.334199619997
0.427847609834
0.418575984153
0.420532281927
0.330050195094
0.406900629826
0.308276022894
0.347490070225
0.303791847209
0.37127489901
0.206725133016
0.310787574704
0.307181923073
0.274048735071
0.244200513919
0.275635580039
0.343460840462
0.236744758123
0.249759259344
0.16137809327
0.363022345717
0.353681723346
0.381882818118
0.28166314924
0.363722269275
0.274891065702
0.243687526874
0.290552736492
0.180267958792
0.429409924642
0.263570620486
0.284840993789
0.187928589272
0.262485493902
0.309170615435
0.319038803772
0.210660338931
0.375953634839
0.254932639012
0.374911676987
0.320852711669
0.349620455528
0.238361355941
0.331986564839
0.284995923139
0.297642038586
0.341406847642
0.290321500482
0.262883654262
0.22561842357
0.376875178749
0.216840611517
0.258005308083
0.23215150995
0.31994103336
0.21716129968
0.374370701159
0.307843262702
0.388084510454
0.358700155189
0.272598577788
0.343613208817
0.357423734846
0.288263146074
0.188977196793
0.258441325071
0.195975828394
0.42779645434
0.347851793395
0.148009392253
0.308703358968
0.295105945589
0.21392322704
0.421324265768
0.39579071567
0.326289784434
0.284873295495
0.288080667063
0.302375523203
0.245729757852
0.292131490665
0.267586242878
0.393008696767
0.40093047416
0.197285439865
0.235841207425
0.227409827245
0.290048779093
0.305614123016
0.298489196984
0.254810542828
0.214755146798
0.278284431859
0.282664959198
0.404106929801
0.39410173084
0.257541309731
0.329020988071
0.364508941066
0.284544299751
0.287848038763
0.270814758075
0.313462305736
0.270591001566
0.285408022146
0.434015541762
0.231293752392
0.303771274146
0.320156904177
0.219399344849
0.247528838551
0.281643809655
0.300132439013
0.262606754386
0.281439884907
0.310510637927
0.384348983501
0.329891380991
0.37998337757
0.284586288858
0.347422658075
0.318248556817
0.306884342387
0.282352313846
0.261505706441
0.264536707061
0.337092262677
0.242580469197
0.253211840306
0.345541255736
0.380351137855
0.419599527498
0.340793579094
0.30696411708
0.342876999538
0.408822000447
0.261478361856
0.2467639244
0.358098573927
0.210828471185
0.313479159071
0.264235895552
0.272246364548
0.199114292764
0.28598274977
0.28775162845
0.261226366649
0.341734921936
0.338681091537
0.316430266904
0.345656159768
0.276625987331
0.27852936553
0.300451496112
0.262574830418
0.237939611757
0.415682619368
0.201728568449
0.289275825174
0.311397813214
0.252139657054
0.246604622803
0.420166918245
0.288793985767
0.348313107884
0.281610532988
0.252491965241
0.29123733027
0.29060290229
0.194423213956
0.322896733809
0.3147473119
0.307706636879
0.362062951948
0.230645533852
0.35485481333
0.287666392561
0.314714242973
0.291426882419
0.183848686332
0.325877440673
0.306761214244
0.277235460728
0.226969225555
0.219025199615
0.343269191736
0.357019736185
0.229890407188
0.266920357401
0.382329708675
0.294696671193
0.343584015137
0.327449703501
0.228318534021
0.284835775151
0.345828332253
0.393676540562
0.317228943677
0.242476214599
0.261539135011
0.256548797652
0.254212154487
0.417821973699
0.284447774721
0.24923190016
0.283716237306
0.218112479501
0.249926998654
0.321586199216
0.289025210273
0.369493277331
0.302700946436
0.264379249662
0.240982682734
0.315865503295
0.274217913596
0.357841337495
0.285752676064
0.286176683633
0.265925370798
0.272454657661
0.401663046266
0.24402782443
0.324291702459
0.337462381089
0.345462347295
0.332608748367
0.340663241861
0.31555008309
0.245675555059
0.289038347361
0.332708152511
0.386151830515
0.301694404502
0.290418727633
0.216733346112
0.342641989963
0.300869707445
0.296964408527
0.400496288007
0.294471305715
0.276677459244
0.313689755383
0.274099797962
0.223182606777
0.241973173147
0.270664560772
0.221821564917
0.307222291154
0.337359489475
0.417473607475
0.212376044764
0.225166290109
0.242191498553
0.215920559688
0.197657188196
0.439950828639
0.281217447396
0.312542898917
0.326518619194
0.331384270994
0.285982860798
0.219653834663
0.252911511058
0.300675125763
0.360112387735
0.347804505132
0.288494179081
0.253472984077
0.312351319488
0.322105864158
0.32352679778
0.257160277139
0.258053662167
0.280045043451
0.221873058981
0.335868014355
0.200087735284
0.284157037988
0.243039620979
0.252024023715
0.286189741993
0.251971496397
0.214315350721
0.24988862994
0.348653625229
0.270056925079
0.335716529996
0.321149081022
0.353470776413
0.290323319779
0.315851701336
0.249390046007
0.21207120582
0.231148233253
0.340794869398
0.22427893252
0.366887821336
0.279141805945
0.183731673946
0.296784245985
0.203148050327
0.289003757203
0.283693958895
0.310442986214
0.294497125258
0.419928786063
0.337607100115
0.313315242251
0.316393522445
0.360832886748
0.2776470463
0.267593460753
0.293088644618
0.369919607677
0.369280094375
0.308676911768
0.263304985389
0.330440739051
0.348613535616
0.260296232882
0.360455990989
0.301376497736
0.305813360776
0.210951943958
0.331073277297
0.245861103865
0.329650489024
0.202564237356
0.242791060819
0.358515097771
0.290779724465
0.238385703283
0.280197874104
0.276927647688
0.320448326198
0.242858556135
0.326159617133
0.290858709104
0.291150682913
0.239294657037
0.365653226943
0.223862227623
0.277409232562
0.227238929565
0.290931567689
0.283813205059
0.348628871766
0.432363490982
0.23983287809
0.422713110493
0.31926682207
0.275352188999
0.346818475633
0.251608742427
0.351331319904
0.339884924895
0.269172463296
0.285134537579
0.263279266673
0.327706061153
0.289292063416
0.328546575031
0.396688298255
0.283728063417
0.326557336145
0.301657630326
0.335881459113
0.291336586291
0.26647087788
0.266736846366
0.328085395493
0.386110192905
0.256780870443
0.297315472046
0.377702192539
0.239061785992
0.263007398375
0.303793947716
0.33338797672
0.349135998698
0.254599123432
0.245508743308
0.347061542893
0.260098752635
0.397378662116
0.300568489901
0.257123115765
0.301489692951
0.389185649852
0.343473708531
0.311673664748
0.327056410384
0.278198288202
0.309469619799
0.23410330148
0.249690040076
0.23042513855
0.19506954219
0.218703938942
0.306180188719
0.211206411867
0.28110776666
0.229506936591
0.298268166298
0.345674711875
0.228381924077
0.333532519948
0.30334352191
0.273957206902
0.301702691325
0.261755427996
0.315964029649
0.330177053906
0.281827580757
0.294303698972
0.362574279142
0.266428625618
0.332468146697
0.35372821702
0.290374369716
0.24042580239
0.242559148167
0.209940445534
0.281558643938
0.242352836494
0.271491995634
0.275581092318
0.293478091458
0.216747678723
0.244378434218
0.156409708376
0.292932217205
0.328208664345
0.29438231447
0.247853272809
0.289579758067
0.276486354115
0.316902660475
0.230488386507
0.258816429858
0.315796123336
0.301766780288
0.275795098034
0.304202650793
0.307101024442
0.279554314096
0.309637977022
0.33449405082
0.292570189965
0.24575213746
0.267929366572
0.206885377529
0.364490939519
0.29157262416
0.289739438893
0.334069802302
0.300607883913
0.264463084439
0.294381211828
0.312595346966
0.210446645012
0.264583141735
0.354531812912
0.272003483722
0.222892560505
0.305780774992
0.400832520987
0.378649196523
0.353644839511
0.270160365059
0.34787479681
0.365751398341
0.33185774582
0.210853283159
0.274745252393
0.297370136421
0.243187919549
0.182231189845
0.36754600514
0.244884451438
0.232107287883
0.354867081328
0.29024528093
0.226878511071
0.270954411471
0.269734614362
0.313851552404
0.269737997542
0.281171548012
0.262821210609
0.199691905239
0.315961606025
0.353823203644
0.247568012901
0.297806112393
0.252071207806
0.256154643191
0.32762334391
0.274637591783
0.309199475456
0.273558105665
0.321998278998
0.236200340942
0.26402880881
0.362370229872
0.240761808452
0.256285858393
0.333193198335
0.362820972154
0.299102620749
0.319949987428
0.308899072787
0.379269826766
0.27875505585
0.241082537832
0.270485166411
0.29836862848
0.341175200093
0.402735655655
0.336813443909
0.378085569702
0.38087965594
0.319386213112
0.181356391911
0.323963419834
0.282028430348
0.234244271853
0.298338932361
0.350436542414
0.260857460804
0.250190089008
0.309257017792
0.260442818102
0.255543954335
0.266678828382
0.267644757768
0.270051478222
0.205238015351
0.193925060508
0.305133644802
0.27241108909
0.361316733977
0.234904994978
0.275394368938
0.295157089046
0.237341998911
0.256511930516
0.294153760855
0.400826920525
0.247326181733
0.254724673797
0.172180883046
0.225101363872
0.306487597893
0.247799406608
0.259513779181
0.320379416125
0.388465974201
0.179000101366
0.148948793584
0.197812721697
0.318088726503
0.213736354573
0.337864232694
0.305989584112
0.301776114591
0.263042939287
0.248051181931
0.266771301999
0.260843488449
0.334100040623
0.184536483572
0.276025493275
0.349290739896
0.243190641123
0.255876736519
0.270269197649
0.375601301919
0.250708110351
0.22010532905
0.346363206751
0.299114633905
0.29776614388
0.20964345265
0.262264065592
0.180771648198
0.204400055525
0.336788155329
0.234929299998
0.242063058188
0.393937449642
0.371919833446
0.172717969297
0.483447692947
0.305988690741
0.484507308569
0.250579670781
0.207581422112
0.24062436228
0.339397795803
0.146430638253
0.255561290274
0.315605358064
0.25905357046
0.319341602793
0.359310334086
0.331284526897
0.395676406872
0.322273897653
0.299934180128
0.292213470402
0.387907153503
0.2814509092
0.339387839206
0.247337554146
0.217094923638
0.337417166795
0.283758324761
0.328817965252
0.28488562064
0.246273046396
0.290932025461
0.35405372095
0.325126822739
0.292675189377
0.279528199114
0.221751207006
0.284600578091
0.350971601231
0.303035770665
0.27304894354
0.234033128263
0.276390846616
0.27354857862
0.212063570467
0.254718480552
0.217450364796
0.317308735756
0.313778374118
0.333354894478
0.216890595572
0.305905290586
0.314088337519
0.221865708744
0.272032413622
0.278322699018
0.358071881557
0.320011681145
0.276808468786
0.261442639474
0.295508172383
0.415845092979
0.297059452234
0.266782770377
0.35215628474
0.263369747925
0.30179902111
0.273086657022
0.24970326487
0.308954262294
0.302983843292
0.196773806252
0.345696142318
0.312393612006
0.273588501509
0.256691442954
0.286731341526
0.227795266557
0.27336615008
0.279942658022
0.313652198968
0.319161316413
0.284116450578
0.263418607793
0.387995488284
0.271719161556
0.427545935953
0.291882270321
0.245426654995
0.177991807377
0.293171674327
0.288444711041
0.339644526267
0.284683880296
0.321778594865
0.217057386849
0.346740690937
0.30184686321
0.161100865713
0.238201449945
0.292897081244
0.310683095043
0.434185877133
0.291360658964
0.397587678699
0.267606009227
0.332857753397
0.316379245186
0.257322129424
0.268747837221
0.310374404425
0.199566181716
0.308260453026
0.238628566571
0.337839407623
0.220892102876
0.32569675195
0.375842595693
0.310366954999
0.26507113396
0.242815620711
0.261025850602
0.325364496155
0.26239318327
0.251589441776
0.275291812347
0.309651173477
0.276698616581
0.298880123056
0.225693961076
0.232908378373
0.337700335147
0.288440523276
0.27914063772
0.423775300163
0.297728463869
0.434938633801
0.218597337434
0.37227760877
0.200021845182
0.329244048296
0.226297531228
0.402181329778
0.308067128766
0.196724180426
0.233382895493
0.305470630255
0.189529224757
0.30456665603
0.254793899322
0.228417280462
0.312716484411
0.218480100054
0.309562473933
0.400124274076
0.209931093457
0.190519596317
0.275369073026
0.451953020796
0.372989483813
0.28194296402
0.330398766702
0.28240752348
0.309384593862
0.325243298924
0.335264785339
0.254806435966
0.275236084032
0.310884837927
0.292811499336
0.240261741162
0.292092845545
0.295020568657
0.309878618294
0.228384466968
0.22723551056
0.226879963166
0.286998077143
0.378072907975
0.24132970076
0.368593321067
0.344510064396
0.324143834077
0.280758411398
0.299069240817
0.338193332898
0.278131155218
0.320498075257
0.226168860028
0.242756170911
0.173743674911
0.2680302864
0.356925976196
0.401844810012
0.316696707682
0.265495939837
0.293623054886
0.34141285223
0.334046484585
0.281981539766
0.29289448559
0.161867984578
0.224274876718
0.231955460904
0.224378606936
0.221973921296
0.221775948833
0.248109998849
0.249146730912
0.285569748629
0.230063443282
0.316667351135
0.349557610682
0.32786182772
0.229345612661
0.354619214609
0.244183739519
0.304932213749
0.290911749648
0.319337841431
0.174635529111
0.367205973885
0.251923243487
0.269966919825
0.298020302698
0.259493329828
0.227571773611
0.308731134053
0.271396214857
0.35833017236
0.302428745767
0.200619170746
0.259223335228
0.277931937881
0.30557491968
0.242870074275
0.341373912791
0.30252321479
0.316217040712
0.22455256414
0.318801964398
0.338004026727
0.339781890742
0.288687585824
0.253200374936
0.358464858612
0.291835477023
0.259988380634
0.404079919763
0.295852398863
0.309068280057
0.167702032679
0.217869397151
0.298456677376
0.319323585514
0.323257347752
0.291075966719
0.20710937568
0.330447666323
0.280007488635
0.248683371931
0.337613288666
0.295595879008
0.2920470444
0.33345060666
0.307113750584
0.341920327938
0.322462035439
0.293188182663
0.236306963657
0.353561473307
0.30855304613
0.301035408231
0.333847413405
0.215572359636
0.28030270826
0.228857333626
0.36413768796
0.252126197679
0.280120975396
0.392456760897
0.387930924332
0.275028728679
0.252166388939
0.343567710697
0.273240543685
0.331148678302
0.399469211673
0.297993454637
0.265265327919
0.28832706903
0.1736044099
0.286927892703
0.283792864151
0.290744700181
0.238493119409
0.284014607513
0.201628037459
0.278252459745
0.307605343683
0.374226721705
0.283213087205
0.387790103721
0.329318873534
0.254922030382
0.226058053763
0.293765696184
0.21784893983
0.306389739944
0.243769703793
0.388063457193
0.30461497852
0.24756254719
0.315324114411
0.296023509573
0.265435311205
0.330368371924
0.245396378023
0.234627616349
0.261200292933
0.319943908324
0.353472601877
0.366191709363
0.274555056318
0.264919646219
0.260143077624
0.353065448458
0.340375235259
0.296681696182
0.38661111707
0.28311883922
0.246082211782
0.270624411996
0.199353946691
0.299077347353
0.320704359874
0.381562028904
0.233194398716
0.25142190565
0.344076787032
0.22212284343
0.266386148704
0.325175763941
0.22275721991
0.303613869087
0.27041649215
0.265355397692
0.235623478224
0.337832200765
0.290578437733
0.239622821864
0.248551007451
0.190396565721
0.229484080831
0.312685825048
0.279671339326
0.256956181039
0.30772346994
0.270316239273
0.192958227246
0.293298543715
0.361792223698
0.257499918486
0.301669267881
0.269063306469
0.328681038922
0.259645378085
0.145267477338
0.306938877058
0.23720936968
0.232181506311
0.294802266394
0.262776951651
0.337718110177
0.434414838725
0.26890455514
0.317089307786
0.304152920603
0.363578983663
0.353748110398
0.376895357844
0.212275142359
0.313816459743
0.298699000334
0.32431594592
0.289805467017
0.33407142206
0.302909900164
0.323400523132
0.292660249079
0.282075312447
0.415554373398
0.239702305359
0.318970972377
0.33797766663
0.225857403443
0.260186003103
0.363036565926
0.247665604858
0.359173581899
0.328186143502
0.292182970583
0.272969059674
0.19518983197
0.313840492651
0.265693586079
0.394147035555
0.250732877695
0.233467669062
0.287946352449
0.351781627407
0.337364200742
0.182854304477
0.191137429501
0.315493443222
0.372272075793
0.319518176713
0.331300614958
0.29986873156
0.213349563347
0.33361346242
0.240739950956
0.281691748226
0.294276406814
0.366529613355
0.250871768714
0.310174136135
0.306809107094
0.319342275158
0.242598217903
0.222223335943
0.218405688325
0.27320158885
0.314566661367
0.222354555026
0.326718246199
0.210552789983
0.3295253637
0.220963606883
0.326501844417
0.271686985071
0.230927658691
0.150834539079
0.207341266725
0.362347838654
0.407642054957
0.303098261842
0.276393880503
0.328407019032
0.356574934846
0.295984418027
0.343133553047
0.334343677022
0.280670564742
0.301164456179
0.3260996796
0.323440985829
0.317851682727
0.305984152894
0.37574038377
0.299055553861
0.292481093159
0.203109315823
0.222784420622
0.350687965448
0.360208906273
0.28809729584
0.39320452972
0.328790841561
0.25310014414
0.364218832046
0.317636626011
0.288408519654
0.324165009165
0.313362553803
0.275621856532
0.231455667872
0.276016577573
0.277100015116
0.336518106239
0.317783720505
0.187235987398
0.252128255821
0.326441699771
0.295465524129
0.265395289066
0.266464301699
0.441199654518
0.359949106658
0.244925098332
0.390997897364
0.219526449098
0.216686457353
0.304690817156
0.281517263316
0.367917538769
0.306452743094
0.288883146204
0.321034694412
0.380231726943
0.329850224507
0.226747042352
0.165816834977
0.321355664503
0.253963741886
0.288709005546
0.325228358661
0.516772485498
0.273015533101
0.349256242927
0.353006800137
0.223554533533
0.340759569804
0.236092461567
0.261997355874
0.266165525825
0.32767562553
0.260779474356
0.261843887033
0.294439389705
0.278154067179
0.264800732564
0.266259287706
0.317690443316
0.275151710113
0.326143995283
0.368976575485
0.287635948405
0.308185799527
0.273070560634
0.306530080341
0.417544755515
0.242789458978
0.259167620516
0.316090979098
0.25623783119
0.400811652194
0.299484117709
0.391546354014
0.394636645238
0.33551522057
0.361307041795
0.293012625184
0.2694389744
0.234550120475
0.3058209392
0.23866290223
0.314767545789
0.28127668139
0.299274691264
0.269470137053
0.2983530976
0.316108893007
0.270558242183
0.33320796241
0.345268202722
0.262882818565
0.182423997373
0.276868082263
0.299154023406
0.464124264936
0.433835262546
0.301227168672
0.377052037032
0.277723006811
0.28985463908
0.316204932964
0.407210608328
0.38066700388
0.289482287794
0.340421607403
0.230508002148
0.308748121881
0.26919662295
0.311291313756
0.298011457549
0.311216400128
0.186616110144
0.33329427485
0.260459066131
0.330041181867
0.258490501432
0.349589655418
0.266693615994
0.286679504681
0.359890634786
0.335571469208
0.238602766565
0.296251672621
0.275199346508
0.290565120501
0.255123125672
0.27442788078
0.315838985353
0.320889041364
0.308423061599
0.207216172351
0.320507546713
0.337665088795
0.26963103986
0.379623228358
0.30367744562
0.277976045909
0.38523258994
0.335098351943
0.418231839755
0.309972677516
0.264172313366
0.275211258321
0.189899403456
0.286881132293
0.195264821594
0.294680181386
0.319277200607
0.218700971194
0.316251172389
0.277645472326
0.219437640169
0.21369275734
0.259381256023
0.340922547133
0.26303844803
0.342159602385
0.279059390718
0.166858156254
0.25623287307
0.262749066984
0.307460006927
0.336245521689
0.244891716149
0.27144295775
0.270825320561
0.387054295264
0.234192523671
0.305699747219
0.35311530905
0.219879451281
0.191869336859
0.253880237235
0.263191544014
0.265591002995
0.335367962512
0.226025210374
0.313989096221
0.301735732157
0.230348243318
0.259837849805
0.335883833389
0.329449381764
0.165290433542
0.2900599678
0.349853431686
0.276006980281
0.343470094839
0.193098856324
0.314127908131
0.287359182038
0.24280052544
0.272919828051
0.223944542725
0.254230600699
0.324588678654
0.240788722501
0.254830755643
0.257176536455
0.197588208332
0.226067706311
0.222512734428
0.251414522524
0.325670951321
0.303031351724
0.305011112059
0.298760836787
0.269450184365
0.308415205869
0.291972497592
0.372551373454
0.240175049346
0.32345076802
0.309196688199
0.23343450937
0.284984584157
0.240358636761
0.240845363973
0.249865543368
0.341385183832
0.310378375218
0.326280130599
0.247831614987
0.273818784239
0.285046506012
0.266400128837
0.235738443229
0.275319094068
0.242445745007
0.28997604533
0.329035544453
0.345891226493
0.270553825038
0.378536641971
0.259623360874
0.255205532928
0.365913596435
0.203583341691
0.355108599778
0.398740261148
0.344713804159
0.228604392494
0.322154640238
0.198937117346
0.294171085648
0.297293053666
0.284539262998
0.254439458153
0.239975845466
0.277270092812
0.317233516544
0.304339456524
0.226358608832
0.280186171885
0.347394753355
0.290056558438
0.317428145022
0.265540208127
0.395110541115
0.280203426328
0.237865201584
0.359647936354
0.250562246833
0.285724692771
0.260781942867
0.213438036902
0.331084976127
0.26561039954
0.297981590002
0.364473216104
0.301737986553
0.320921347535
0.299622234961
0.291306719064
0.232749281268
0.328228714851
0.352647185185
0.299152651977
0.236541115963
0.340977687021
0.401770854503
0.265462106462
0.220502438511
0.316278926879
0.299227274439
0.428531491522
0.463223310154
0.392170269789
0.295741084825
0.312752842326
0.258570458603
0.31089835718
0.255492921797
0.298543724921
0.39442890057
0.318125832124
0.309284734383
0.317577553369
0.296257237927
0.276104741577
0.28277775871
0.200780482362
0.338463018595
0.359176594489
0.44636098961
0.350015790902
0.384210688667
0.275952147191
0.269401375802
0.369948625446
0.24628998829
0.324777946921
0.364819364559
0.346498473609
0.369861411312
0.198620938843
0.253115275795
0.221582100866
0.371545993567
0.238516499795
0.300274830381
0.368613726836
0.270240103461
0.396616254632
0.383575355908
0.297087602574
0.372827170246
0.28362658626
0.285502600633
0.379182089624
0.302613337942
0.24598165048
0.247899083226
0.318046829094
0.355963757844
0.314264811802
0.246065311977
0.309091646955
0.345876169529
0.195558644725
0.305275576846
0.306945585602
0.412907904183
0.332729490067
0.310536785136
0.532097392617
0.292513433903
0.438139150784
0.261439519399
0.320070077717
0.241754257194
0.209955700953
0.425372551653
0.452523908896
0.323031332921
0.320837552514
0.261519461188
0.256235338538
0.334782051562
0.324241649417
0.307338927602
0.38282803164
0.321402279665
0.362319165798
0.412980802707
0.260705664703
0.27335322071
0.17327565332
0.27932481386
0.298728007418
0.291583102893
0.295638466872
0.245623476908
0.308212008431
0.339364266392
0.280525423479
0.328144701855
0.344556950702
0.253616632008
0.273170834206
0.402106781039
0.37504818147
0.369879914218
0.308520050888
0.257474592759
0.182915493084
0.337182932115
0.341251437306
0.322697429162
0.324396677929
0.339869688026
0.300617092355
0.327313751852
0.45879091127
0.299459668263
0.228638620194
0.438455071325
0.222463971936
0.307700059741
0.280407315932
0.245460841022
0.384175818996
0.307012986904
0.291271633344
0.303347484504
0.289032973296
0.267594648059
0.314275304382
0.189376118835
0.267824120659
0.337557522589
0.460155057324
0.232550828292
0.225933051991
0.325459236379
0.238575751098
0.360198725442
0.353352621174
0.355282944896
0.298061224172
0.265832901186
0.344284222781
0.275605041307
0.320301146222
0.384980263184
0.390127803749
0.315233740508
0.270301497168
0.448804185235
0.288115152305
0.270810365572
0.285756470053
0.402018931126
0.273918843355
0.218485389279
0.293347004727
0.284106198519
0.370133793783
0.219838823853
0.324901028803
0.302265636855
0.384642105673
0.293691187152
0.335891256168
0.287783850547
0.267883099457
0.273129814465
0.420717525121
0.454379602341
0.239139309394
0.341713611091
0.434232150949
0.277956696419
0.22841239759
0.318907762458
0.376743275364
0.257131943961
0.288731987489
0.337260762951
0.23236846165
0.342550203131
0.287979471317
0.272797764788
0.415382736472
0.256388364839
0.338203648338
0.280322533484
0.384302218592
0.281606642672
0.25577689624
0.313068675119
0.321402012706
0.298560601667
0.333548329549
0.234580678443
0.334068868659
0.233978853335
0.215980904286
0.282115617367
0.273932471816
0.300465095321
0.295819254351
0.196297315605
0.181516521249
0.194538241586
0.294599941122
0.40609434495
0.304144039431
0.30206056928
0.322072068244
0.283185735033
0.24969830932
0.379179937382
0.352190137343
0.286765004503
0.297821508042
0.39591291181
0.338991834857
0.357308700558
0.287635460838
0.325178941708
0.220213409895
0.320216323115
0.316652383947
0.359866928217
0.218709840324
0.404264552424
0.345989515675
0.392520049487
0.372296402237
0.499923481712
0.379775185496
0.32057658225
0.374944092608
0.243189808493
0.210572857798
0.301032016501
0.312084362295
0.361365362234
0.437540492395
0.381688939685
0.350423093393
0.444924717311
0.280023384976
0.26226409172
0.196478964406
0.274521087115
0.263342958888
0.362255549446
0.350003156872
0.282903025099
0.290513767935
0.314521855236
0.291641643197
0.356184764196
0.275010761006
0.307743309047
0.335169587548
0.30225053201
0.350102370393
0.43899343682
0.37360998249
0.319531306553
0.402953291808
0.334611385551
0.306053580444
0.293642170535
0.378123592632
0.323459897771
0.309084963431
0.318237155964
0.396302465721
0.238284247245
0.29086382789
0.288529439242
0.367676012607
0.362616393442
