0.407789252202
0.401908312698
0.539066473183
0.569902289737
0.442150235977
0.613583705837
0.359908800118
0.62360579213
0.518338788916
0.435567014599
0.488369444502
0.428803293784
0.42169722174
0.534392777483
0.291346997062
0.450204819658
0.541524516837
0.524400128547
0.445526338663
0.361431666034
0.457973821598
0.292441459464
0.403749304847
0.571771870272
0.540989583914
0.309706726833
0.55717429686
0.555264122299
0.300024791793
0.541867396455
0.358718273132
0.598940248538
0.438726931217
0.468270796996
0.443296222852
0.430454922797
0.437095761511
0.374169784012
0.542462485011
0.450756540131
0.554013598521
0.423054856409
0.567029837585
0.423077389898
0.417737961974
0.486598881026
0.396649883607
0.549566034695
0.43742293125
0.452153088092
0.523345332247
0.380701095511
0.43504862262
0.468776528613
0.571081492954
0.612283316288
0.331587085288
0.46267779561
0.577982279244
0.478648764205
0.376555537183
0.603888752914
0.591468368289
0.597719307301
0.605875798761
0.421224641324
0.471702160233
0.520712421434
0.352247397979
0.345197196785
0.408374619411
0.587106737544
0.521295042605
0.402000698663
0.51015646334
0.468620344958
0.553798885409
0.543646939517
0.425574302397
0.461191697821
0.330824667306
0.558870359582
0.415485066232
0.534689349834
0.548982926152
0.566638663487
0.399354005833
0.411661698984
0.567807696473
0.39557849863
0.440193021525
0.522383863899
0.59535298974
0.491219244088
0.364368245324
0.399807146247
0.500862895665
0.426838084606
0.446568298227
0.635655474663
0.389478084885
0.395394276708
0.427717627166
0.421122989848
0.423795776099
0.474828738301
0.601641197692
0.54422282302
0.600243947324
0.391926244508
0.570033336753
0.386463142671
0.509081604783
0.505654931127
0.379773425987
0.579337115108
0.520883191679
0.614967877923
0.472594903091
0.551799325184
0.461143906664
0.484878396917
0.511648214796
0.483702938624
0.443732413949
0.372429079384
0.521988615874
0.464293958127
0.463055614788
0.418170398806
0.484718554388
0.340258450793
0.47382824736
0.378801566032
0.477042976947
0.476383879119
0.613729710926
0.366169321245
0.561216977672
0.557865513589
0.580881010426
0.274240195842
0.514579334529
0.329783235612
0.464872765236
0.58736793456
0.350859836037
0.481759068924
0.415452878788
0.58317098215
0.458188652475
0.340425107848
0.436042118137
0.634394347341
0.340226523249
0.488098709501
0.544766966096
0.461037517723
0.451063719499
0.539057532033
0.494556208385
0.375421410361
0.431475905154
0.427433282149
0.416678184354
0.450201985102
0.412807314969
0.410840889645
0.446552050572
0.310255663502
0.582189978261
0.404508408305
0.354312790406
0.435604407303
0.540060619098
0.408266903083
0.422745012563
0.407391263434
0.459059848523
0.494886278437
0.528906135354
0.510138646856
0.513861881501
0.514151445316
0.521074141021
0.589235869468
0.704003774587
0.415513945164
0.584874439962
0.420811553189
0.510743741015
0.439372602947
0.403493300515
0.540108866783
0.357076321814
0.360821361613
0.599105660154
0.499877535958
0.389090198472
0.576795338677
0.540774957126
0.584494612147
0.396694145175
0.441577123741
0.410329561228
0.306226747004
0.449990260616
0.416593004586
0.336745561181
0.336627226637
0.536699129122
0.38919659922
0.463407743201
0.516847478143
0.310100585793
0.500407598534
0.44776458194
0.589927110899
0.526402970553
0.435984053261
0.398085988648
0.403655477591
0.366583159716
0.468106843176
0.482162102196
0.551924627397
0.517221083371
0.454301357009
0.410178203445
0.502203776633
0.521601155596
0.473702826492
0.424855090082
0.436941442446
0.35499419935
0.546786800533
0.426591770703
0.449436608899
0.472372641895
0.482229838294
0.507880852754
0.558308273686
0.529652913913
0.377487886536
0.396508119386
0.300476344286
0.501462201935
0.620051505029
0.612677804785
0.443830596373
0.375544647732
0.555521084028
0.417895064544
0.465294737976
0.380625979571
0.553923323909
0.539545518282
0.445090801696
0.549935482845
0.488192494675
0.384124049745
0.452718495679
0.333514846073
0.493100517886
0.537776917488
0.441953455367
0.4803169947
0.434735767349
0.461645871479
0.410836853522
0.405011076815
0.574964754244
0.50511745112
0.426382273605
0.43959502529
0.467668889461
0.322768462721
0.434740237314
0.489163940141
0.413821037612
0.493537354383
0.473137154626
0.496551412767
0.488556873537
0.544765147012
0.604973134349
0.507499636279
0.411784984035
0.480216133179
0.415505474761
0.68933696213
0.411345980867
0.386126385672
0.386455733102
0.564563582085
0.533844052225
0.579286439868
0.459619838486
0.313042877775
0.491288364911
0.391016799413
0.409039346812
0.394416785794
0.535269086279
0.37754330626
0.478123729872
0.396313348965
0.344051908245
0.467939061303
0.409270691747
0.368884546555
0.369109177875
0.453480785711
0.514067097693
0.297980479662
0.389448499295
0.369046401755
0.532275033562
0.337276402889
0.371943227093
0.535371448579
0.510666479121
0.446133489145
0.393214662306
0.392686060389
0.422723726471
0.532786930401
0.430821723991
0.394394166164
0.59010310999
0.417006907462
0.454366932407
0.479865756112
0.451892150714
0.452712024071
0.563434364063
0.400168814457
0.435296596822
0.637775757329
0.620208907134
0.637146663856
0.557179210193
0.585430197329
0.626689877746
0.435077568028
0.481988332764
0.263663504162
0.35471197192
0.595412023518
0.596488877428
0.423691164027
0.409335619267
0.499304825173
0.322257030042
0.60031536453
0.594182351669
0.577188395576
0.494282569331
0.564679141476
0.542136119151
0.472202707269
0.555500786018
0.415102420886
0.55223159737
0.489072282683
0.359021592718
0.602265759323
0.488115694162
0.450292475935
0.504045254594
0.495640735036
0.624860557304
0.419799474967
0.534907783459
0.548378928216
0.446939016573
0.321329350608
0.434237802349
0.402841331011
0.569374957247
0.358383163397
0.409033005106
0.472216593049
0.552873005019
0.553276028833
0.613859617483
0.455944850549
0.45000865266
0.354759989055
0.466275431166
0.472738636922
0.525621058005
0.607032077268
0.564395643881
0.511980685564
0.538506407506
0.684870395477
0.476682503348
0.527971121303
0.401572325973
0.582591893666
0.489214247512
0.549525936798
0.679803896221
0.407522814713
0.427100778078
0.411207832217
0.339425770073
0.520955371717
0.461281626257
0.400299389387
0.4558495245
0.520776780119
0.356218507823
0.468705195671
0.380926679399
0.509773673224
0.424055419204
0.513139323667
0.622132146092
0.488475168341
0.432646815073
0.549208180058
0.393632854094
0.532361546757
0.432340390495
0.31572772649
0.5453721721
0.427040232196
0.48180484041
0.350223701882
0.333952606572
0.539907925574
0.368118006468
0.373569728769
0.429068227652
0.415278517744
0.563419190418
0.321751029148
0.43478918452
0.426345361284
0.450033442988
0.528667338705
0.375259638213
0.348622058789
0.563991170867
0.454032269252
0.568942905594
0.382111009291
0.497770037404
0.437052199331
0.563863154204
0.501040897566
0.38021028708
0.582826293178
0.487368565344
0.410344857391
0.541666161892
0.509862006295
0.309506874063
0.667576755499
0.549112611889
0.415312546624
0.508081729983
0.426683860623
0.584151638848
0.383645243106
0.452680498179
0.439457279533
0.49327080465
0.412151240442
0.615779861295
0.505231417076
0.360197814442
0.392508876092
0.416844856403
0.464588469355
0.606248415989
0.459615112723
0.503888725289
0.513199307204
0.400942052127
0.549347244733
0.363167257873
0.52190844097
0.556745060355
0.512199434399
0.559050394925
0.399281863513
0.354785767422
0.456652667988
0.392541041079
0.524146066548
0.356663851488
0.513038891435
0.534614995323
0.478843978151
0.477503902743
0.424954517265
0.413519208747
0.625280577842
0.591727397121
0.593092418884
0.578994447226
0.448192461261
0.550369900594
0.483787493248
0.518813863647
0.572988405926
0.487569517063
0.508812436135
0.492121232563
0.459837827054
0.337226324801
0.613859557831
0.434545056811
0.481315019717
0.59056176763
0.428836776148
0.59850377164
0.488480375657
0.767804579844
0.50611897497
0.546097692259
0.516158600479
0.423685406988
0.689674528171
0.54136784687
0.580786535932
0.465719808298
0.453958881854
0.554422209228
0.557565416643
0.539440610921
0.516094302641
0.438670308528
0.537310455722
0.440273241873
0.465906315627
0.358584913887
0.630242934904
0.484338252182
0.411651399685
0.459592791988
0.52947759228
0.360134097261
0.367310422732
0.504977018927
0.420874355156
0.415746056347
0.507771666181
0.508325799659
0.54381257487
0.569511031294
0.542399121848
0.468639664875
0.416211436546
0.358162048969
0.600197892368
0.522188244231
0.441659619362
0.454254876029
0.438812829474
0.511531054205
0.413228098426
0.620721693703
0.47717114403
0.301454172972
0.447205751407
0.404027506674
0.458026495184
0.28431213
0.389866429294
0.627661425887
0.574295836315
0.629057676048
0.477813121913
0.4289109672
0.504042424615
0.405616274528
0.509257025106
0.378394611005
0.367650588198
0.451244723045
0.676840379573
0.496854125943
0.51446071682
0.671453640522
0.487811143249
0.340026135357
0.444400887875
0.531305207172
0.569928641785
0.445027052136
0.501756733341
0.537343763983
0.511808039272
0.637849631422
0.385838622011
0.444377442031
0.326730124173
0.402833527369
0.564757555128
0.358211540122
0.302884729325
0.437685751991
0.506580849672
0.447545996791
0.557372956253
0.496303684028
0.443681138687
0.578433807116
0.435849136379
0.448827338205
0.441414684027
0.577337395372
0.359247376418
0.616497044624
0.378748829246
0.371752892154
0.361278443366
0.393913403538
0.542718224035
0.553118251763
0.400454252024
0.576582804381
0.406166664119
0.359096402643
0.414812032098
0.520043303849
0.476519607851
0.402172473025
0.586505052183
0.608083992425
0.495460431464
0.760560925848
0.530125858955
0.636092709535
0.419267433521
0.544047280581
0.605449592015
0.689628182424
0.555041245209
0.373735376832
0.358635890299
0.460375047353
0.437143402337
0.44025656345
0.355773456685
0.454105456899
0.362498169955
0.361280818687
0.44249032285
0.521239831586
0.592704393576
0.564853692153
0.579055048016
0.408685138813
0.480168426061
0.53936597121
0.334412272654
0.462376089971
0.512223062876
0.371702699844
0.475292028336
0.59010465781
0.384686381776
0.468353365254
0.482521693658
0.582345081533
0.533686639632
0.378874491863
0.44271031232
0.571641551108
0.421781108844
0.565769860419
0.423744235471
0.614433686991
0.523492679372
0.386318034454
0.582535064828
0.484944270538
0.604391397182
0.50624582008
0.390590680274
0.496464718807
0.426451662761
0.424804774928
0.535286795425
0.59819716137
0.423339457122
0.546169110923
0.55380689408
0.436206336484
0.373852018188
0.489443778214
0.534040957507
0.389624535174
0.389487593351
0.324576031137
0.491229789592
0.699532552214
0.488512093404
0.745744112571
0.499428119787
0.43139548747
0.439426008806
0.385726597853
0.648448387769
0.663331158973
0.513528524356
0.392461580805
0.650539523526
0.406063408626
0.388644091394
0.546280952542
0.412546078684
0.602512753444
0.645319709377
0.289199400865
0.424718160832
0.394362998679
0.271690614055
0.446734514416
0.493528363378
0.373981294557
0.563460322743
0.609734103127
0.575553475103
0.456640761473
0.548905838514
0.44481253435
0.374486984288
0.521527477433
0.616224196981
0.527423658252
0.48726585175
0.451231041518
0.425401526801
0.51008171296
0.536680650132
0.406290737489
0.425680675686
0.523460387488
0.507881485059
0.44567956116
0.59271760812
0.51157025273
0.669376637077
0.575339058528
0.45690470779
0.507999846317
0.409603246822
0.618490375986
0.649982523707
0.477019646008
0.540340700883
0.476014735703
0.405244284894
0.431285718622
0.461995514636
0.423189362893
0.343297363618
0.550051004695
0.434409789373
0.390511880416
0.345334555833
0.501406904417
0.460648387712
0.381347023834
0.527949388369
0.666609092017
0.452169703802
0.575606778551
0.453109203376
0.406761214246
0.568300861593
0.47464787099
0.40269797558
0.605446224679
0.593462540764
0.511239230947
0.59455420026
0.495701234804
0.490630347593
0.547608577611
0.431865851075
0.507146153754
0.409508479543
0.571280118682
0.524386167828
0.407532960133
0.465135461963
0.458043886786
0.530968900317
0.406181184655
0.52746593743
0.509329234795
0.423689831317
0.490265231774
0.640479560926
0.413317237889
0.38132129656
0.345464464019
0.486242531477
0.355236740844
0.532262303446
0.557740482686
0.566920318844
0.473966923109
0.341380883178
0.481060517825
0.518349143713
0.621046765829
0.485865254091
0.60768712423
0.489444942246
0.710550849348
0.549921973775
0.370028540051
0.552329581426
0.513961114193
0.470337553264
0.494146573942
0.519202849995
0.574784537015
0.574170703403
0.352129758392
0.382790050544
0.462917121467
0.429671378853
0.504437910646
0.548572664959
0.388656290057
0.369183901613
0.560092663956
0.607297974327
0.551236532313
0.504600453539
0.360105636108
0.410490943866
0.621713554469
0.460371046026
0.350900292459
0.411957245512
0.594138616884
0.471395477042
0.39252098515
0.487037908981
0.567874185262
0.421567611846
0.372436553874
0.428861538576
0.406090166254
0.359044863296
0.391474075453
0.651516265462
0.591636566762
0.526350752743
0.486043887912
0.752198573571
0.369173420315
0.565824638929
0.737869410474
0.454860822879
0.653864547822
0.541508567371
0.41086688268
0.337743731481
0.482662663119
0.417942624882
0.534501497995
0.640410502632
0.403239910777
0.669958785613
0.64244014267
0.481521221886
0.584340129314
0.465192057275
0.388465163039
0.627916654272
0.554716116227
0.650916242069
0.499469282876
0.407087535685
0.546592542888
0.390671105437
0.584954254932
0.388888269186
0.51907495908
0.491369368275
0.381517239833
0.594163497715
0.590164572378
0.538696554374
0.417163092261
0.395873303959
0.416502694315
0.433243392291
0.784418294937
0.463457596556
0.748215680584
0.591541720801
0.365489977758
0.405929586534
0.665762452623
0.324718692689
0.42784567238
0.510156104006
0.555130387499
0.636560887845
0.456041681126
0.397801924815
0.378286375311
0.54314361578
0.497462333891
0.545780432017
0.377797541054
0.448120719509
0.51154977629
0.546725285288
0.234750235238
0.386943803977
0.345775025823
0.336674117081
0.448216923061
0.431758161997
0.285673401591
0.448722004017
0.438789038894
0.415352532131
0.491291216473
0.662275488144
0.599280809496
0.40188208162
0.590944168771
0.433414429462
0.742796659298
0.434874438961
0.415827072199
0.435078861148
0.444780689796
0.565946632776
0.32217583784
0.492642619877
0.428464978154
0.427140407018
0.467846215854
0.497533113796
0.598384894867
0.351639560575
0.476443894699
0.631860486548
0.510455188098
0.52342130548
0.536076287226
0.496738358518
0.524683826652
0.447857156681
0.422324080826
0.431508187174
0.388685361582
0.535534396161
0.485488165869
0.642500580696
0.519877020491
0.431021634843
0.453275352963
0.463010906539
0.437683974409
0.465675850113
0.469248752903
0.488723288351
0.462453257976
0.317860476455
0.380439143549
0.522550873853
0.505351589132
0.444803614039
0.661795771787
0.516488383449
0.378256818251
0.406122113467
0.583139210973
0.416745928707
0.482014822722
0.45077721382
0.488302815244
0.403825647076
0.533940253497
0.489263290847
0.438828175656
0.54535583808
0.495584908981
0.475963441658
0.294176733688
0.361067571419
0.349684938276
0.486492575807
0.484286958838
0.367198658347
0.539946482233
0.605436651435
0.474987633841
0.436927751005
0.376411414343
0.494716457719
0.658250816513
0.379319637514
0.544555977794
0.389022037971
0.420443581762
0.437635828249
0.47649970713
0.493139330149
0.493821062128
0.257819583847
0.500589622157
0.584294808109
0.655463944036
0.524690839551
0.563811411909
0.396821634689
0.444474909996
0.702725870297
0.451318618011
0.493601158159
0.461859661896
0.383918910611
0.34798235756
0.341725205994
0.497896774848
0.507191188092
0.552408128972
0.497047393109
0.566684931094
0.442623201675
0.465293588867
0.375690140314
0.306084813642
0.47278341982
0.680377317036
0.504442932694
0.527038605539
0.437568144846
0.426699982181
0.382571051322
0.505319864371
0.552453208178
0.50422507367
0.546651878175
0.408098771032
0.390161169559
0.668932490005
0.511767783291
0.486137028765
0.434530911955
0.480331166412
0.477884680962
0.587468785194
0.45014537453
0.562348929314
0.602515578417
0.471099770168
0.440918913315
0.494080964132
0.454839724742
0.488654510361
0.503979455367
0.502550277736
0.493254542043
0.598020266631
0.453667338619
0.438955438786
0.562044018193
0.533035773694
0.373684143801
0.401252681414
0.453931253964
0.432976859682
0.533879421796
0.543551619327
0.363383469354
0.39900196248
0.356069997637
0.451476645409
0.342702033958
0.504910002012
0.412803775307
0.402304683802
0.56760475049
0.444391058964
0.343302858057
0.358028649152
0.454567033897
0.527099675458
0.485846931018
0.447527301303
0.512935472736
0.337842263314
0.520025325974
0.550778644172
0.44978765337
0.378034217999
0.494602269489
0.450157408298
0.42545579155
0.503215155175
0.505084511242
0.706400449901
0.547799153363
0.543524362331
0.450221332991
0.446987628344
0.338424635903
0.54281908633
0.454311240558
0.520857982806
0.44409453793
0.433121921557
0.328068173573
0.481499224308
0.37699425152
0.551889492499
0.665097289623
0.58213277107
0.569051989179
0.572495390108
0.344716496074
0.363693235249
0.319341249481
0.333891513132
0.453840839991
0.466043127556
0.511980245669
0.441427195429
0.395798079798
0.634959014526
0.380118700567
0.47740220298
0.432433489273
0.633720305509
0.482405731015
0.4548983845
0.517350885985
0.344851158042
0.446891696514
0.495060649015
0.424369236021
0.593951766933
0.463532368077
0.591839434092
0.479213854789
0.504932900896
0.590943247264
0.512451947023
0.33571373145
0.584773085735
0.45179402085
0.550526199519
0.530301374159
0.447854776677
0.343425419044
0.444719647843
0.566184492455
0.476705032074
0.577819822968
0.688657820647
0.507947912222
0.550764916645
0.485691124274
0.485724672892
0.495244189899
0.519153063939
0.621500776701
0.474760006583
0.545060134402
0.45476060281
0.505089452958
0.555763167801
0.427325510939
0.464863217072
0.444310079088
0.484922576137
0.496511740274
0.545958083881
0.490683264513
0.508312675998
0.530937669042
0.578505374026
0.401072458102
0.424653658188
0.498017244309
0.442300539168
0.423082932731
0.551876919916
0.446134092764
0.55979254138
0.511072050229
0.487933379985
0.596979581188
0.503227877545
0.470452075903
0.507483402884
0.46504428845
0.47451581102
0.437824579661
0.533449320245
0.497874069609
0.414695752662
0.54291776768
0.4091507538
0.550546422297
0.385165401582
0.635889126544
0.542393612359
0.537245008788
0.565815507965
0.564249713689
0.506891571705
0.581274231577
0.44521574422
0.377670651855
0.473962205593
0.4300819499
0.507164107416
0.482705568044
0.478275347027
0.398626215615
0.397188828354
0.65267116803
0.490373032929
0.455651496371
0.378569170242
0.512102050303
0.533967233419
0.359226919277
0.445715451084
0.323666064458
0.556304162364
0.540580046234
0.378703610208
0.392375697413
0.438737964012
0.305690864088
0.497518919672
0.438712110429
0.469103491782
0.573476999334
0.365289254311
0.519261613436
0.518807687227
0.391295685466
0.541614581089
0.467386214467
0.410220938326
0.392605811366
0.386172069817
0.46790833811
0.411543830022
0.517023402281
0.6576367571
0.467154755883
0.447415436329
0.390803461261
0.391493355439
0.50989955
0.326306134783
0.50257772168
0.547766915592
0.43038354512
0.504277636535
0.408987908424
0.471910757325
0.439773726954
0.514111762038
0.375074263166
0.559775419804
0.481609121733
0.357984768032
0.453950079206
0.556419901342
0.684390391091
0.401999559941
0.501088686046
0.48602717963
0.297183688369
0.330323161101
0.344955398272
0.575664880175
0.427461879906
0.522006228596
0.419896225809
0.512326947292
0.61371023811
0.637324703263
0.713224050758
0.540732366736
0.31035290835
0.46111046863
0.659080808896
0.465559938884
0.592606653698
0.572362417897
0.418440973086
0.559626449786
0.535523610432
0.41705373572
0.304299098869
0.407003423086
0.403132399583
0.53003780762
0.423466068274
0.518717311703
0.445035421834
0.600333578595
0.675142302571
0.396982479091
0.558046694362
0.425464494286
0.623185754176
0.361278895566
0.522566762351
0.521183448816
0.354520116886
0.535224572695
0.543784027004
0.406661169787
0.648465237843
0.601089088121
0.309505007165
0.364267849339
0.484063250992
0.561016159983
0.292157368757
0.435772451154
0.357671039876
0.283827973996
0.611227613475
0.455885109002
0.459389988251
0.544670800067
0.50851171173
0.445257278986
0.443274212953
0.427198980515
0.654029717041
0.513818416759
0.359456969205
0.703780646645
0.62757747147
0.558258540402
0.555444830018
0.411475609237
0.532367244357
0.656230647096
0.444793574677
0.505491203765
0.553461461356
0.483412643809
0.609531134312
0.377703249289
0.435771401847
0.413252026025
0.535589026835
0.888600000254
0.51876362541
0.448437162313
0.370858835331
0.486991405612
0.598583794198
0.593009202771
0.564744783156
0.535627777545
0.593341372545
0.489475883886
0.482855573306
0.401490311106
0.494104160597
0.515947051542
0.485092578474
0.645597849536
0.442378832576
0.564372894142
0.512247478417
0.446953734041
0.387481983358
0.430195745981
0.539140444913
0.356899605324
0.424982011832
0.470981480618
0.356772402384
0.335108656953
0.474581880357
0.432951427544
0.362895975248
0.613550088671
0.426872679453
0.51801005405
0.456337700439
0.408778364884
0.522378784075
0.58941746709
0.398264366768
0.457920753864
0.514824488271
0.54730290759
0.39493838168
0.493382535729
0.471660982246
0.511519679072
0.395965048706
0.500899022457
0.387168430033
0.351117004608
0.373029431949
0.547458644969
0.424437548893
0.39312404388
0.477896575606
0.536854809252
0.454864035299
0.361150625682
0.492888242685
0.359106346335
0.352448423505
0.341620760536
0.476995921085
0.470922017999
0.480751431767
0.396428303142
0.554159709696
0.575642665106
0.490102793923
0.467749985141
0.313541876456
0.499990468602
0.420103234626
0.440265714803
0.471769655006
0.57459409689
0.571427424433
0.67106600791
0.416154605331
0.449014847344
0.447167886784
0.39671590909
0.402204941653
0.466851439285
0.44653079735
0.376930844314
0.518977028718
0.442243314554
0.46415581927
0.503034146265
0.57370819444
0.610533386299
0.464003178482
0.345021744472
0.60279869092
0.448234934678
0.379068485723
0.408514845324
0.541664251643
0.468374594159
0.633091189434
0.455406838348
0.483630382557
0.408661456031
0.486752688476
0.640692405622
0.456148417873
0.697367362362
0.50244129164
0.533857815167
0.277201186966
0.544897001165
0.443537328862
0.476987641624
0.429628428547
0.601863329373
0.488105025318
0.400031943883
0.324409435158
0.482708496621
0.402983135946
0.48730222909
0.611819625554
0.521799401887
0.462833586002
0.394641550023
0.423788321593
0.605729286573
0.461755575913
0.531509442999
0.344235166861
0.493297490567
0.516758956045
0.482759728879
0.599818888998
0.514179496474
0.459066172975
0.423259643503
0.521893369924
0.482602910558
0.555662718777
0.507958607438
0.438272639715
0.550089643255
0.485791753243
0.476810960429
0.534395616236
0.455067557419
0.423564921762
0.513519351651
0.409278803032
0.503856715667
0.404507718406
0.31465390813
0.51092939473
0.431693831031
0.530384239067
0.35690184204
0.393185463798
0.438028879611
0.681804525214
0.500665707997
0.534829290365
0.485067742339
0.539364807046
0.624394651049
0.402045748024
0.345157182151
0.462709436898
0.48783744621
0.403660199565
0.476599240342
0.371080200682
0.312682424031
0.48057043091
0.578980115074
0.372025562216
0.488619390318
0.550029222291
0.521467368472
0.463604021939
0.641566725777
0.530139988136
0.454141923164
0.500280209145
0.422962784884
0.436535640902
0.508204777485
0.503576883806
0.341101993392
0.640122387857
0.322179873983
0.568093832083
0.318454487066
0.363546895378
0.405090316716
0.498610446447
0.552386895121
0.55743668746
0.373886460849
0.5290338299
0.398368781135
0.479874058902
0.433631659864
0.501320768346
0.519556782084
0.551457197365
0.495109870746
0.452061731876
0.407070666035
0.445703115835
0.511829154834
0.490322639617
0.532231145735
0.523106112046
0.228026471635
0.557622075289
0.424062781864
0.516878319735
0.500466872004
0.599032546514
0.51332238432
0.390607014904
0.404791019633
0.520263668899
0.438435510095
0.596019031641
0.353849592592
0.549570129756
0.515462241309
0.441055749263
0.503784200577
0.478782551119
0.404670811889
0.571145432808
0.466528288448
0.681726444468
0.32398357612
0.55110223185
0.480032520933
0.438997281702
0.521467832519
0.480772595498
0.618965767016
0.503496542951
0.302250626256
0.418648774057
0.400392242823
0.523607280638
0.551379175713
0.487988459568
0.460428558109
0.437996587075
0.314946387585
0.427098213865
0.53183382137
0.437804763667
0.466473716764
0.461051453749
0.623183829416
0.525541656811
0.518786992807
0.557905762118
0.519799853606
0.294413718792
0.504501918325
0.639343010978
0.405315538238
0.42600162751
0.535169670265
0.399279384168
0.682402055706
0.484533586037
0.351476074975
0.356130575734
0.593429437379
0.490124848339
0.534017350413
0.494638714216
0.449144445456
0.576826129171
0.54597950508
0.471689828099
0.59933653462
0.505286129005
0.429505585439
0.507663218896
0.553010653584
0.386697694498
0.437976673219
0.489168686948
0.520345941139
0.701164617124
0.34151110012
0.716451870771
0.698471590682
0.653395511393
0.531720178176
0.491761170204
0.411381906669
0.560706427589
0.33340209323
0.471983965936
0.457999920171
0.406289718185
0.437309519623
0.50342444511
0.397305336524
0.350921591096
0.554200104796
0.574756248161
0.588251635214
0.493793730983
0.400865799193
0.442069346462
0.486807611992
0.529374820101
0.435788443053
0.361311798969
0.348591940723
0.426851006781
0.431451559296
0.518001774164
0.301593607863
0.503106606275
0.415294568476
0.484665592368
0.398529547516
0.511560400507
0.559040659683
0.50895457495
0.602360748665
0.491769466538
0.369454470489
0.479252323524
0.552282727102
0.487558862706
0.417978677415
0.506660031564
0.488796260015
0.623607928858
0.605231983213
0.529502283679
0.418713509889
0.462544492307
0.459870545324
0.574766000047
0.555300760524
0.506128227146
0.510065201942
0.476801361179
0.362249756153
0.407690077096
0.499601420847
0.632022826041
0.615541842797
0.392173608401
0.599563681653
0.299068576579
0.516464307087
0.506675491848
0.55929425457
0.530258808755
0.577390764737
0.413696866586
0.492284378829
0.488204762845
0.62415893209
0.423364091965
0.496339631574
0.338998167873
0.490089258967
0.672056379626
0.746535038746
0.374693159973
0.434915587097
0.367200829137
0.317880730366
0.502891145222
0.508428539439
0.466072066074
0.520750914657
0.531705777165
0.568309474784
0.493883190298
0.494096164218
0.492993073457
0.510011769984
0.48840950762
0.623178090051
0.528381821893
0.519985467607
0.578813890436
0.406652431913
0.495690473245
0.455894357033
0.399870858877
0.542562578123
0.403127184334
0.576408525599
0.342417818365
0.528759740966
0.4300511566
0.45472439278
0.632330017898
0.546819251193
0.452211497442
0.377440005386
0.338090413448
0.459633603114
0.326803056208
0.526581299798
0.579689348854
0.444014879511
0.589853611312
0.550435591011
0.515976777531
0.526010388359
0.399893823827
0.577457540836
0.479763085343
0.494762178923
0.522058184748
0.513367448338
0.495098389682
0.403148796664
0.412855662218
0.501424673681
0.41775162874
0.352834783358
0.41460759995
0.733041331175
0.450249975635
0.491857828988
0.680040884983
0.488988878057
0.428393862468
0.450493474953
0.503854804059
0.475479111173
0.449187551837
0.430600164006
0.507977657883
0.484868863298
0.375500637316
0.572694485236
0.391103672621
0.637224834452
0.570071599386
0.329027370251
0.595940729118
0.491032350091
0.622757309366
0.369601544357
0.374862928314
0.513074761045
0.534157165703
0.515779335404
0.760303213885
0.577272648417
0.592460570738
0.627390134654
0.563178005738
0.691338947557
0.412248770019
0.434453442441
0.465447939199
0.512520008082
0.720049268087
0.47364800052
0.509093533483
0.621426708181
0.406077240654
0.561859652347
0.838945564588
0.515500172723
0.652608231005
0.668267560683
0.48751303279
0.450786073739
0.549433711312
0.36983412427
0.598256243718
0.648493408689
0.526596544907
0.651938780889
0.729455174111
0.674324742059
0.612170687707
0.614494928505
0.55369662586
0.551035743958
0.628097479314
0.440641526432
0.50828673861
0.426226734424
0.488721926694
0.585739738305
0.515821033094
0.419017415556
0.523806065393
0.433724790219
0.397735786427
0.351356177097
0.435781745088
0.556824428173
0.735918797999
0.631789927923
0.626597571068
0.535322096598
0.646653319903
0.531890219482
0.395186921409
0.592025957459
0.601436091735
0.5175603122
0.465646695018
0.511008293351
0.52710843081
0.513500523743
0.550665884409
0.64325133438
0.684074113646
0.573217487404
0.79206366009
0.595527208558
0.542900119929
0.913817695699
0.557719887953
0.698658096881
0.473318503963
0.605778730393
0.653422940993
0.748399731279
0.583094283161
0.551771429773
0.524124501643
0.568390187919
0.613819406706
0.365509761056
0.625966797756
0.479842463773
0.524569383366
0.504363061777
0.501642693843
0.531017768822
0.491095359885
0.651531448109
0.743893548669
0.572215228051
0.303527646812
0.439138635519
0.388048835636
0.527245468184
0.446534527174
0.551112960731
0.297469405814
0.565371514515
0.584859756399
0.652135181174
0.483163278939
0.41433506512
0.781776461935
0.598097915683
0.656438494049
0.631589635804
0.491240104053
0.783681378729
0.551541768977
0.539637825262
0.494891641807
0.513068779175
0.395376038799
0.33170367512
0.856895302227
0.606662280143
0.64424113098
0.441090815723
0.566148506676
0.532720270768
0.478103249144
0.617693737301
0.611303973117
0.613345373768
0.629887186945
0.426874014242
0.42639467302
0.664651468229
0.732374159284
0.578107508754
0.471110978915
0.514845250187
0.689289700666
0.354306835521
0.601452006717
0.613521125782
0.415852656809
0.512203000375
0.565066702334
0.596717799387
0.442759169417
0.493861931495
0.581275639003
0.543136297649
0.529421147288
0.714043836918
0.443252412369
0.50285088224
0.568310770106
0.359352504497
0.376883700511
0.518390505753
0.568691475811
0.511573107695
0.612413291688
0.434870484514
0.45032561981
0.789074926892
0.668888851629
0.677854114764
0.594244064099
0.631271640244
0.568864277047
0.742397242415
0.849477941419
0.764587037464
0.431926983071
0.457812051383
0.412103134333
0.51743365631
0.487408434118
0.763979873841
0.558614962053
0.717869902518
0.524449737152
0.533040365072
0.536589061115
0.645091382016
0.687442345786
0.686758338308
0.528873277299
0.753347660897
0.400046567477
0.677034808929
0.688469873375
0.842004278
0.474366975949
0.434753407778
0.514063764857
0.530900574087
0.425843342326
0.761858158307
0.760048302827
0.544224726526
0.516968303261
0.418963963469
0.576218031103
0.388842603529
0.501788818005
0.842038675289
0.622259427576
0.373992355279
0.550349870833
0.585216751996
0.539742286592
0.584412948285
0.469313787871
0.460426941906
0.525638964955
0.676216916264
0.550130906485
0.472665091467
0.660785257532
0.551850907516
0.643569348589
0.494874893552
0.359059494695
0.672498765555
0.442055228212
0.463391018311
0.470988235196
0.609783826698
0.44087542849
0.851731501207
0.568744450748
0.471845175515
0.557509025115
0.658841530818
0.680494176155
0.736218133992
0.589575614871
0.574449863452
0.516178822684
0.535773851914
0.442700294268
0.605250929345
0.606838177634
0.70771293444
0.438247568691
0.703204609904
0.537029727858
0.497133549779
0.624447915587
0.562311567054
0.402857566071
0.47438104455
0.622597519585
0.533954295857
0.365808017591
0.468781345308
0.66920760696
0.499226232883
0.439091950068
0.361449106384
0.541309364238
0.518980375327
0.555150691657
0.57071543462
0.364677324749
0.593654870152
0.328458354802
0.53792867257
0.409345520552
0.447637227862
0.603674946085
0.387125060077
0.405558498999
0.604491441194
0.516727850011
0.38818496121
0.426324932705
0.573013308925
0.504565821945
0.522179973148
0.528741452978
0.359757528484
0.517925122363
0.49923374421
0.444525257446
0.53237792066
0.681580508645
0.478338555213
0.485698347247
0.391836333563
0.558904871616
0.531777895141
0.359089614442
0.575979000127
0.538090272183
0.473117504452
0.562682728023
0.559099070787
0.579988504521
0.512277933607
0.558695782419
0.560875139963
0.507273634876
0.32714636713
0.44702784609
0.329695836178
0.333013949804
0.482015385206
0.579104281274
0.49322656709
0.446771098422
0.568470163548
0.447586251542
0.590035928971
0.312905105985
0.536303945273
0.632043226358
0.643553616287
0.437009245704
0.404617491767
0.584713389646
0.403743771492
0.481158418949
0.416595659413
0.570149658424
0.45666512723
0.615923190025
0.504796228733
0.61719103694
0.476756303914
0.384417633647
0.424049983216
0.49657711143
0.70318750241
0.512972944608
0.361606984277
0.510825018448
0.504973228292
0.616923973978
0.548689727643
0.422732250001
0.551837878999
0.62605565812
0.404854996485
0.408278735997
0.384366029252
0.506735560965
0.511402346308
0.411065911788
0.336796583743
0.441176937441
0.459539658491
0.582834678473
0.412722972344
0.491075300557
0.545237374139
0.354774273931
0.383654207831
0.523990165797
0.473337883715
0.382124134465
0.445765746512
0.342669388257
0.562176347664
0.405310096325
0.674357420726
0.579891603423
0.463175015499
0.415518868205
0.653276074315
0.39755423533
0.444356061575
0.467906223878
0.437079054583
0.306816915565
0.434019498599
0.466720934856
0.500823822092
0.385290141225
0.569216448533
0.356003749507
0.505763283502
0.456545868934
0.643966663329
0.539919951413
0.391027231129
0.543554115346
0.533459211629
0.439681354164
0.557074514262
0.44560714767
0.631558088104
0.594851127284
0.520169832145
0.49984558696
0.474990666104
0.52512061399
0.637969932885
0.432362021667
0.414150789749
0.553883659419
0.505894252084
0.591793418802
0.43708590932
0.418549563838
0.726253002225
0.539236861747
0.512102472945
0.467746563772
0.541623033503
0.445897659003
0.362112133779
0.425485450317
0.538408053953
0.531295923354
0.406885190568
0.561467856842
0.42436518597
0.599223039265
0.357590433146
0.425379535563
0.412965965689
0.507048878173
0.4885565016
0.401787607904
0.452166994398
0.349451849553
0.505031806725
0.559561964164
0.518759026631
0.576155684464
0.503176179266
0.399956984429
0.432226171101
0.495876760804
0.348996628472
0.436770849845
0.511573295664
0.635152265149
0.568937617532
0.45915157428
0.550405571797
0.528537936057
0.532839388515
0.513946831729
0.53629122071
0.50460749691
0.477094881388
0.418805435315
0.606908741941
0.529698061081
0.49126153692
0.444076320418
0.383485530831
0.464463195999
0.637900431147
0.509845769193
0.56041929185
0.28296505129
0.479515849296
0.366280498931
0.49438366209
0.52455415828
0.513536252832
0.335557300812
0.287296747377
0.479326108392
0.616036995368
0.485994606631
0.50338320185
0.467697844082
0.41705260313
0.603178489253
0.468915570703
0.494910558752
0.382312510415
0.423204744806
0.385757284605
0.434782612377
0.32488081223
0.610760517308
0.427055331326
0.587924868346
0.594460711132
0.388670320561
0.453020800513
0.734999194985
0.46008452049
0.355275338476
0.525899695455
0.436473210405
0.385142853226
0.616869470567
0.46711605452
0.429982648178
0.46545266438
0.565008179252
0.275171870681
0.517404880519
0.465333679077
0.640878775147
0.415679045636
0.418594413408
0.506596865332
0.56625499257
0.466552613066
0.618725722933
0.39225219238
0.521439345054
0.467621015908
0.632584670595
0.49337839812
0.415229745261
0.438562939031
0.443589925712
0.541902516139
0.42476854755
0.484576459036
0.532020010617
0.581136027748
0.536988854432
0.481044187902
0.484912152579
0.47298158149
0.432606822339
0.543283865424
0.357447796405
0.55204281219
0.420287542277
0.380363336848
0.396391598076
0.478642154735
0.455486430144
0.307378774941
0.5423174767
0.535081017648
0.487818244365
0.416716487732
0.4589739327
0.362702574469
0.493089708802
0.530218068944
0.450500818702
0.341187743168
0.354222905555
0.458289617232
0.495633841082
0.341919288394
0.525910674927
0.376788662799
0.675489686959
0.536649102576
0.455796978224
0.512893197285
0.438939342525
0.417732691189
0.541739707982
0.545513058446
0.564861949816
0.358439431879
0.551162384545
0.407358927789
0.494592144667
0.605344463327
0.464465450156
0.586544238907
0.392909658156
0.563511665504
0.407288818453
0.46017178701
0.546167550335
0.395769314914
0.645996925867
0.380276949695
0.480682225173
0.44725081322
0.389353160091
0.362385602727
0.435273697261
0.473340381377
0.455479894385
0.300248110745
0.45832928923
0.531188925809
0.445401298507
0.409916965049
0.580991279407
0.667198582723
0.491972297892
0.534934451211
0.674451786461
0.505551807283
0.3338909095
0.454738305574
0.472195755486
0.481546340194
0.391209680358
0.399480213093
0.533290123467
0.608430715622
0.577097648397
0.430498422037
0.447335437898
0.456837107626
0.459277734487
0.458312212203
0.385899686779
0.557609392149
0.507750877924
0.482023877473
0.586452534827
0.627847235274
0.515920165562
0.508419640626
0.457548347069
0.454637252212
0.324638337544
0.485670776592
0.53300223574
0.530230821235
0.360039238388
0.463760766094
0.342492662688
0.518646297393
0.497508757882
0.384381442155
0.584810725888
0.394861105612
0.382051549048
0.769657544955
0.524195646734
0.401435285908
0.418975145689
0.469159034137
0.320144721439
0.571838078656
0.400015374511
0.308155108317
0.401775394368
0.442081926489
0.484413790939
0.537858898514
0.463491698526
0.60606770169
0.49066222126
0.348017738698
0.432352079119
0.595505429011
0.436962325567
0.497136131026
0.367794486963
0.472072663938
0.518379275811
0.542714062239
0.424728592824
0.586018361401
0.466823981603
0.568938164583
0.525691836077
0.442596103032
0.451958984617
0.393200463
0.490960692851
0.574675122234
0.519611415697
0.576603624881
0.803136862272
0.400566913419
0.550761220436
0.549339636807
0.557111314732
0.428131141731
0.566814720503
0.509065325031
0.545558789291
0.441040146775
0.391581235201
0.442107067751
0.336176571144
0.574480333421
0.529314581665
0.478013074648
0.566834583818
0.383261434476
0.564939487328
0.32823482284
0.487959095328
0.317087727796
0.596892445823
0.462304687112
0.567189839685
0.371155051672
0.327979122967
0.486873529638
0.460334680116
0.426235746435
0.390600080806
0.425704907234
0.554941844833
0.528796237668
0.530280526528
0.413158018799
0.462138916949
0.312099430625
0.349389354073
0.471996210519
0.580750404914
0.489021014984
0.576832109808
0.5107317281
0.451541788238
0.468741074274
0.544118197409
0.403906479006
0.358168952708
0.474821299685
0.509280985056
0.498249128616
0.489752427971
0.422269398363
0.542578349008
0.412141237073
0.529731259125
0.3638997346
0.523539364424
0.485608521296
0.444808156806
0.382893710518
0.460353951797
0.467179348212
0.533395535021
0.41684427983
0.525568108319
0.522971620296
0.589497291919
0.374836332559
0.416741273588
0.408558725548
0.580163758516
0.504537375775
0.461176244868
0.474660922119
0.483569133498
0.481922215863
0.411704418322
0.528103678088
0.524355955775
0.580484140975
0.33197302259
0.38262412648
0.438785670199
0.525797040012
0.565022896199
0.401039795974
0.495197664825
0.452218945978
0.360194491922
0.550277449157
0.596699204805
0.456494020391
0.598165066971
0.54178331044
0.487692830023
0.280757943969
0.480205636854
0.373128443703
0.598949588979
0.55781927604
0.408037002674
0.482253378289
0.408821182041
0.547240758682
0.353098726674
0.377414535935
0.507244817031
0.466036602987
0.493110532735
0.486717164118
0.577931437924
0.449182098366
0.506237643113
0.516954238746
0.44215339828
0.480438955814
0.465739563366
0.454812528687
0.55424091122
0.454706354251
0.344025330477
0.429465695145
0.423369545131
0.400083051615
0.50404573707
0.385735295761
0.479753588872
0.468839745086
0.500809599287
0.364945702351
0.42254197494
0.430559557745
0.435555202154
0.372575654474
0.476711480681
0.435284212296
0.489138259147
0.521432423313
0.465133755455
0.438799891284
0.509150093071
0.579534143254
0.489251351368
0.465604908976
0.50509187232
0.454445452778
0.521004073254
0.376191860475
0.426609390836
0.504894714425
0.485054053712
0.430291091091
0.56570854775
0.530596801341
0.50390140775
0.388989193882
0.610141999704
0.526688049991
0.568901255876
0.397885652551
0.610097955118
0.345799775006
0.359096209563
0.356752299318
0.454171496511
0.526423965641
0.536851783362
0.476176671214
0.593797216368
0.424722246027
0.462877571087
0.513526026736
0.460876205037
0.534054950232
0.608914397791
0.466013589041
0.331127359853
0.259461957346
0.505040289603
0.529347136386
0.357873330256
0.601198971551
0.48937210927
0.472116553403
0.65370016274
0.42243102799
0.454558789371
0.387097896853
0.362339778159
0.538973722943
0.347768064601
0.388740841437
0.525736223623
0.572062905704
0.527443005654
0.467020611626
0.460267899782
0.361588995325
0.473966960562
0.67990061428
0.523355013591
0.50932929941
0.4778032725
0.51837190601
0.492681833937
0.557747969512
0.639205035384
0.680671054218
0.522062682501
0.466047439006
0.517065400733
0.371506426265
0.514950700359
0.554146167512
0.448361068689
0.472731936814
0.738391496841
0.576803497527
0.605010689422
0.474532622674
0.373962009788
0.462125251047
0.564910568882
0.545134437948
0.527953349556
0.541457822987
0.582484169393
0.298175565935
0.464140296615
0.421252984317
0.732785158503
0.408969451048
0.425047482696
0.590054144982
0.470301298905
0.562593075164
0.350753047049
0.437408090212
0.482124415256
0.347668545283
0.527942346739
0.490165529818
0.449263448158
0.637482641494
0.544581822849
0.345240225951
0.381095008044
0.418342198587
0.780526423349
0.539588069531
0.365700579073
0.464067343481
0.393468056761
0.527626012857
0.718485245579
0.447590722162
0.371515608808
0.450114493453
0.488294962565
0.525827083388
0.398775497575
0.519486978517
0.367380329576
0.470777344376
0.453927841688
0.47924224429
0.447534336252
0.52037857857
0.442795251868
0.551401350123
0.38177651703
0.329156258678
0.613881952491
0.5242495099
0.626797551332
0.382140668426
0.443674404911
0.366878012485
0.453755631834
0.450905990728
0.520894799975
0.391252085491
0.492584686849
0.393896071206
0.426248074111
0.548449881994
0.619800834205
0.529648202238
0.506859769798
0.568789855475
0.51822099284
0.426826297163
0.410888644515
0.487764960613
0.395313647678
0.302640326458
0.475470749605
0.631527559836
0.434382992813
0.426350116507
0.502634207434
0.513018829245
0.499809994627
0.484465825259
0.677140049921
0.632807550542
0.422334528002
0.587408036483
0.535378794209
0.695158969517
0.413322657263
0.311888547316
0.379031896933
0.261090207553
0.514393108968
0.36294818341
0.414900894709
0.436830064475
0.479152955653
0.572291731516
0.544305538315
0.673313575295
0.502334831383
0.491988979309
0.562789924161
0.368252296814
0.45834827578
0.535483712621
0.539440232745
0.462362009884
0.478376738967
0.438234383698
0.28596796309
0.405090938568
0.475722851938
0.458302518614
0.595452929685
0.410483945932
0.466788349621
0.559206848188
0.398284207659
0.449894991803
0.593973881166
0.416456742885
0.561033855208
0.447163945941
0.462538381802
0.310262233397
0.463046544469
0.360025938642
0.493941794811
0.33940926345
0.562863634915
0.499350187077
0.4249924557
0.607417639295
0.50199524135
0.771982016974
0.478374601129
0.40937197407
0.527068583442
0.462362111698
0.567160481225
0.598901430978
0.404682641438
0.468510825325
0.636880241166
0.562224188462
0.366840778196
0.623919110123
0.463022763826
0.494196860628
0.389780003774
0.552947284972
0.420271322312
0.583118475904
0.373881872248
0.524808757769
0.460220425143
0.48915467733
0.561965969687
0.38799701527
0.536361874431
0.513627749179
0.43873279248
0.484220654223
0.399860308523
0.402952310801
0.707790675241
0.552760236961
0.427271119113
0.604371293495
0.547892542641
0.351051442815
0.447623593181
0.491419995624
0.497906184397
0.668895959087
0.540470716756
0.487909490207
0.474064265634
0.484365786246
0.480864395332
0.502995940382
0.372621754214
0.410169414291
0.504302832197
0.47203942429
0.311517208632
0.413585431004
0.354491481116
0.360342606985
0.580325479002
0.476399354001
0.397033768438
0.464381476851
0.492041603634
0.485754127878
0.566534054785
0.513302492987
0.377339773741
0.410519455071
0.422788791152
0.577612856857
0.460449659443
0.466166956221
0.470977612585
0.374925052577
0.568461548637
0.551564911482
0.459000424451
0.476059039267
0.354893997481
0.4396363607
0.405597015986
0.572734781857
0.337801284558
0.439544451325
0.418559883362
0.349359989203
0.436146851955
0.344467244218
0.414015303739
0.408574933308
0.34039777573
0.576427983503
0.558988966611
0.48570339363
0.506857908209
0.421899855221
0.434221957918
0.390632759232
0.680028732453
0.445314594363
0.520095495718
0.599956656501
0.422794833914
0.674236128173
0.445027091599
0.455150649462
0.465232861632
0.505280219126
0.425396942917
0.44659356914
0.556084572637
0.435242344666
0.477616033141
0.569467305958
0.453231125139
0.556085241174
0.369201459249
0.406526256247
0.522240023271
0.413005695189
0.443120493979
0.538103682234
0.415004050211
0.353813886774
0.520364280412
0.397964666461
0.462975766198
0.371555733508
0.407361046725
0.598189455691
0.534640919256
0.451766565331
0.382129388567
0.557651782623
0.508700540004
0.621183402493
0.430944437007
0.489795287825
0.573053183662
0.343611652936
0.414470128073
0.336839889342
0.646156926773
0.416122667915
0.620112016679
0.471108995433
0.483373867527
0.627485762816
0.371813698287
0.440345548442
0.451911145115
0.529424093411
0.590820116554
0.59433137509
0.452984922522
0.393810241536
0.461957164431
0.381713396368
0.481755740505
0.609276026717
0.467173162626
0.468775166651
0.463133002372
0.585162098253
0.341612111384
0.485778050013
0.425915404495
0.413788426839
0.406414500708
0.469565928285
0.523738216262
0.441275946127
0.491557309908
0.556261196172
0.417402567406
0.403754149905
0.472319402385
0.458355302931
0.43309447876
0.543541741355
0.420451625282
0.651975624404
0.498049963603
0.401469578968
0.509456972521
0.542290641811
0.479793553004
0.52503434145
0.435735883822
0.359103215465
0.425117924823
0.429338529091
0.447797495903
0.590980688361
0.426421206219
0.436093386652
0.474659541324
0.338821858766
0.630130437787
0.417272883901
0.46760350761
0.468506809557
0.493754881723
0.459128056133
0.554626941888
0.429740953277
0.598911964951
0.48848237382
0.517083223734
0.403145110855
0.486400089335
0.516658472241
0.461114435481
0.484934108801
0.346069650721
0.436448416303
0.309711318692
0.495350802271
0.404385703859
0.387328830738
0.461317969651
0.376847296338
0.526543769695
0.478235051466
0.457734904832
0.603468767898
0.570896585318
0.43953488956
0.448718291734
0.420170400759
0.472409465836
0.499126042761
0.442975397173
0.490662706817
0.372267507192
0.514423353011
0.518397409692
0.60237870359
0.485592581556
0.437539086146
0.564940846408
0.459279447613
0.352644911943
0.595316488152
0.464142187013
0.347745028686
0.509611071521
0.587115993202
0.315379850684
0.429104304332
0.416212124049
0.497856533138
0.447797193047
0.468019359209
0.392606966774
0.558521655455
0.586746459779
0.595409419673
0.37959754324
0.369489839535
0.48090477894
0.319848483999
0.49660014479
0.560928347682
0.638175607287
0.42294621759
0.424695713701
0.361642523192
0.43630109333
0.484813730031
0.390612870375
0.63291477324
0.675111188729
0.387584871431
0.465061430107
0.354378353244
0.294098584276
0.19792182152
0.452616169718
0.547488998454
0.364304930008
0.376653868447
0.420739896972
0.388220459723
0.46653305745
0.433715394418
0.459803757727
0.423377757582
0.364751456374
0.380996881396
0.412491577745
0.463040035284
0.470487134068
0.519913332886
0.529925559583
0.420980219773
0.305713764147
0.440768727797
0.626333546548
0.497024518603
0.615274642572
0.597579955405
0.445548142903
0.55135777233
0.600942944541
0.561518407773
0.541918087339
0.488370897398
0.655878574967
0.461608555599
0.464376450821
0.491303151677
0.423120032169
0.52539114669
0.528415346918
0.494615344906
0.595450197916
0.475152841468
0.552287945168
0.557952331293
0.477391582255
0.411148359027
0.618724577431
0.430780273618
0.357327442541
0.429300698223
0.36758537846
0.601437187544
0.532512567955
0.531942716042
0.42401259898
0.608726764296
0.479804622115
0.418478600957
0.455108032604
0.339637804336
0.627219498518
0.515081856407
0.446673047162
0.575114992815
0.38257869317
0.590119613434
0.490559359813
0.553834394331
0.360318215184
0.571132385632
0.254188095655
0.5025830861
0.435400317641
0.515000803518
0.503789672324
0.369606704923
0.433578566969
0.652972609191
0.32143079157
0.530087339421
0.41356465141
0.597397547147
0.502271867702
0.405846346932
0.358606614753
0.476562106559
0.441810822769
0.439994611818
0.440786127299
0.397146664799
0.421815043482
0.573535187547
0.559671415027
0.424435959871
0.384170041428
0.540328383904
0.356333076082
0.644482024122
0.493483588581
0.645814064101
0.428190504449
0.517527068681
0.34380678989
0.722095492217
0.496026458577
0.561681293446
0.629953315048
0.452818148615
0.56577424059
0.429166194456
0.487554004992
0.422804431003
0.53067769893
0.456274923839
0.420479025247
0.406240598997
0.482811091691
0.278567953873
0.588021961792
0.561805952809
0.486459058355
0.421167920664
0.58271947226
0.36727022531
0.470100626628
0.483655545472
0.493364803506
0.377512676773
0.421019905644
0.372582124264
0.706377955539
0.44154470811
0.550765813073
0.495287621205
0.538997828699
0.502843304812
0.402797510408
0.330056391053
0.420611102169
0.377790342268
0.612793449452
0.46391582116
0.379924098762
0.475551855336
0.529987367749
0.409981903162
0.457399546356
0.411324788647
0.534609702228
0.474954033729
0.571728860001
0.561735798389
0.484973227884
0.384683336284
0.497994706274
0.337517615523
0.470714850579
0.584842546848
0.491549135845
0.477235046165
0.373000760156
0.53629270686
0.431080770666
0.58560673275
0.502523162091
0.716912656128
0.458965441115
0.486313979426
0.510711091546
0.614358757904
0.31820838949
0.531506219921
0.659651604973
0.527700048171
0.334585962486
0.364750513881
0.430028208188
0.384457114955
0.620535030536
0.37478672602
0.497296135928
0.485750870836
0.410856246843
0.504324275704
0.52294160693
0.413012109542
0.506203944459
0.560823660719
0.398579386008
0.317746852327
0.501884034319
0.385006037359
0.511173248841
0.351513456672
0.613368736692
0.501602585794
0.462597955048
0.404281190858
0.324280708847
0.696749634479
0.395928743155
0.54848791866
0.558092109095
0.547349643568
0.45551782464
0.368588959257
0.408374667857
0.409353869471
0.366540940431
0.352810368118
0.369749556147
0.563753267028
0.327510617018
0.570707707373
0.481452997382
0.622025234565
0.403612495922
0.576206494527
0.471492075863
0.322943707798
0.563861921171
0.663883584635
0.419987965167
0.451598776429
0.580736858668
0.394735321407
0.401826640339
0.45012272419
0.51186294176
0.439690651302
0.389766742829
0.340617798384
0.44679993361
0.36374313292
0.464255357287
0.510419731708
0.627160500718
0.414499730045
0.312269477438
0.46064727636
0.33762578382
0.49123445383
0.409540724867
0.471609980725
0.473737235814
0.511421899107
0.65370236108
0.437764573934
0.460340968623
0.584255075205
0.330407647933
0.539584347957
0.418826578424
0.571929510427
0.494807715261
0.425264703758
0.544586841308
0.501036869387
0.564137459843
0.485578720763
0.417491123065
0.465201747628
0.446050487286
0.507072893717
0.672856801148
0.589820514827
0.659833215445
0.546076454177
0.364923274217
0.470141382651
0.641110725646
0.461122050142
0.604803105979
0.572275259332
0.501559401796
0.722156899514
0.52798362492
0.589830712341
0.572952635635
0.29959122486
