0.603750281297
0.501755528138
0.555145653357
0.421821316219
0.466604355383
0.651858363225
0.718405118309
0.437745463981
0.469222609741
0.63622024201
0.765319034971
0.517692971031
0.553026823529
0.761672685477
0.729496605324
0.712119441509
0.602547888742
0.549404675901
0.601859875743
0.45136207973
0.418833329081
0.509170194551
0.546551628306
0.436446066814
0.648084952992
0.424913368003
0.523242651445
0.635254761528
0.513816471235
0.532512354837
0.385258414689
0.501811463325
0.376806338946
0.4919790617
0.512960251016
0.475740368565
0.658053243775
0.772317546716
0.457332005124
0.591018647448
0.579334146352
0.45090477121
0.593639572929
0.454623442688
0.565325134711
0.549876738022
0.655488657783
0.494220993067
0.501780474511
0.49952158672
0.370852800896
0.479289971445
0.491706345497
0.609314103623
0.493000209391
0.472055709062
0.437629252232
0.533882049478
0.435662117383
0.803396878635
0.701983100185
0.55904628576
0.337514916453
0.707945519665
0.618270934419
0.464422970153
0.535607179139
0.515923302141
0.589449854303
0.779978778318
0.484499714301
0.544499608492
0.678385759058
0.501215176418
0.604653364472
0.741929397786
0.549199634142
0.604756607451
0.549258180251
0.571815567218
0.721421879513
0.602870443545
0.568611640991
0.666822342502
0.685238425876
0.800639512897
0.776492423028
0.49127344262
0.396856815512
0.527438267537
0.505620399327
0.55702809511
0.591915107507
0.586905339415
0.674454611895
0.522924105356
0.471389129579
0.436523536017
0.536101066413
0.519084558655
0.31123660319
0.462142140317
0.519267765947
0.433963577655
0.717530887564
0.535919769209
0.5370056976
0.356439763954
0.466371960782
0.474767351037
0.515444721709
0.6367039789
0.523769892452
0.510175884613
0.509761919338
0.402386163247
0.662292998087
0.511574047658
0.562183544268
0.440145628242
0.601291452584
0.500695270261
0.591520467334
0.565177133136
0.571282635031
0.538610044244
0.548378227188
0.408963611035
0.522133733698
0.47973928757
0.492448274453
0.438121171218
0.50545397409
0.622193434836
0.473459479506
0.520503594763
0.58292224614
0.57579499273
0.563383542872
0.618288034257
0.57729027095
0.643980661894
0.402310078091
0.767899891133
0.611859356121
0.398118686729
0.477845814729
0.352951709319
0.59362428488
0.515594854955
0.481910969501
0.486301333993
0.772516607293
0.545707602919
0.424776241858
0.651609671503
0.543154723341
0.695654025343
0.629559079423
0.529403887634
0.493750059584
0.860040920409
0.573991709848
0.564740893039
0.547770608185
0.574990581587
0.541934297633
0.665853608062
0.678027953744
0.340980404739
0.780057796591
0.562577116282
0.516474097814
0.557083307579
0.731839337374
0.41628379588
0.36508440122
0.696731251884
0.542115276826
0.632523964175
0.467659769801
0.580960116954
0.646137533117
0.489167453957
0.522161979257
0.552452841977
0.662650632887
0.599939207545
0.537736855081
0.439450534868
0.510867028408
0.548934852164
0.324450413244
0.652613779051
0.671975485451
0.54591702392
0.500546886428
0.654295715946
0.537373686476
0.384892209283
0.610459103033
0.427587156525
0.350318213635
0.518108900064
0.510736366337
0.517427587586
0.674948434731
0.723913852262
0.526617060115
0.455502436273
0.447655306179
0.632316863771
0.550064650117
0.472634629122
0.371344054703
0.629237680483
0.545131082684
0.852257569419
0.540790056237
0.48858669919
0.508314225927
0.558363301087
0.628058560907
0.627593170704
0.64735502929
0.524755796678
0.560445564614
0.611827437071
0.578972284512
0.482008384006
0.445702327464
0.376836174685
0.461990440692
0.473345871208
0.439633252905
0.573504138233
0.586756422717
0.565465863244
0.424376622453
0.524694943581
0.63542458163
0.542087016934
0.554055478582
0.581269704114
0.766307166556
0.550568791236
0.488464811127
0.624633299162
0.620804237037
0.461012081877
0.538254680057
0.579152571041
0.58186873879
0.459102031331
0.395724075103
0.591264418101
0.591665959142
0.505510891426
0.733908109674
0.47302463359
0.648661156175
0.526087159556
0.501380761518
0.732653094889
0.621249794303
0.614105864943
0.424622440599
0.467127078875
0.539045315559
0.58572289709
0.534887939713
0.522598605142
0.529118350212
0.557297517153
0.544291100615
0.714864193997
0.410704450727
0.575778330361
0.493973372979
0.637307084977
0.630898074238
0.737681796443
0.786931414931
0.473091349733
0.427764570072
0.593059865022
0.548897137934
0.44626554353
0.541520083219
0.665544552324
0.55761118474
0.555119978862
0.356640891501
0.576218585563
0.443019099784
0.447399621459
0.500960503789
0.617440189265
0.497210695688
0.487661435671
0.490326160289
0.389502617514
0.372854939182
0.476053746196
0.543973612087
0.355424099769
0.423348992457
0.653409182986
0.342562505821
0.536856733281
0.567999063317
0.517804735535
0.55345196821
0.548421916913
0.561406024394
0.509331183865
0.530704162732
0.422693413307
0.603298251517
0.594720565875
0.723389755153
0.364024793288
0.639391917063
0.618722622622
0.514174292555
0.447717204467
0.456239623306
0.411388037283
0.420731218293
0.5574505015
0.437868813212
0.46746010658
0.542730257052
0.6367964
0.59364464083
0.333861888772
0.434633525538
0.661358983862
0.649297663593
0.747944280998
0.43284546436
0.43535283868
0.486661412528
0.436741925973
0.467701383448
0.547785276522
0.389290931693
0.488003034714
0.49178386467
0.586753654601
0.535109204075
0.524721210454
0.54322857648
0.652267861075
0.526433726498
0.467391368514
0.452955905386
0.563574329293
0.680021705218
0.612948946855
0.383161219697
0.262550133616
0.523701535976
0.375670822358
0.328003380669
0.561840257649
0.505118930653
0.587069574081
0.432043841037
0.436860383007
0.655381388472
0.545934482237
0.345264483818
0.601588987546
0.473321724299
0.520462158795
0.531930382801
0.584195037393
0.432119409423
0.535036647254
0.560776267565
0.472932001416
0.535398304932
0.531060300564
0.433786973243
0.573058705434
0.448356123391
0.436615511561
0.474439701538
0.609992554748
0.43632770521
0.410617934059
0.474922394542
0.556171291352
0.596457163035
0.844778657565
0.43966422811
0.61784365969
0.531188681256
0.548282803047
0.508575171168
0.585210060899
0.406235016933
0.614440389196
0.543078901949
0.524683478488
0.478648207538
0.348383978449
0.69186004558
0.433163788252
0.53563141146
0.477910861659
0.590894638768
0.680261532576
0.574007675943
0.47281669871
0.498050854441
0.569553181195
0.795677732254
0.401495412107
0.622613813713
0.476131935748
0.534392813387
0.445099241532
0.554144110281
0.477109396349
0.522214204308
0.408253861423
0.58956775553
0.6207301283
0.478100747488
0.335943362862
0.598462992045
0.582416438627
0.671320422636
0.469769808675
0.616935912468
0.427322654323
0.473462400811
0.377035428835
0.482806603834
0.539923517408
0.572100286015
0.455542269076
0.492303400418
0.425963666693
0.471166707421
0.530595506883
0.614792907825
0.520099091447
0.50602227536
0.511408886542
0.536067183751
0.356825540298
0.567723014165
0.344569296627
0.724424315458
0.551940498721
0.608720072888
0.473752455754
0.662141374608
0.448866334386
0.404307260186
0.67035142751
0.326524877211
0.648678931795
0.61050292777
0.609181185048
0.426586757181
0.423294515928
0.450776073757
0.696907887433
0.377026062964
0.4729757941
0.545415890854
0.680954551108
0.401559378265
0.623058602969
0.482517079681
0.63765240843
0.595165795646
0.857230631595
0.611911501233
0.560525568686
0.399867424652
0.541509943671
0.446561804191
0.326665322575
0.395686492329
0.520533881354
0.4887384479
0.653432516393
0.341418049759
0.406565987396
0.507506432948
0.59970471589
0.572007876563
0.454330024412
0.495279163788
0.466192366531
0.390442857783
0.542656769452
0.295379600489
0.525035050722
0.55479702583
0.549635939825
0.698467728013
0.605077109282
0.590652091801
0.492677090389
0.601523920703
0.473516396706
0.500083114973
0.384629147126
0.524860716773
0.644648339589
0.46162336857
0.679963115959
0.450126040939
0.597646274456
0.582191982912
0.463998727985
0.516501193271
0.472143482329
0.394632405703
0.532795703928
0.510391653596
0.424462266742
0.576897747701
0.53895016885
0.440544842409
0.512490457705
0.703764207054
0.49496004201
0.528511624855
0.548415394861
0.475347817476
0.536520210583
0.64786968269
0.53640031703
0.565095932037
0.557882938889
0.455066161585
0.622272192707
0.683066702048
0.52277717036
0.482531261953
0.581049048647
0.586984902205
0.387180398486
0.388823850622
0.50788579896
0.579891137039
0.73406649891
0.671619950925
0.582334886919
0.520365896819
0.43888075139
0.644144302421
0.503214416299
0.510827432769
0.591239567164
0.679027425652
0.794621637332
0.42690821476
0.554357627765
0.617231992554
0.597577350515
0.60993502785
0.639171930693
0.642491797611
0.498323932642
0.509465075366
0.582666009185
0.519696249707
0.602270946648
0.625397245872
0.538746573041
0.583464763005
0.587815237838
0.547230198861
0.62608107271
0.615062918605
0.332863691531
0.63669174817
0.679136772357
0.454580606341
0.584489855754
0.53270240429
0.460579587373
0.374452223777
0.495439515771
0.543550887474
0.526243097805
0.60623071394
0.545556350967
0.392832296702
0.516837986564
0.567717028219
0.492793046203
0.587560257505
0.388336123863
0.600154810227
0.362897181007
0.503398477814
0.681721448718
0.362112858717
0.559076757099
0.608233512469
0.365459607104
0.562549236825
0.583127142944
0.48336611743
0.385686570507
0.423758708827
0.556585721677
0.439961824186
0.469954040014
0.425722777828
0.626880328134
0.548738302341
0.785885868556
0.629764954479
0.670618361363
0.683327248799
0.530848427762
0.52159701037
0.563274295409
0.555072965811
0.756368855922
0.647036678887
0.439255075514
0.551509710277
0.503066349125
0.518309545244
0.519607722028
0.557223382443
0.511547157919
0.473163285826
0.576827470267
0.648733154212
0.638371210932
0.391987893258
0.581424824881
0.512424096459
0.662947646231
0.525906295467
0.759959371643
0.471455467389
0.323645586388
0.395735157521
0.586396694679
0.599026442203
0.358354601384
0.476102972091
0.40104681054
0.434236192062
0.426440007286
0.412920318691
0.489034033282
0.541682757805
0.570021716321
0.577449708402
0.336056527652
0.474770414073
0.578964772838
0.379941321548
0.508108270206
0.579925799788
0.624380183744
0.404456127683
0.637638144609
0.633872066798
0.587567800308
0.671920314674
0.398447113198
0.445977124627
0.515623316331
0.621330755221
0.601236669564
0.407146988098
0.570997670455
0.376150042548
0.541213053834
0.485587773909
0.590396109429
0.322132552635
0.723030927531
0.678237027746
0.583851248374
0.539637927612
0.43019116332
0.485798010968
0.362824622624
0.55975040765
0.52462907179
0.470682967277
0.569012378702
0.376743335737
0.580022945407
0.786968067148
0.739292070434
0.481509820808
0.570091291188
0.582479989627
0.392275790689
0.495986075395
0.466342980388
0.663677258262
0.518670277718
0.602665442157
0.548061828955
0.504678924222
0.535355667397
0.575690561466
0.613419304482
0.469042910094
0.567971386161
0.381819802641
0.626178099305
0.559738432154
0.654146818755
0.589301692332
0.58733878545
0.581077969632
0.692337986128
0.79249895196
0.457841788848
0.504623911566
0.539991116617
0.446607546274
0.511547468872
0.641910568883
0.576364405099
0.611727927156
0.646383493937
0.461209513884
0.664695316927
0.469202365147
0.525532630126
0.561607017993
0.503375349472
0.681606212519
0.805198978395
0.495396821568
0.550316677902
0.582043920188
0.567402723519
0.666546575488
0.448448991148
0.608749156906
0.642457875391
0.563181143461
0.558829103895
0.465878316535
0.480065020909
0.487298612052
0.57752670932
0.548441246747
0.493540044467
0.420852850708
0.554337563417
0.591500004021
0.551017334157
0.687152999684
0.598460487768
0.666424060271
0.451260732786
0.486288520846
0.416776429397
0.675220522599
0.564759111495
0.343563562658
0.455476030783
0.548705167326
0.592951011082
0.513296172397
0.643855351326
0.559038198747
0.510287496276
0.641136459612
0.634166425324
0.545085599873
0.380596209194
0.438284004334
0.476409226261
0.606680049287
0.398785659745
0.642569059306
0.522826031962
0.501908591767
0.468540575587
0.410674015286
0.470874610461
0.564978804423
0.566513261982
0.687998627542
0.781180236093
0.456875829517
0.60238881138
0.605015384613
0.422969907784
0.625854294278
0.628510058182
0.54328779723
0.563434158459
0.441337531089
0.790470567043
0.494750965922
0.586909604434
0.688162742943
0.606355864548
0.457809451083
0.54480241993
0.713043717203
0.449292211738
0.399120225404
0.622064766943
0.575418701155
0.439555893893
0.759260587398
0.506247149005
0.598955651164
0.459048296646
0.830468114174
0.404724915479
0.488824426818
0.531861798016
0.703303564947
0.588978179476
0.522175487857
0.53985652352
0.432180658523
0.642870005292
0.485719568439
0.481320832642
0.412904354698
0.451431238679
0.798455653193
0.481435009632
0.591848396409
0.552525343545
0.4343786097
0.550398950863
0.599318486332
0.451654533515
0.430934192121
0.598494781015
0.432665696274
0.552054758706
0.763400334306
0.644224857727
0.425002929271
0.625025417052
0.671292234321
0.578738013831
0.362494584587
0.390207254761
0.616025268662
0.529759375537
0.405670605129
0.407607884848
0.663899787323
0.472852712081
0.59654720078
0.588880588461
0.625178144161
0.602492048438
0.66749453202
0.370725736636
0.424653755006
0.568405469269
0.408077333155
0.406314557917
0.580613703562
0.638663963686
0.647780415465
0.575848808291
0.401476922441
0.353336202446
0.511855248559
0.508240103556
0.488308729361
0.493145650911
0.503759650098
0.538980546004
0.557135468352
0.398622067255
0.519408453481
0.526593389916
0.621372621771
0.52471759178
0.364420286936
0.503347052556
0.357256802984
0.498750976308
0.444847365133
0.445368451453
0.419567024659
0.52593779276
0.554922014071
0.573508542969
0.417174063237
0.469638448582
0.558181629629
0.359533658008
0.552699479998
0.534701863996
0.618232540165
0.506592818767
0.566430487595
0.452708567616
0.554774242176
0.613038055941
0.540045518374
0.636113223843
0.444048887234
0.419204891638
0.440640474087
0.327692785196
0.506513472273
0.438981868941
0.505710038114
0.614132826521
0.603999919123
0.616300361027
0.415571599141
0.576124949803
0.595220201769
0.475177005167
0.462967381774
0.433835762552
0.350101614241
0.502064252534
0.537087207698
0.465089755811
0.592284669078
0.669475891668
0.516151105741
0.380276539934
0.578467585551
0.616479272542
0.417588198764
0.40183326675
0.334962014066
0.504420267501
0.42339192905
0.825506054663
0.409876100844
0.48698363624
0.399383600061
0.578562361139
0.566400562338
0.54452133622
0.460682013782
0.457337215895
0.404313888556
0.529999841475
0.513624623942
0.674625869916
0.492115015031
0.742958910141
0.591306324547
0.381865688943
0.442867797966
0.586663768626
0.486368023335
0.7191887477
0.663700806085
0.579136458399
0.97560537985
0.557876847381
0.464855473527
0.317172882825
0.493117559803
0.706584173238
0.458485582923
0.397479440285
0.373643145707
0.551893169509
0.547794131037
0.6483659931
0.509152595319
0.484711258095
0.585011130165
0.399434726614
0.471968436226
0.501919463945
0.462098143438
0.628610552508
0.298673043392
0.532645404251
0.552678851543
0.457568810776
0.543921293663
0.50722348902
0.536866582613
0.570342807295
0.644821603203
0.52842612925
0.452850435837
0.356481190363
0.534213485354
0.556496507526
0.635118195751
0.885747050909
0.512890641243
0.411645743745
0.528606134387
0.661879059009
0.441255007292
0.519989258957
0.625178719567
0.847871880359
0.882672127443
0.639896955634
0.775054492475
0.61689602844
0.904430267175
0.550513811467
0.356473949702
0.461770833489
0.545596434369
0.612419740494
0.636701746522
0.839028843519
0.604891439247
0.578719350774
0.614040950902
0.478629199992
0.807599825942
0.576409275718
0.686306697649
0.831215559672
0.465947659329
0.62876687807
0.788662127071
0.675779028493
0.608110917685
0.597899718302
0.434567427568
0.639673045911
0.74959972793
0.51542860245
0.88531426916
0.810226783823
0.740958525458
0.674643613754
0.655479420399
0.746832123788
0.598982512669
0.528870128761
0.610025726458
0.640123969726
0.583192925243
0.834529105703
0.627362120036
0.385733129121
0.677863826619
0.545025018177
0.385319923362
0.771507411515
0.614016604455
0.38063561892
0.700705845709
0.559265952617
0.424174091596
0.756070436245
0.665495716052
0.494669774843
0.532245896152
0.490642239706
0.755066294477
0.598238358264
0.433267300425
0.553161598797
0.478549262281
0.659733365656
0.771007422005
0.608103400267
0.686340910129
0.524038487568
0.722059394384
0.491814100408
0.558154470213
0.449973623103
0.734240297322
0.622379924102
0.581433313905
0.428050447265
0.538870840271
0.520451223428
0.593985494596
0.637256570569
0.581863079022
0.730308521788
0.585887430903
0.382759534144
0.518806817589
0.756246407191
0.956324530954
0.5433824265
0.728247703475
0.480044061504
0.737076841759
0.531547699748
0.627042502398
0.633539563406
0.613151266444
0.496132297721
0.562551457426
0.818527822442
0.534415474175
0.624066947827
0.869894618062
0.676293934739
0.396181938103
0.555007525697
0.947254773273
0.53124965684
0.483654135601
0.921409000246
0.632838680807
0.427614980199
0.664810013493
0.627877577623
0.568792215976
0.55346663013
0.639707690557
0.664732905022
0.566677308678
0.577489178662
0.555062328826
0.677282264311
0.45170428275
0.883463407272
0.445582660686
0.998880330289
0.564624066292
0.622601410059
0.518159166669
0.548111411552
0.636065141768
0.563421718452
0.581229330156
0.440769177584
0.429791506636
0.390557907485
0.787192302931
0.452596503378
0.529810358607
0.69065153149
0.400007230466
0.674404062623
0.752310520886
0.661547612884
0.597145291117
0.358932634069
0.742525511009
0.563398193996
0.619992272262
0.463936348914
0.382435026339
0.529934437174
0.697617330031
0.335421820355
0.452503138663
0.467819929453
0.674007302216
0.524771269263
0.492085229935
0.599010995596
0.839221532336
0.630430511757
0.623295813818
0.502550069893
0.563133448024
0.439914131864
0.654259666016
0.726940508177
0.492456617935
0.616096378214
0.6031181199
0.55288974382
0.782397810066
0.551834639126
0.567716519066
0.522250542618
0.341037962044
0.671597436241
0.59050852276
0.46735443925
0.693132919041
0.747402069762
0.442926521609
0.461054300552
0.383947742279
0.515917322928
0.585740381393
0.74648729861
0.438042721068
0.714302981602
0.647936103644
0.517327543979
0.841847447094
0.41485001931
0.513501693692
0.514095283725
0.437745590236
0.435727431913
0.50202106865
0.581063795125
0.524262441281
0.596026834022
0.539675678988
0.357615181316
0.718952382257
0.517356134944
0.389473584466
0.712710937592
0.431487223776
0.36930218887
0.484939990902
0.478972759489
0.491168199964
0.576481198081
0.733194070583
0.629406585229
0.840399485889
0.762460131616
0.756151348394
0.584939783697
0.473341636314
0.369219250642
0.63410202513
0.515571657248
0.465445270505
0.527828854411
0.54604662314
0.527190417314
0.461482113383
0.573472984375
0.580192979871
0.692076174623
0.474769562487
0.641446429016
0.602796301414
0.47880138728
0.41039854327
0.517416880126
0.433833927879
0.579230891455
0.52595634708
0.54390718109
0.422249722048
0.516571651569
0.545147290463
0.328054595912
0.431216166617
0.468169479775
0.599794130959
0.453612502193
0.561364905443
0.412844791648
0.478533225315
0.635193223704
0.515057291663
0.456933320576
0.477040938481
0.50393211172
0.576691821411
0.600298040486
0.703107290033
0.512864195266
0.452973148954
0.384888033207
0.464510712191
0.559778307577
0.468173251856
0.672739983237
0.599672770932
0.659485793453
0.638923452031
0.521594276685
0.577217137431
0.524302942378
0.426996007898
0.440661933098
0.547266825826
0.564674026102
0.722668141968
0.664583714974
0.431574313838
0.467593485825
0.556428799229
0.529591835977
0.443084080533
0.501190899943
0.547611217585
0.76530538913
0.502595276253
0.422890135971
0.596023320075
0.626546384609
0.45602064371
0.380608758592
0.637374829462
0.550614216824
0.526233094934
0.373629292104
0.677889104217
0.502002336374
0.633107660361
0.602716848874
0.632622327454
0.612864964705
0.620662173968
0.567351745792
0.361321031397
0.461035639047
0.635364042519
0.567680725738
0.48051527132
0.502459969204
0.493652564169
0.328536601055
0.432805501228
0.669075099602
0.615420657849
0.618237065223
0.428089071778
0.475641511995
0.61335227344
0.618332035556
0.47622179482
0.596281550348
0.536246666515
0.47662177006
0.344789022857
0.458227658752
0.394425113208
0.48578770187
0.397531986186
0.508579059385
0.510802249776
0.510331694206
0.562340226224
0.57730663771
0.524436365137
0.298364956881
0.601853516504
0.596944982604
0.410276085646
0.497501598648
0.647986639875
0.499192213863
0.576231909429
0.50270901708
0.424529132401
0.552033856381
0.514467610394
0.676621974597
0.486920841393
0.586253223318
0.527024790056
0.486470171237
0.424691597422
0.684074526815
0.576097681028
0.431397218997
0.549328382152
0.431930875764
0.419291141589
0.516331463077
0.448028398102
0.475268462996
0.529839402378
0.462094275449
0.698672074799
0.432749181642
0.532070823233
0.452375309707
0.608999148317
0.593975966717
0.441939121355
0.569436882814
0.462864218423
0.710908687685
0.317558698483
0.659441026473
0.654079947046
0.473715177969
0.624175667403
0.60881658033
0.470423430669
0.628811757243
0.486936148103
0.613856659244
0.573060021397
0.545878389664
0.385540134685
0.426441944026
0.492964249681
0.590910461058
0.545199102994
0.588367136597
0.421565009198
0.47883852883
0.395959081408
0.621539400527
0.696625158249
0.469891264973
0.459079851764
0.619261441956
0.35837258266
0.509764403096
0.59737650273
0.623352149632
0.544694378819
0.485322168741
0.546338036191
0.44745719839
0.586507582419
0.50449752808
0.576181952533
0.57683153757
0.575044453342
0.715935539845
0.589820597098
0.511210001366
0.376949767262
0.512682456486
0.654212413304
0.587861620974
0.600194470141
0.532387541872
0.699234202919
0.575564769188
0.452169297764
0.594426206654
0.624755782392
0.34464349089
0.597460109165
0.365638680214
0.520107620207
0.526896978279
0.480853220359
0.505342253851
0.486039185879
0.552888437027
0.497373630869
0.610449652369
0.552466684918
0.616690437949
0.570860717257
0.549119929324
0.572884193485
0.372982136014
0.73505999919
0.527251372599
0.623095196981
0.670517689642
0.591932746512
0.51580633122
0.450111224084
0.540598222003
0.536252954249
0.684250807231
0.629800351575
0.451546689204
0.473968514861
0.447265464868
0.566907917344
0.66708830896
0.643232643654
0.534987769636
0.510251998227
0.511819692591
0.604568310037
0.402128658231
0.591849297937
0.585365306899
0.403545998701
0.688607199584
0.500335766199
0.577304901597
0.383878447493
0.354635474813
0.622054953602
0.481390616017
0.614389158169
0.388104180921
0.48362256668
0.542481280651
0.689163604725
0.512471966004
0.462374391407
0.577261182708
0.485665326396
0.380854189416
0.445569118855
0.549906923289
0.456578629428
0.493092327118
0.458491575434
0.528036093106
0.581318962841
0.489393086147
0.448990729883
0.616439799877
0.612544281509
0.422551596514
0.463428474721
0.513312377948
0.297243148012
0.594906906301
0.739099198255
0.568927292284
0.521753024498
0.622862611767
0.405909823782
0.792219763452
0.547386313494
0.567219141339
0.546260500982
0.408912808167
0.585320453703
0.495436178791
0.666759849492
0.44939305134
0.653184133346
0.660561005902
0.465696667786
0.758965500547
0.557759383869
0.578480736502
0.50370931773
0.634106230588
0.553291256761
0.573809334053
0.479984446349
0.458171962835
0.52939256069
0.550481572947
0.579995720718
0.486927713674
0.641706572692
0.57055265978
0.610713484193
0.757732063075
0.693989497738
0.624612019811
0.407029452709
0.608291907177
0.475261216415
0.693895780748
0.62344959432
0.520510943479
0.490894152035
0.499942515419
0.397204885138
0.449736929108
0.464795731757
0.554815018493
0.356517112115
0.552862273648
0.578354776052
0.668280839795
0.583853924299
0.473626032886
0.423357423612
0.428731710743
0.379147730795
0.431494391086
0.425123756525
0.691955796459
0.324020910246
0.610929458214
0.514059334199
0.539470446701
0.401540803161
0.541205951494
0.580446024342
0.426577266566
0.635168263934
0.528354499839
0.521569840789
0.519540243098
0.590323846751
0.474576877596
0.533383607521
0.721167888766
0.596034199087
0.54961365827
0.467445290646
0.628427246688
0.556562929733
0.448548945924
0.453844449833
0.679713372576
0.53795608849
0.482620881452
0.520618362871
0.500388276334
0.537784212649
0.638254477525
0.578071389246
0.500074227891
0.444763363755
0.474516341827
0.446681640604
0.423419480801
0.58848761935
0.691981882937
0.679165050428
0.675003227508
0.627494336389
0.507446940132
0.580544131251
0.584092724531
0.55523316217
0.35899377197
0.468799345062
0.662438001106
0.426305992337
0.391312016318
0.42445986655
0.59907362994
0.482165034089
0.33837036566
0.620311450032
0.751848752155
0.63244118145
0.429086074399
0.495749797865
0.540635365106
0.36609665813
0.600555640054
0.71238894112
0.480289289145
0.529635897617
0.527035938564
0.576117319647
0.49238093974
0.432902072914
0.395488307175
0.476427970838
0.611754229041
0.479749385496
0.618256458957
0.571261862987
0.474604525446
0.581173299845
0.832100736241
0.535236418195
0.433597482872
0.551086559099
0.691277340099
0.448017785277
0.483488792912
0.463493237264
0.722741484249
0.684350342418
0.502133613902
0.55362848479
0.49279114027
0.454730581804
0.475035308113
0.462243608821
0.62895833566
0.641735133203
0.479165239346
0.457134706724
0.545298091906
0.803878193908
0.454841925646
0.608993715227
0.526579381721
0.513996982954
0.512604995845
0.617835807263
0.524245574691
0.586225669472
0.574684569949
0.383538554153
0.460620008079
0.476678150153
0.447726589851
0.656051905056
0.546300164118
0.490972325231
0.480973359309
0.400871312748
0.479895921356
0.605033329469
0.373447099028
0.543257152404
0.461534072057
0.478793788712
0.713919464119
0.474456278694
0.472638041302
0.545597989188
0.522119068114
0.572455334305
0.654467404591
0.590752994957
0.609587884139
0.611950237024
0.585792791329
0.530321447686
0.574882215986
0.449914495824
0.457328079109
0.318298546368
0.4165623121
0.356352926996
0.36522491993
0.419627831784
0.672855192176
0.407837102299
0.599714689041
0.492066973751
0.616675982967
0.510001813306
0.633251729771
0.824832247728
0.680917343801
0.474187928862
0.737551594173
0.49638034018
0.544079982691
0.459144026796
0.627867796638
0.510018695514
0.594695032161
0.752188175154
0.52142580886
0.802078491169
0.57107076427
0.680002528021
0.361507051718
0.39535658247
0.601408697426
0.631877070409
0.45642383975
0.728258048663
0.464470377246
0.660863512521
0.758272247734
0.715641814323
0.669525178318
0.607200711827
0.416713204092
0.558459496042
0.7410056865
0.69614545368
0.477053691087
0.446028540003
0.586648182821
0.393733319759
0.72607998245
0.658024329078
0.63536190511
0.592328396826
0.769698356802
0.547664256932
0.568749556248
0.412409678446
0.543815758378
0.731137923216
0.505303765544
0.591590314853
0.479588996641
0.586488508782
0.758830051917
0.75601139676
0.721266018558
0.577287551913
0.729589741946
0.569876902022
0.555333123271
0.631428406199
0.458944395596
0.759629871743
0.726205341117
0.632073851241
0.585125439199
0.37344726755
0.514638802375
0.678277402866
0.450666505916
0.54775223637
0.729970280699
0.454150168168
0.570880606167
0.584071595352
0.480225927888
0.369721422049
0.52699870307
0.467599844025
0.468050914028
0.649258314673
0.407590507462
0.558423882806
0.691567523511
0.448355987738
0.484711529449
0.346538333048
0.491976544401
0.496819594551
0.57040166446
0.528127871455
0.50768877658
0.548896146026
0.503119463168
0.748262169768
0.471701654052
0.537468885605
0.709896041271
0.418173524681
0.527158654963
0.499369092711
0.379770730986
0.676167663661
0.384063314982
0.627634811879
0.469149317348
0.487091697358
0.583685470443
0.510682723246
0.564038276704
0.62599740166
0.555295075142
0.749592393013
0.557810713923
0.44348831607
0.538466883621
0.737463205102
0.626747977695
0.716358309487
0.417471647002
0.556763595866
0.653686714858
0.599643018981
0.864997167877
0.586696713619
0.375750313212
0.651961432048
0.514258402918
0.501603487568
0.477695628114
0.359452167413
0.532032244629
0.425602614836
0.652651473877
0.459151315913
0.481574524234
0.467668756977
0.361359197807
0.450913215816
0.760602188313
0.575764606816
0.479230661849
0.546296242791
0.517720508165
0.626061556685
0.475745668209
0.425507390288
0.537387880272
0.594401147979
0.402679576782
0.631111934862
0.408266766341
0.464920504758
0.664618898899
0.62036594452
0.452454534981
0.5485620498
0.634015492372
0.597539198649
0.464269931909
0.387126807436
0.563546648034
0.520753693584
0.601812561041
0.556650665984
0.522051574115
0.627111274898
0.667175411603
0.656517740495
0.476828426108
0.551493115155
0.642950434086
0.584383240766
0.428169456953
0.593931098523
0.471732134683
0.496017569919
0.557166320978
0.528775321203
0.431251991252
0.606830461034
0.48778210879
0.398294092967
0.418744613725
0.544063175561
0.46185611229
0.626269508965
0.654699133359
0.538321494632
0.580304735963
0.590795351656
0.766861793995
0.49660015548
0.356289415429
0.487146302529
0.497699537229
0.48133256636
0.819937420257
0.562129599703
0.412284301991
0.417799420707
0.377787414647
0.456321325267
0.573266360141
0.379963542868
0.425292991298
0.617420353418
0.484681892218
0.634319610997
0.602497718306
0.687584775723
0.632738678225
0.5503136338
0.476711337732
0.497973562404
0.668584147282
0.425807172587
0.571133229943
0.703525773686
0.716227170811
0.545360675505
0.550089678533
0.647267249381
0.643351276801
0.57964416135
0.606444916852
0.585292232516
0.39926780174
0.454838565233
0.535864498374
0.587545556109
0.6880685814
0.516908085105
0.533209101016
0.391197691249
0.576870986259
0.727930827371
0.494084738965
0.562478591427
0.644432344763
0.364730345309
0.54287298231
0.429489007913
0.4831279006
0.615366751293
0.351207926278
0.625344016356
0.409304311717
0.506896227954
0.389874519027
0.483672586679
0.561659006848
0.440531228364
0.358894371245
0.763374397675
0.35824174928
0.704785501195
0.375404718571
0.511970806474
0.630484033396
0.60023809554
0.436246468598
0.620910765175
0.723262846722
0.399085468323
0.589444068593
0.64996420176
0.418826142364
0.668337572666
0.532561156758
0.572333264452
0.433816469229
0.588585021469
0.509765333847
0.531346040891
0.536430193235
0.566714066768
0.372205341438
0.677194125289
0.405857759861
0.472729789739
0.604249672135
0.585198021558
0.406802583405
0.577062468413
0.494844879076
0.407670407992
0.405347130552
0.612211794248
0.440773681359
0.54322661286
0.618256844759
0.480668525391
0.529435036431
0.573312453027
0.455931554076
0.532185505279
0.587737258159
0.680637515319
0.518486220451
0.492893106557
0.685547544461
0.609429455941
0.731141534041
0.416688606947
0.654436181372
0.453184148648
0.448965859771
0.524673315961
0.67281364486
0.590843285105
0.420145750928
0.460746207227
0.539498747661
0.512430007443
0.482645784732
0.36272214122
0.537525363256
0.565867987912
0.448928250947
0.544467890892
0.506060863631
0.567476751619
0.515782443779
0.537233347714
0.522260760842
0.45156291368
0.507207077979
0.616574274703
0.567201039464
0.5525922097
0.508366088485
0.435873674342
0.440273147322
0.378942951237
0.617252874965
0.592428240786
0.605259432642
0.460643641795
0.67950968712
0.52446233428
0.442273033404
0.715786470674
0.460697901434
0.377763054077
0.412247413239
0.488533867891
0.356424911546
0.6443540383
0.397452319918
0.524363101013
0.520623422103
0.630002810566
0.645910387349
0.521267268039
0.619639284397
0.343840920328
0.543075192183
0.649700163206
0.585297666456
0.398294147026
0.670522998961
0.440898372053
0.451333593381
0.526238183655
0.418023642173
0.702425361324
0.519002206891
0.491842167581
0.603976689054
0.572552697832
0.507133491115
0.507217139861
0.465730237996
0.580273628281
0.727024597203
0.549044963185
0.606087574831
0.46626534877
0.616746433014
0.468886057034
0.572264611563
0.294297092067
0.412247422128
0.540562430559
0.517888687583
0.55891979175
0.654115990329
0.562255566428
0.429846525855
0.520702530985
0.516155086867
0.40308641814
0.477273093017
0.521082671641
0.436331617804
0.496417557669
0.571798431318
0.536247311247
0.679306575753
0.557649521613
0.502507577371
0.405032227468
0.415042578111
0.509906020809
0.327986289959
0.37193902097
0.579083739784
0.430806494381
0.528396345138
0.493790643981
0.668400175431
0.553189384485
0.602878592701
0.548601793623
0.584187095101
0.640242086959
0.591832490855
0.510652837002
0.599016323348
0.581569882154
0.684886912944
0.537019685434
0.397166558049
0.501152371893
0.708273591325
0.568973925333
0.462179101761
0.39263316766
0.605034537776
0.691891737184
0.346130216156
0.493481319969
0.510586304237
0.356589158137
0.3937020395
0.601753007186
0.455043112308
0.605875958853
0.380334794245
0.459957785977
0.481660401661
0.377994056744
0.598991791432
0.353401214946
0.430071521625
0.450348852709
0.411471444451
0.449123430642
0.417239154926
0.554027185576
0.646860775207
0.363563393206
0.61615752988
0.478483860512
0.545711821996
0.499949454465
0.445920119222
0.407438209877
0.464815452053
0.660987264963
0.408710482617
0.434393832345
0.545069903916
0.32477403031
0.452818581793
0.53796313638
0.460486117524
0.424802703163
0.580008373624
0.801156761359
0.532441807188
0.385031770497
0.504403235966
0.609983795381
0.495948508126
0.59649148
0.314657263478
0.770006016109
0.503443526843
0.490657394266
0.575069990907
0.635276422595
0.493029263768
0.601322455284
0.5199165653
0.430421190035
0.503485543356
0.492690134991
0.469026956595
0.516853434189
0.622179779037
0.479423708865
0.400908958413
0.44402881716
0.457169116026
0.417779330056
0.480057869921
0.547691841983
0.45856189066
0.8266930715
0.740586601403
0.696506159847
0.609067717823
0.495373535783
0.69121465073
0.519873655984
0.598676809381
0.525406593454
0.509137130058
0.597824385883
0.551368172182
0.453860762444
0.45951362055
0.543734228599
0.548312150446
0.653138582298
0.408173190999
0.400903960989
0.788181213798
0.487194197655
0.479811212734
0.544393835621
0.497643842576
0.446951484784
0.642474574253
0.502267024543
0.533045667741
0.312278065836
0.335109993609
0.624307230717
0.530518846764
0.561442457981
0.448714190414
0.647062923987
0.544642790351
0.31247787823
0.58819889157
0.432834194192
0.509726428458
0.356798942447
0.555829465711
0.638599835259
0.551285659924
0.482622583012
0.540601073528
0.607011517787
0.633193514053
0.541548645264
0.639966235091
0.463984680187
0.426280163034
0.422278167389
0.36347764583
0.543949957095
0.854009458382
0.698700720883
0.557719045573
0.500813842933
0.718397544511
0.624631832311
0.368912546364
0.608582717303
0.654531681929
0.651319530932
0.565297743977
0.477809731651
0.603920752095
0.502311858821
0.447989212832
0.393170632684
0.522858207709
0.420060652349
0.556312893636
0.606082377919
0.43405285701
0.520840132801
0.632627769182
0.202642105938
0.428109294371
0.522008934951
0.653808136717
0.69870888224
0.484265571543
0.534974260544
0.556466560993
0.656614686219
0.49361743224
0.596799118194
0.476840009775
0.751607289607
0.53236697323
0.490015138645
0.469117175883
0.606698220405
0.622768775872
0.733953220412
0.510410798694
0.45471152915
0.444823177967
0.52733190347
0.455970190144
0.53778517529
0.461607040265
0.461497728019
0.426211325909
0.676669317324
0.567263360132
0.53763807777
0.675073981237
0.523035952294
0.540169770391
0.352468164539
0.613911632294
0.563165998164
0.619842391984
0.548659610008
0.691288315656
0.361937071925
0.636894343786
0.647721541907
0.611735747288
0.586792025069
0.448053401138
0.53319221072
0.571098996166
0.648243190558
0.499940331961
0.598228034952
0.583868014897
0.60889784617
0.409198184048
0.479658657151
0.572017842966
0.515076163771
0.407485869504
0.53494386273
0.59264144643
0.451015612
0.493329109403
0.529316879685
0.475101506245
0.529525424762
0.501173570808
0.51894974854
0.600741945365
0.681767633017
0.524919888264
0.470901391612
0.62331835497
0.44196243105
0.467313436438
0.524877655935
0.655492754711
0.760708780602
0.442061759978
0.543912704044
0.516996238981
0.576961399726
0.543246089139
0.396599615167
0.502270459769
0.593307862235
0.500260122515
0.510556300335
0.305789354574
0.531200870013
0.325660061416
0.509797135454
0.334921614274
0.499875574236
0.460696874616
0.589568063745
0.564153487822
0.469537931624
0.645720881471
0.540201275656
0.441451866507
0.625514540863
0.401628466659
0.351556586613
0.482866796511
0.540810655525
0.45288740997
0.544285999113
0.507494335072
0.573128176947
0.43768874795
0.713883091992
0.68040593816
0.537662202759
0.476366327686
0.515630353034
0.557395666808
0.627340747222
0.436731784572
0.489446988663
0.383529323078
0.540500704392
0.382459857888
0.414326538259
0.526239759888
0.716480474554
0.465567943305
0.554668848463
0.439908084554
0.54242658629
0.46697631301
0.649811624604
0.454188707696
0.376613460686
0.675656118447
0.501315500932
0.506647544038
0.662487394238
0.600060244111
0.648294353548
0.528704144185
0.505356292891
0.450992301769
0.590918252653
0.370827534558
0.598356898322
0.640405761415
0.440488076583
0.50330466156
0.677121224702
0.430261765239
0.455480016495
0.620907458559
0.469978415755
0.425977503384
0.629964987692
0.580254271295
0.545995540824
0.415264963306
0.553967406215
0.498144137581
0.493799227138
0.55138390392
0.502792369904
0.548011950793
0.395333148298
0.562730177893
0.527447625233
0.725711308016
0.48416622581
0.632561654289
0.609544295457
0.477289239066
0.535757414529
0.483422580808
0.500504691199
0.617192633353
0.381038097439
0.646204522581
0.601566430576
0.644293786876
0.448002065558
0.545091911879
0.594170821496
0.625612535769
0.619609940879
0.478546270119
0.495149398616
0.492248443709
0.512591846219
0.622641964865
0.408911772847
0.635078723698
0.597370361636
0.642274803652
0.66806869509
0.416473399173
0.392273099751
0.442986898605
0.408094674584
0.445088809861
0.506745430926
0.435071437511
0.308671198753
0.543733567123
0.358663297514
0.481778610621
0.401138050739
0.406510647339
0.576680369486
0.579970495083
0.50693806601
0.59137175103
0.415546493891
0.729723200021
0.801498940386
0.808503381346
0.667145952179
0.58461047643
0.511671128029
0.596907118629
0.643829084636
0.497565115257
0.642329632711
0.472410603962
0.54802295324
0.539031594342
0.442953403548
0.547327036819
0.445749020715
0.574824763921
0.565856708717
0.596790376324
0.421785300402
0.41796273874
0.534375474351
0.477870379615
0.679370123807
0.479736904049
0.648016880248
0.501732643107
0.522185116542
0.502746167016
0.610636087301
1.09609941982
0.626659664146
0.604007806917
0.683880332116
0.544056249178
0.681825392773
0.622029846706
0.515439708537
0.542291657667
0.514355040655
0.569198949177
0.577046325793
0.539125962885
0.562313849321
0.704165465483
0.731623080873
0.752349893485
0.404182959457
0.602888554738
0.473944764273
0.474369329964
0.362518350111
0.757936127948
0.347505390203
0.467071515646
0.345297909481
0.654696194139
0.569664052168
0.82121969104
0.930426489392
0.643732463057
0.683668384564
0.552318784704
0.473483550578
0.592095295123
0.695123303869
0.733514961275
0.583578146239
0.6626844214
0.760459557854
0.418528733782
0.704922810262
0.452071241024
0.582532146245
0.599095456574
0.791881982924
0.494933772574
0.526813675241
0.512610892976
0.367306325051
0.501125835011
0.608341965307
0.65632980302
0.423047494239
0.448686669051
0.731502220804
0.543640750621
0.579069149601
0.613018743126
0.464443622347
0.495067925523
0.448026715742
0.582666768787
0.474551644044
0.393150211794
0.400395316585
0.569118917435
0.511015351756
0.423006664009
0.64521120536
0.742063308327
0.686557819059
0.733952509256
0.355193286383
0.358446675259
0.383274818663
0.598859018372
0.538245496286
0.551423116873
0.667468009811
0.634162528762
0.516829648882
0.5336698991
0.495857955733
0.608824521989
0.392673439454
0.69831945556
0.653980693255
0.441444728924
0.457705032519
0.64469423355
0.542636399029
0.478166697469
0.748316439669
0.558800683722
0.549648395585
0.747752309741
0.533758590608
0.627351360744
0.572621803941
0.561353302603
0.644896664656
0.507165857785
0.399312884183
0.409942358748
0.861850096599
0.418010436633
0.420817137751
0.608047538992
0.581809363502
0.583699857969
0.562597938018
0.509061254671
0.651596033932
0.660090437629
0.694594746831
0.416856511489
0.547571715079
0.345783064072
0.6277006442
0.520755728441
0.52287775095
0.948263037016
0.290168453056
0.50527377638
0.603026238623
0.464481272589
0.70851158373
0.583489622655
0.936810639252
0.54629438928
0.429886642316
0.550143845125
0.621208086807
0.446985206842
0.600936045905
0.476565525239
0.680946129191
0.485687011275
0.527965496367
0.573061658268
0.531616850662
0.53330534187
0.581043002334
0.608810888446
0.449715931714
0.509712634258
0.49225028616
0.414278078747
0.415438678319
0.453289489647
0.531599166342
0.353757722832
0.587918684666
0.540347086723
0.47176942508
0.407027830246
0.372378016509
0.402908341739
0.473556913059
0.726508320712
0.826797591953
0.788406721138
0.547021846765
0.68561010072
0.530273271253
0.440587880302
0.519058116778
0.498341553552
0.456632559402
0.522228068217
0.582735123372
0.507137848996
0.356779723405
0.348188289934
0.6417906637
0.560933880447
0.60644700696
0.42332121039
0.632740912491
0.561647733946
0.514796185032
0.460014596585
0.722780879747
0.56913703304
0.593135580484
0.775105938622
0.577725649631
0.503638128026
0.451699947584
0.642161391146
0.553498090765
0.368097646516
0.6374851791
0.585461299448
0.733145828039
0.606505020902
0.522805137934
0.514374213719
0.434216939726
0.684649927983
0.534981392922
0.517732256179
0.521192865445
0.619055035752
0.593489559561
0.564962110419
0.553720840307
0.613895289642
0.510723223216
0.48904003606
0.692618566295
0.740469467073
0.505021972815
0.458029725027
0.563334638933
0.61446512759
0.640309106956
0.480732585759
0.428511267997
0.568359966887
0.572887796117
0.432538902818
0.591216101539
0.491806996119
0.486450678313
0.37894129257
0.635300241572
0.432599914085
0.438781503872
0.619027397421
0.500490306082
0.464703491029
0.448061869186
0.440324394985
0.712568150937
0.470486631229
0.445918729261
0.476497345907
0.505230468009
0.7722783831
0.596944616319
0.3758388961
0.679682097763
0.433865491179
0.544053037245
0.393202247752
0.593442151334
0.503499816652
0.514961677555
0.607100251508
0.703738657711
0.486876701322
0.431039823208
0.655577490301
0.365586026123
0.836009731356
0.516221627503
0.587591797246
0.341661865084
0.445887334642
0.613107647513
0.492123372851
0.484862971394
0.663610702653
0.578926674134
0.59858398711
0.648492514605
0.452884322841
0.481121797673
0.647482225758
0.65484251152
0.4147931036
0.514687763092
0.500253288712
0.584848493676
0.491772843361
0.491989165209
0.441579671967
0.475944016243
0.729544391156
0.476418209055
0.560112551939
0.48343087845
0.482822322648
0.5880766744
0.457222257222
0.568526757832
0.676631518388
0.430512112989
0.58568099012
0.581489451946
0.539790171025
0.581421130603
0.687530776174
0.438485766237
0.72937428526
0.576757738038
0.341534078815
0.581990726641
0.454880873898
0.714010118835
0.632763494183
0.589157047085
0.647486215205
0.682092974961
0.533738867739
0.614377247256
0.341800179702
0.469970339768
0.368442038542
0.744833665256
0.812751153514
0.744991484875
0.742960572846
0.661790072013
0.539386323599
0.515998487294
0.639123660996
0.428641926013
0.505863096323
0.410365753178
0.544247006564
0.442741419002
0.536768840419
0.378964310401
0.575157767427
0.660352925398
0.495151997871
0.575096452747
0.522324568643
0.539125303365
0.481456979238
0.554663713824
0.462362368193
0.553551611888
0.54944251035
0.612812735133
0.50080033275
0.404284827997
0.356426718178
0.4957235302
0.569093558196
0.554506141151
0.455603312607
0.563942387359
0.522906611221
0.591357575411
0.481945366238
0.691366020439
0.503591997945
0.562126562065
0.593917984159
0.51429147273
0.615681629375
0.505800934943
0.38675342157
0.364309651044
0.456653749111
0.615433380183
0.597337676158
0.550145674935
0.475543354337
0.599903119406
0.401475676723
0.643858804319
0.566111842998
0.585182696046
0.54297601729
0.526716830437
0.477304596661
0.407457459246
0.398454917882
0.489935128451
0.561537940615
0.57536656882
0.698524719348
0.652170139764
0.540149676574
0.404892455275
0.654463397362
0.762124407533
0.626296854503
0.429579400479
0.558710294815
0.453037680762
0.538948085093
0.479464998442
0.454026703063
0.595901265247
0.580428580818
0.576388704237
0.586511875153
0.702601455392
0.529387568126
0.646577984464
0.611307158393
0.451716218993
0.563055358512
0.685975092963
0.573836827471
0.602560376885
0.600483059936
0.55570838909
0.66951179511
0.496426632228
0.588212696778
0.496561426731
0.67151466166
0.419507019817
0.577717793638
0.609357974521
0.44600990911
0.481015203544
0.680275958132
0.553637888175
0.557276387712
0.567648219784
0.537849731791
0.544803217558
0.507773411306
0.618718663085
0.689998784334
0.54814673336
0.585993132576
0.492339972245
0.690664185346
0.73356993868
0.527512790252
0.468921120493
0.479695486296
0.574780467921
0.474203397583
0.776031270737
0.522710333594
0.492080325011
0.545540445592
0.611460142664
0.549374097573
0.496592413791
0.657229578209
0.576294414558
0.504654475409
0.555165771992
0.531442104922
0.400800523874
0.496332997491
0.396576014217
0.660311323898
0.598893400984
0.587343119445
0.319179695796
0.524670188131
0.385820934584
0.467969660955
0.520686916956
0.504265551426
0.346631848413
0.735302281658
0.631719369422
0.579206546088
0.558841376087
0.646913291442
0.498544902441
0.642553749786
0.443848166794
0.478418281066
0.485082573944
0.418110174123
0.612929202592
0.582445369882
0.544992345144
0.573769453878
0.606646391982
0.589338409391
0.649646968151
0.514063701626
0.35715422569
0.462158237385
0.584946274407
0.659888646477
0.716223565437
0.651916984546
0.491216484076
0.469301679741
0.59352958544
0.537453490914
0.661053545899
0.644826840003
0.569040696302
0.420327950841
0.52974573737
0.482709792253
0.463545890479
0.580088820041
0.564833549648
0.296822666002
0.408284317602
0.411393214661
0.462633153571
0.675649817859
0.66434908187
0.646600781556
0.562086522185
0.67573528847
0.553406971276
0.585657136121
0.402638723205
0.50857880439
0.371683162683
0.499119540324
0.573499720529
0.577880407618
0.452448859375
0.540309774802
0.440170585338
0.643812669219
0.380884003919
0.54711554107
0.494478967654
0.567835092547
0.520675690984
0.408516842626
0.710559444271
0.737176689715
0.638835710566
0.571320498297
0.552630791641
0.581255513409
0.539323608272
0.685218341126
0.516336234015
0.483463173908
0.418294754299
0.754835345196
0.500191065651
0.593994230509
0.490598237224
0.544843421163
0.707920151658
0.459128368094
0.451967113078
0.410083436449
0.643342864772
0.506622818095
0.510668727184
0.608989093782
0.436529461724
0.404367913704
0.623399662888
0.628042756804
0.491473551812
0.626075607375
0.506049470893
0.456300717315
0.632127748681
0.460601594717
0.421379655211
0.532647735792
0.541953519001
0.662922975633
0.454942716365
0.709479220618
0.597424270199
0.477830895975
0.541276289622
0.653004556849
0.450310694024
0.735503754201
0.435176644832
0.644249800468
0.617273286584
0.697129226046
0.489106589254
0.591257210017
0.507337850577
0.55575213142
0.480970666149
0.381641634015
0.611204808317
0.652513097513
0.652658478604
0.285605911816
0.52250437551
0.675927602912
0.531964704232
0.536292074157
0.454636721997
0.553427476647
0.457366897922
0.382866739831
0.502329798935
0.544358977372
0.372650688249
0.548032488089
0.518854529977
0.602532903856
0.376475127395
0.547726699701
0.557675724603
0.609008451176
0.377331429511
0.755749420512
0.538867830301
0.714478225527
0.588632327201
0.670372683907
0.448316877951
0.570628418331
0.450726264791
0.631341638856
0.646184558231
0.559375249675
0.443503658487
0.41711151013
0.473256418867
0.448107839461
0.48685988546
0.448012333964
0.57928815982
0.469672410445
0.611576443303
0.730772771494
0.501244452986
0.539874025426
0.522472507832
0.646420579986
0.452305862722
0.714732640115
0.408164328043
0.476720937771
0.593817855789
0.458071197723
0.460348816849
0.587030714134
0.635648375563
0.52181028039
0.420500237154
0.576215893583
0.534938566361
0.473343919028
0.631357856801
0.58385094161
0.530586862112
0.450234039514
0.53292362957
0.462288817398
0.420839913602
0.577320368991
0.424918423408
0.535859156337
0.496295870662
0.747797009806
0.538932810739
0.541648653578
0.595440404098
0.399155908026
0.580514689703
0.548809407486
0.57670472673
0.676439655762
0.379645799519
0.522501949025
0.414307056561
0.512435179762
0.516824331402
0.479812166216
0.359701250972
0.447044739888
0.448912301965
0.620006883172
0.503281013227
0.603704409489
0.452223209746
0.622087601516
0.388267070783
0.521295043733
0.602524116566
0.507876745654
0.617983947841
0.638306259726
0.571544873659
0.487268579735
0.557908541402
0.517476811084
0.518279538389
0.39700790379
0.597150329445
0.5358610685
0.482416089236
0.417398047633
0.521546634446
0.593892119158
0.450031565984
0.50278827273
0.459652965039
0.488106242429
0.427326596409
0.603551212154
0.601634213253
0.357086475727
0.622116359724
0.615409163327
0.681764922461
0.496740799924
0.617963894343
0.613047931115
0.559673466878
0.703239480742
0.68440123082
0.578224012828
0.802807378768
0.564900719802
0.425249408403
0.496028897049
0.571806410948
0.69247437328
0.485589329187
0.546552777573
0.402063715729
0.487803758758
0.586185034788
0.50040365004
0.326288314007
0.606271041743
0.894708138879
0.537085365121
0.467228322093
0.411815060988
0.64252575415
0.404286298344
0.440636027529
0.593657816821
0.694939869131
0.514896198868
0.647960281083
0.463686899626
0.683297683787
0.488244695071
0.608761302007
0.635510479377
0.570038302506
0.463836371446
0.467633475294
0.753528361406
0.414405349003
0.379370743278
0.626943549188
0.838430191415
0.691717751401
0.630762282861
0.597229527865
0.64683339749
0.536938427619
0.507499759636
0.509491671613
0.538211034004
0.644794986989
0.477932829431
0.584838219475
0.480100262343
0.659632667282
0.768301412625
0.484023656974
0.465006985868
0.387931702372
0.525638457131
0.906473394237
0.614636583909
0.573563507503
0.534071064466
0.419867037855
0.361001028447
0.376669395657
0.356290979814
0.642093154607
0.647717491425
0.427849090437
0.461959830393
0.571795806551
0.570301148087
0.38128220873
0.358382826617
0.455693849972
0.524412400333
0.494118162802
0.457404878933
0.430959026954
0.505323718977
0.546764537832
0.433595981246
0.703932039893
0.579510005783
0.256701355572
0.665689074248
0.610219744492
0.443586442348
0.363607202597
0.389827457077
0.529282511082
0.454457329082
0.551890678053
0.635356803381
0.501209558405
0.540019803673
0.736543030054
0.507883383593
0.6200182719
0.471958931922
0.420473373293
0.394770390682
0.527726062622
0.623042009211
0.64857002137
0.442885502249
0.417479556285
0.572570976578
0.457697644997
0.470155675661
0.515810029692
0.627257905942
0.411635023147
0.39658416638
0.596394096925
0.527857639645
0.583713715699
0.456679289257
0.498072824646
0.625402084371
0.458724032802
0.672211335963
0.468920436096
0.383023496911
0.583706047782
0.488926960043
0.526600724224
0.517325434208
0.503841405182
0.438571103648
0.484554209888
0.40250947269
0.542511882927
0.476004211182
0.556777575606
0.474524815114
0.609888321012
0.435884685834
0.632811572964
0.510558465028
0.461354851633
0.650667088487
0.399300718265
0.570751443072
0.62319533207
0.509853357428
0.456240990597
0.654376071341
0.586451942619
0.354295218542
0.730724494504
0.560734104726
0.640452879966
0.548047940511
0.588785625746
0.545282879183
0.56812336628
0.3984484142
0.63234527321
0.706803883259
0.646798796947
0.477905793182
0.530359840621
0.496683916128
0.652390885321
0.642782306376
0.510697470544
0.555189705658
0.483843609624
0.50257502673
0.627339490603
0.422615138893
0.512217935827
0.540788773644
0.487393105819
0.491872841037
0.553239642717
0.514012455758
0.592464946486
0.612294553568
0.558406518658
0.363154891687
0.455044377796
0.665337770392
0.642575079273
0.60195152474
0.586870212796
0.558637286171
0.464601592606
0.677736101843
0.729416654366
0.531241775114
0.428163363761
0.528228461717
0.403580446736
0.474925664569
0.434852054961
0.502525896894
0.393118588611
0.524175849192
0.470854442755
0.615221058491
0.373342502149
0.597357459379
0.650538578395
0.426946208726
0.410217811305
0.418012885492
0.524284664262
0.451087526341
0.36875573529
0.550168711403
0.515382554522
0.481290259298
0.588717520213
0.506397842064
0.570739500962
0.432167134342
0.731441943972
0.567745972906
0.618564713934
0.56775776373
0.5504359993
0.386428556771
0.669210512407
0.524212866633
0.689860204551
0.529123644624
0.509805965766
0.413532517475
0.632841987853
0.537416460597
0.489062903667
0.506515583376
0.599016026775
0.575959688359
0.454683482834
0.562245014599
0.380714272608
0.665234884753
0.513477211336
0.580944484439
0.524509975692
0.434561598459
0.480427806223
0.410139903021
0.418864115337
0.439774345999
0.695428327368
0.433248557817
0.546748349253
0.515476528139
0.747680590987
0.618257388946
0.418114332663
0.623042464167
0.673906052195
0.4330093212
0.654514092018
0.475345555481
0.467896381477
0.548068256384
0.450444193303
0.549059850875
0.694560132148
0.504861008231
0.636003130671
0.603451294404
0.742956178733
0.535463121628
0.6284369752
0.429792068125
0.629387872539
0.617478726585
0.530653949805
0.755802364178
0.616440025026
0.619529999869
0.565183781396
0.584614362062
0.465096146084
0.626532183841
0.422543102657
0.641407850545
0.696649814005
0.339256776289
0.505826443312
0.479346702792
0.504214293557
0.371676254125
0.511416161429
0.526951668678
0.618446186586
0.463067533433
0.498990424526
0.485584302094
0.557118126403
0.605037413999
0.544375750961
0.598592168491
0.504494149129
0.498696790535
0.441606977637
0.394340822041
0.574460047236
0.623991714118
0.538091787525
0.463701241371
0.546145156988
0.583175802682
0.400724805915
0.563011241992
0.545847290167
0.426933780912
0.609510514912
0.489461534606
0.436625357315
0.580370347974
0.586731492237
0.445392552279
0.627698265393
0.565914950114
0.709810612301
0.578698316363
0.520935296773
0.612970423131
0.514818660053
0.567292198741
0.686389080507
0.545523206482
0.54252563334
0.431946488475
0.505133975636
0.568138960908
0.494596168804
0.441542918582
0.558178753689
0.537275560118
0.649488679337
0.642176633651
0.585107540969
0.411577404373
0.41271885143
0.490298852042
0.594979226914
0.622247252452
0.680271910003
0.541859747426
0.481110926024
0.592775875168
0.487329448952
0.375871219201
0.690927571086
0.534365284804
0.565272210227
0.385138914525
0.481949124673
0.52646499921
0.618834291973
0.401598288178
0.426685258037
0.61045245824
0.593566659635
0.575567926842
0.564234815642
0.496711774666
0.476053725603
0.49795164201
0.409070310053
0.619496234382
0.599637091814
0.588980446648
0.654633286882
0.420255517972
0.577760738029
0.477998645375
0.485546838293
0.459863981689
0.395928855319
0.560978266131
0.565178100271
0.571671810153
0.422862937389
0.461213495064
0.581185996681
0.587262031846
0.547566492973
0.484946416826
0.553154108902
0.437537081758
0.600184989806
0.484653020967
0.616502529407
0.607113697993
0.435004132679
0.522869789754
0.608503685457
0.497829979409
0.633827676031
0.406129235868
0.408477538947
0.58494949034
0.683368240918
0.732350885968
0.565817647813
0.59722616447
0.472037195537
0.553343765898
0.63344246658
0.451573554789
0.496332709854
0.465021982136
0.555107158021
0.656155862695
0.472433183219
0.529665210136
0.51387233167
0.551116057164
0.545932556078
0.637152522554
0.464357871243
0.453104750923
0.370734407087
0.570478915233
0.458852063659
0.55691107596
0.469190299461
0.571363539383
0.416035779602
0.568677045746
0.512022195476
0.486907836582
0.525746984772
0.471657851876
0.709777500131
0.649904132462
0.302379717957
0.555171387175
0.540967815014
0.664378100703
0.481952905004
0.702021157551
0.420450276286
0.503955954927
0.425682800037
0.529519704223
0.498214737078
0.531227794056
0.55741846558
0.57306474961
0.440225114409
0.570143663984
0.657160719504
0.359594837602
0.514708067122
0.430108002979
0.306742059606
0.409374270136
0.443796670721
0.626809305238
0.545854786783
0.735892739237
0.475829416565
0.316457318134
0.511725983815
0.557551982996
0.433698765748
0.529285089672
0.384885987526
0.566882850927
0.65206660339
0.521114494071
0.386112850413
0.568262795093
0.676588912216
0.482860580986
0.449481247095
0.564154816721
0.723387223406
0.772390379298
0.505426854988
0.642213355901
0.753067580681
0.52006814539
0.330800716941
0.583997497485
0.752325121722
0.57194472284
0.602903964761
0.412974232266
0.657182986888
0.482866672194
0.591802064539
0.48022390528
0.53781003689
0.595160239773
0.505634410573
0.599203632419
0.358132828181
0.523549239488
0.480412810893
0.499477551285
0.585969781157
0.830307139464
0.704488921509
0.731267416605
0.404621113987
0.940460047997
0.403795055896
0.682276121218
0.540620061554
0.476156466006
0.369298651849
0.544055686582
0.563181708251
0.656396611048
0.595704713026
0.562948366522
0.356652942425
0.565528246777
0.484816853002
0.624886331335
0.578921773583
0.591525006449
0.480631652502
0.442937144597
0.580614786285
0.475228310511
0.634294731583
0.641282039617
0.594837306927
0.852347607784
0.550438503599
0.527198875376
0.622142862543
0.411814135952
0.630336314083
0.528351141457
0.305122602771
0.563342091997
0.549632133787
0.584539318245
0.496380286209
0.599983599488
0.781657422263
0.633196653895
0.608647647076
0.596059762586
0.504418277017
0.904669437914
0.474833152394
0.779082298304
0.753839049597
0.730165907657
0.591493408471
0.510228840068
0.610896900151
0.507441931274
0.481290251165
0.550388113624
0.762943811843
0.753980977385
0.549139607853
0.686316156209
0.629801440816
0.491374010641
0.59330279652
0.477422236228
0.950117895265
0.601453574707
0.850207090308
0.626263991019
0.694328595843
0.856656582692
0.453591240232
0.453526894762
0.409458501297
0.461930008541
0.429138617058
0.536565667949
0.618894286896
0.557088413664
0.559000935505
0.627374461606
0.7496037466
0.331839364524
0.420167906123
0.565213563509
0.496542621666
0.616400789613
0.512604457299
0.608348882846
0.518186785135
0.555274818642
0.776335413492
0.602245723417
0.583485439987
0.570025412465
0.557173048832
0.779778618903
0.668684193972
0.568703461573
0.51631687473
1.02393933391
0.774281050014
0.587012810649
0.542643284359
0.615231644062
0.773065548648
0.731391260199
0.436569226195
0.470879330312
0.465117058962
0.710344805831
0.408796359185
0.456096244619
0.564183719713
0.444980688749
0.535796084521
0.435854467506
0.582409111134
0.553033580306
0.491916111805
0.501608527181
0.5235767534
0.62506954014
0.445587733313
0.670775777507
0.532814415027
0.351746740967
0.510496795656
0.682441925846
0.633707760628
0.581030703645
0.582790541802
0.603920569255
0.469729978334
0.498418418406
0.646838676849
0.649874238492
0.595866278309
0.383353896977
0.408683633347
0.62305968835
0.483521959009
0.662435078496
0.529541341715
0.437411551357
0.61736113396
0.56724915474
0.475619624417
0.443782900722
0.614065358604
0.563341668062
0.606127826435
0.54523841178
0.538838190461
0.425732357062
0.552147695003
0.342590939231
0.609593081226
0.698321597267
0.521608836116
0.504264080828
0.656228246103
0.551529089822
0.774991949985
0.540199659584
0.662898939063
0.608952741912
0.609028447209
0.410675421038
0.493251780976
0.382085131925
0.641364052095
0.758967387688
0.496066809227
0.641190234597
0.761919392402
0.476628919453
0.413737019244
0.601357558833
0.712583370957
0.544391245008
0.64038049489
0.810246206481
0.405211915014
0.569856786983
0.673572690566
0.650153325604
0.46365192779
0.52650083523
0.483246458047
0.861084011535
0.570941055607
0.751093262232
0.396092421462
0.660009948433
0.477213220238
0.460726624187
0.463758948803
0.947421481611
0.790772069145
0.535624464352
0.668089235426
0.780083995016
0.648183647021
0.497088437259
0.67596470611
0.486859831271
0.411161841133
0.545678589105
0.463936680184
0.460203304906
0.460023819012
0.540175662654
0.509083259731
0.431484903802
0.422679633872
0.578016120615
0.540699297556
0.816157457473
0.506445355715
0.758371417332
0.55235239359
0.747768568699
0.526249325759
0.612953898003
0.892248501712
0.603900512614
0.476905018613
0.55451862966
0.514680316065
1.00917725771
0.625860511236
0.739011964096
0.852620033084
0.608397517427
0.606831898438
0.525990718263
0.412430267467
0.27073391893
0.48410108154
0.304666958867
0.525986519861
0.413478066418
0.500388815402
0.462630711638
0.505624059129
0.691392247196
0.582115683556
0.451969442516
0.947757316091
0.751385248851
0.482228184764
0.639915127502
0.47344064421
0.758237287411
0.615067120024
0.688369219819
0.353952399136
0.545664833819
0.546355743579
0.683166164731
0.644428697264
0.585633532937
0.655905668476
0.751595010822
0.537532287496
0.512803920098
0.510130138624
0.58265116569
0.627563106786
0.552633834684
0.645618721073
0.649782926188
0.553472871964
0.802062655851
0.557067263994
0.716740553647
0.65971609572
0.701176524332
0.786542406295
0.42199424141
0.473442955331
0.538997579951
0.563328599906
0.720868715574
0.496264800972
0.493251425578
0.472874950828
0.625117168721
0.446354329174
0.534763216342
0.660263196921
0.613132050456
0.539903319388
0.49000719933
0.638646572601
0.709685768179
0.492804765809
0.539689871965
0.536286086525
0.936355498188
0.515696569589
0.485304914595
0.480827312668
0.914651581423
0.593250018261
0.705110877966
0.510292567863
0.679498748528
0.746699632465
0.633910633397
0.609773268738
0.76802697848
0.608675624481
0.558397456095
0.629865764307
0.644034617119
0.488498781127
0.523094804825
0.450250057753
0.528034120074
0.718720910365
0.538153960061
0.675990488433
0.690880100548
0.656850944163
0.797709452219
0.757656370384
0.55809889735
0.433099981899
0.687080828431
0.526265416845
0.742617929724
0.556228627467
0.402023528709
0.534949534399
0.848650212296
0.496282124184
0.584938571562
0.471710021016
0.791084804499
0.750435689983
0.827010195631
0.40522160105
0.460172933347
0.838741108889
0.513665235807
0.502701536738
0.513247219326
0.868475592746
0.544630507813
0.54051869197
0.656154661785
0.634843796467
0.886772655516
0.355565708575
0.568795092571
0.581768405226
0.585114170377
0.471777107591
0.855873147725
0.693886059249
0.492873619004
0.53224527147
0.408590894806
0.550070139775
0.705607018791
0.399799664142
0.609076688689
0.657737908143
0.46882913958
0.823600577172
0.525162968612
0.549333237514
0.403724312629
0.706899052846
0.676223847014
0.857417176661
0.657953873899
0.615106573699
0.796763986723
0.504690141616
0.732479876752
0.696714356384
0.677617520044
0.56583558323
0.74726599516
0.785655880926
0.699093743018
0.600203826046
0.715383355051
0.497235897988
0.594278147653
0.367747355806
0.568414145482
0.642579799999
0.494139571933
0.529191498323
0.731879021225
0.600550892661
0.317545468892
0.676378451735
0.630464397969
0.47046225613
0.690889718617
0.46315239853
0.531202040697
0.511481875273
0.656946709277
0.555728814976
0.417433915639
0.605761916014
0.724266061901
0.484984217725
0.484237667476
0.498143228493
0.526415360577
0.438978585666
0.537236630185
0.383323180041
0.54772673082
0.505291808583
0.290270470993
0.498573175364
0.558388284617
0.535970307999
0.491490413309
0.611005531958
0.678232807606
0.476674537226
0.572073453239
0.620494762975
0.418639741371
0.577312781196
0.588056129539
0.613697394893
0.595886767139
0.567072580816
0.480266314817
0.452590795586
0.379595114832
0.551571644452
0.408391768961
0.59950477719
0.325618075553
0.323069574239
0.655741865025
0.627923043064
0.522633110184
0.650050033089
0.360575416273
0.604051784735
0.607729494674
0.470822878622
0.471782741354
0.62240815352
0.391848393541
0.359120447372
0.624596004682
0.459518373317
0.389698842152
0.370510094764
0.555086473478
0.503868104172
0.539840213765
0.323106638524
0.525243318444
0.615233731496
0.575400411241
0.488394823055
0.471823078768
0.608213116477
0.450438785657
0.462412725702
0.632930924282
0.599244291125
0.465505699046
0.501932052446
0.741234613312
0.57988908582
0.527059806545
0.464273038812
0.560181683471
0.635372380538
0.50196591063
0.495858617652
0.403542348404
0.599030314737
0.471901433964
0.640414546122
0.578249334457
0.403958163884
0.453712145773
0.604571180036
0.417271842126
0.769156663082
0.524265881733
0.43639108712
0.440217529592
0.51745825257
0.60275384409
0.50708052374
0.53555882339
0.514852566567
0.488189956776
0.386325149361
0.514812688271
0.437262468328
0.542433059494
0.527742126581
0.669005332923
0.570632022346
0.660413006842
0.555033645389
0.50454615284
0.537506148239
0.62308267416
0.585038506189
0.390596795085
0.514568453281
0.603134324431
0.509635319691
0.684429588571
0.43803559219
0.516037589083
0.537805455132
0.560128360398
0.488606358203
0.648735981058
0.475517098143
0.703238042629
0.420001554099
0.507800061862
0.507279245483
0.35451305206
0.732139893199
0.5514550087
0.39582573314
0.694360483703
0.634838886524
0.676850014777
0.650823705834
0.441350670078
0.620453714645
0.639785800167
0.712170562975
0.389978872147
0.512336193098
0.625711229157
0.518788321902
0.549286349665
0.528351036379
0.514303774878
0.417361039955
0.583593854857
0.688124177028
0.564951267727
0.488189471211
0.425209748109
0.543672693235
0.456715801335
0.427191863462
0.720828955571
0.386742320429
0.489954147315
0.636695203213
0.41184383273
0.47981775346
0.560059345318
0.525225843378
0.424079062347
0.521360242646
0.596113920454
0.462336561593
0.420397620052
0.601440335069
0.417912328774
0.378517118063
0.567613064941
0.469626601562
0.400408309105
0.559145083629
0.725842985825
0.803999999382
0.553368204669
0.598541658134
0.458087376401
0.57399975842
0.641188968572
0.524352235552
0.510094040453
0.677436478362
0.505643194644
0.549670932076
0.259638956879
0.625285944359
0.569187506834
0.474843652062
0.63429792017
0.906533926181
0.522340444909
0.470948361482
0.462052496164
0.497690230705
0.583123713115
0.635441696412
0.514590454485
0.468928121106
0.471756725827
0.50282578439
0.44791504463
0.432430600701
0.530035540049
0.2888517049
0.498588548979
0.609069894427
0.539011783228
0.541793992961
0.356455022852
0.528842938561
0.589729622221
0.561404561249
0.657093348637
0.533222791417
0.477444675663
0.538127616874
0.580891334877
0.60247198462
0.555314149378
0.613527577783
0.378041946729
0.567142097222
0.551271300805
0.59080284195
0.615805318226
0.618942571728
0.651395658071
0.638070690425
0.341073688414
0.438686662352
0.666280685586
