0.25975804016
0.292757212592
0.301365319094
0.399141511021
0.272123329024
0.310906781505
0.433820844762
0.324592717117
0.352338761333
0.27424913809
0.227721710667
0.252274627926
0.369027202165
0.281429054529
0.376816604318
0.294525207664
0.177446554952
0.299438381884
0.357048899538
0.268889558049
0.205093124981
0.239401656359
0.35957062078
0.301437657448
0.246297927418
0.319799183942
0.274868293297
0.327104771403
0.291170619687
0.235499096041
0.328631623775
0.335575549297
0.216302240675
0.296929524279
0.351542464671
0.329167274795
0.382616927908
0.369005835824
0.248137881471
0.194735041487
0.298759768688
0.439463441428
0.299809313457
0.33110537263
0.348156995878
0.320924338945
0.224644987525
0.350666199481
0.320231939757
0.28590594865
0.261586161869
0.361793723334
0.339563744704
0.327833667926
0.347147653304
0.395901664885
0.247300134103
0.332007184329
0.331127603131
0.242270329094
0.194118167833
0.238686201724
0.223389566593
0.36521633953
0.263689669089
0.284148798142
0.302513636373
0.320943520124
0.221992689735
0.212806626799
0.28758569485
0.293919722114
0.285093375461
0.328570353859
0.405861791028
0.380480645559
0.231646713574
0.28392924602
0.184028506566
0.258361600748
0.281826691152
0.247159024756
0.305952659931
0.274528527684
0.35807704992
0.30153472101
0.381376239948
0.324567011329
0.346682615082
0.301201272123
0.31985159621
0.202530841918
0.286685003299
0.248018710702
0.297506306644
0.246007610117
0.382018582295
0.345798505765
0.316207702746
0.289637667256
0.247154827288
0.27900736475
0.233372723425
0.357287264328
0.355497816402
0.289661822849
0.26886089808
0.304443286511
0.145961687211
0.302384524752
0.228153185751
0.203800422782
0.261803135903
0.28883882669
0.202341641242
0.507134409276
0.287776430843
0.287294771009
0.315876191824
0.342924815352
0.33099488428
0.347275812984
0.335965515221
0.297332569521
0.317791793021
0.284574684768
0.304259859055
0.335209496236
0.234043523371
0.315604532397
0.313409654817
0.249381156689
0.285649927085
0.40818651284
0.466418369393
0.304000682138
0.282341823641
0.268441761907
0.458061241806
0.28180891073
0.253694121653
0.362304208453
0.45242690593
0.429280258939
0.204062401102
0.458200278144
0.221839968227
0.24665612572
0.474086524984
0.459744847468
0.344099596475
0.317547723456
0.331705478493
0.328869726528
0.32074148207
0.348053977887
0.379058484992
0.299227242895
0.431628042277
0.393464609303
0.223738928179
0.31234540887
0.310502092923
0.255750097861
0.450236290535
0.269961266205
0.273679569329
0.337720991874
0.369617067112
0.454333160886
0.354831436922
0.278460690848
0.264406303344
0.268783268544
0.292880018733
0.373117842206
0.344547424558
0.310660804906
0.351067780141
0.241359955144
0.282138583983
0.276116251362
0.341018296761
0.376520607879
0.245018308069
0.44624551667
0.242813383462
0.272697885314
0.182285794711
0.360192567222
0.35230560158
0.241711613899
0.239980192361
0.371028567595
0.231877834822
0.509681872536
0.359051120047
0.421505260541
0.363660960876
0.258716727731
0.432505722164
0.339279200141
0.378655783057
0.324128358036
0.358431674977
0.25942302016
0.338269626143
0.363407278598
0.325141381887
0.295837507053
0.37566427891
0.370008729087
0.273106936822
0.301554500699
0.327141055601
0.375372330552
0.503252070418
0.330571926011
0.36800753298
0.307969985423
0.359464140827
0.346339111094
0.308806791943
0.27138766478
0.341250121412
0.261463434829
0.255913675611
0.21419819804
0.348408361684
0.515031672904
0.317630306457
0.380936503008
0.331949934814
0.302706065198
0.291455054207
0.358269038912
0.309447982275
0.221457003942
0.417505336889
0.346871483086
0.288899180671
0.25022333729
0.455197160703
0.322888640955
0.247769161976
0.376897086013
0.361593764664
0.412385464852
0.277985534408
0.287537628305
0.284742349128
0.338077319706
0.330296640043
0.506224346579
0.342735750011
0.402829963095
0.236429314381
0.26072972492
0.2789863306
0.234081147784
0.278258515407
0.210670158691
0.33300212867
0.237273610288
0.424305815286
0.437735170165
0.293078751256
0.348040744863
0.422406469388
0.288708702466
0.362652223511
0.457900538157
0.31848347385
0.361430343601
0.350050347681
0.320055823211
0.187665986206
0.428100045841
0.234800354009
0.437366862772
0.480681545385
0.276400134126
0.19334831978
0.25223784059
0.241452356839
0.448329965367
0.31360756327
0.215123266537
0.400932958077
0.310222754481
0.263336555539
0.207034163359
0.213369331336
0.403476218444
0.206471496923
0.244458426885
0.349130116116
0.333719619857
0.189710703497
0.378690720632
0.243388517691
0.347525454894
0.397807569387
0.285184819428
0.305204653592
0.44690336659
0.238541130907
0.231716559901
0.462856593008
0.381208261159
0.365661308838
0.441609197343
0.274425055162
0.324020379568
0.24582206874
0.312103150511
0.235694629491
0.296186628288
0.432984793198
0.285814562463
0.374894504563
0.304946821149
0.357779436505
0.320339261921
0.241022405381
0.466774194353
0.407949896382
0.31426748006
0.456788285893
0.214133010723
0.333222330603
0.309185655706
0.285646715507
0.317674161342
0.374316220658
0.367855778803
0.289923958604
0.326161869272
0.242963372849
0.389691826591
0.270070605436
0.345849763192
0.259049079267
0.314044811554
0.471712473509
0.238717489208
0.374127113145
0.32973590475
0.237399421173
0.276786654202
0.436797498039
0.410838485519
0.329909766768
0.304436661353
0.349203383655
0.230899427465
0.235550489087
0.416797194406
0.229900488454
0.298836772059
0.484111315473
0.300923288039
0.333422908097
0.391573855405
0.371743181463
0.261838812859
0.23761743142
0.351347955713
0.340585452034
0.251591788717
0.373702413045
0.300423954958
0.215223805761
0.27504424731
0.459733772225
0.288172125257
0.297387645515
0.406558985351
0.158646543877
0.298301572255
0.309746128772
0.292423427419
0.37533403007
0.254662479915
0.347147437184
0.356062898943
0.308453639476
0.346422075923
0.384157034461
0.263239448478
0.259930886158
0.477808396788
0.241487490123
0.292238102615
0.233213510395
0.425233032599
0.390146156424
0.183655423172
0.262932991485
0.185683857376
0.398318163773
0.280810384124
0.319533442607
0.326690589578
0.387161744758
0.175808542522
0.206380171851
0.348375424119
0.302153762737
0.415293023055
0.277240490513
0.304946424026
0.274149674205
0.298680336064
0.500642537017
0.269235882036
0.31705627401
0.456925564737
0.258401181298
0.330732722794
0.39048731392
0.246356091135
0.184722371226
0.29851828026
0.367195674659
0.417775641236
0.306567048281
0.276392562986
0.298098502613
0.281481192392
0.326376530184
0.27920989778
0.423613068553
0.235457312079
0.448783779259
0.525425891038
0.319192770747
0.33355424459
0.359063791503
0.332813934416
0.319320476056
0.238664229847
0.220219962637
0.571582159473
0.22762169096
0.268478465491
0.517977897818
0.247120353103
0.24445799365
0.200819719424
0.214436471711
0.249495348949
0.274247712165
0.448819666737
0.260476827358
0.334791908959
0.310595542107
0.416700880578
0.316936271703
0.447541338819
0.20008953053
0.283965010892
0.503200573725
0.304113024325
0.29953940156
0.339383417237
0.341045067433
0.441940789873
0.229045638488
0.290288837981
0.484527171578
0.33353098551
0.26925973647
0.478225573412
0.24959210862
0.268214107742
0.409190517531
0.239439419809
0.507088822267
0.188128903413
0.242889415519
0.226180095457
0.531221475646
0.237217792314
0.349062837355
0.518708667791
0.343607746342
0.264225003969
0.295213908114
0.305441410808
0.309692299253
0.329937442612
0.271957817854
0.360024636019
0.324585417681
0.333328061081
0.254445089488
0.270880471521
0.349348368137
0.175212244238
0.476223553452
0.378511287778
0.407376540967
0.279179956792
0.267336707064
0.308143687143
0.329303954786
0.300755872793
0.283597678467
0.296914459087
0.316445384225
0.257871899865
0.325751926858
0.298096451201
0.171719375077
0.351336248208
0.180305881458
0.194948086985
0.470641137302
0.309432986015
0.397568088197
0.303882940828
0.218562665974
0.541619741518
0.360087474265
0.388384972838
0.499264754001
0.232973118568
0.377258278074
0.297166551699
0.273891249728
0.305212965386
0.378247800447
0.290169254187
0.512632765516
0.293478009926
0.423209747796
0.485637976639
0.290932614848
0.27638181301
0.501746076337
0.320998269411
0.306424783985
0.42925559164
0.388580513494
0.30981977989
0.372671237609
0.280786524544
0.275151125287
0.484659685477
0.39865767428
0.263349856062
0.252375184545
0.364679837451
0.31048430008
0.302686654887
0.26396312005
0.294779768188
0.328910231425
0.172355484652
0.313227078007
0.299275724397
0.330517297636
0.324010712064
0.287998881916
0.425064980894
0.400616929042
0.274784753448
0.211874184775
0.282922287515
0.268327057175
0.246547637638
0.266139163037
0.244738590414
0.295354633301
0.261635920019
0.411109093795
0.332170456917
0.280086740023
0.346719641397
0.374090751348
0.264431848857
0.255618337478
0.287663122547
0.345452194271
0.227264852517
0.236859648242
0.392283238401
0.318198088238
0.359243974541
0.311285994105
0.291352189476
0.323614873007
0.309014222016
0.254320977779
0.325558480743
0.292181263284
0.367491196596
0.216544158558
0.295872059221
0.291434448674
0.351283842424
0.298069579103
0.246332224344
0.253248843325
0.339554330408
0.232211375362
0.395277615214
0.31111564035
0.316895399724
0.282844730869
0.270670569627
0.332757377756
0.318155880556
0.249206628177
0.270015182551
0.283800179713
0.380400625945
0.304604043622
0.345508747413
0.375850222987
0.321382860538
0.353806216601
0.407421643896
0.289357221371
0.326454340879
0.327879736015
0.3987052699
0.340304909468
0.247624320372
0.331674441491
0.335816467315
0.358648442986
0.362244096686
0.338826750403
0.289731734459
0.317461746636
0.36409823992
0.396087322212
0.265015904302
0.257805967834
0.298556939749
0.441042133104
0.341865333044
0.328034082993
0.310614717056
0.326841128389
0.319798419445
0.358390156222
0.308855818808
0.295582359601
0.390675229599
0.306319900997
0.263172549632
0.383111864905
0.339299114844
0.452240384281
0.308555429428
0.30147777716
0.255709863239
0.311709709954
0.270612274813
0.403405108089
0.289221461075
0.362551088238
0.411157796517
0.228494159052
0.288721043687
0.333214349643
0.286842677183
0.33504616355
0.248923332483
0.381007897709
0.227888387933
0.237563651569
0.226204984887
0.37660203221
0.372735512787
0.334119172792
0.221386776792
0.260062565441
0.332945836178
0.348734438803
0.25244810424
0.325560578075
0.293559817244
0.338678089543
0.288754221275
0.320150917609
0.21186656193
0.251431384941
0.378292794262
0.283069467695
0.309009549141
0.311425130443
0.254272155786
0.27591915495
0.191342181279
0.183068534131
0.322257989153
0.33644664818
0.270666968416
0.338076406131
0.241437281035
0.343409595983
0.28524655478
0.250323043491
0.309475842063
0.231103102693
0.301358963473
0.266814387463
0.312717657424
0.273786529915
0.29917144674
0.327040566368
0.404635818005
0.302493073875
0.280840812628
0.264386284661
0.220562152848
0.388604631752
0.381037716057
0.308271481493
0.382118093248
0.308994084071
0.177490326804
0.327256990825
0.299038542913
0.303665407954
0.352486970647
0.223391860244
0.258837068032
0.394526457025
0.345217422039
0.192566251478
0.423707006422
0.316909291739
0.317233729778
0.238481370476
0.299552520451
0.306183883703
0.388611883521
0.290000417123
0.351721323912
0.270456222367
0.31272472887
0.225833823343
0.244148925222
0.311809620955
0.236651164274
0.29442800436
0.256981065845
0.269077278552
0.219837947348
0.315994828773
0.402519049772
0.35461061484
0.291507851548
0.458191429904
0.226415638478
0.267841558144
0.366122818844
0.269443787759
0.386115825508
0.23202783373
0.258727301336
0.218515610774
0.446913899273
0.341678729587
0.273123121058
0.467809916318
0.216213621586
0.295533301394
0.278162238065
0.458489609862
0.22400007443
0.310583489338
0.301005243415
0.221460218971
0.145254398495
0.265488134094
0.268687274063
0.498027121248
0.261017190031
0.179250788735
0.459611155233
0.352422649278
0.191938698043
0.349808572021
0.261619077406
0.289322124792
0.459274684907
0.338722830072
0.237111912806
0.315871844645
0.289801375314
0.356226624968
0.385446374658
0.322776352291
0.456015216209
0.247390194869
0.468866779328
0.367648722
0.277966433518
0.486890374086
0.305226075929
0.249406523346
0.342923659747
0.48105129221
0.204323692738
0.329556569455
0.387307583452
0.33389337934
0.263073279021
0.320023948404
0.446289295209
0.462048572556
0.306908877424
0.353649014458
0.363799464798
0.474912840729
0.219164249703
0.306566315195
0.286350027203
0.438898913563
0.52341947322
0.37671894159
0.50056497017
0.423028404486
0.429638702363
0.276837782026
0.313723182715
0.217296991404
0.505668426634
0.281234287615
0.242812886495
0.461425302036
0.531244228173
0.207707703141
0.294224840209
0.303474146462
0.291185814634
0.238759847303
0.339633219312
0.253355227799
0.444720321244
0.395781848216
0.220078334421
0.200244164492
0.355560525648
0.505059277481
0.262991130692
0.347476707124
0.345214919447
0.284393567931
0.455331127346
0.547682858366
0.230289599873
0.323671996137
0.479866326684
0.324494295429
0.467052840397
0.243233558752
0.258176113321
0.228572614377
0.216483641449
0.235068078129
0.24047493381
0.513993939514
0.354964037027
0.320556048567
0.365006348044
0.413270338274
0.345112950008
0.603227397813
0.333205228617
0.324135817261
0.310328728909
0.568460004686
0.325207775656
0.235348610505
0.345330120122
0.283147521218
0.245363781252
0.164165133034
0.3455063508
0.310515600024
0.256932309699
0.363284111345
0.274135514158
0.357754989073
0.329264514036
0.292602047044
0.421204325156
0.288223366568
0.304631805352
0.267585545987
0.246464744783
0.29831696166
0.353573431098
0.287633835667
0.345428590455
0.281137587017
0.375174088185
0.26804650311
0.312593774137
0.278639572725
0.239105471123
0.177096532357
0.347484838351
0.331782043753
0.377006620817
0.213283675665
0.291230416888
0.355860634504
0.326438318672
0.359773182566
0.332106062766
0.293129261207
0.232514791029
0.306217560351
0.35836717406
0.279408404609
0.266073808725
0.246671696858
0.331565549674
0.260976037344
0.305786922701
0.33381453172
0.287797179263
0.291723069382
0.262097024238
0.364264432186
0.289734465454
0.325422996922
0.367692081301
0.304966013634
0.311657271535
0.391390865696
0.282669971376
0.281493811307
0.249011065663
0.253364695478
0.437204980823
0.297816121128
0.36399330761
0.387451193334
0.277665975111
0.419366911768
0.262979274171
0.287874849433
0.312206590076
0.288529993537
0.389994033653
0.289244075394
0.31634448429
0.262018487867
0.24244979037
0.313018199664
0.3532449577
0.322453711631
0.245335733733
0.296111844547
0.294635608535
0.351799036053
0.30197951186
0.350487666489
0.333957220942
0.274138480368
0.385916641641
0.175123487759
0.270707735838
0.224475722088
0.42872309135
0.340017675723
0.294069634178
0.347733417403
0.32078705293
0.398459639137
0.312436228344
0.327290133433
0.339345235331
0.274483559315
0.339190135188
0.328465026364
0.394404396262
0.40683019083
0.365490655297
0.30736568173
0.265772732564
0.230585271118
0.26693955352
0.249335902098
0.26927987941
0.305662864174
0.329653898779
0.203340395995
0.306138962522
0.300585918976
0.239100109119
0.291684683229
0.183270291203
0.222854119343
0.360056416639
0.260803802855
0.272998994111
0.218744316782
0.308031687189
0.247054239133
0.402219476899
0.197631769325
0.314126843088
0.354515887498
0.27315518569
0.512412566236
0.17972242114
0.23770736393
0.165169739495
0.364108749851
0.267973560774
0.278665608352
0.297360659433
0.282540406023
0.257252167666
0.369441175779
0.288213845544
0.299841794369
0.330492959121
0.341262384511
0.305029230991
0.254993940787
0.206985039307
0.51115953617
0.241183875337
0.356853452275
0.303512523122
0.24480207801
0.333023928072
0.407965552009
0.26757783187
0.372422109926
0.211357886372
0.261822925138
0.534804966797
0.494671251172
0.208994698967
0.233086645654
0.254583376312
0.23716313285
0.453517148081
0.248076074243
0.248848946516
0.506805686155
0.296741800514
0.201510060529
0.258183444822
0.183165628392
0.504423981458
0.196873115435
0.207978864669
0.508476933167
0.508398696772
0.279906852917
0.193506418076
0.444190250743
0.492552618239
0.275389349425
0.282305059281
0.356910603107
0.490897189342
0.288852087319
0.282126947758
0.318610814445
0.507375704792
0.273002018566
0.213665164302
0.333684132791
0.500182230577
0.282931981825
0.421098056847
0.426109206505
0.578335169632
0.335642406447
0.313448799185
0.331262443497
0.5320661968
0.201380744247
0.288765477108
0.39647265203
0.545448708975
0.237956743089
0.269443174845
0.332121848568
0.24116731825
0.313568244098
0.259026176294
0.51014133992
0.51655938089
0.437454497953
0.214261033481
0.26636419269
0.281816262654
0.323065085122
0.355562371353
0.225128324225
0.570797601191
0.257483266905
0.258570902306
0.339215774374
0.459223947662
0.548218846979
0.256463087916
0.278180308717
0.15227010418
0.518065796586
0.288625338549
0.314101027061
0.288895103981
0.456165294114
0.27818758615
0.338406908181
0.445097112425
0.55996354007
0.313451464849
0.244956742385
0.305619582736
0.505272899682
0.299687360531
0.221483495477
0.417749539192
0.477304130721
0.378885464534
0.234257028189
0.248913004215
0.234798971617
0.23339620394
0.382541079909
0.282871689786
0.491295643255
0.273971875447
0.215400959836
0.235120696685
0.309738759708
0.404097366496
0.272751339597
0.437182141788
0.273577650257
0.243322841658
0.304528228973
0.278324502553
0.385057350134
0.353821324739
0.407636508684
0.35247109382
0.349148086864
0.248913915046
0.316590888485
0.272269312119
0.465216579709
0.39544746999
0.383204825776
0.351933097095
0.27083491262
0.284312861947
0.290088310038
0.455845984963
0.31635710684
0.350583459817
0.384680880529
0.316973488775
0.417706029991
0.455245278262
0.210507427402
0.301590652794
0.274393797581
0.385271849504
0.342655818012
0.328211723826
0.292694561873
0.249116038582
0.225776827924
0.253668631439
0.278200604818
0.230674529052
0.442509859506
0.259956032033
0.463777455147
0.383802857122
0.315952935367
0.380671364521
0.306425304697
0.312726110275
0.351133187196
0.263580121919
0.215357901035
0.335757571405
0.246357857293
0.299123137476
0.311854406974
0.30331599389
0.281955299395
0.339060649005
0.343286605999
0.286101505034
0.234891285303
0.361094348361
0.326207925507
0.500163801155
0.365274598131
0.255855101148
0.236927788139
0.256680877691
0.246743298864
0.455058936695
0.188328437892
0.231300747306
0.399159047628
0.349421577321
0.213228540782
0.232486832656
0.349401328424
0.43413856627
0.414875563147
0.326222707267
0.390353648571
0.195167085066
0.360286093144
0.209470552385
0.296927012441
0.417280163482
0.288622039982
0.196745646338
0.312128518875
0.397939489037
0.292534363484
0.294623052646
0.274926686599
0.231929225377
0.173109589173
0.234807900944
0.389592710299
0.375572450958
0.397251217591
0.311801153377
0.348519945105
0.390838171675
0.249124204349
0.359359541427
0.26871075615
0.407951459929
0.357990849968
0.374538507074
0.373104423026
0.307299342459
0.256487946523
0.423031019243
0.362162752479
0.316126288123
0.287662177643
0.279711595577
0.264794838697
0.273281353728
0.316406176417
0.332628281657
0.274228569575
0.270119033585
0.220220026826
0.356888834831
0.292252630222
0.376627445947
0.261114981041
0.186026675617
0.279622505728
0.331540833356
0.274158520487
0.306423773798
0.261986187844
0.235726341629
0.213336943256
0.303195424841
0.337207784021
0.263657749125
0.242564522151
0.200224122956
0.254740893427
0.327634871872
0.289880542241
0.261630520876
0.344182745097
0.28008203953
0.31960960102
0.322961071616
0.369283786799
0.344722656953
0.358217284303
0.286134393059
0.253271474603
0.361297209294
0.243139163123
0.27884711082
0.326777599214
0.243321095103
0.335216731095
0.21428916355
0.323568312885
0.256638754836
0.315812186942
0.164103200977
0.288188712276
0.28319298081
0.310702579421
0.309673794975
0.263933652613
0.22752617396
0.298825269221
0.342194731414
0.32259963105
0.278908024381
0.286313717608
0.24520104367
0.288985445303
0.16314644236
0.293060302232
0.287971124336
0.256187531623
0.298114016806
0.237648778765
0.3050722484
0.253817794627
0.227588950238
0.218982997797
0.314356349962
0.237783614229
0.361469133074
0.3209267105
0.36881496276
0.306605413115
0.254533086987
0.425545130647
0.397975905829
0.387674046784
0.220886575591
0.1820410371
0.285931548235
0.262255106192
0.329068566443
0.235581499604
0.375871633501
0.270810293081
0.282911473415
0.239118853377
0.252639882003
0.347700972755
0.324760040702
0.336263559366
0.232146071976
0.26591629791
0.225305413718
0.237825276908
0.270811460968
0.344461345808
0.245635139791
0.30253827512
0.283587357482
0.340963425595
0.354557123286
0.2421607617
0.312508900055
0.279830540662
0.347873665953
0.396494319058
0.217841483285
0.357650070486
0.243720121781
0.44139051341
0.265690576886
0.241470373994
0.268185019053
0.398619133459
0.450095599622
0.290320754223
0.295224860602
0.352450661046
0.215316927953
0.432412084888
0.279334533429
0.272749184906
0.201173676074
0.249165400243
0.209201141407
0.355384439652
0.309923346013
0.405289981741
0.336800939588
0.332311635008
0.398636753226
0.264202162801
0.348563033819
0.330248809776
0.240749619684
0.215875993901
0.234388533968
0.424505234312
0.290919838053
0.272115061151
0.296039240543
0.256132734123
0.248020916898
0.288890929152
0.222363336025
0.309771449499
0.432985268181
0.28144904444
0.218834618528
0.313796473791
0.335065926124
0.283686496038
0.313303806293
0.265653124754
0.268377506376
0.310529117041
0.31692208774
0.320695415676
0.395630234133
0.314243175747
0.297893512555
0.274439121488
0.345329047484
0.231263696725
0.358891608033
0.272586073535
0.318251110523
0.338167744858
0.272538186012
0.390516645106
0.327923137682
0.354020038693
0.180715158891
0.393214471304
0.345980987905
0.368372319021
0.334100340808
0.187480038909
0.286586249973
0.246562282774
0.243474735939
0.361566920259
0.384549894684
0.292630495078
0.23249906308
0.296643769794
0.40058202229
0.304901362752
0.277455584674
0.360830264242
0.384691022463
0.243495257471
0.291025596102
0.237875926163
0.353436710845
0.297235407911
0.242909463466
0.326329602136
0.317938563546
0.269403493535
0.309228742487
0.299600930099
0.323645621783
0.256363310862
0.304478760192
0.275526856525
0.315697329033
0.372836313776
0.18751075546
0.221131995997
0.38945774295
0.289391836359
0.357834737778
0.390510975842
0.292195660161
0.262190221713
0.238158865434
0.226910671842
0.331757209367
0.251326425567
0.313854985396
0.228395298051
0.270836770465
0.266374760068
0.277542498212
0.267988513122
0.372436376869
0.332368197255
0.320046429452
0.322040033595
0.32263162496
0.351948727018
0.237643755028
0.403992118397
0.277310853266
0.287789895697
0.354197074421
0.302782991132
0.317864334029
0.275728765516
0.293846304457
0.256211855282
0.357553628433
0.221411672264
0.297318466769
0.331235688455
0.321886360017
0.304003600409
0.304605233141
0.245175105115
0.390133239098
0.277773757503
0.210377684422
0.209259631275
0.325751889145
0.297931662152
0.28417304308
0.260288913427
0.261968911643
0.349163900046
0.439700068117
0.3622987071
0.270213493053
0.287918806924
0.349443812605
0.306792576843
0.32539194382
0.238004588338
0.392759999413
0.319159992863
0.301631075026
0.267467584637
0.254089996198
0.260813902555
0.172179795781
0.213752557798
0.19735307007
0.307435920517
0.245190082722
0.327483230852
0.233980660422
0.296310469295
0.331920419857
0.24804588771
0.286913923413
0.273416182869
0.27586637918
0.28741791121
0.249391161869
0.289076085209
0.32458216352
0.312446172275
0.282926163096
0.338663194544
0.210719461426
0.270144729027
0.322984899083
0.352567336094
0.36079921457
0.402066499154
0.244388500429
0.322588316894
0.285287687644
0.284383866354
0.363463608394
0.292518333626
0.379960819537
0.271765673272
0.298193765449
0.307094082562
0.238347489547
0.338424349109
0.299987827461
0.289993926722
0.256846840038
0.275642255347
0.314623330896
0.307726071246
0.227699919708
0.229760615143
0.333272899645
0.389203662915
0.252702388737
0.355896268967
0.401570595091
0.317674843174
0.295258848336
0.336854758382
0.319952770366
0.277062052457
0.231326753753
0.318145017167
0.174782996966
0.316674487725
0.408736843676
0.285048526044
0.304217095446
0.296682546229
0.318344446834
0.274038834779
0.294716624675
0.219165732405
0.278817479691
0.248277081507
0.252657390836
0.241966387075
0.289158658686
0.344100151789
0.371191262731
0.277309089378
0.283946102654
0.362933341893
0.340860061727
0.382296389417
0.379084293994
0.199453142559
0.37702572419
0.36643581707
0.250924412114
0.212991107767
0.266717472611
0.330654711177
0.371811771631
0.372369861826
0.306432653646
0.396148794461
0.34850408426
0.286821649741
0.38246315687
0.223438641118
0.270475964973
0.228975929127
0.355088475495
0.304490071962
0.289417438803
0.211218058138
0.503949034343
0.283879562354
0.262911586105
0.366410229707
0.285241597705
0.361152153439
0.28810520165
0.305899315351
0.254457132456
0.260707981935
0.305454861779
0.371224465178
0.232318479511
0.325284013566
0.267705359935
0.403279795744
0.253767000188
0.39277917197
0.333801398919
0.332299241899
0.288263506591
0.340006850925
0.165677534838
0.242604241694
0.337604980712
0.219693846554
0.265730695307
0.263794145098
0.294329919982
0.363115498755
0.38150779798
0.316712048815
0.295384496217
0.470685490864
0.329695265184
0.312306761561
0.365823813045
0.295651248479
0.266325430747
0.237381742954
0.277780254591
0.379434956804
0.154305826524
0.241744174743
0.182429328433
0.344965791704
0.422102309199
0.261307777252
0.212433261621
0.30448871564
0.366315861445
0.272048160993
0.221590041946
0.213751959182
0.386858009562
0.324316322749
0.321613690194
0.304638896401
0.30454323397
0.247601473663
0.266521490893
0.208585064896
0.349415419785
0.312436169618
0.303899658279
0.285357357604
0.353054583505
0.319695145485
0.200501314583
0.231443634977
0.198155184104
0.275711778228
0.225421953398
0.319255771638
0.245556444707
0.278047516757
0.175277321028
0.281837785838
0.305521316609
0.305625237332
0.206080489046
0.264658613297
0.334558467608
0.343911310385
0.321932063728
0.303568400035
0.280222575714
0.33236396947
0.35180435415
0.451301224913
0.224180853614
0.290883212386
0.253704065777
0.228237506663
0.229840459171
0.353457293466
0.341392508379
0.239748261325
0.286641479658
0.366654388013
0.251339448681
0.26216213601
0.25308681228
0.325386154233
0.393641946918
0.246291171536
0.327299954588
0.261842599324
0.312477116903
0.304691420222
0.245286998911
0.330963277131
0.291371902409
0.30002702261
0.294711174685
0.277230103508
0.370610276384
0.226994499394
0.24757437922
0.327373603808
0.28579449416
0.30386893704
0.285453061005
0.315180472245
0.309626925614
0.297382706582
0.210447135138
0.318412376573
0.390992300808
0.209801791342
0.230613796414
0.258258241936
0.333589492224
0.336194125065
0.290905172201
0.213888108611
0.301357259331
0.294835391358
0.344657625796
0.189136161805
0.272010704372
0.331575231426
0.310077277682
0.313687020039
0.396901241592
0.227250112608
0.335165576721
0.309531098965
0.301604250161
0.333086861732
0.338248772399
0.262722477056
0.283808541321
0.283125332085
0.338986834938
0.324924570055
0.332945668194
0.350766258914
0.274660860569
0.233124307809
0.329883126764
0.27671797453
0.424341128065
0.369530872642
0.311851988048
0.386381284009
0.283666416197
0.361675439909
0.265832570784
0.234373253285
0.240497346555
0.202508984868
0.382060018882
0.385410439701
0.28009951462
0.403484031622
0.257288529447
0.415414360388
0.35505468388
0.312342527839
0.447792430156
0.25373708596
0.32903773082
0.292867631815
0.31307095993
0.224919605846
0.344131573852
0.321879486392
0.282072131685
0.30699655318
0.316702029764
0.38364928637
0.350976992583
0.296051400837
0.282402427282
0.28895744609
0.217317520653
0.279684825762
0.388733483993
0.434121125649
0.243175187647
0.36288171128
0.209408079017
0.428548966715
0.490887729423
0.347451161157
0.299488912106
0.351514113282
0.253734265946
0.259074958711
0.328265348945
0.344284569121
0.350339923059
0.238634045062
0.367925245713
0.302069404157
0.18208094009
0.321284698288
0.385590084206
0.253165824755
0.169473486842
0.319513664069
0.19023786935
0.302604678802
0.339513927981
0.32256264233
0.356701980141
0.300853610442
0.36357723724
0.34423894893
0.234177273053
0.380764544182
0.357248040343
0.326512569343
0.276289804678
0.228193467668
0.266495701602
0.430822601797
0.339255110479
0.328363336336
0.27360962758
0.313459020471
0.297713076635
0.368964915354
0.377139281194
0.342654520432
0.468379923381
0.268752205452
0.233864494995
0.293821597753
0.31606780419
0.352216173985
0.409319281675
0.432668768705
0.345353919078
0.220237815954
0.293954989148
0.381760415519
0.285983016495
0.320233972273
0.205349306888
0.40089600951
0.370891281565
0.519601456378
0.290164802552
0.313554080827
0.339536364102
0.40190458979
0.240788757811
0.311564079426
0.339503954107
0.190774157048
0.447226790081
0.189582489505
0.334447080037
0.345013099605
0.326655667562
0.262724192263
0.286149317404
0.279588636907
0.420317112986
0.241308747248
0.341024715791
0.218080031472
0.384179492079
0.302987828829
0.238181021988
0.27878185018
0.337542366087
0.273687915681
0.271645172993
0.20945511862
0.265193444175
0.340320657248
0.261543789531
0.264031627916
0.463581676879
0.304983524758
0.376070542266
0.276539404503
0.290012985197
0.234046219237
0.314982252796
0.364985430119
0.306141502152
0.215570903937
0.287823637839
0.319054729814
0.383873654997
0.240332066424
0.291716024218
0.205635339972
0.261656222164
0.318707597045
0.269199427071
0.248553787577
0.299996447166
0.321515516422
0.251978875275
0.35931186513
0.31860120997
0.221024856491
0.339056172563
0.249444726423
0.248477677577
0.446819506959
0.389147626863
0.364524474917
0.350363006157
0.347175893449
0.269580476488
0.181926965862
0.232874105296
0.266304559564
0.206962800035
0.321851794614
0.303083218008
0.317497087107
0.256882341924
0.320630707715
0.339067547657
0.217536947585
0.257067179379
0.368320201123
0.310148312162
0.268582149415
0.255078480577
0.313491813865
0.33146593988
0.25390573152
0.390995606727
0.261256903305
0.336997562339
0.231037778624
0.250758623861
0.297059136854
0.221969811423
0.399484785689
0.332521357257
0.347644333168
0.393419311294
0.256875462477
0.278213444942
0.271315764513
0.411680895516
0.295778231773
0.267145651811
0.349058871632
0.225639867269
0.377914131974
0.369987432311
0.364031778828
0.377553632766
0.274110425891
0.26314640788
0.355463616664
0.423611101066
0.253368121181
0.383352253314
0.28781013534
0.456561823108
0.368157527524
0.294329088285
0.253820832358
0.32600569775
0.293325749022
0.381027662783
0.227103370705
0.299695499671
0.321094718392
0.363986507143
0.361854157984
0.365940636832
0.273365174977
0.363379392144
0.27720896517
0.310864076038
0.241676688826
0.351439993029
0.301134185232
0.259490136922
0.315407420667
0.294943356061
0.274610329394
0.264138193139
0.291511130807
0.303167190403
0.39881229917
0.293240922546
0.346334712749
0.258463040386
0.275228784332
0.319737938957
0.384785387128
0.27973177176
0.370191141486
0.401229386603
0.316749406953
0.30404975014
0.207839171503
0.289001683765
0.350237414209
0.2630644256
0.296225309841
0.321491358102
0.324642726128
0.323022593359
0.24582442297
0.16603532056
0.336486351978
0.282921709281
0.361864399479
0.202952182304
0.3241031915
0.267259130005
0.40242574373
0.308897309604
0.268639660055
0.321426535898
0.249817934371
0.265502508411
0.303974468238
0.310974846258
0.33391652752
0.384637784944
0.31365768506
0.350324308325
0.420516254617
0.275541652844
0.256137166105
0.315465256783
0.313517580751
0.213013796527
0.273090643484
0.280736061944
0.292868679672
0.301895727371
0.309171584144
0.308877909004
0.299691249344
0.298506434051
0.375148084303
0.25583219154
0.327794290531
0.292402697808
0.375510092132
0.373195357367
0.262883488041
0.236055000809
0.367595729248
0.317667722874
0.238206632552
0.370466376357
0.364452601213
0.297623245457
0.337432646188
0.267894816515
0.297521973529
0.389639044848
0.316387410257
0.306105774389
0.257416004772
0.244837008922
0.300575988422
0.333939814568
0.249885457317
0.38488450846
0.279762964994
0.285599410876
0.202386304947
0.216529019771
0.281214096539
0.427342063902
0.369681153818
0.369370956079
0.379272918167
0.230640446954
0.280524652042
0.381689239494
0.322381553499
0.384524251368
0.415942155398
0.19925232146
0.405462036798
0.363826200651
0.250550184271
0.367121642494
0.402697847517
0.337385563047
0.272041393444
0.255082536667
0.293389573079
0.24990797616
0.35676951467
0.306965901468
0.360192717295
0.278785681481
0.231553421778
0.306037396368
0.309238078866
0.263821646029
0.280955268583
0.315394949169
0.268913845643
0.368238172564
0.271245472191
0.264396780099
0.332932049737
0.339452208468
0.364415760043
0.322381795982
0.243385461295
0.357685844849
0.259360851164
0.272157447362
0.31718063749
0.323615889539
0.307631234657
0.422671640974
0.408897986907
0.189799328963
0.333744977383
0.278588614968
0.2052008749
0.311394818406
0.362427671604
0.357020395744
0.201521290814
0.302368803981
0.255250028875
0.278720710032
0.267297691258
0.272476754518
0.3477061432
0.341883945881
0.346297558823
0.340610077772
0.278251150582
0.36443886473
0.267600035208
0.305193862497
0.24123693759
0.298806749219
0.323538500797
0.306707011159
0.280190081129
0.344156158864
0.370707987008
0.346032336101
0.318552627833
0.4322230924
0.27760589802
0.337537289358
0.288221184547
0.303550905197
0.181690717729
0.28624945518
0.280284929474
0.350306469564
0.205748059733
0.282114683641
0.358477406559
0.320199672926
0.187255940297
0.296302682294
0.189952005597
0.217995718846
0.276185605802
0.345150607155
0.360929408056
0.21318748488
0.267747254945
0.326442313649
0.310740287876
0.298881643398
0.330465606895
0.31161322781
0.301679359634
0.247823327333
0.334877493247
0.286522502408
0.232846239555
0.294748657714
0.231654348623
0.287447633292
0.197711542267
0.292171281647
0.244345502424
0.246896437532
0.303921795376
0.23615226198
0.329096064297
0.316689086603
0.265624204756
0.178059989262
0.315299167493
0.351308808463
0.30225062781
0.341274842433
0.308229185131
0.281736632501
0.34696064727
0.218381839797
0.279588316366
0.306429985845
0.225725354782
0.298724590045
0.365589242906
0.308237187943
0.356948367237
0.255673911144
0.272123556954
0.278232829112
0.257003960898
0.224898022157
0.257232305767
0.299354998048
0.306558921723
0.336545289079
0.321723383444
0.3429207946
0.392918502699
0.300449166433
0.267910612043
0.270505147314
0.236961435276
0.341803983082
0.288165492987
0.259235229195
0.270394670354
0.321385585748
0.188582003265
0.269721363279
0.249792798787
0.338422080723
0.290056807089
0.263925060311
0.286852699206
0.288755619205
0.231156645525
0.384374759101
0.207564993863
0.31207392787
0.455215614892
0.343811314046
0.266927767647
0.203521860009
0.294911296113
0.296556850016
0.317627030108
0.256062331233
0.201829985198
0.302167016561
0.239854214849
0.390486910319
0.330560024349
0.333563259162
0.31154857826
0.367677532037
0.203925852172
0.295282552191
0.290003084683
0.254789678513
0.378856223069
0.303887809595
0.250482445611
0.228517673417
0.271678926411
0.253251531751
0.284667624264
0.323079854975
0.258161412205
0.287119936264
0.191951995883
0.20541063587
0.272768666109
0.322030820064
0.270610974456
0.243431363414
0.255716227868
0.359054507765
0.297160573831
0.355873685894
0.305306991304
0.34832121591
0.383776124814
0.343822963372
0.28682379877
0.279589900787
0.267476640535
0.291193557925
0.310682767548
0.289818797015
0.300874576689
0.324636896111
0.259440035513
0.305333830042
0.305245174399
0.27127572605
0.223000669478
0.30667408176
0.18694543382
0.301637129871
0.346769811407
0.292279405608
0.25742506928
0.324954887919
0.264830343403
0.225677141541
0.283852158725
0.304545606651
0.287251185994
0.291495163974
0.360775448695
0.170803363366
0.266524973585
0.302763829728
0.284803188966
0.304021140003
0.272531703929
0.282231408799
0.307107139467
0.232289913275
0.351073860663
0.297894402301
0.25040537594
0.388290564642
0.331000334572
0.375776149153
0.370475293815
0.272725862427
0.360006277633
0.286719444986
0.259090704091
0.234299467418
0.305115197207
0.322191228465
0.357361580632
0.310425553211
0.229993360505
0.308218837207
0.334898785002
0.329780509356
0.301154962593
0.246888635587
0.260768355598
0.257739757187
0.180683294218
0.282278067589
0.30135276226
0.296722354603
0.349239921368
0.292754813977
0.271275799849
0.230128695916
0.33562004404
0.274292321343
0.386228406393
0.389943407872
0.311387322339
0.376295854701
0.264998414693
0.367125836642
0.276994488243
0.406849436568
0.240736645346
0.249124301722
0.228042199555
0.23483237052
0.22655259961
0.266139416755
0.250876484419
0.218779703152
0.258019528384
0.298308108761
0.255207086312
0.345451571025
0.226707638439
0.375890039865
0.27422836618
0.264199135743
0.411682653033
0.283312834433
0.247609957904
0.473153139358
0.189511943687
0.393202598797
0.330378995652
0.34294428247
0.304779007449
0.345980193819
0.387808673332
0.197309551981
0.342614880043
0.146143034311
0.315872292516
0.241520593939
0.296116172237
0.216309624278
0.209540082052
0.299738459445
0.338849621068
0.342139052532
0.292001254617
0.232532077205
0.330619960084
0.274911065896
0.366850045997
0.290321811858
0.272772988631
0.340659150229
0.285652450165
0.257528122665
0.289933128778
0.208701772602
0.283709630566
0.33121758303
0.304406307662
0.258024227625
0.269167477385
0.267122722049
0.406966268862
0.257712484401
0.359875441917
0.363082949665
0.246171882362
0.292977964557
0.357133411565
0.287108186534
0.291903292339
0.359841263347
0.256095652601
0.308405096695
0.358490835614
0.299919956221
0.278116347311
0.307610735973
0.415702080752
0.308042643072
0.247985172234
0.310132351223
0.271655796276
0.291480530663
0.421332773085
0.39612951932
0.363469254416
0.251251175412
0.353217515526
0.386691673562
0.307613715795
0.268351929269
0.327394258339
0.445439450542
0.307007886733
0.296028478116
0.223185538232
0.20789540514
0.3810150869
0.277582837954
0.25436464731
0.230450303403
0.242839436916
0.235932690535
0.312003113558
0.282801138667
0.306133779232
0.273265962461
0.307671174335
0.272646090012
0.280851880921
0.251830376867
0.280748305829
0.284845190198
0.282404201169
0.355743418199
0.219097989634
0.254626679061
0.293616842902
0.289338544244
0.220837883044
0.199074852601
0.351674275887
0.293316219874
0.236860311937
0.357751592135
0.337999277258
0.250202196236
0.293472133353
0.27262628318
0.338505903811
0.249960277351
0.305622473625
0.277395490953
0.317413841582
0.318954369277
0.273082901194
0.33063375858
0.315301700121
0.340767313955
0.260059789411
0.293645397364
0.435165422443
0.262814986997
0.224898725135
0.319116802071
0.313963610044
0.288715549652
0.228623726007
0.274406460164
0.278240942234
0.447274666387
0.23878966489
0.275732908833
0.284594698146
0.180557535299
0.415363748979
0.244455519234
0.307453272867
0.35770220075
0.319852481108
0.362204263034
0.279399967112
0.302008386156
0.3006184023
0.37692955447
0.286659005397
0.261150899566
0.317591491181
0.296252919431
0.293187366056
0.355065710151
0.215275536678
0.3165346424
0.244871573521
0.258309189156
0.263182978642
0.384264639823
0.267835054017
0.274357969168
0.287344764345
0.219314685975
0.281583442783
0.337459714911
0.240925797503
0.293322199417
0.291685786292
0.237298261894
0.323953062124
0.280072351897
0.365640735919
0.311016759026
0.297146755725
0.282012507215
0.271282065756
0.349283312815
0.333690683231
0.351166441809
0.296201932097
0.240840004976
0.278022552461
0.283277987122
0.312385349949
0.309567369058
0.37669235261
0.235199856744
0.287748099587
0.413205687221
0.288868563612
0.245864604362
0.396742682023
0.238794531196
0.249786236881
0.311041382401
0.275870043749
0.310778549524
0.322946684007
0.265479810222
0.313747036249
0.304951234885
0.285811334734
0.290696374284
0.288618958301
0.269680360624
0.247043991771
0.360429553263
0.363074069332
0.293078116712
0.253224298081
0.347655069934
0.284599670766
0.201573301675
0.27313334608
0.364637924353
0.3352852823
0.333561155225
0.33308199276
0.275965610456
0.330423301258
0.284017984209
0.295198455801
0.282907929732
0.30184795395
0.380153486381
0.359395744167
0.357575452511
0.328325916341
0.255385918239
0.223069001574
0.219372841068
0.21629004163
0.276721585596
0.28620441964
0.265523864869
0.286000149284
0.240809054504
0.367959617084
0.382568703386
0.318988204186
0.214627879619
0.304493557555
0.248324320445
0.268363357112
0.258992529508
0.300916474081
0.380439256944
0.290018145354
0.379692606264
0.299826765199
0.227365612239
0.291074767195
0.265495239661
0.204353719529
0.345399741808
0.360739610177
0.329119677625
0.249908908997
0.318434439918
0.303422207753
0.221140692189
0.327715372954
0.264018714238
0.317781470561
0.259360922647
0.329473496938
0.314584653072
0.262926629311
0.337730094037
0.246579395061
0.226190422928
0.291694024034
0.29252995896
0.286775184055
0.375642789082
0.330698970761
0.274718714824
0.33640296102
0.308726583994
0.228023291014
0.271845569599
0.370197149852
0.343500156419
0.215053627449
0.423836262446
0.307191968366
0.259845393684
0.344414644817
0.340310268775
0.376607510965
0.36651005776
0.345819143776
0.346700721497
0.273348696387
0.354780498661
0.320352140761
0.239819229835
0.254491039667
0.345789925039
0.399768845658
0.318381690311
0.374272437817
0.218149191894
0.345089701903
0.290977281164
0.350826985052
0.304739972863
0.292409114292
0.317012885596
0.297692391301
0.235526772067
0.360700320845
0.238729394145
0.30456199721
0.249673231168
0.289493470547
0.210243656868
0.299082421152
0.32874533233
0.398207336643
0.314694835819
0.240512345151
0.370289513337
0.285560619822
0.424061916813
0.229033369279
0.251144242857
0.238857865222
0.329952418286
0.294723744606
0.217070698826
0.274379388517
0.273251651277
0.297231491528
0.268334210633
0.278689802651
0.226506129149
0.194244582576
0.245514126254
0.351611949434
0.300509566973
0.25382588597
0.319795598635
0.308635226603
0.309872630623
0.28090154654
0.330512852996
0.308438143709
0.320967991271
0.416738404975
0.340770758169
0.298563891607
0.313295674061
0.331481278336
0.321665286231
0.341743017658
0.227765880429
0.195334917051
0.303466494072
0.246887333991
0.3445723777
0.218246203027
0.365266547359
0.258016737315
0.381892932729
0.252385024473
0.279617266079
0.255660365725
0.284674598343
0.299257915682
0.297365570578
0.211190659831
0.408464480153
0.290932650243
0.307709223036
0.275615080019
0.247639543766
0.374032567658
0.318433202842
0.283825497523
0.287202837769
0.191729517136
0.466121560207
0.288206798427
0.244177927146
0.334015166498
0.31841731202
0.221628570557
0.191164793203
0.375041799738
0.265411856322
0.387746281803
0.251572506524
0.174498452267
0.289786630125
0.379100105075
0.289742987713
0.257347817426
0.430132403629
0.273510916154
0.33458131655
0.337410112839
0.291715920679
0.340252401916
0.345146863557
0.300042034716
0.30292640436
0.328114802093
0.414350945919
0.333323290452
0.275450908313
0.31653298593
0.204386221659
0.323499031131
0.284921384495
0.310520817899
0.324490653201
0.356121511816
0.289821748354
0.286142151256
0.424198679006
0.309028988816
0.327605433758
0.357781419893
0.18705217341
0.220347085682
0.285657704369
0.332732142745
0.494622038528
0.339579129519
0.410570423224
0.348502932874
0.340777771311
0.311799792322
0.244286889326
0.322532508813
0.366338177462
0.291981967326
0.340969361529
0.383667470379
0.319141688402
0.322251481368
0.344063904174
0.32002416812
0.240735479078
0.17000867695
0.355855110217
0.362158515466
0.474345644969
0.264834669674
0.333520131957
0.332843791419
0.355983558
0.24999365041
0.270767958131
0.324082197671
0.311440935098
0.214715118943
0.300373159621
0.184715123777
0.37200869554
0.384429940506
0.290505060328
0.340838647707
0.368435952367
0.301729543252
0.346743689047
0.307720631036
0.215897698477
0.372567318163
0.253416848644
0.251432800694
0.328359529032
0.273872686734
0.312385115081
0.265795612434
0.309969003958
0.293508117082
0.204671336688
0.304252086608
0.259270545053
0.33815626369
0.254131923211
0.265511508269
0.315804719777
0.286490095409
0.333318987542
0.437491870649
0.249674588305
0.400942123255
0.38225544651
0.252584513738
0.323387714411
0.36733377251
0.399045711024
0.328797667458
0.29316895942
0.246785245781
0.27158243508
0.253931143014
0.250995667338
0.256504548452
0.362920466283
0.282953791152
0.391044361452
0.228796265032
0.396512108895
0.236573302737
0.266540384753
0.325544187452
0.289619366476
0.280427141766
0.261749108107
0.40410805077
0.368218790742
0.253454666396
0.274034910767
0.369611364556
0.250334585164
0.307775759357
0.260709409533
0.386652865149
0.323006597238
0.33135489704
0.250929144405
0.27172390371
0.237253415306
0.242773429258
0.290591651103
0.385599681759
0.384820939127
0.329459722713
0.368628937402
0.359525725193
0.411583993599
0.285906907035
0.31451254628
0.297727697981
0.280654373347
0.394190820239
0.329865746915
0.371833512464
0.351761557021
0.295366993008
0.278729424122
0.250935796374
0.223781528259
0.236627570804
0.282789521731
0.314948730919
0.242743394981
0.366879498701
0.237024905815
0.273631033546
0.269804838655
0.311520463313
0.192899232028
0.365289179172
0.300083078086
0.382296312248
0.303000556255
0.316835109161
0.326199014636
0.353656513636
0.30913215711
0.387972522129
0.323962030304
0.29118594889
0.348550435282
0.227485941183
0.32229459188
0.333524896045
0.199121716524
0.265694333217
0.295721256674
0.261560455768
0.381499360854
0.335155038019
0.281858205025
0.292410060828
0.265412483143
0.318984012599
0.367052436927
0.334053935367
0.330171761081
0.322793209062
0.361941324025
0.325153138286
0.232324049682
0.305110348197
0.33925158152
0.258842390909
0.330230596884
0.324601386955
0.225784227071
0.349108279275
0.335956115333
0.314168995575
0.286506014451
0.353238499668
0.444473079009
0.268395789852
0.311965699579
0.355380705442
0.322024064061
0.425159415659
0.375348856742
0.268158610122
0.294599837821
0.325573422913
0.291743864699
0.307565144039
0.268786187947
0.367071245125
0.246888163624
0.311016054329
0.368753666654
0.339303689449
0.382288588693
0.261821708999
0.441912183986
0.278815425275
0.332747962586
0.325166073768
0.488769775269
0.276282382474
0.418114761925
0.511807526752
0.289687357097
0.352624966364
0.336968708965
0.25954268147
0.375613855385
0.27916548809
0.346864240575
0.283771510839
0.272579389572
0.316901530316
0.306991907017
0.360418326309
0.370587963226
0.32171474296
0.368932813609
0.42541530657
0.326328772824
0.237566414733
0.213426294043
0.389760971545
0.286508844546
0.291660904337
0.369717516123
0.432209830849
0.274898728093
0.219550210583
0.192404520593
0.377507263726
0.226471994838
0.337833759981
0.346479236377
0.285395190179
0.320337365868
0.237963379913
0.262271091688
0.293314482418
0.2492871864
0.369239884151
0.31074542617
0.403600503551
0.325032706865
0.344477048567
0.262499545189
0.399459440045
0.362044231295
0.415325802075
0.220220570259
0.460817822444
0.300694459732
0.468546868246
0.361904214219
0.338452516163
0.433822691021
0.264742868231
0.372037688554
0.236411428232
0.342416422517
0.344939443202
0.332354960876
0.451415294319
0.49249414994
0.315281186661
0.216651938065
0.355254789227
0.262165252911
0.288788584954
0.321601787256
0.277527509146
0.484767716449
0.326946462156
0.304869485574
0.331359000164
0.301651419247
0.323403870629
0.367770375318
0.281226046737
0.33424677974
0.345550872855
0.314189512104
0.32596639142
0.261858823573
0.30336478614
0.229032800486
0.292683774864
0.371753857213
0.299208363096
0.331206023246
0.359022851388
0.257594463078
0.367242905502
0.339090500018
0.283050809576
0.325364314814
0.333834226547
0.250944263163
0.281396728386
0.325028158746
0.347464170447
0.160241625807
0.327620105999
0.328868787881
0.401532729578
0.359417981944
0.283870072791
0.249353560948
0.346192998983
0.40544679103
0.355434215166
0.237258154306
0.419094373693
0.304235837759
0.28250227334
0.306521961786
0.36157070804
0.401339211596
0.278540824782
0.298778579119
0.314649120075
0.375438898732
0.336765454019
0.273515375
0.220108514612
0.354857185694
0.374049168166
0.252144464151
0.31445761239
0.345999098714
0.363338986744
0.37362236725
0.323597054299
0.320984426933
0.403798024545
0.293275809063
0.211191820892
0.28904405648
0.221881685643
0.387278494769
0.220634823884
0.30961841128
0.268861997686
0.270441589713
0.346903604277
0.271016346203
0.433404277894
0.328907415151
0.22792413108
0.312743990866
0.44063949186
0.311708132811
0.321508459875
0.254461509987
0.422681139125
0.323024554153
0.27329006184
0.286221083349
0.353009020255
0.276002340212
0.28296563459
0.346381744758
0.349263526296
0.373965145245
0.411693479447
0.359452109892
0.289250532588
0.272775785036
0.329363249493
0.328901626336
0.209167963572
0.290668797664
0.24602556257
0.302795316436
0.389919706804
0.358353588651
0.304392322953
0.307117308296
0.396451856212
0.283088905359
0.315142263262
0.280524287917
0.283397757377
0.254070107161
0.255479398046
0.274891967414
0.340804689496
0.3330188762
0.315585004782
0.319068693624
0.354836089126
0.311199036664
0.390681825444
0.233998004218
0.357482269344
0.458067423569
0.374818057892
0.308524115404
0.240127704275
0.361956698137
0.399725523922
0.355841011567
0.382396896359
0.242036893307
0.138439897674
0.241705579032
0.215087675581
0.464477495791
0.253106062806
0.304068600394
0.341104662318
0.33781341781
0.334431397401
0.384521657058
0.309615967534
0.401907238127
0.444725320601
0.38218930876
0.308050282164
0.335164096338
0.283875607344
0.286647322269
0.251601847326
0.267607537444
0.313578263123
0.34500776162
0.365391632263
0.356028901751
0.351736631725
0.389380396296
0.352015714812
0.356263399745
0.406804318692
0.378613243934
0.328741594394
0.216504526075
0.442269747033
0.341082860097
0.398265100191
0.218758996447
0.241693701957
0.255602155448
0.368576761984
0.3861805355
0.330025758809
0.260784825891
0.320253627509
0.317911165791
0.37151427262
0.368144468501
0.340367495326
