0.487206610188
0.614723467665
0.550670796663
0.500584202451
0.414290155726
0.461005408531
0.536048253074
0.522381849671
0.364579150993
0.324508488084
0.401786210777
0.488316773298
0.460533416429
0.437223718633
0.615497228058
0.682173449007
0.721198986207
0.415516031511
0.343527922829
0.542084709317
0.505967929736
0.374091863897
0.531545633114
0.522344571461
0.49181730748
0.485291097356
0.649090302426
0.420426794167
0.583913229551
0.552364149002
0.558356033036
0.544516981168
0.531178609006
0.589601835991
0.472482923489
0.51612512199
0.460437235656
0.509639908371
0.672174533222
0.591816459047
0.539726980515
0.504338636855
0.414616652516
0.436646703991
0.598400812737
0.497285719124
0.554257813158
0.585595801143
0.572835777196
0.437434104042
0.566146577322
0.515417832681
0.606764477142
0.436712730739
0.614106060138
0.608919517907
0.578866008166
0.481227162293
0.527672654368
0.464148890999
0.460409104003
0.654880829079
0.567526360959
0.392054148263
0.464809931162
0.644581146992
0.575000432039
0.476879404376
0.578917351931
0.466760803493
0.518416102418
0.544668680876
0.474710985393
0.491900626014
0.469435520179
0.515320898877
0.611531344689
0.52630658335
0.46002167438
0.621149248651
0.614194884365
0.504927007313
0.453574995624
0.558221822553
0.543641881499
0.527314989058
0.469223872429
0.585840475739
0.244046960974
0.614184434864
0.576862021064
0.491296343019
0.410179780374
0.478584207844
0.704756685415
0.544155586528
0.467332477963
0.531631537452
0.593754840167
0.536203580991
0.533492632789
0.525214831074
0.623863480118
0.484055183066
0.471987082385
0.53268165197
0.480256972392
0.498318786024
0.537984329095
0.574366020441
0.442245270331
0.56884037058
0.568843903218
0.64996038615
0.486832658593
0.506508862365
0.540407033186
0.436409736519
0.425208488996
0.411969296062
0.462482426566
0.575963759849
0.410900039667
0.653761880822
0.52723031643
0.472137506365
0.373008668753
0.559182876103
0.60061177853
0.641729747489
0.666710460652
0.674443625229
0.499537151722
0.430881280685
0.681558847255
0.458604607012
0.594789205991
0.512526613506
0.595906427464
0.456036157009
0.453803885505
0.421032045894
0.728810264571
0.704559719316
0.393584437325
0.741901591971
0.525966781635
0.424302203311
0.562312802139
0.400033295269
0.553480645593
0.517871500618
0.580780090658
0.596659957761
0.37856971522
0.550281982776
0.546414655493
0.454716772589
0.580251687475
0.358009686777
0.702093696023
0.530979536309
0.49143310056
0.555059034825
0.397464823104
0.518896232828
0.528660809619
0.342222719767
0.474855767354
0.549101885315
0.562074793118
0.596092789739
0.581895107278
0.560043642748
0.626492644714
0.541245982925
0.49031309366
0.464748806199
0.48197103957
0.525526366631
0.508747157206
0.654385436061
0.441538938862
0.366571206533
0.41610621521
0.609779024286
0.491041466982
0.493414964738
0.558488229712
0.403270385529
0.592579575482
0.435319498122
0.606580231548
0.494567578277
0.52274791299
0.490532821985
0.561536714999
0.415742429497
0.473897830898
0.52498396615
0.497237792148
0.489606012739
0.405983399179
0.561756276748
0.559334516988
0.515914714614
0.627400650174
0.687758834894
0.589628847965
0.400402815121
0.391359067938
0.509022836143
0.666122522271
0.657087641879
0.528006988119
0.662694277176
0.632027357701
0.552758555382
0.457786558908
0.479006952217
0.577454013189
0.508615568285
0.609864336791
0.663838161559
0.572953549297
0.617811017213
0.652957654169
0.617959095228
0.605414080763
0.567977777791
0.569573010488
0.495634405449
0.416986785727
0.669012368163
0.489940737845
0.568859137726
0.410855249414
0.430889579565
0.695853178226
0.542718139932
0.56335440846
0.407877069869
0.50392512482
0.586675565586
0.558465432086
0.441439213363
0.543942332796
0.605284367831
0.559245899141
0.494144849623
0.436140849672
0.54952002958
0.964182596792
0.55169135449
0.578121342592
0.463625069532
0.54453599476
0.418133239336
0.41293364733
0.479610883797
0.619033361724
0.546687852977
0.378010650773
0.56872362212
0.642385021735
0.421367556332
0.531292506121
0.380136848885
0.472136892406
0.585168911969
0.459615885658
0.603588574152
0.596187346207
0.321496457039
0.496284477394
0.383098068622
0.658894251544
0.438578258171
0.499833016773
0.725101432258
0.568739364039
0.621507327828
0.572405087808
0.37389042646
0.542935477837
0.439053154893
0.35460477344
0.373029899509
0.729885915713
0.662955865735
0.516626910086
0.609874123294
0.507434473682
0.369162368355
0.480507258453
0.567996517002
0.448662029015
0.575677489364
0.576113856969
0.439403379546
0.608030296321
0.51074277906
0.331965611398
0.489910555004
0.590562571838
0.553236329038
0.38039340745
0.343967595671
0.552622940627
0.493475523511
0.611682778003
0.593562338061
0.658391280061
0.597392391245
0.546730576997
0.537900428883
0.57819168031
0.592554809136
0.643441118609
0.477743881788
0.401184470774
0.490527775278
0.5506836077
0.512098349274
0.584235385896
0.609776036985
0.578962007163
0.704281069433
0.524517250457
0.489664032599
0.400410088147
0.445874390688
0.448100013046
0.472345326363
0.468800093126
0.4910861534
0.504702860748
0.493977306907
0.519026335295
0.525294771939
0.65603229687
0.482409752751
0.637340740058
0.657781209558
0.576462497659
0.498930123071
0.442338778224
0.460541824989
0.445249143356
0.588386060097
0.607212184569
0.649423263402
0.627705053208
0.548536229651
0.412509179612
0.520369756864
0.525949230318
0.57561147132
0.442499459174
0.416705875184
0.637029161783
0.60167607442
0.528726002308
0.597650429925
0.647930131505
0.549044713778
0.421307775871
0.713735396131
0.405699661763
0.562391665048
0.353161333353
0.409753227679
0.532604260785
0.522757837702
0.579680520601
0.448989978004
0.589381978827
0.566962887629
0.347669021531
0.459213415522
0.478161624624
0.547722556532
0.566663184716
0.561300128559
0.506346217599
0.480264174353
0.669333194859
0.448602432414
0.551352057775
0.480257002091
0.545027063093
0.591487261962
0.46760202277
0.588250424451
0.481647387764
0.551024200028
0.514378845684
0.568204997532
0.490698523965
0.505016084889
0.375696332509
0.669593213064
0.502929639624
0.75294573373
0.439813512042
0.376051701679
0.471988547655
0.450159292123
0.525399454243
0.658752925363
0.545638047684
0.600707792707
0.697988539642
0.372236546711
0.582984845869
0.605136654698
0.472274386565
0.540432339062
0.385007301237
0.437735474174
0.429890357015
0.538460722641
0.596536698493
0.529031782357
0.426088335284
0.528986916431
0.611551836949
0.485897080672
0.46187838754
0.621205389989
0.6096727461
0.407509229031
0.425090788044
0.383318306539
0.43292478865
0.496216239039
0.437007146284
0.660093901042
0.565340676561
0.417216266548
0.449511471804
0.461694158646
0.494408279072
0.586268540764
0.475301895032
0.618881496026
0.394269869049
0.506341919643
0.599039771254
0.418503382872
0.637131101233
0.468675917576
0.582960484413
0.572278793621
0.409993457791
0.555292773428
0.556919210816
0.452036119786
0.629901135863
0.550415129791
0.648382198029
0.5965573404
0.493694084855
0.594102502989
0.502934246477
0.463385504727
0.562821971902
0.506449489569
0.655628922036
0.313138499431
0.526458418069
0.463422979766
0.434957007936
0.532999214404
0.619119760465
0.537360258373
0.614002320787
0.428732579865
0.566768995878
0.559968099712
0.48981409584
0.628840284397
0.578060849814
0.452358755119
0.52733819912
0.519672257039
0.590112772938
0.717605101058
0.381652534046
0.448762950608
0.580096892386
0.624677816931
0.561642346617
0.354966157129
0.491195521347
0.45737985103
0.442810490189
0.452455152908
0.56110660472
0.431328766403
0.479365930811
0.591193986721
0.427621428482
0.511267313893
0.428055386583
0.675547067057
0.640812723416
0.50986284429
0.329377909464
0.452638162838
0.559803066741
0.581741799552
0.393730583452
0.464507816592
0.512874448931
0.649777838953
0.561639174019
0.507196986573
0.469337177013
0.631108392803
0.666317478025
0.462277801703
0.628493889382
0.503401395168
0.690892094813
0.459876454887
0.729627559865
0.644408496367
0.564306431906
0.534538190195
0.473734497137
0.566498171487
0.354053782235
0.451150443503
0.402753353128
0.392213327582
0.574799932258
0.771428468474
0.648064112965
0.549916951184
0.571737050735
0.430022829988
0.453064269585
0.624830717058
0.564048954956
0.460871656514
0.640575633891
0.724083948204
0.571388155808
0.5033875702
0.541869767228
0.563278112598
0.611423670574
0.566638862788
0.659877000018
0.680908048836
0.509839451726
0.61493191368
0.320613742448
0.579884739624
0.61515146327
0.526184315534
0.564361254735
0.558859136609
0.468946808044
0.398907740113
0.45265314441
0.51205639917
0.52131886154
0.490268569767
0.520454514793
0.481106241988
0.517631815964
0.470532511417
0.515326962947
0.67313140367
0.585242501787
0.630412048259
0.453155301062
0.70006586273
0.48362615112
0.474957165175
0.583592796235
0.509066467997
0.633537304858
0.654739405442
0.627060831685
0.524421130985
0.511308079155
0.500316603054
0.496482379567
0.504073846381
0.725409150879
0.562829246976
0.539846967811
0.597277385156
0.432399916041
0.575700602125
0.476410598677
0.496706854102
0.542999765713
0.594468785177
0.532551978778
0.601672044808
0.41991932083
0.451796714234
0.660831861446
0.467654966181
0.485041423024
0.507816498057
0.477060925101
0.514567512987
0.517213050875
0.333711045383
0.505162730453
0.533244850569
0.349177949571
0.666920948331
0.478085516519
0.477825372658
0.741747159192
0.347285582929
0.449713787162
0.520518773606
0.589865540772
0.521872381265
0.4427161049
0.528910684603
0.547049129863
0.555341751165
0.665222027502
0.478421336426
0.470608543336
0.50745499528
0.530734406609
0.569444265067
0.55654059777
0.517698985897
0.60851232841
0.406318512626
0.520917519802
0.432778521173
0.616001916554
0.49514866527
0.398144284849
0.540751050438
0.657056845015
0.588391007163
0.605435187487
0.288907821645
0.664340393747
0.706711669012
0.477713531388
0.619207704377
0.678089537361
0.31920143446
0.562198285415
0.525168901581
0.476334322384
0.5557935944
0.546622747264
0.520824140911
0.470238680535
0.551911044666
0.405067936183
0.620282491724
0.613173760182
0.361112720158
0.581202275931
0.558393339768
0.48773671423
0.617440562286
0.50097046594
0.699064839264
0.643749736416
0.559518052063
0.610480678545
0.601862928101
0.642132572445
0.65035644122
0.482055552902
0.488993712667
0.506209398592
0.543028055783
0.62550704361
0.460998334661
0.33536871228
0.632336633848
0.522595332885
0.464106433004
0.603706392992
0.483417675257
0.563095673352
0.474182209121
0.668432231617
0.554308759283
0.52653421346
0.546024089317
0.548687057349
0.54780330789
0.652269833974
0.456315463582
0.516247666948
0.522076667226
0.477995573668
0.646052920415
0.549467850525
0.587027307342
0.435658131569
0.731503585571
0.486019886044
0.602546370557
0.451497109551
0.609330343705
0.431742664059
0.5923608573
0.409608175386
0.430659716586
0.656757698749
0.517869158759
0.43666868342
0.501781035305
0.402747977257
0.441753927481
0.581958331261
0.511587240105
0.536099906929
0.640001403602
0.377795671618
0.690265079384
0.672430062766
0.553567634586
0.590022650993
0.690278597464
0.510600871359
0.531727536256
0.47937857689
0.630555614028
0.515451523713
0.57400323724
0.590995283949
0.474857605639
0.626464390872
0.509929230714
0.447137841026
0.57061328466
0.569582269193
0.377866448802
0.374014273955
0.500292651068
0.578531092722
0.590559033901
0.421350409256
0.703904975752
0.530806995491
0.541305338678
0.480082032803
0.652819189501
0.527570484046
0.545729259174
0.620725639145
0.676479664774
0.462713393098
0.623047640662
0.510620980623
0.562884446457
0.552727877893
0.556499597304
0.510316562223
0.512501944089
0.578707382525
0.567870584389
0.54794397003
0.470642499949
0.41322790293
0.568839583702
0.515142879427
0.481964086191
0.783099450508
0.736556037117
0.428146787556
0.507817418054
0.609534533454
0.599292759656
0.624570456267
0.368317219512
0.519531965042
0.700988804514
0.554858373037
0.641747125282
0.461732972611
0.569715927705
0.489124702782
0.321698618354
0.55552652495
0.655223417261
0.70150070406
0.583437728348
0.557771417648
0.489568276612
0.466329655124
0.565494036486
0.586124569724
0.524121600255
0.52277902473
0.506037973725
0.375779750294
0.440906216655
0.478101085879
0.653923367919
0.608555551734
0.519916104933
0.516710854514
0.541662722355
0.502712919322
0.383845710565
0.610939758254
0.455443016114
0.544875648136
0.551163232173
0.402763008167
0.439509402427
0.408495119336
0.647216831636
0.479437619327
0.446265798078
0.413945755493
0.635370173838
0.43791652678
0.457761337174
0.529720563809
0.519096861852
0.582450399544
0.463535638536
0.463059069931
0.372137861259
0.560672056343
0.588831964703
0.469941613706
0.546343336114
0.534811458488
0.505780316691
0.397754206019
0.409780036285
0.551283627467
0.578946230988
0.471938856484
0.497575341191
0.367313669671
0.528668156886
0.507450538154
0.499639917312
0.675236944794
0.437233344261
0.535239944281
0.55715384895
0.704014498493
0.525258041146
0.615574286739
0.541577824465
0.516413149768
0.398652870183
0.534985474117
0.465972536979
0.419433565635
0.613329212766
0.446401685864
0.523392959915
0.570633965255
0.531506566505
0.592647471439
0.514437735517
0.653900929134
0.448557819382
0.523440509527
0.648063398866
0.472546845672
0.443938327045
0.568763401069
0.535243055835
0.505348269442
0.522812910636
0.498152221281
0.414891877018
0.612916193234
0.261767321454
0.568143269853
0.578128267723
0.600208833545
0.612288618793
0.522653640802
0.655060265815
0.598875331185
0.724040966556
0.435607789894
0.46397465064
0.551827106587
0.444956775171
0.566710003374
0.593564378106
0.536454127892
0.55874443768
0.425661151014
0.609170297853
0.40928003731
0.317064571689
0.541844707158
0.566170659295
0.551891900226
0.590854996644
0.58425084924
0.479840689052
0.44982947615
0.708426029182
0.699909653314
0.583561598759
0.439761849994
0.426796222497
0.505300780862
0.569156965003
0.619115636841
0.470203724398
0.515719715381
0.431141817895
0.54059154103
0.71312162869
0.514880051639
0.466872609498
0.497941256152
0.585320310284
0.392920539534
0.446976075815
0.491407250184
0.559354759199
0.578320516833
0.512948948607
0.612090413169
0.568534502266
0.56664692368
0.561795653575
0.581495825133
0.480873093317
0.417598989287
0.563827193472
0.362412294715
0.509737052744
0.519237799617
0.451653389645
0.830486876035
0.539494924559
0.52843638031
0.667576447957
0.578065948502
0.510513804973
0.737377696937
0.454576550862
0.621061462836
0.547618974677
0.573702322347
0.643870276136
0.500180543674
0.433227029537
0.657555932315
0.51806720584
0.505265882285
0.275293328038
0.562219312185
0.677521019872
0.631827505477
0.347552739162
0.473385415298
0.469082731744
0.438791606917
0.678112225862
0.413363607023
0.590417228133
0.393802973232
0.705522278615
0.481321255502
0.426796878841
0.632522462971
0.607174761735
0.468487367241
0.559723163646
0.525463213072
0.525704290309
0.451457595059
0.42783993356
0.485068548603
0.719839445619
0.553379468612
0.531727261129
0.59381007297
0.585885386844
0.59764232274
0.521047901467
0.584081540129
0.468754795803
0.508048509924
0.586021701018
0.601603090578
0.49642753821
0.492668505807
0.441556314075
0.754251697077
0.501519534741
0.639991694532
0.510403114727
0.600248075888
0.692852557658
0.408929240931
0.438300273697
0.617078184998
0.364546346951
0.485190191812
0.540925912974
0.56796323131
0.547725552275
0.504203092221
0.487372906314
0.410811543018
0.513915477122
0.332972813192
0.637580389598
0.52045378471
0.478682944957
0.257670350521
0.587079603002
0.627419808224
0.534907729332
0.523872848708
0.59049500587
0.513107035849
0.612061672835
0.625076834798
0.515007016507
0.352005393326
0.51908707088
0.481529836817
0.637195817821
0.398628545167
0.476236950718
0.517616696973
0.527109128436
0.4396817088
0.569749830006
0.50431701827
0.599355012082
0.56391204709
0.629118907881
0.556734213958
0.43153104092
0.641007515488
0.343611114887
0.429758738269
0.61796095259
0.631410911831
0.559028957149
0.499956788031
0.804916577312
0.577601593849
0.636636823535
0.483262582072
0.461615938365
0.449014742956
0.559920666622
0.866046992898
0.731223498482
0.554829723682
0.348684297855
0.481570800932
0.576271854791
0.467764389881
0.56625511044
0.558314960741
0.565922453457
0.513610088831
0.630522763847
0.474642465183
0.502195883611
0.52136348769
0.654842713032
0.450674945906
0.440870064725
0.597037588826
0.476113619724
0.549423747873
0.361712510607
0.291003468077
0.561197893622
0.560418879648
0.517108306368
0.519163738977
0.546437761115
0.437215329622
0.555528509542
0.728094913573
0.51450142797
0.508143680063
0.423235694741
0.585664915383
0.418876404306
0.532267303871
0.386677559919
0.48897645269
0.366932335074
0.402165284668
0.321338615516
0.498645383299
0.575314299978
0.419331867646
0.478153958229
0.42183030912
0.444201335873
0.461111170994
0.360240243427
0.498438139167
0.504219604383
0.457093973402
0.504784850836
0.650653073508
0.317886691512
0.576880335537
0.563682547659
0.513747678849
0.456371857066
0.309162696921
0.553181620457
0.590027322645
0.572567827723
0.581429283618
0.439749400749
0.697504717157
0.491478456665
0.429957025494
0.808770957673
0.503958829653
0.620924465315
0.726280910847
0.454670826428
0.53044298389
0.502506073333
0.685312622694
0.52782756156
0.383607353023
0.581650420394
0.466690139024
0.622686470251
0.571169785791
0.389517241538
0.61277902726
0.372467123728
0.55021798945
0.417216731384
0.598874946605
0.436794986628
0.519790746205
0.588952685196
0.615930013229
0.51231189782
0.569553452945
0.550625699032
0.512530157485
0.586960920609
0.593023242091
0.46361682304
0.578676994719
0.620063073734
0.678496217894
0.524387510821
0.40778951054
0.354756427221
0.466011496971
0.556355111643
0.545856931058
0.39170325681
0.411022853817
0.404286534332
0.573133320973
0.548890413605
0.562567168472
0.586665069159
0.386288434904
0.643322011225
0.470677906271
0.432986710987
0.47258788425
0.586886243333
0.392551679721
0.46973161429
0.404959402184
0.67205872115
0.500956108791
0.505006274986
0.653327010324
0.418357370183
0.529348676289
0.530730302688
0.628401162482
0.529519349291
0.354197000987
0.455970742139
0.672700574159
0.620074958782
0.512872408261
0.41139722029
0.398760824347
0.611299823068
0.597290700224
0.569289670246
0.513864519814
0.489494984146
0.470905563689
0.51739163833
0.549529051003
0.491554465255
0.635601710477
0.337076966172
0.454820025993
0.518083148381
0.676128900683
0.577604252238
0.3848689566
0.506887304242
0.51132947778
0.367114570301
0.652822515297
0.46923318061
0.630081032476
0.600935825018
0.532358672207
0.482800054443
0.672413600415
0.473498836755
0.648191111313
0.474577942166
0.530739940182
0.45238951309
0.535130432711
0.535621732042
0.409392485577
0.488094350279
0.429216594289
0.488915108183
0.415773403636
0.514758194927
0.556080045524
0.438863889021
0.495003575913
0.522012765076
0.435620828071
0.473885294133
0.577057874819
0.414617784196
0.502617741124
0.451636249265
0.523501730293
0.396893360595
0.457032989969
0.603534849882
0.542901568456
0.548122055304
0.520963048124
0.540890939645
0.503596608984
0.567884621128
0.476072660866
0.625279689719
0.779239456675
0.61379398571
0.523595940366
0.451347210271
0.629033749765
0.60620801502
0.624155131617
0.459597502951
0.394098608747
0.590517511244
0.635358620105
0.523474029545
0.462091147885
0.591643300393
0.683231622034
0.740835236755
0.678253077024
0.444236645405
0.498334865542
0.610130753426
0.472176685187
0.461420653859
0.505330485807
0.493361976567
0.518502287185
0.6513317324
0.535093334226
0.615296522868
0.686084627117
0.690390671519
0.560458404918
0.396879644664
0.480526100688
0.333279893824
0.623552046515
0.504477661673
0.482148716324
0.48013872247
0.357788086039
0.534627881095
0.526799953491
0.476027349046
0.475201705044
0.42605146294
0.745426977933
0.464054841548
0.610840982774
0.530309297554
0.39384838104
0.513231604837
0.476537798897
0.60969535249
0.579743415939
0.531723540914
0.435165836846
0.619441653251
0.499772065277
0.582368516513
0.347824238816
0.540461632356
0.665899311963
0.417002086662
0.650045834913
0.607862970526
0.602735438592
0.500219600093
0.576822920122
0.571545022404
0.437624555415
0.415093562937
0.388800355902
0.503834683336
0.462169144218
0.587880327292
0.561072406663
0.377823467339
0.536666045811
0.478953525977
0.640459047916
0.292020770725
0.501327547867
0.537427967045
0.453564876206
0.611806231889
0.462217679735
0.568008586237
0.62915548997
0.494813796961
0.59310162541
0.507855480855
0.392063733458
0.642778202609
0.392737860937
0.49503605862
0.614932041429
0.532209844311
0.655976899687
0.451925617351
0.441445608898
0.545830327845
0.266169613636
0.662050927934
0.406577093988
0.401129793028
0.401089944504
0.423609747348
0.581865164889
0.388187556348
0.572409490274
0.462267014687
0.550167204932
0.598567482452
0.658840021692
0.564236439968
0.489496736141
0.456634724439
0.414421141207
0.639109331952
0.572533768515
0.567186537
0.450353712933
0.487097873174
0.62104805384
0.458174891149
0.600613181211
0.469066210297
0.581747354861
0.59955340625
0.655838892191
0.510075820406
0.624027036779
0.492993855325
0.509298091968
0.483454756555
0.625509907238
0.343319913441
0.461045519496
0.478603624079
0.686496015764
0.443210413656
0.554270349468
0.618952548617
0.354079850972
0.619457128759
0.328574108167
0.528541446119
0.459610935219
0.658201185778
0.613881277419
0.438452925499
0.561772107036
0.447909873436
0.557895744021
0.41740888727
0.495103392708
0.494450386525
0.578961335538
0.519935905551
0.431829353135
0.445418582177
0.611827753331
0.594488078923
0.748887985111
0.565639792753
0.654846521481
0.603102426355
0.564152304617
0.552041917076
0.608969210089
0.592559078144
0.490318635393
0.546529604037
0.535505250363
0.611531292916
0.487359757618
0.624012638072
0.504807097234
0.666160872046
0.542626739566
0.471592287688
0.508111815728
0.700221631871
0.502964372027
0.657855723676
0.453098953229
0.512216341679
0.544922257552
0.486163866295
0.481649284717
0.55471739375
0.593566760519
0.580590066213
0.448221203211
0.509203090813
0.726724154767
0.532727383653
0.529910831091
0.519387567593
0.468281901091
0.604244390422
0.617004611497
0.500708305486
0.715162539918
0.63877597022
0.631001826053
0.60881180871
0.62174826663
0.475358363281
0.440545141837
0.494538929693
0.463657110263
0.602166014667
0.41960647556
0.539147103336
0.49020655726
0.55650286018
0.465701831202
0.687091141891
0.576102753715
0.457519523728
0.719998924171
0.624009668582
0.454394707887
0.440210795641
0.509506371889
0.594805912349
0.372871575396
0.524665976583
0.495722289419
0.487062006974
0.65974262587
0.446859934007
0.407671938274
0.374206305941
0.489006044226
0.411629174361
0.515616372923
0.403253487628
0.496257572729
0.549174864717
0.447559659608
0.502942357585
0.472859321192
0.404077599493
0.556026528108
0.395981973481
0.551631771515
0.477631336654
0.722879144109
0.45881463983
0.436157203038
0.557962412022
0.569042324528
0.634998889945
0.511095293071
0.384731906341
0.541486466462
0.776442718465
0.62020886097
0.449869520143
0.627121926235
0.503118856924
0.557581465398
0.350259911959
0.595118306693
0.6387705304
0.441702378909
0.568160018275
0.460942207834
0.479471777141
0.553244846138
0.47731256606
0.675149573251
0.481611009159
0.367859259793
0.46056008784
0.762436247807
0.525731552801
0.671917269588
0.544387690607
0.435901317918
0.675536517183
0.396507784295
0.563288762989
0.412905909406
0.511058694164
0.654716778652
0.578357973674
0.719868752674
0.59402764765
0.539428149737
0.503091420268
0.496691471655
0.530202922712
0.63541763394
0.49891342112
0.59150161622
0.425058077147
0.603045803579
0.535755789104
0.515427162832
0.629027514591
0.510847826212
0.484951197459
0.575009596161
0.402264175175
0.468640593024
0.722104119473
0.842768044999
0.589969568292
0.460243271044
0.635504124877
0.511853302662
0.44019625935
0.652277335231
0.542101098332
0.660738133646
0.613699216055
0.453357088991
0.741811946611
0.538686148811
0.506552687833
0.503493661282
0.643518958478
0.463493407926
0.489091549265
0.729928317567
0.362478801335
0.466875095977
0.466242960943
0.471907242807
0.430048019241
0.473340535282
0.512402069174
0.598177749395
0.652338281777
0.462879379249
0.440020491411
0.445374369193
0.450818740328
0.535493837285
0.543335358111
0.481348026546
0.584995831559
0.427893480934
0.524983871338
0.492858154395
0.605380393762
0.424783193015
0.387411906194
0.572962437956
0.738129897297
0.609936405102
0.447856818308
0.475863975046
0.584188172604
0.582091772838
0.572909633697
0.433283579988
0.539735924632
0.483892804887
0.483529491294
0.606797727292
0.696599346049
0.509967900125
0.487679039947
0.486583615379
0.537939752709
0.526694392701
0.474118419061
0.425390198535
0.470559802395
0.565733509982
0.345917072972
0.430652606626
0.614927562052
0.426338054316
0.555723394035
0.57799331204
0.557048670921
0.404046617017
0.507800434353
0.524433895481
0.469084155786
0.485771972094
0.378649409644
0.530140429321
0.481818559908
0.476529155558
0.521586789675
0.582860814261
0.522279260038
0.342291542434
0.580708090101
0.575720648962
0.572017964827
0.647926535694
0.539779400557
0.460565904989
0.654909097073
0.62638880777
0.63336354328
0.500507532481
0.401914507844
0.603879568716
0.556088809661
0.442598536403
0.384594202847
0.45023245095
0.452915554138
0.509783952441
0.433709804471
0.605902819493
0.68340999205
0.439095867934
0.558982489705
0.529197790272
0.468914326452
0.468572242649
0.334715272078
0.419591156853
0.567739643148
0.369336094859
0.373721473361
0.531652665984
0.579318889302
0.600751922746
0.577910874324
0.592933147125
0.288198755348
0.471611852559
0.67465178524
0.506095161518
0.466015231621
0.559755628809
0.619576004595
0.428417823864
0.534335736162
0.509427299033
0.523035171415
0.510020608083
0.493434878436
0.524412788661
0.472077433748
0.552695812921
0.464858049845
0.468387708833
0.60727187783
0.469151777642
0.456293252853
0.536366054224
0.66311796548
0.603088651296
0.553149903956
0.556967154733
0.693839574902
0.661455371611
0.425250319856
0.430913668751
0.626550228904
0.514239315404
0.664937932834
0.440105480917
0.458644533316
0.44828711312
0.54715644434
0.404926902791
0.484149573541
0.398871802502
0.523930742463
0.425944556679
0.410280220928
0.533850269304
0.565098054689
0.504939055928
0.507610724048
0.495051552535
0.574727908988
0.667537019898
0.533625169736
0.561887439385
0.448432021426
0.516142424321
0.498974020694
0.454330248108
0.537780252221
0.726325229875
0.387384062204
0.578478643419
0.576233193443
0.574994779973
0.422175087841
0.521895611646
0.55570635488
0.562960114418
0.602117472479
0.43474520086
0.549625450655
0.532686721596
0.544654668257
0.42088065271
0.555215390831
0.488491563128
0.370066213039
0.598153458468
0.370569555704
0.403705295318
0.593876531667
0.527439395679
0.450403772219
0.503814488437
0.643652484778
0.598967097794
0.540970606346
0.552652939221
0.448717345893
0.592670149456
0.675763235073
0.540612305687
0.555285955429
0.557231169564
0.574338510116
0.709003466393
0.584357520842
0.512250578476
0.462929308378
0.629905124446
0.474828692979
0.627461405027
0.383705971509
0.443745812071
0.571807102525
0.508311818121
0.434714441333
0.788694377634
0.60036186
0.567801815457
0.48989150238
0.622510118718
0.607869320158
0.600942009477
0.42463412964
0.466200999835
0.56299629609
0.489094105749
0.496486023849
0.607611219765
0.486872995876
0.557913453374
0.551901727232
0.576310112888
0.618518319645
0.589824755069
0.462502387323
0.497520940348
0.410936473246
0.508529280364
0.576063162324
0.467156311233
0.62353233577
0.662701013267
0.486333976218
0.452651165069
0.48847644949
0.683085634724
0.358622579008
0.561930171656
0.466081990655
0.529161632621
0.322717537594
0.523761480158
0.417384781197
0.459766747179
0.565941835727
0.647734921985
0.570161160903
0.559095559818
0.526303683443
0.610614290564
0.51110088543
0.576984899515
0.436873958783
0.570056786931
0.59424288206
0.482077218993
0.51152760869
0.624116334051
0.560466670484
0.59649947564
0.400581289554
0.564733350782
0.605253375988
0.728316438919
0.635955997198
0.410403396886
0.510187120652
0.483820901552
0.528707662957
0.62418036795
0.426609926754
0.575274406794
0.550915609955
0.556167953801
0.597734300689
0.469528866514
0.588048136171
0.491115035718
0.515041822656
0.549607913037
0.491782517254
0.544196574631
0.435817028694
0.567493903047
0.489454922946
0.676043903866
0.609936954114
0.469639948118
0.574561708155
0.494869428611
0.541720528138
0.492171699018
0.627867164079
0.648848261157
0.581818912423
0.52990986524
0.539025918115
0.510522875156
0.467560642799
0.363984541881
0.71296406339
0.472107015452
0.594736407821
0.475051049563
0.506286815034
0.422048271201
0.386507741179
0.552527471455
0.514875124121
0.482892016084
0.372112320894
0.421695862577
0.63138389443
0.673821487712
0.544964858665
0.595219869089
0.464680398897
0.447073783054
0.635600632927
0.675481110621
0.47077377885
0.510974834469
0.438374831655
0.44032373886
0.468295040394
0.368532864659
0.577307690652
0.553539428881
0.539799366969
0.487556970466
0.589503754822
0.500455459114
0.395038567786
0.397850369074
0.556260677193
0.526681247789
0.612446809296
0.56207830195
0.565113239547
0.684393435206
0.286790599239
0.707371482244
0.457939981709
0.556865583542
0.662547903553
0.620771427458
0.528935344099
0.551773085057
0.480813003758
0.518283768022
0.409236423867
0.592847593532
0.483157709725
0.609616980798
0.484389301439
0.465968221196
0.570408159182
0.468312739711
0.676769530411
0.658821774741
0.424282938844
0.418918684183
0.456915117268
0.468876400594
0.484214535647
0.589968130218
0.582320776032
0.553042698967
0.38546375516
0.583036567324
0.555628068157
0.514727715008
0.536496004049
0.542024523574
0.377090927611
0.577955506401
0.445731666654
0.321533196597
0.537840110755
0.486071772638
0.360778458105
0.558883587021
0.475561886447
0.655130460325
0.587375934921
0.619473762605
0.48082374143
0.384544216189
0.855265196849
0.655330073328
0.638739132957
0.495151240368
0.512734600172
0.763256941615
0.366925053958
0.434562014937
0.667321218076
0.563779540897
0.565672361981
0.432410910753
0.586881760657
0.539221660525
0.649283477305
0.668289722225
0.574326641052
0.563940975744
0.460506414095
0.694951201649
0.403867833278
0.481843677232
0.451983517264
0.609042699116
0.593239269741
0.560274549498
0.54282225054
0.615801103248
0.51009365871
0.495293584309
0.532045672876
0.499000160826
0.62610801082
0.424843752846
0.535604965781
0.451450513281
0.476681301104
0.491812143183
0.442896506457
0.529606582874
0.544340827886
0.503902030719
0.476531878076
0.576916505258
0.47115688093
0.496984405172
0.57593038436
0.479446061844
0.591071958954
0.619798930472
0.530143204123
0.601399037212
0.374201829298
0.525175053447
0.553603418072
0.614161111829
0.486948961224
0.581810168561
0.387232473701
0.528052580173
0.394344902012
0.501244240515
0.365586395456
0.492259167461
0.633773028741
0.559545421011
0.608173762154
0.476549060295
0.698277610666
0.531950375716
0.487270726953
0.539857297714
0.539530954327
0.477243887289
0.487420378456
0.626676803911
0.511369198244
0.494617152175
0.499843709711
0.400951188685
0.684848474142
0.5395595438
0.371162691237
0.676531882889
0.671552288054
0.330675637988
0.430853287941
0.41517135631
0.470350184759
0.575297260196
0.660174991716
0.610250911643
0.402474565581
0.529664761035
0.616573944074
0.567216212559
0.452544030831
0.490616451027
0.502807938079
0.401865936087
0.691550395798
0.524364174875
0.466552582674
0.348527420448
0.390029644106
0.586290478978
0.43003911793
0.432355041624
0.596046038977
0.585413008882
0.591057473991
0.435684364542
0.548400684022
0.467113520359
0.601995584234
0.574852819906
0.591752443458
0.543734814847
0.580325969699
0.377585616557
0.55224656184
0.513710011959
0.580205393957
0.68017597155
0.407150568949
0.484344957808
0.474027861975
0.538009087343
0.344634854075
0.74906992959
0.5006007593
0.632815702114
0.553448270625
0.494709448344
0.533854925143
0.428194806546
0.36142871924
0.463139384729
0.696584554585
0.556205077923
0.547635401699
0.611003466334
0.558456128145
0.42043300943
0.368141774021
0.619826113523
0.488559198658
0.56811063118
0.469575656676
0.51835212374
0.522759443426
0.573983103174
0.571731742459
0.496863314692
0.484179637342
0.567497318356
0.475715790331
0.527074261277
0.622866209783
0.500019914604
0.303395238985
0.537035782881
0.594127324034
0.728241709608
0.532753273486
0.519177025447
0.517041348739
0.454653537839
0.489917849434
0.502853582102
0.457661543624
0.366565331148
0.675989052742
0.420851095038
0.421646523607
0.68752360845
0.509152993068
0.407225580888
0.433669786773
0.457327074524
0.612408470327
0.604057489341
0.609856859169
0.655399507301
0.417708044895
0.44580177491
0.490311820389
0.381895929689
0.362211991329
0.617587146151
0.491609238259
0.465889421209
0.40823655262
0.605890942988
0.338944480318
0.458308982496
0.48236054226
0.468173571528
0.516021051951
0.515749590617
0.726280875559
0.434373821747
0.717145957
0.593093645801
0.665307500987
0.723603707122
0.645953282526
0.610820981664
0.600844372213
0.408918279107
0.618904532963
0.498649813098
0.704219268249
0.504154238306
0.615824671324
0.470045345792
0.466515215867
0.763142420679
0.6959969596
0.433082769238
0.580561487869
0.763620723169
0.436180502021
0.576284757387
0.520897797087
0.515113166876
0.506114642773
0.498395807619
0.450701518596
0.465444170255
0.502485101559
0.589107329023
0.410940829249
0.504164774308
0.571990979536
0.391651997649
0.46606229804
0.388859173014
0.62906901054
0.687734722156
0.670980197997
0.583725772952
0.584046713118
0.543241302518
0.529989612084
0.594164725654
0.463060395804
0.668406804754
0.46563642018
0.53741919926
0.383963037776
0.474714256623
0.420231403835
0.39021053615
0.673975288669
0.632999710807
0.308124538123
0.583540273771
0.547002441668
0.490742886331
0.490483132422
0.624564659153
0.592501068549
0.394617203991
0.576760029159
0.536126302642
0.493244962274
0.556799415115
0.700310093014
0.435530031863
0.58452852319
0.611600974375
0.456762775311
0.49975779851
0.522727798408
0.509665836392
0.420045331799
0.503279799879
0.424099855577
0.428907173299
0.606528791445
0.423655396306
0.560879510711
0.594001140358
0.55545588541
0.628447417289
0.335803701545
0.436088806986
0.540849641527
0.298004297756
0.426393861431
0.850329167006
0.466144021854
0.548044953318
0.540540501255
0.7630637826
0.573490686731
0.479620840509
0.560931086962
0.329615997747
0.450249341511
0.527709943738
0.592181212413
0.572257708473
0.505162099802
0.476232226882
0.74878716736
0.361720775224
0.547518898344
0.39338537109
0.585912039568
0.492984837219
0.391966842148
0.463660809311
0.497819287376
0.526397433575
0.571111162443
0.468276943077
0.572944713728
0.586300520736
0.367685385229
0.544676555869
0.403378118123
0.527300979617
0.675908451796
0.520543512672
0.582104061979
0.505067007524
0.575041411015
0.514340314954
0.412170608384
0.653307286096
0.568613312747
0.467037265124
0.554166225322
0.523479376414
0.472577168679
0.647883082804
0.630080315924
0.54330111582
0.527436292247
0.606318761656
0.501874934528
0.46249023797
0.573658618192
0.435895627835
0.492487938913
0.417109897338
0.522109206814
0.639666530583
0.60248412147
0.373409968201
0.499501139757
0.503189465494
0.692291301251
0.493490509879
0.522138153407
0.426414725539
0.583626184436
0.417507315787
0.403997228861
0.441387632502
0.494332971999
0.625963343264
0.732990528552
0.484912341455
0.397023363209
0.622367491701
0.458530834701
0.443207351902
0.558618609378
0.572939749126
0.485849291616
0.750725552205
0.534100205847
0.534732222892
0.473228299754
0.466211225948
0.642250375983
0.463218152238
0.641231671814
0.515601546768
0.557648373178
0.479697766885
0.612373702733
0.376993330198
0.451108635258
0.436387237814
0.490781747695
0.514907136168
0.594331218703
0.631690977771
0.542387223022
0.660795778254
0.590521946857
0.337932752417
0.452794463406
0.516779947663
0.504897181477
0.496102083798
0.466242886021
0.626961191004
0.683435280849
0.615603985755
0.538049054954
0.575652602094
0.567578603208
0.514289925224
0.610578648962
0.505170885643
0.532576542205
0.565127771011
0.520317786589
0.562993360945
0.617002666075
0.648589833076
0.538269078271
0.470395535815
0.531971637093
0.428422637463
0.53533269326
0.497034418231
0.612960338082
0.554654641381
0.512448867867
0.664820325758
0.789062152604
0.526677026857
0.498870398069
0.485076134683
0.626216991679
0.497988968606
0.538067057074
0.526809917876
0.550629592442
0.564080952258
0.452366463772
0.409141400641
0.443713978597
0.462765752524
0.537322779604
0.417171155287
0.529575960009
0.580997964411
0.428676723913
0.492854843595
0.602996009803
0.59682882272
0.44952917557
0.602914577174
0.579208560977
0.506897662462
0.498969453746
0.47244675967
0.469990416061
0.508925161037
0.452478535447
0.459511949177
0.657893697935
0.69552706046
0.499292345497
0.50920088738
0.584125086755
0.685034943785
0.608005425313
0.576337246147
0.499384076831
0.534956531854
0.584944120103
0.525653182505
0.546003388129
0.533451749925
0.383228702655
0.361183016851
0.635299771143
0.680588923551
0.559807286254
0.421763722933
0.563594243124
0.546575826959
0.519946515206
0.37249377231
0.570000059138
0.440965582408
0.591925518175
0.37044536325
0.527860091098
0.408797701027
0.406236014056
0.368941678698
0.602043901673
0.599168197263
0.581345436365
0.505052522364
0.514258874847
0.587433869107
0.428978312351
0.59192957653
0.471522063271
0.629944953884
0.368987087426
0.697230925519
0.608075690364
0.634547867442
0.486838279247
0.516017783702
0.402620012203
0.54424238975
0.537282641835
0.46133727829
0.474545156178
0.513684098856
0.50362154152
0.519890367233
0.555727227976
0.600865311393
0.612200812686
0.430130792568
0.425875474712
0.635159449572
0.484786901959
0.620887518129
0.532671375149
0.495831862315
0.390521310577
0.462814691367
0.735957921413
0.558062924773
0.685387009575
0.442317008939
0.431897301443
0.738444772789
0.571321521278
0.644243762157
0.38084057725
0.509734436873
0.411760401726
0.563169388679
0.551211878941
0.516483085933
0.532836902644
0.384244670871
0.499624345178
0.53975469434
0.476900075803
0.574766998422
0.636870613323
0.576561127959
0.532620659149
0.61344465708
0.664732540469
0.717437738673
0.438896625833
0.474175960595
0.503103251289
0.42879070457
0.560390189637
0.50282150757
0.655661825504
0.533073574027
0.529747728367
0.517445491325
0.497268794139
0.514947101006
0.579780378447
0.285663109226
0.602686340638
0.589179344211
0.626652665961
0.54197447659
0.476238626009
0.631268041233
0.554814530899
0.529919137098
0.47905214115
0.626002405806
0.740987685779
0.639944622175
0.455808894153
0.554163261444
0.533837832259
0.595728390636
0.48420890515
0.444797284801
0.490672171924
0.451448732516
0.419326207935
0.51492859615
0.582391899437
0.416276808922
0.617243131244
0.605201004249
0.535896804497
0.541423033824
0.612512395465
0.663589807136
0.639756162879
0.430117641124
0.643041402602
0.592968510226
0.694764964296
0.55324604838
0.356132596773
0.513129182633
0.626092179132
0.512316967262
0.381986321147
0.55687026026
0.420495770545
0.495638287977
0.596959682689
0.646795241375
0.630178474912
0.644758438362
0.538001488591
0.497938974917
0.495128974663
0.516699477942
0.484401434783
0.394710290436
0.729037666278
0.504654063217
0.497853981015
0.526358503778
0.447181826831
0.490048377274
0.374082899249
0.643713042365
0.628349478215
0.534024853347
0.605922519482
0.570282696195
0.646830564268
0.595065800862
0.454334479895
0.5109607499
0.519788366197
0.248365664684
0.54259322998
0.475790204099
0.508122328382
0.545183259287
0.605860133556
0.427456429757
0.516768700215
0.569041182893
0.434168990688
0.633291046102
0.579002225205
0.477260517506
0.467629849793
0.449002010418
0.532811615907
0.486110157564
0.678733347324
0.543817709938
0.527553938758
0.537359429072
0.491840712587
0.592487728031
0.54739224493
0.609639749922
0.591135782606
0.369919677292
0.699332848239
0.354793637413
0.579833797916
0.664055044876
0.597515009938
0.57687647481
0.683601047298
0.662494253479
0.474068110563
0.522375108793
0.569050875373
0.6533167529
0.625654106997
0.58296355042
0.430697925973
0.371458065877
0.780648574076
0.592126841025
0.513260800168
0.56905944077
0.615010354577
0.615106379416
0.407737239868
0.507827387722
0.470054105444
0.511009035126
0.541507138822
0.603557812438
0.643293433825
0.279632722961
0.49451314794
0.519056235852
0.592744605387
0.582249592842
0.531733148984
0.470241417646
0.44172304761
0.496663529173
0.486666391252
0.505466518448
0.493146324216
0.570427754937
0.697365327221
0.605820688091
0.532578145033
0.38447336219
0.619175278707
0.325309739539
0.485161309651
0.725170636624
0.55769438099
0.476765848126
0.59005373281
0.565040281248
0.536759694334
0.526671243092
0.635069380569
0.678202840391
0.5096204606
0.631667166283
0.423365240756
0.457887458142
0.648549053816
0.409833660801
0.567031462793
0.612172930676
0.44110889857
0.533917571679
0.433908407155
0.536342177058
0.36245388928
0.619715486957
0.536297455762
0.635762145531
0.33576109073
0.490876112102
0.667033395959
0.533093989821
0.492300317254
0.549511618148
0.622136647136
0.469180664708
0.598456489667
0.566122715977
0.481286864206
0.652419142177
0.438585383763
0.475205327284
0.595537038468
0.442212304561
0.751687108176
0.455813467992
0.429003719753
0.611221191737
0.596981142603
0.513463151409
0.563607048496
0.391670719916
0.415297262802
0.496840980386
0.651030795984
0.591080419857
0.368632572663
0.580890701813
0.676881758327
0.554722666913
0.64233173668
0.561287499193
0.474634298205
0.57247957076
0.659896401352
0.618864501492
0.569678692831
0.597219900967
0.492732857434
0.487148010215
0.56212476782
0.44832447504
0.453255297466
0.597249512126
0.496627041644
0.454006606621
0.45941596651
0.429695155028
0.559598120958
0.613887418126
0.567578249635
0.412676659071
0.545590276253
0.47940249839
0.607766643242
0.478109196369
0.609901633101
0.491680339816
0.582282534162
0.368329756503
0.564396513129
0.543170178518
0.336541130458
0.692892482476
0.572256994732
0.516104115391
0.468226618205
0.690961821152
0.527280545802
0.477228362461
0.621762884476
0.519032211276
0.609890145125
0.444304030096
0.52342373658
0.484713282809
0.559804997099
0.311055813937
0.468100691899
0.562386614944
0.546748032197
0.645734343646
0.496233272358
0.518618726184
0.451328601418
0.568659874451
0.499627992315
0.543868308164
0.506516307065
0.770262724245
0.479944492356
0.518396386801
0.741545914055
0.472759960957
0.523516829483
0.472602562507
0.516660900962
0.745524219219
0.611664370971
0.497468954204
0.437415228648
0.459429931392
0.478195548414
0.637508530311
0.573100069348
0.441230786597
0.46687780223
0.42313999946
0.568932345002
0.586253586364
0.319785600259
0.432957645525
0.459859882749
0.573656868549
0.499070450683
0.430291834887
0.627674493961
0.621021529118
0.553679395071
0.616252465524
0.528813502144
0.41832013694
0.377874046929
0.576337445528
0.430938184024
0.35337212005
0.676388886023
0.611297066952
0.548768125973
0.518903194323
0.460061053329
0.441353932396
0.575297681627
0.588695813255
0.674769070432
0.612080774127
0.555417377284
0.497176282356
0.512155504566
0.468237842715
0.528254933257
0.521810638047
0.498315818636
0.661618083766
0.5085094278
0.537551376081
0.616375860133
0.700768101921
0.578682284152
0.597848190909
0.579292308619
0.636848907381
0.6344891356
0.432328583899
0.549969598355
0.523522229789
0.398619751691
0.537473610579
0.470128503892
0.535892856925
0.501307891675
0.429693181343
0.4394953862
0.561752150884
0.437329922615
0.644313989376
0.64714147205
0.425083874199
0.54001334965
0.54546500135
0.544985417033
0.519744041362
0.644377195934
0.363190915657
0.470572222354
0.540831033441
0.505699097872
0.472736526726
0.666570468533
0.587854738774
0.495557532606
0.573387623292
0.509425398731
0.466092684254
0.448554161359
0.441848183854
0.60792943656
0.454534479906
0.645752742154
0.514379641308
0.396749268969
0.557878610397
0.562489181002
0.447372317264
0.51506140626
0.550244994142
0.625385431993
0.478377082823
0.440703135475
0.627352683935
0.677078063694
0.657355610773
0.477049242953
0.371454933822
0.560865820897
0.504950196036
0.648479177523
0.566875256027
0.683022771735
0.401029881634
0.34894882326
0.593238372414
0.640293670273
0.434727364106
0.499718850647
0.532363737332
0.559173244341
0.559964235197
0.361643319079
0.7415486169
0.549339547654
0.437830199436
0.533738964247
0.390609212463
0.535895359578
0.51258681749
0.405824337121
0.482589885442
0.589219887763
0.573039826618
0.658552475262
0.627957137131
0.49589373544
0.431327568051
0.321857819583
0.608253543317
0.456023023644
0.591858070331
0.577319102438
0.695378822781
0.583438156123
0.436875890915
0.735273243181
0.513446431189
0.572735587646
0.473351931636
0.55130098565
0.63653496392
0.4842480989
0.577128991048
0.678312940342
0.542137712757
0.497966754178
0.625864464948
0.387192198599
0.468809986875
0.496646698392
0.593139211959
0.602149587282
0.579849666029
0.483110639651
0.553699749624
0.560805958117
0.518085179664
0.502661421721
0.405181784733
0.496569279947
0.601744285544
0.561123213625
0.598745279309
0.516072534194
0.58322187361
0.461803305152
0.425819267434
0.502149462458
0.534884366166
0.499745742193
0.52235436148
0.535506541391
0.615670515828
0.629389392325
0.575446343379
0.423861821956
0.59851632691
0.471770974652
0.713869703238
0.545453214817
0.485580577865
0.73886137845
0.716877889136
0.516061027925
0.732704788754
0.591189424191
0.545918417784
0.510243068423
0.526069889879
0.67513740638
0.36543926273
0.654197279996
0.479521549589
0.549739415998
0.572307853407
0.399446221255
0.523711279904
0.452027571624
0.437365077655
0.529799616712
0.476281847833
0.452616585716
0.586802273826
0.393318423494
0.598372296085
0.592623127464
0.598353951808
0.487068925782
0.483221791587
0.480226833583
0.769166885091
0.436523558068
0.617399943235
0.531658484309
0.672677636502
0.519157401423
0.529893441683
0.536809227822
0.487380591358
0.458873627125
0.566364681781
0.54434722153
0.474673008955
0.295984615856
0.444129505203
0.51915626408
0.407277899996
0.486304926552
0.610960265482
0.56229399225
0.419504206775
0.727432820326
0.667425865616
0.549511633667
0.30533363119
0.518963942749
0.507026159645
0.676666613956
0.709768698947
0.692003677316
0.569719991217
0.394303634205
0.389130184573
0.492637202316
0.652102574956
0.669690295251
0.605804234266
0.519536689929
0.380080090987
0.445838954753
0.498566887252
0.54391667463
0.579250563889
0.484811596647
0.676209866917
0.494043894086
0.577184125449
0.400977886672
0.632741550248
0.572314137851
0.657184843975
0.383066481979
0.572429378175
0.529679661541
0.636862719583
0.480258908752
0.558147155305
0.447604831945
0.538579024727
0.466836427215
0.638595133609
0.315983082081
0.537774684434
0.562801326285
0.599950817485
0.548640163898
0.343165997657
0.64151392333
0.459611159065
0.659518465635
0.521203811334
0.584381032553
0.535044231824
0.3934455367
0.525562454798
0.461854946284
0.435454010379
0.50873243263
0.488069876681
0.527626091052
0.522310140433
0.582612641512
0.311116177279
0.623063886279
0.613379780329
0.5382394645
0.595692625752
0.539692304131
0.430221751341
0.554992089555
0.561835655154
0.597424627403
0.451006061477
0.603354455679
0.606693356309
0.419541680291
0.488226513526
0.562409140061
0.460739043873
0.598166940679
0.43724701291
0.457341509596
0.492196005846
0.372951553872
0.599091691453
0.538280373075
0.605560214766
0.407859250344
0.567003828103
0.559519677846
0.621522345734
0.626891033266
0.449199655315
0.560850597366
0.409213448954
0.439279385155
0.617898174711
0.561268125308
0.666050152836
0.648149588453
0.603413127414
0.452268881421
0.441040626802
0.620756138346
0.548658211056
0.51803021653
0.64130205703
0.377759231576
0.471188831067
0.609272275827
0.396679890662
0.548291054879
0.533594802361
0.412745672534
0.450073592282
0.603808415958
0.581076790879
0.688466761724
0.395659534362
0.698329699372
0.563148052245
0.578779819505
0.457579061531
0.46477367831
0.537594483056
0.656721717699
0.527941513602
0.322490352671
0.683794730676
0.751842580807
0.512977322064
0.671084111497
0.578745809958
0.478085152987
0.400694167052
0.633618083548
0.486994065138
0.444158574905
0.485546830984
0.546709471372
0.515242949776
0.464955540067
0.450675156339
0.507981227773
0.473652874525
0.630195105825
0.499357151447
0.473478196724
0.622098028823
0.547465349903
0.606640963514
0.482732081691
0.604657269202
0.471573161341
0.43901323695
0.595375696113
0.573861388704
0.488540195946
0.48542013256
0.494742137691
0.329570544717
0.357133036398
0.394738579775
0.564212505246
0.558931994016
0.625220927809
0.559177759252
0.544415295876
0.506042628387
0.407881130369
0.607637816815
0.725401480265
0.688648061316
0.566089786749
0.591688072661
0.55550096227
0.3677355759
0.511632703586
0.363505501592
0.657191656978
0.699557445403
0.483291068224
0.631295277694
0.631521495726
0.379794141713
0.531543586715
0.479202734325
0.391554893478
0.56387526258
0.630924797242
0.55971991585
0.559421827275
0.61100941819
0.472895465795
0.398853580868
0.48929995502
0.733404541722
0.587864213134
0.488111522797
0.64724752448
0.735860354161
0.70780577693
0.494886422441
0.504611798
0.449611775132
0.503616731286
0.425996189224
0.580695734477
0.473287566067
0.519322177176
0.482674077455
0.609092284855
0.458632414134
0.599119774577
0.557481785726
0.561848585649
0.610839488027
0.550007142278
0.505604342261
0.466971692636
0.37809980449
0.523240265686
0.622655042533
0.305602120876
0.425152260527
0.424351344107
0.684556307771
0.598642512563
0.544627455034
0.595431836185
0.497333895203
0.497518142924
0.637630212288
0.377335234938
0.52268214744
0.641450526943
0.644066058442
0.536705588975
0.41240153543
0.467369410191
0.503938990256
0.578868167629
0.56948682441
0.545836036296
0.441969484235
0.588869106969
0.471951635192
0.520396581988
0.515425405163
0.634429717531
0.511560897073
0.407295493433
0.803391851687
0.483591640375
0.772302336883
0.271403076034
0.390089787668
0.554773549702
0.414158545308
0.538731263046
0.524196024879
0.424751921536
0.43453107442
0.608184458003
0.584126798838
0.581960798415
0.497648814655
0.555804388634
0.488405879394
0.500921142516
0.398636056926
0.639659803043
0.277792586067
0.477085318804
0.437771353473
0.695109921469
0.476327870667
0.42398271643
0.653943266051
0.640637056814
0.601069409317
0.457289099598
0.588094046358
0.514880048005
0.538654673408
0.648434498219
0.452796345895
0.471375494819
0.467865311664
0.538746556365
0.656626844844
0.367570874688
0.531370801935
0.833026723448
0.476596707065
0.53240955012
0.496023870716
0.537499192862
0.660160242672
0.61552534032
0.654531124197
0.493706730654
0.73632084679
0.699563662166
0.560012949605
0.41012519751
0.53515386544
0.517197853754
0.457686503834
0.604429153861
0.578959059041
0.402411446935
0.437182036706
0.591465784179
0.545851513057
0.486184441567
0.508244013527
0.555703096938
0.594983329728
0.530709473656
0.526239759314
0.591650039522
0.737284867731
0.560234637993
0.602518959423
0.444028630637
0.510241778716
0.569371102935
0.472784907
0.609182184404
0.552560322091
0.438687830844
0.634838066016
0.500127933496
0.687523925029
0.55781807719
0.451548792876
0.601389424794
0.701558192894
0.748857792266
0.406356925509
0.501526117974
0.535253709291
0.672988904136
0.620426324188
0.479444643123
0.509666836709
0.488720563938
0.537022213898
0.562016042934
0.598952344414
0.533570397178
0.593772713286
0.561158965929
0.349307064162
0.462361698321
0.600156167963
0.503946189922
0.489515952759
0.568462293982
0.547169354741
0.560477638981
0.688258253103
0.688104080936
0.363787499087
0.564318875523
0.537691364423
0.414028387545
0.5412089969
0.566674036299
0.58176557983
0.642868700443
0.535700637987
0.472282640589
0.61875035748
0.510242706127
0.478131661395
0.574732695187
0.56075241969
0.453910449954
0.563357437968
0.598889801077
0.413441818476
0.615875478275
0.355020331082
0.655687604988
0.539288489245
0.583180375404
0.5309244607
0.521532941957
0.579614476468
0.511127362389
0.556255217829
0.490247591324
0.633772132594
0.530242267005
0.383736992054
0.465725697344
0.589132573608
0.545099345494
0.273306801827
0.707944499731
0.564261707806
0.572188882473
0.377375690035
0.491948877979
0.620899973616
0.615350803918
0.497954311864
0.376965131287
0.720895482334
0.426637099217
0.456838471052
0.620541043629
0.393906987536
0.66993273713
0.688228882193
0.538783544328
0.575749657743
0.62618320093
0.434352772694
0.525159566031
0.516328851065
0.689580157732
0.417934486322
0.66991812115
0.641286669342
0.46571355017
0.947783134175
0.733514893294
0.572585502258
0.436093110194
0.559713122908
0.471179252005
0.599406923209
0.520760654512
0.605913170805
0.602375295632
0.54274222369
0.447287744414
0.517136071243
0.620316948526
0.567985983321
0.59692700856
0.515627860632
0.492876706636
0.51002200181
0.481458185053
0.65766578743
0.59845240952
0.449960198709
0.552701546927
0.551760587292
0.611248449725
0.407132577509
0.539628420537
0.507031505264
0.623136895027
0.764002080934
0.702253731108
0.404514423879
0.624783271745
0.678498368672
0.67813632727
0.612712411582
0.577000305489
0.555018080974
0.586630078916
0.611131715485
0.583023612462
0.5654074946
0.500626164626
0.417045417526
0.725205100407
0.574685683962
0.450510440275
0.454861775952
0.437022922259
0.749087767553
0.351169031712
0.570389207218
0.64587580464
0.355318437781
0.557727252315
0.548570986633
0.55426269824
0.581940519559
0.53568090958
0.534305483939
0.669334533309
0.689184464144
0.589051056877
0.643899649333
0.541717351914
0.534073778427
0.671367363415
0.465130185299
0.661383973377
0.454454648565
0.456587632431
0.425781879651
0.612618178929
0.44994817434
0.546606270594
0.627371829841
0.47982085997
0.531672396439
0.622727033153
0.484027119953
0.375336617632
0.647719580986
0.451276051406
0.413053220798
0.539408934705
0.462497472563
0.629013204862
0.443882188659
0.637602141165
0.686047372297
0.537394113185
0.411552765824
0.499849939661
0.660142537524
0.527817984113
0.582683883644
0.716544649745
0.464627242065
0.488275090552
0.616336633657
0.65642361485
0.518230291514
0.521096148654
0.562360087031
0.628485510401
0.652671571861
0.534163713235
0.535165783031
0.344120810296
0.327695442553
0.379357950122
0.624531175735
0.546870258676
0.48504307901
0.561810685212
0.492201418979
0.593616512886
0.42968920254
0.657078516995
0.534829111302
0.471718369595
0.472568012317
0.408786787382
0.584121593221
0.588397481061
0.437784546591
0.546544349075
0.582935566152
0.567349684974
0.579818386927
0.537405901633
0.467940724068
0.633825488834
0.794567668378
0.397828297985
0.456972058034
0.506913453389
0.578977964384
0.534550330062
0.754939321687
0.471170180005
0.589940961708
0.413018137349
0.485364292772
0.541498002345
0.732649094433
0.500964091242
0.457533743322
0.439669158292
0.646465123905
0.68593006874
0.55625535504
0.620031126864
0.652723440861
0.541504427469
0.581962548413
0.608351596589
0.700276516582
0.682970458189
0.581875964585
0.507613885122
0.590495246399
0.56096438923
0.530887686333
0.427588835564
0.894518450334
0.431482799127
0.526720070783
0.500887766856
0.383255566756
0.682899137654
0.400164125857
0.500177826322
0.565180079521
0.657573327916
0.441235767809
0.489621585719
0.637550392394
0.521076913848
0.554929532714
0.583241352365
0.480611714874
0.550842860792
0.527543891354
0.531068520604
0.647758632012
0.532769614529
0.517117785649
0.689166313594
0.529665367933
0.595842883864
0.569250585095
0.663437442586
0.532382783939
0.512809767197
0.705071508723
0.273676508356
0.446553841349
0.546872645797
0.566864406569
0.33035900177
0.5003280423
0.538907609223
0.399832291587
0.474574859454
0.487540926682
0.316633357513
0.538415854019
0.561772114731
0.508677006715
0.575105521956
0.504762360235
0.597326951218
0.348401797897
0.464992670631
0.381708547122
0.459333628291
0.434507061861
0.463868045769
0.478678355443
0.644031363868
0.620754176302
0.583979879559
0.653464623534
0.49762857197
0.644695115427
0.618866088452
0.501257636346
0.660499676614
0.524868956614
0.576376810603
0.423312446977
0.541473733356
0.45284727786
0.442678754088
0.723459639853
0.515921759754
0.506778025353
0.449753696535
0.484986256613
0.573259717538
0.767008076684
0.677635252052
0.612987209386
0.573837494615
0.464340873487
0.599655658218
0.613459251085
0.531855034194
0.624559490814
0.424967934477
0.548254464068
0.491170981868
0.465878284484
0.603301468949
0.485868685067
0.631157244426
0.568761070623
0.547476664338
0.595649836218
0.635072701815
0.515908515732
0.475686136919
0.610259466674
0.461079967764
0.427835333104
0.466121656342
0.438946644809
0.473558408243
0.588810161571
0.424651944934
0.657322179471
0.683317663785
0.544793178941
0.607702359838
0.448802135544
0.503338009762
0.580596627157
0.444211504748
0.493434629046
0.556652585744
0.631872022633
0.477091881789
0.520185054062
0.492392205736
0.36946510551
0.46318321557
0.573896450208
0.497088559887
0.545535156797
0.513128199349
0.55270772694
0.516240451065
0.56571303647
0.619816098172
0.456461939313
0.571009100089
0.49834841189
0.748553288254
0.480448276512
0.63124958512
0.523346506163
0.640060428659
0.519990133176
0.384626352845
0.620216382203
0.504592953245
0.410020738732
0.570630184668
0.593769357655
0.518773247468
0.553761878673
0.60017290476
0.669089794195
0.391319936984
0.602176269866
0.375374052812
0.593978001938
0.482767846432
0.598193048949
0.316550234772
0.516034823201
0.549384134502
0.645382466253
0.463339343323
0.475063759147
0.488691810025
0.612819221963
0.673627472641
0.633265174973
0.55278003766
0.511545108244
0.448335397897
0.618132534905
0.598092012205
0.49127884413
0.5183184719
0.523556918868
0.496780484244
0.499041212464
0.651581601341
0.593735142661
0.486302056133
0.533528305296
0.59751947323
0.492363200702
0.494931549255
0.541774765342
0.577091527783
0.37604706601
0.737852731449
0.460512539377
0.539934719333
0.664822122869
0.427928216993
0.569739433473
0.576201092546
0.582241842438
0.595804640853
0.503847823699
0.613089389
0.407745137595
0.652268491197
0.426149661529
0.645020903795
0.390829703673
0.644360802096
0.51737582048
0.502374731902
0.551215463709
0.648101240322
0.472967709855
0.627007420389
0.4131439598
0.55318889005
0.500499098798
0.468857332296
0.458431020661
0.514186192332
0.494297934197
0.522326404404
0.63090216939
0.401099000792
0.517112948225
0.436577082684
0.636544230197
0.592985848153
0.44547898516
0.380643924794
0.425246679821
0.62806219897
0.571154910388
0.491843017592
0.411966351129
0.594921215107
0.551546416334
0.552956710998
0.614150770409
0.66401888016
0.462564376315
0.641017943049
0.541814687616
0.67591448397
0.495886044885
0.368569194437
0.530482223341
0.523692402967
0.576191162592
0.561405003248
0.532541767599
0.468836514318
0.460866993289
0.478204638062
0.546345182887
0.527560167845
0.526199799159
0.683594900952
0.46386816163
0.63072273592
0.594743068515
0.495705441903
0.605113277776
0.485665921005
0.485140932477
0.75076640223
0.499308759218
0.50326521846
0.492488941246
0.672641099624
0.5396767676
0.614472061733
0.476446294344
0.754284135186
0.39976780051
0.615361468107
0.501970492945
0.62608619703
0.343070177909
0.500998003128
0.407009454158
0.535625123684
0.759381752967
0.518994530289
0.482318288269
0.464225786316
0.536289756798
0.467596301234
0.651520990216
0.456790803826
0.548048461694
0.691803646032
0.667845972069
0.416700249283
0.671376834732
0.53246798409
0.479260085708
0.575144657321
0.315787878064
0.493416828081
0.5421161101
0.503221326108
0.407127339303
0.489201853817
0.503275646424
0.512439958826
0.527710874298
0.475074265774
0.494330412684
0.701045003122
0.507587750411
0.463861136749
0.467513213302
0.619364660357
0.342244473822
0.569937119915
0.414500396963
0.587177711534
0.472752921276
0.53486037069
0.582004953789
0.621113467363
0.670239672526
0.404181740986
0.419672609825
0.446129034868
0.407995964362
0.602444494729
0.615034030014
0.396866113325
0.670623609281
0.527467466105
0.630657238517
0.552802062576
0.522841833208
0.618712701023
0.707069705398
0.485583697479
0.475894072089
0.51993420557
0.530462993003
0.704416161894
0.42760795843
0.727027260536
0.629739283489
0.388317936992
0.521936499296
0.463530196399
0.516513943343
0.332936982219
0.469892451832
0.385291326223
0.501994843003
0.46819587476
0.625527361076
0.677314157449
0.665236962501
0.453927873948
0.461325849293
0.624181220899
0.412891339234
0.535335497662
0.58459753002
0.436745592618
0.506632556452
0.524811750613
0.509009675666
0.587027001944
0.534233836571
0.410071641463
0.51008279529
0.448846458515
0.501124617849
0.55089454222
0.640321923365
0.619289833927
0.61447282666
0.437218534038
0.549071116431
0.499823077503
0.394867380327
0.39347001599
0.564812180321
0.494800552468
0.550447838767
0.400362745787
0.608507027347
0.554517776045
0.687548164249
0.468866771502
0.549636051234
0.450129340955
0.568970115212
0.480302716115
0.477786334363
0.595301328994
0.489299473769
0.399971296084
0.577892644874
0.48387424775
0.541851299891
0.394059594374
0.698574190166
0.543702347366
0.394428941453
0.695085426177
0.417165828988
0.47551569791
0.670839442022
0.393729985435
0.583877559717
0.61292532937
0.621091463251
0.551968718563
0.578901500672
0.533653423972
0.379875858185
0.524114065826
0.483295048245
0.395043685502
0.543616794905
0.404569160168
0.468624242297
0.479037461518
0.572762348285
0.522154678675
0.531757962881
0.355996901086
0.589643939256
0.614441337236
0.619729607193
0.467770474794
0.525608026714
0.68820456183
0.432729014491
0.689064341959
0.600566358005
0.694269754665
0.56071200387
0.427406919056
0.61039163401
0.445813422344
0.562567797698
0.587446797091
0.651456523629
0.493612902542
0.637409446024
0.676440674329
0.420617955125
0.567894891265
0.52647998889
0.383792157745
0.581415860603
0.560824956703
0.506754094276
0.443499472466
0.418677716298
0.410749080728
0.558904130174
0.386967372435
0.457948358942
0.584205518587
0.554492376039
0.514432001765
0.488127554461
0.467046619319
0.533354730209
0.604553192609
0.368766188385
0.562771773539
0.524930188544
0.489744752923
0.359436909183
0.543446580524
0.408763861254
0.497358519482
0.447477639862
0.434902950686
0.371657481321
0.476270610004
0.471356983448
0.519886167113
0.517393045808
0.474115656995
0.477067404496
0.500127977403
0.524945874682
0.424353862448
0.544602908167
0.466888726204
0.621884123397
0.439078832953
0.451511498238
0.407648066302
0.503284929995
0.41805929864
0.524177235833
0.536245840186
0.493233669436
0.447769623349
0.536654239554
0.628722764153
0.494152921073
0.489027610209
0.338318458548
0.567063515941
0.563922003652
0.529900952042
0.424349888607
0.532334998653
0.667145148768
0.556101389807
0.515974263034
0.481195064597
0.698572785152
0.579298528633
0.586024441968
0.380304170069
0.512976833694
0.283265925384
0.606574614894
0.533036610644
0.415447817473
0.471171728112
0.404069544232
0.492887983018
0.496298424451
0.531066397178
0.510237704349
0.364511796043
0.464856220821
0.651706604985
0.478945020555
0.439972618542
0.490575423471
0.507004675905
0.547961219527
0.455119021816
0.566170680766
0.506141546267
0.534608282754
0.429843795036
0.760904088621
0.487323912916
0.437425539419
0.567591985636
0.757715357432
0.6510075102
0.648071323342
0.452497255798
0.508386685931
0.574577301652
0.459904028908
0.555199991784
0.641419879206
0.486848922573
0.530410498865
0.631712409374
0.469469990728
0.480440284601
0.414753241879
0.626998797544
0.472297336518
0.691188048793
0.630206842707
0.507558782425
0.554132714749
0.690940374348
0.485151754121
0.796744070236
0.554089983541
0.391453793672
0.576515633992
0.457022152846
0.667118214606
0.631792790946
0.52797207262
0.533424322996
0.54236478875
0.418565692449
0.450451025051
0.601084815218
0.305951993669
0.608539009849
0.590820331497
0.50384227409
0.613827056706
0.549902812055
0.405570798685
0.496470347186
0.751185749522
0.503915848156
0.478391811457
0.708114994445
0.421772062515
0.482571713767
0.333389831166
0.394169347565
0.537960978555
0.455143446808
0.609157130571
0.53437764875
0.687779588846
0.757419305267
0.496961244613
0.518959401784
0.570433814584
0.600744253364
0.45350278901
0.419645193422
0.536780287692
0.328162467705
0.560477572864
0.62509860444
0.472623693208
0.519237256198
0.452401626164
0.512142286972
0.814253026217
0.462272478566
0.449333460242
0.56070001824
0.598378046703
0.512398271135
0.614164274604
0.432101458128
0.628175802483
0.515845311098
0.466554499243
0.701381665245
0.685939068015
0.687720552639
0.512602969031
0.499509338205
0.604652450818
0.495649950112
0.727098761315
0.529675793931
0.664975730724
0.623362441817
0.527999277962
0.627809166492
0.562209864335
0.37865090021
0.531802431236
0.526786982012
0.545565015373
0.626878994201
0.508000144228
0.547816201541
0.583859682473
0.404567000622
0.536179578275
0.485828561896
0.453656111614
0.559217524265
0.556085185654
0.501073155374
0.408938886169
0.468740151527
0.407896064628
0.668614518281
0.545865154488
0.665698338714
0.58237275578
0.625548723696
0.419948023864
0.583347378973
0.696286972659
0.498812046858
0.676175141862
0.733904893908
0.621057428501
0.463520880957
0.375884396088
0.684956880147
0.412006982758
0.544732733193
0.428545080151
0.371403051943
0.4934465538
0.498241157187
0.51498714406
0.48651169084
0.59633020455
0.61144530243
0.375829659022
0.452050831846
0.628901414335
0.650434987334
0.531408014921
0.674436520331
0.556081129674
0.458072655876
0.517707934391
0.511590535988
0.525354179539
0.384378924863
0.474472121754
0.495741656566
0.466320774926
0.577634511322
0.396806535997
0.623765987709
0.519281984717
0.47224599258
0.344867515084
0.440416044162
0.589387672422
0.483906767905
0.533379841893
0.528030228754
0.463829644624
0.421630970805
0.488349203347
0.456293281222
0.490168521747
0.432430559718
0.476414209817
0.594003495941
0.563809015273
0.457039762093
0.719216874151
0.603042999821
0.530851410617
0.547455360197
0.643670632094
0.628196523308
0.358728544394
0.589502286794
0.518675366109
0.408203008118
0.53099377773
0.573498521035
0.642470870749
0.515567443884
0.483668083401
0.562214187905
0.728465022991
0.68170011845
0.537139736288
0.426064316581
0.543366370439
0.461854027179
0.516981236142
0.682445398194
0.340658572441
0.56075060698
0.687601362807
0.573262259511
0.610771720208
0.685214710101
0.369483178885
0.61541706863
0.398211712877
0.365754798114
0.606931061297
0.468872473564
0.298733005554
0.628574752835
0.455822814929
0.432811118369
0.620422231805
0.588218422724
0.420810999076
0.465824414025
0.56658955431
0.545290576565
0.414701484709
0.400982374676
0.645558032508
0.537698001455
0.657230407215
0.548205713315
0.5475952443
0.677521255981
0.622879769198
0.5325705717
0.495286955731
0.495715916792
0.505547750455
0.546192438498
0.417319132664
0.534117864088
0.460359311941
0.557604378255
0.509461920768
0.562694883768
0.622975816154
0.571601227353
0.605736332012
0.787517607503
0.501519393203
0.382318679844
0.590832307464
0.478484579667
0.61651232487
0.594957551678
0.673380951521
0.578363385982
0.483548922226
0.534085129272
0.375421731816
0.518828538089
0.464127283241
0.643459588973
0.436724320923
0.575106061499
0.511518080887
0.748380679369
0.649107835239
0.519303526092
0.534824319382
0.449335666101
0.575639792085
0.617737070933
0.657880489911
0.487313225799
0.528366609315
0.543393079671
0.447557540162
0.554414385081
0.445071973755
0.579956461866
0.454580447648
0.585721096769
0.496079741399
0.475947983808
0.470718618899
0.476022061596
0.507951609935
0.568113830821
0.522149439742
0.504884054611
0.509186992726
0.529004432873
0.5719624759
0.672047792556
0.481463272583
0.537218618512
0.383319892911
0.679942377163
0.424214441189
0.515748201628
0.575235013697
0.533952229252
0.66699915251
0.521019935781
0.646908757286
0.593835220533
0.540993681869
0.626938381849
0.67835279929
0.526862894659
0.607611360827
0.522334449641
0.582842903185
0.553140852363
0.54995738142
0.682408850453
0.749678352074
0.650933280854
0.553540287366
0.419265911404
0.360530352657
0.641252799093
0.602772307412
0.511658064716
0.583859715557
0.63545026959
0.463765406733
0.477773041017
0.646648735787
0.725193237058
0.463779955124
0.606244816302
0.549569334976
0.520814508886
0.536923006141
0.703048189745
0.586081322888
0.39360442863
0.418511345253
0.365243034715
0.507143141742
0.533472798957
0.653265068096
0.583026905683
0.5017007986
0.410109373024
0.615574233523
0.453043163575
0.738853476795
0.824162294787
0.582082930715
0.427686625519
0.546446947786
0.548333075102
0.540107011557
0.414884785601
0.55929849313
0.566896863847
0.600461919196
0.555264805019
0.514445684716
0.452096356003
0.364771426478
0.5952090897
0.536686429527
0.502085726079
0.451217709762
0.508598881909
0.596720250736
0.586497762603
0.578999310357
0.646825987054
0.682119196199
0.480521933889
0.476292494722
0.624109478653
0.580084291616
0.503619357385
0.569366834039
0.602899291883
0.633043571733
0.48471714077
0.53689336172
0.390303611256
0.707616071523
0.48228484845
0.410907606641
0.486561050737
0.465437401149
0.611001372971
0.649013560677
0.466728872995
0.371953907011
0.656895634796
0.527328932119
0.502142504027
0.441678480626
0.562464361305
0.473703281501
0.405051452674
0.604487142662
0.433320668744
0.42254339872
0.470608834975
0.434409114972
0.625738777937
0.464288193013
0.543068023003
0.456238936095
0.352229905965
0.632487029763
0.47348511556
0.532231785724
0.471778979929
0.772046601603
0.500303595633
0.421430482804
0.530050020139
0.446089019033
0.572249068351
0.50657267533
0.616615997079
0.664709760562
0.51178067937
0.57315889535
0.502240437552
0.583131350535
0.508036623593
0.599626774437
0.435573593601
0.55769500756
0.510743155598
0.501210224489
0.416777311048
0.390859958395
0.509123619962
0.496915700356
0.426783002992
0.631140835819
0.462200707146
0.608453399543
0.627945929229
0.528948970047
0.64100231435
0.4502215164
0.434418336272
0.583212341001
0.698149500337
0.425528742499
0.518304485245
0.466860211696
0.590706515096
0.607662971201
0.478674788298
0.525974508674
0.492397456072
0.358864142373
0.314747463756
0.490155817746
0.489139934645
0.686177303436
0.572598341697
0.570505368312
0.503689351985
0.52858054781
0.654041979196
0.498562166109
0.515905668568
0.434465519903
0.605324141344
0.55601373495
0.586654332439
0.468455999684
0.454337554554
0.623530703512
0.407954006146
0.456651414736
0.414340522258
0.409494790471
0.363754049893
0.531618068872
0.491036968534
0.660319599956
0.519783022891
0.525986612179
0.525733933099
0.472050713118
0.57085906405
0.493211404111
0.583814525122
0.45650172171
0.730421718981
0.446964480832
0.564881116739
0.36593051994
0.680243167694
0.504465381325
0.420834299681
0.450131152648
0.408215689949
0.517227870427
0.555042377122
0.624388801211
0.585305108269
0.530943147935
0.642891554326
0.430965765153
0.664613599614
0.656559729496
0.656168425858
0.691040973255
0.624378240116
0.495487428474
0.510176134655
0.535737574665
0.484426153993
0.55447540447
0.64684650149
0.53077755207
0.532841421231
0.549616603998
0.525186576412
0.52578633445
0.581844405574
0.534488441833
0.442152096213
0.488040295841
0.693639667634
0.397631899974
0.636734490029
0.545404401284
0.442517085439
0.631815811217
0.709522701076
0.420570993213
0.601399905106
0.383948440218
0.59682965503
0.661236513643
0.449040711748
0.568810870259
0.575948658059
0.528522888593
0.459172705045
0.50329444052
0.520105763027
0.646894414161
0.438197387093
0.559677399009
0.447025613638
0.362545417787
0.61425436907
0.48283321795
0.706929946332
0.659123504593
0.426333925044
0.358127526957
0.597347835185
0.504527241588
0.443027775869
0.781498450677
0.437647621465
0.446335987647
0.688362382356
0.7168232852
0.583988200214
0.525733357603
0.684961305405
0.510313030635
0.509947520699
0.344494399768
0.494214199149
0.616131215935
0.529741083463
0.489428793308
0.432226091665
0.61171534321
0.540655071231
0.640522547605
0.505442562036
0.511067630254
0.562222665943
0.493024943647
0.528947017431
0.544936329771
0.441003115326
0.439100077131
0.486254385053
0.733085445785
0.721513272615
0.434799603224
0.525803722595
0.37898267071
0.478644744185
0.450361085751
0.491690247324
0.595621358818
0.499991641377
0.563788264568
0.615002059594
0.456054226909
0.504543329362
0.490167167334
0.685706108783
0.494421329813
0.516211327428
0.679622115811
0.543080314288
0.452318852619
0.473852541932
0.496433387554
0.494737876923
0.527407352445
0.635187539687
0.559605723111
0.675220398339
0.481956869657
0.483724642489
0.57207566472
0.480235221013
0.433052380459
0.700061093876
0.670022683394
0.517711789336
0.584200448498
0.635090397
0.502467625158
0.488448933284
0.627236213566
0.590447973451
0.527037154605
0.609436940984
0.526644561891
0.679644222975
0.623762465656
0.492316132576
0.619195662646
0.581610087346
0.602179703568
0.410829435044
0.450022066723
0.440389135188
0.336969841872
0.3829265186
0.582170429895
0.528884846706
0.588319492897
0.419889319075
0.397976623725
0.510434019234
0.658584327251
0.478737951655
0.642405349192
0.428601236648
0.475966634229
0.490461727471
0.704624326356
0.496356952751
0.615143541795
0.485176044711
0.664812952192
0.385948971605
0.514464952092
0.60684817686
0.684561454075
0.256209108315
0.40520191793
0.520823661524
0.484765633079
0.606736920298
0.583271575827
0.479561373341
0.358523295291
0.49095531099
0.428302893169
0.617249894074
0.543279804198
0.470472577711
0.551443075479
0.505067343892
0.577710057171
0.506851326396
0.437433647211
0.37375888567
0.488180961284
0.439198666643
0.55005660647
0.604733394657
0.477773841021
0.448118106472
0.632901999409
0.598534189168
0.685173508073
0.456000974203
0.74010511671
0.515014969624
0.57735474886
0.617954364699
0.671648246562
0.52121338187
0.639146617426
0.592834088545
0.514394283041
0.546848210738
0.477265287024
0.548910223971
0.531422187892
0.654593434336
0.710956992062
0.464850996097
0.423419774394
0.371683234379
0.520165309266
0.488918183473
0.459858250585
0.589409617358
0.471303502987
0.57520068901
0.597590116111
0.402700971762
0.414369731428
0.47054564316
0.566281336904
0.543339928542
0.681011878499
0.587646467369
0.394346550033
0.621027565629
0.495248115123
0.552548372948
0.626692804428
0.350711321547
0.448717247212
0.56041880139
0.614747544788
0.403759639622
0.645852940405
0.536901540782
0.521619899877
0.427433969825
0.597337950325
0.495117593489
0.6098586259
0.67795214367
0.598905836393
0.5609460549
0.45496901997
0.549455731464
0.473936782514
0.518928251594
0.522011216743
0.466640744789
0.452547763966
0.454720624669
0.552559606291
0.582615676584
0.636005925137
0.549239135686
0.703601877767
0.493446864432
0.625546287333
0.500670840188
0.523000949298
0.453548436729
0.578926720573
0.458004325139
0.565508960817
0.454076854018
0.549868047696
0.675259011951
0.462140003743
0.519857266598
0.585991519597
0.56072476124
0.4667306139
0.540142793974
0.605781663845
0.51271000485
0.493293698035
0.492175870767
0.56914153534
0.433910836887
0.6091493035
0.579534509783
0.4752315155
0.639771345367
0.403237241553
0.339757831543
0.473866630744
0.45967428403
0.530937112463
0.416763809506
0.492016652332
0.521554009883
0.451581603532
0.496265116853
0.50788897228
0.520639674196
0.664120729211
0.434893168146
0.46164566436
0.414341095113
0.495810059335
0.515770309701
0.507153721104
0.546092137514
0.455104045461
0.599658023629
0.434416903581
0.684525279555
0.568214423252
0.501193377707
0.427206832566
0.531531003323
0.409916786339
0.448535376074
0.501704263683
0.433338349541
0.605684774786
0.626106584246
0.642240519674
0.45557952747
0.660991916085
0.580492371748
0.442325269582
0.588106860196
0.430359277777
0.50740621099
0.503488471083
0.635562115653
0.519627197065
0.647737414793
0.587299486534
0.614014100472
0.484016585529
0.42171047611
0.511178553687
0.53753239045
0.576341790164
0.441731120275
0.637996733703
0.507090099372
0.541233746901
0.727016937392
0.51390371418
0.571053870287
0.515898656001
0.561188249858
0.711557643696
0.58036865661
0.543294862366
0.393458234882
0.433101713814
0.50478181491
0.585516608965
0.584278780673
0.49066738627
0.400874302188
0.450078757218
0.508161024585
0.537851525414
0.523772028225
0.504678008933
0.372773910427
0.734127559562
0.488324966766
0.503639311061
0.5489297652
0.462403132832
0.505691808135
0.718469703102
0.483850801268
0.53239285096
0.507391526725
0.533832751426
0.556661562325
0.592648488822
0.677555860791
0.49569640872
0.433935171136
0.573666617414
0.609141725566
0.556079839934
0.621743842411
0.51728200271
0.608573441421
0.445861408651
0.460607927623
0.549840145422
0.654069542054
0.517993995898
0.290600623651
0.620979514059
0.381722963759
0.574855243402
0.537712278172
0.494783404354
0.476826279683
0.623738521236
0.452544088668
0.563140927305
0.568815027581
0.409967802594
0.521520417798
0.537269229856
0.481466848032
0.420274577903
0.530279944263
0.498146686148
0.738773482208
0.420096626435
0.496267672299
0.426333973833
0.401223282525
0.462074923891
0.622638489585
0.706358695455
0.576981602514
0.576188607856
0.529630602062
0.61821435556
0.830265090829
0.581216324832
0.589355447058
0.518470823027
0.345690380279
0.480105509264
0.733908923734
0.536862140851
0.573540638667
0.500346670938
0.542243907156
0.572152286465
0.287283934024
0.651909039452
0.564487550523
0.727887560767
0.371564256946
0.44718697831
0.466004973436
0.554449296306
0.42416722278
0.449039175736
0.473233512999
0.582519309886
0.600194190296
0.558266451786
0.503999545461
0.459394045502
0.464159119893
0.42180164599
0.605073017514
0.340359188089
0.433812148261
0.575390316468
0.536421047756
0.482198448654
0.431092417817
0.478776873509
0.577515512713
0.693516226455
0.586773150829
0.59032227916
0.581836796531
0.480851934461
0.498583429397
0.500176092485
0.411488310431
0.496014288733
0.515149423868
0.472506961289
0.580427303226
0.597933842894
0.3480504668
0.527521245099
0.702331677282
0.539935139719
0.498794967271
0.583593710559
0.466317248019
0.658386949117
0.531830995945
0.492855664945
0.441523882155
0.408154857179
0.592747136705
0.650713968159
0.501893476093
0.730491825382
0.614033999399
0.54647909271
0.461627138133
0.374752962417
0.59198059249
0.441559206696
0.556239509923
0.523643609349
0.504022546051
0.649392114085
0.402380176069
0.439664667578
0.619956976056
0.581365291732
0.516603233011
0.358811983073
0.591772013407
0.40622112336
0.366045628316
0.579953265848
0.557717241696
0.446206303621
0.568107698371
0.550019972204
0.531195989403
0.547991871237
0.396992487978
0.373064103201
0.427692068478
0.474512538075
0.518729350983
0.662676659361
0.472073469467
0.631769567693
0.592084731085
0.30859701301
0.582900453568
0.540763494808
0.494480392585
0.564521276457
0.433278116312
0.621559116549
0.345528107951
0.441426460713
0.421524943689
0.55275996256
0.485982606494
0.524239270058
0.666543382717
0.647652346417
0.555937995926
0.530902602225
0.558299460013
0.578727146773
0.424747572086
0.616290455214
0.683544853371
0.724106870779
0.758957375964
0.540691319816
0.5460873706
0.565728383771
0.537798204103
0.438370404112
0.558530332832
0.489249969909
0.494595216325
0.497320010021
0.473185405113
0.728794441015
0.621539825965
0.534134042633
0.553909593466
0.463115381945
0.61883410835
0.466539573758
0.475133415782
0.507484124334
0.423048833954
0.394107860047
0.437479296144
0.469317470446
0.529643685224
0.412111678116
0.530833925435
0.53213488343
0.371707410342
0.617385244492
0.601264238793
0.395456895281
0.743020350858
0.469111794681
0.399728099685
0.708139736439
0.463084416555
0.545243067633
0.408274922692
0.639438251937
0.613839294662
0.369697701538
0.573771079753
0.596737661387
0.564559333768
0.588665431331
0.510881511064
0.575300606717
0.567825792871
0.587144517625
0.564595311282
0.57442934708
0.569783517758
0.640661494903
0.395792985387
0.488737985768
0.598058506326
0.441203146265
0.420475242671
0.56476143903
0.441477815604
0.757089246815
0.571020694635
0.409338648364
0.65786610178
0.547229055985
0.607595696113
0.662229691119
0.473529442276
0.488854333465
0.497578125833
0.562738509921
0.611657016722
0.714945025549
0.54255928118
0.464378194382
0.551135358795
0.492691128654
0.530677150966
0.437973230757
0.383649510042
0.523586404283
0.459459777393
0.559239160197
0.463148702106
0.524298106219
0.590975800504
0.574295634812
0.435469516185
0.497320146612
0.657880238394
0.622592613204
0.52817285786
0.60270381401
0.376966051552
0.511735609078
0.68650525409
0.461158694785
0.415553991862
0.510507140975
0.544451920701
0.43087116141
0.576155174685
0.540993415999
0.44339796138
0.477437947539
0.294907584044
0.478203357399
0.565253308071
0.496452176123
0.512354181004
0.567007661332
0.69573432609
0.531869420778
0.484295443014
0.472327011591
0.519459864704
0.626129366919
0.50445620943
0.64851775545
0.582366517449
0.613203730132
0.64584102309
0.515889414966
0.417328973442
0.680200387005
0.651818740802
0.421377750604
0.611477336304
0.470841517059
0.390076593825
0.534478071885
0.541673194052
0.735828230433
0.527829644913
0.576227962572
0.492265100094
0.457863371699
0.541855749221
0.562743091318
0.771335722273
0.442591128521
0.618785175403
0.577895715505
0.494014269677
0.423509394535
0.584214000731
0.499983347396
0.564953982334
0.463483767749
0.492013823131
0.564781497336
0.427015184857
0.530436395643
0.537567788676
0.501826969819
0.66609794866
0.57525833973
0.393726307851
0.399718104536
0.36736091366
0.382221010795
0.502445103595
0.587022316182
0.447524497738
0.342735510751
0.531156623431
0.803068891864
0.644751781444
0.513641401923
0.485078445309
0.636918011552
0.547088153032
0.483187622257
0.593859748926
0.703056785718
0.50258413078
0.537230283761
0.567728822765
0.572667460697
0.54823834756
0.602390731914
0.553927249353
0.390229632679
0.464288464375
0.44930980944
0.441360841464
0.758725575813
0.409373029136
0.472746290981
0.639639991889
0.381160207708
0.570186858084
0.403006768039
0.679119216085
0.43103167949
0.520058058957
0.564552779688
0.530474920863
0.669055519427
0.560188976027
0.502109778179
0.612596235035
0.531623507195
0.400317011259
0.597256854967
0.534153822487
0.482631311734
0.435181536105
0.659182174727
0.464327341597
0.474572703896
0.410028036404
0.44793605267
0.45962927929
0.565299680687
0.583555571704
0.615430574928
0.401952377528
0.738930662666
0.319035703847
0.510594839211
0.510164978376
0.524170175115
0.496758652652
0.455024175942
0.415476616641
0.543258512052
0.699381320443
0.498602967213
0.397659656568
0.520676887965
0.594753083206
0.499004560615
0.419662923811
0.561828967807
0.631858587099
0.465254960221
0.677104289514
0.683837756139
0.478113360486
0.545396854118
0.574177134417
0.58191182527
0.363130635381
0.608511357583
0.52246321201
0.473302312852
0.493098332782
0.71847114578
0.448638842694
0.425053393436
0.62323248587
0.51442425778
0.578023298008
0.684275441819
0.441109578856
0.506512788728
0.61193765734
0.460453849572
0.588839150386
0.455614397599
0.738152751746
0.510944844278
0.65946575822
0.384398665047
0.568674231417
0.436919310134
0.631772510509
0.587046515185
0.435731558742
0.530390739821
0.629526738948
0.597903015945
0.52354295852
0.559764906511
0.488116340858
0.637577697847
0.459217810635
0.573856056464
0.488895134159
0.42090942259
0.644110567606
0.612946523286
0.437751453959
0.491339636204
0.473734646063
0.441346916327
0.511235823211
0.423492936455
0.528630536767
0.555937680924
0.442507184756
0.561343109253
0.522896293242
0.540146849027
0.350248996695
0.561952678086
0.520156912825
0.469407053422
0.398406207503
0.491490991995
0.41725284472
0.600562324348
0.510385650342
0.617949318221
0.46330641564
0.420445949341
0.498686695647
0.360443550419
0.619458897879
0.723328019774
0.621651818308
0.495768355832
0.407086499097
0.343678676359
0.327321589219
0.537472286861
0.511485236443
0.537707516972
0.45371059913
0.379847372914
0.414892547608
0.322586338048
0.508093835582
0.473201427205
0.602615917658
0.543926476165
0.559847753424
0.584635746032
0.577249649146
0.660290961567
0.477761350562
0.358943436685
0.564491894484
0.609846802046
0.566157274817
0.581186319437
0.51622859205
0.505362249269
0.594773625121
0.408405222264
0.456244700132
0.517026220412
0.511438920367
0.508098031565
0.531750643651
0.336252315066
0.438809982964
0.286398817863
0.470888778971
0.44216912496
0.509802147812
0.530204666248
0.441041748249
0.525109509175
0.546035023935
0.544339300889
0.522214040488
0.494838460494
0.388566663589
0.413657476171
0.492392101217
0.472236383219
0.438411446588
0.530028425196
0.447145424884
0.436003836957
0.523050575496
0.524215322317
0.557970793226
0.578333813431
0.527289188145
0.582930239193
0.545559491242
0.423496815071
0.455927396684
0.500381574692
0.545902746848
0.396570922811
0.617330854782
0.614452497093
0.659732337833
0.561827440554
0.342369222462
0.372919499438
0.515048168034
0.53355073278
0.434037433784
0.447154760558
0.632042433954
0.537353762152
0.55906483938
0.423280781512
0.521741754233
0.515737351321
0.522169828374
0.611041962833
0.553274785049
0.372713357133
0.314724310774
0.544067965034
0.528293705237
0.626026256501
0.65749381773
0.54251162405
0.492390653067
0.359393704494
0.369099865798
0.539770905158
0.372788379035
0.560294819353
0.569966753794
0.497993926889
0.503063234043
0.662693057534
0.381119886613
0.539097493081
0.442488580572
0.474423432701
0.489833891735
0.502421283014
0.491594402623
0.420444264145
0.583797949986
0.517966902292
0.717933135862
0.535488960484
0.503984812304
0.525538020682
0.317010318992
0.546868948036
0.658620413256
0.528507649429
0.590150545255
0.539922960431
0.567519319279
0.629659070163
0.490197063872
0.483145348374
0.50230161847
0.579596856988
0.464238181007
0.562390022335
0.495076016812
0.444921279428
0.620192289196
0.448639271021
0.551972536252
0.295448383931
0.713467166036
0.364598172955
0.518188058195
0.521917130019
0.541577576714
0.416628057348
0.732721867357
0.696024201968
0.637878544306
0.451118805927
0.464110086176
0.45203533523
0.396026589169
0.441601932872
0.554700343393
0.530773331154
0.575953167575
0.447903026507
0.406415511903
0.436760945376
0.393431096994
0.403956338468
0.66974782742
0.567462265202
0.554004030356
0.511331435225
0.746150946319
0.366081621255
0.544354375193
0.516933758115
0.496718995496
0.625672043364
0.514785066736
0.465689542118
0.640869084944
0.416527294099
0.654819406568
0.573150100225
0.456612272088
0.358202657934
0.538204111631
0.463952506046
0.532788120784
0.48696097438
0.578801413077
0.490482171671
0.439425021226
0.464476893251
0.441072149399
0.466744512216
0.598064733694
0.454795275579
0.695777946711
0.351960405815
0.442469507792
0.495979066593
0.515896062773
0.528454923177
0.386703209468
0.580534326461
0.608503775306
0.639177532674
0.700191613686
0.565480196375
0.684528159978
0.595216316178
0.555548895499
0.429430626739
0.367823944148
0.628532286758
0.588266089204
0.696236968373
0.671469690998
0.480257951948
0.47532243309
0.473884416081
0.550382758976
0.582096714421
0.551115940306
0.529968012337
0.679639574262
0.604947250187
0.472977294371
0.460303720936
0.571132171014
0.602727906995
0.621909723844
0.596788158508
0.43965380148
0.420250186343
0.67713755786
0.487686164139
0.524389622994
0.404769116324
0.563675304735
0.665656522736
0.61457095964
0.504440687827
0.79711288503
0.379697974827
0.453441579401
0.416538673512
0.702815185722
0.483630356468
0.602367230673
0.576235522164
0.456113159247
0.518515807335
0.467934871212
0.643544221744
0.452857356731
0.520597427654
0.34298918944
0.471592181873
0.432310122879
0.6162525911
0.592960311218
0.592585608501
0.470453046882
0.529163422739
0.647667053687
0.580395118269
0.635865537686
0.7162929812
0.496565746762
0.576469096507
0.492171820459
0.497328477392
0.454080997265
0.452748654437
0.525969362331
0.636273203773
0.684914039932
0.655460998742
0.683439851339
0.391880002651
0.44151480852
0.421500830704
0.567790668753
0.574387304957
0.62206322996
0.475180745204
0.486864005088
0.590011359572
0.655943627311
0.576815543964
0.565806865535
0.645190759854
0.361325431215
0.612798167217
0.4671283125
0.57830160635
0.452207204699
0.554229958421
0.425995949291
0.324944350116
0.547280314076
0.602925936359
0.546350914347
0.493084237548
0.521880200142
0.546721004213
0.347464220732
0.65634222767
0.449192619327
0.579518981036
0.567116742001
0.632199568854
0.338177951411
0.44304207166
0.580832432021
0.637545019456
0.490269026704
0.369665007747
0.63618058287
0.626513975345
0.513647567827
0.468864819622
0.51807658469
0.482379801504
0.542115931259
0.504487134589
0.497309074849
0.689339812198
0.613072133197
0.500768295887
0.411283264548
0.53150569247
0.468655252647
0.455957568336
0.704166432106
0.624871518861
0.56986841573
0.473613153314
0.713337606051
0.641359088104
0.484211757657
0.638829791116
0.556466648059
0.391407963266
0.595364111375
0.407399688043
0.53144427586
0.654734991703
0.546903910468
0.595934785198
0.613039981314
0.515930369685
0.595019665971
0.492703312999
0.483797519953
0.532100519865
0.446072688782
0.637050872572
0.497569619164
0.618799682694
0.567848094013
0.483600283073
0.550077040405
0.627799438187
0.552487617935
0.53841061119
0.431481247166
0.55360421608
0.542538122555
0.479450980781
0.713069269798
0.53332263015
0.601985152454
0.552483721609
0.607133099456
0.476609093072
0.524579738113
0.538555046213
0.491152641962
0.541435979644
0.495974272765
0.445059974059
0.605862282717
0.528086307277
0.66905622372
0.354286064029
0.471957813581
0.528675284615
0.535144043962
0.416277917191
0.558479695241
0.677984983344
0.582552330156
0.525028195256
0.662888467893
0.542949580534
0.512920008348
0.604261818845
0.580828530793
0.410401415597
0.423036500866
0.53033667196
0.491006056147
0.503639184754
0.673179005604
0.581095267201
0.492025133238
0.549207867156
0.577789500561
0.587174887504
0.721208673589
0.511357008421
0.510931616217
0.521438421869
0.496876716124
0.545923475431
0.55171555179
0.438166230669
0.523634966901
0.673625616685
0.532719708621
0.548558122515
0.558222893955
0.482985141832
0.453884937962
0.671526762298
0.621444791971
0.427108797106
0.47724448038
0.539747457882
0.56386828382
0.373709801815
0.424536002425
0.629779687549
0.64421634678
0.624419839649
0.429665334192
0.450603027183
0.577365529699
0.544689189626
0.674670504722
0.512609100816
0.45256581753
0.658141167607
0.467340685886
0.435335215642
0.505264707875
0.597583116756
0.463516907608
0.554894542092
0.462468096257
0.52563205646
0.584006424955
0.438949349329
0.526922832835
0.41551344979
0.51492529535
0.505836504641
0.696437757075
0.570098356791
0.361663458336
0.60505575504
0.456828277892
0.597812903016
0.580968991302
0.596653937492
0.541186038879
0.506490015386
0.488999590487
0.415713350148
0.353180113566
0.39247489115
0.617144602666
0.6053792358
0.53103137719
0.532895839339
0.550363497979
0.419647421905
0.524513254525
0.550671307253
0.621623494873
0.58836106526
0.761607355756
0.580386988014
0.52664312529
0.549413258294
0.511594215536
0.603798681435
0.549982947983
0.405569062847
0.542489689073
0.456161532106
0.442732767163
0.456616332047
0.439621126553
0.33765687265
0.468792326272
0.554011565345
0.721108104747
0.612549300171
0.527147575094
0.630637691111
0.335661443376
0.520196680549
0.598541864485
0.601229185052
0.440289610575
0.471291943636
0.760678482768
0.495716703946
0.669932993836
0.498896331609
0.488073062206
0.557742137692
0.489345953709
0.393334394634
0.581694218627
0.622497001687
0.646804360294
0.378040269436
0.351024036598
0.576279071989
0.423669905572
0.440450259914
0.607718791122
0.515656931689
0.561353597032
0.388543116226
0.487161141919
0.527139047767
0.57858801035
0.613812378124
0.556869745779
0.655760428748
0.65918987634
0.431697718501
0.495373364164
0.444918625378
0.564747766403
0.471990448191
0.401622568416
0.48160516036
0.519775980597
0.54772784619
0.41213504634
0.563978964856
0.597674491215
0.696770083604
0.38918482048
0.438439808349
0.526892929266
0.487454971649
0.488591866316
0.340392374228
0.52639401715
0.400293801999
0.56819419499
0.494316259037
0.540680958169
0.446077993335
0.721651854155
0.496608414191
0.466527405404
0.594755246333
0.519824986569
0.485547584577
0.454307342903
0.440787621262
0.363859738829
0.531932744967
0.627414477732
0.533339446965
0.469425931428
0.432300160509
