0.536631017395
0.457706283681
0.45751550516
0.55988047264
0.60877510581
0.54176545029
0.646069759019
0.615675491444
0.764841461576
0.467761308195
0.468383617074
0.482568147617
0.697036388536
0.540314126738
0.641249071377
0.501981981819
0.695359118447
0.523727394503
0.515649494534
0.534647337733
0.550831969711
0.560522704094
0.497865392218
0.584000428029
0.629708797061
0.53106173812
0.668593183881
0.684453311238
0.358560156003
0.57633276672
0.575890894768
0.606374663114
0.491745203673
0.602594408466
0.480979352222
0.601328392348
0.672180115312
0.659587395778
0.576885526444
0.519691853458
0.738808385339
0.521151943375
0.535010916554
0.612420070556
0.431391330419
0.615203535211
0.382978555597
0.488845199687
0.491902782662
0.335074746437
0.66476316191
0.599310170446
0.588458928347
0.513109991698
0.468119099077
0.459282373937
0.416511700133
0.62058038823
0.459876692377
0.65122309061
0.658274665626
0.56941928159
0.708717129288
0.437367428792
0.338224008866
0.496550862318
0.576565038927
0.572512354659
0.575140963413
0.840464088356
0.499484356289
0.625755063827
0.578645410629
0.653507478389
0.594395272232
0.432210524746
0.549378632335
0.534296256677
0.474402016494
0.42733742331
0.604525650274
0.447667546376
0.602962281319
0.53527747878
0.702239972418
0.663705038547
0.591709023637
0.448791552429
0.574011784787
0.538851989898
0.677907472978
0.421306126115
0.669745529332
0.601069758525
0.596314640032
0.610551343907
0.597720260476
0.681423869759
0.613470399228
0.633959761665
0.549486754744
0.42441958895
0.582653725982
0.475339495053
0.595025172459
0.580062272395
0.488207145777
0.610541607883
0.37473617626
0.511761917079
0.641559768691
0.513582681919
0.570671644418
0.68572114009
0.63524460769
0.537624703777
0.333036146522
0.527386268497
0.553798133032
0.437763147759
0.71947020084
0.746718613363
0.495815354661
0.548942026206
0.358079313795
0.520356769795
0.497231110701
0.540290138056
0.545966991455
0.573331101067
0.490740979272
0.621907021985
0.510276528259
0.515807848158
0.582617590088
0.474847949147
0.571966878087
0.567645494067
0.639927896789
0.456876813848
0.542701563678
0.572138329558
0.618588164875
0.482961071607
0.353228771205
0.613652505511
0.407677657705
0.503806977736
0.544873719119
0.580269910817
0.591848171059
0.439476600201
0.653724367585
0.622454487625
0.465553218327
0.487884330404
0.473836443488
0.647762703686
0.602272845692
0.732282828254
0.56866958594
0.463864795231
0.577526471031
0.444551095187
0.593211939533
0.563780194562
0.507283946018
0.49967194072
0.653733517282
0.558017423954
0.673820465671
0.493357560922
0.501019840923
0.480675206779
0.479027675092
0.61242204412
0.658882033108
0.549619469739
0.54646699201
0.541228317134
0.509331926644
0.758088725986
0.508710732883
0.702700479462
0.484091837995
0.488427344718
0.576029540284
0.734395484069
0.616294937901
0.619794832951
0.767407990156
0.596707777404
0.501889503268
0.597544124429
0.393864892165
0.581972541707
0.537339870165
0.722321070589
0.326056752682
0.611847489292
0.597424680685
0.47513478488
0.744025252447
0.32560964006
0.335771726165
0.414634572829
0.594989344233
0.420002755655
0.763622335288
0.615036025849
0.61211476918
0.698568538691
0.501658446157
0.53947261212
0.548916087366
0.428826166849
0.477662782278
0.718153538866
0.648435870723
0.568915833026
0.447242250736
0.508998702458
0.352957627653
0.580096833919
0.625651149149
0.599540880364
0.535199831514
0.454536317388
0.609051934947
0.788358704419
0.402112552042
0.313494536047
0.573809641841
0.384242222541
0.493053152606
0.663991356167
0.47896032687
0.447436251356
0.696658239728
0.523786863787
0.467917845912
0.621485170655
0.443005991431
0.628631444843
0.755255182886
0.482813550468
0.974482060912
0.507882098448
0.512457836348
0.47924895259
0.511932440799
0.700290197198
0.551965426054
0.417734312717
0.580098443247
0.54017524611
0.454458002144
0.53541505228
0.470016055151
0.560132975047
0.44475940398
0.628925454939
0.496411997448
0.576091775446
0.635842043657
0.486350307781
0.486551322174
0.433246340603
0.566956187419
0.499372130475
0.651081135882
0.45981048942
0.509752681844
0.672792299423
0.627085230994
0.425516370927
0.54952054618
0.599385180566
0.534804531707
0.39683987549
0.470207635481
0.395203588253
0.56278283065
0.533877875156
0.556101627495
0.441220051952
0.443563818276
0.511637067799
0.576072371995
0.447173234762
0.452008107173
0.433232987668
0.431646228322
0.559922252104
0.61334833967
0.527027076524
0.409789242278
0.674654530027
0.294409849893
0.428462183067
0.440190493882
0.62822287099
0.519179730349
0.537281557988
0.506933824615
0.350675207509
0.602807258337
0.465006345266
0.375597774298
0.480509582617
0.61702207938
0.532880254533
0.616548321902
0.669307108631
0.499789300738
0.641914367044
0.486668876591
0.543957022201
0.461056447624
0.871996654371
0.521893013849
0.637715951432
0.464639587824
0.619047465374
0.609270586994
0.593011160806
0.594966206415
0.413721911341
0.492869573768
0.410741541281
0.504921604181
0.502230085347
0.691884005842
0.462534398518
0.506383985687
0.593637876509
0.458114902913
0.441109601201
0.478115434878
0.434550078493
0.550800990129
0.482831782672
0.563662327948
0.538223850375
0.498656652924
0.503488356391
0.493077999337
0.372710789771
0.511547798942
0.560129179153
0.474671340858
0.429016793146
0.44935735359
0.549601347169
0.543876029616
0.582359844958
0.386874125825
0.500501669091
0.57599968298
0.553176297745
0.45641041964
0.578484963748
0.615855258749
0.521681853004
0.570036261021
0.500368673307
0.478319027632
0.557444952221
0.494851850043
0.411372982154
0.615285994443
0.484859238136
0.647706376755
0.674294255381
0.544304617898
0.525907229286
0.557661982713
0.702910607829
0.487951031678
0.584358450734
0.753312488534
0.509000731195
0.752855172247
0.549716123085
0.553633633537
0.595344981056
0.567075868873
0.511789061311
0.596879826656
0.634186818455
0.650910851365
0.528173693536
0.458186224828
0.875881431637
0.582800279341
0.693000259494
0.679035360822
0.488256466701
0.428599156136
0.516672803293
0.480278632041
0.54190643741
0.603260163453
0.572863606625
0.435532607095
0.586853245902
0.577890273994
0.60244408013
0.516564601844
0.565548514923
0.464489153875
0.550102302422
0.556824595747
0.516277336853
0.427781013371
0.511878833685
0.64196956178
0.521531653197
0.613238590097
0.521961559439
0.594527556227
0.456851429482
0.596093840292
0.614367568753
0.597987664455
0.485057319314
0.602626536069
0.617416037315
0.449139265447
0.678447560957
0.52854104935
0.381443613147
0.581955302802
0.610661134444
0.543649241264
0.665270443031
0.394579556402
0.588557335433
0.54223840113
0.787561484918
0.434058079653
0.374809704604
0.54558495557
0.510640784988
0.467810282406
0.701273689747
0.628305936457
0.435765879888
0.415386472724
0.459972513251
0.416140930967
0.533196852163
0.531763251257
0.656734462503
0.567642943081
0.633517699558
0.522468939236
0.578237680841
0.541100106032
0.380612637053
0.555430401198
0.625778854198
0.517454987071
0.402995813593
0.547664348079
0.410552631973
0.344795556924
0.521421457055
0.53507756956
0.81806256274
0.416814461825
0.363192709748
0.573536432462
0.437331227965
0.640304519943
0.65417435567
0.461725071888
0.473354700802
0.482355139562
0.574072855418
0.350856444768
0.478557832957
0.432093426426
0.485059764155
0.382005150329
0.552626347245
0.469167202634
0.442346956029
0.50687268021
0.45983137725
0.509634216221
0.590029197953
0.458993118556
0.392358498692
0.639352231503
0.49464930791
0.37973277033
0.589925351694
0.538010224064
0.327256281727
0.583587857597
0.520951130726
0.455503740521
0.743207176467
0.645823946857
0.435948542718
0.639130987018
0.458066675506
0.391690869209
0.446204929063
0.462421234512
0.526038017492
0.69333257412
0.605541523039
0.345180585459
0.721162218693
0.443254384678
0.525727762281
0.403107244861
0.556003160717
0.613575565495
0.605744368946
0.619193209762
0.547780088129
0.506304450417
0.582542387633
0.280135857715
0.624836258064
0.679850642801
0.490883515106
0.646476384028
0.515828911217
0.760590239243
0.488190485077
0.541585232404
0.46814005323
0.518816495585
0.643810420198
0.738146032755
0.516267029173
0.630201186947
0.732278620439
0.375160411579
0.586716248569
0.522820788482
0.457153499541
0.500269714094
0.321140901111
0.832333008479
0.756550508065
0.637172274711
0.623042644103
0.458982822392
0.557741447941
0.642716749602
0.53688716774
0.543251815607
0.629973649553
0.361460665353
0.443598235439
0.51509682452
0.609061866802
0.497102356837
0.456124360952
0.684428189014
0.560125849601
0.547626109345
0.620763468293
0.570601109956
0.369470137444
0.544682153097
0.551242056846
0.557216164327
0.446147963808
0.598273039771
0.513028756615
0.616456678891
0.544949939707
0.509460445064
0.583468186716
0.54977027581
0.731067790191
0.537642930525
0.461315842325
0.577785353838
0.443725128426
0.44202883432
0.611826923766
0.637298207657
0.439674976097
0.59089645503
0.48285161535
0.482478766236
0.906915574319
0.437290921462
0.55517117395
0.423593092408
0.439849491207
0.638041873579
0.480148669739
0.602430559779
0.713026298072
0.642966599183
0.546828771615
0.553145872438
0.3691463275
0.481893915941
0.404871542252
0.532765150557
0.392878355963
0.521102367055
0.395763374772
0.573662879454
0.64796056364
0.651932052328
0.482322333851
0.467729218189
0.673312346885
0.479518874894
0.439738308523
0.552079871604
0.508447800021
0.461264836589
0.349881576591
0.611724277606
0.670901718676
0.526313050644
0.439979034822
0.413201396894
0.610467488004
0.698982560175
0.350534980502
0.49042509592
0.50882170728
0.47634628865
0.466108864594
0.513385658682
0.526190436573
0.636212710995
0.43345941594
0.529147300058
0.701526522731
0.412574158483
0.67088256058
0.611202228262
0.63589923496
0.499909169963
0.573385732706
0.595117958277
0.583273034523
0.502113740153
0.479320021158
0.566522733478
0.628586010842
0.401901475462
0.487511078011
0.553336141105
0.592653083682
0.545177775534
0.412430068246
0.570414311239
0.303758927557
0.471446659606
0.537168153063
0.666441937863
0.556196055951
0.537666660339
0.429991365142
0.48712643038
0.67481457483
0.686623704484
0.456970520607
0.60186866533
0.516226028982
0.525607363965
0.588471564815
0.389490426675
0.562743306312
0.530150510693
0.662918819455
0.458473914335
0.561731760579
0.544899126035
0.391995721586
0.533380083866
0.722884022947
0.491569983727
0.622233025536
0.577529367788
0.362238462393
0.48418330285
0.617634170518
0.577762824097
0.486333998319
0.416890064565
0.421982286767
0.526480869094
0.489619432191
0.445681154546
0.433917134493
0.503031241017
0.556125600205
0.351568454367
0.59873258095
0.426206782024
0.597835350025
0.596467504105
0.585524989345
0.415372896374
0.574711951432
0.92261520497
0.397423644611
0.41373466602
0.493375450761
0.522736185441
0.680565811194
0.73013285855
0.602869057563
0.394389399539
0.516292166882
0.570790967075
0.594251273713
0.466686755518
0.552536613246
0.809591086319
0.46643990724
0.614270654958
0.63137954727
0.616718493424
0.408462863048
0.500753267082
0.547971554512
0.518845191285
0.488082146336
0.655654652141
0.555521439358
0.643247020676
0.331443973282
0.466814425686
0.642739026219
0.666234326217
0.822253800068
0.424756805551
0.59531427591
0.437403969499
0.384004779614
0.354500712573
0.543882260938
0.51915442769
0.492599198554
0.684505051644
0.700838808543
0.686587297232
0.622012075678
0.509068600823
0.787577470183
0.630271042874
0.540086710238
0.478018909333
0.595714638724
0.510145468415
0.609654393542
0.421519075439
0.620336909013
0.486291219403
0.516023496692
0.543377934988
0.605523545828
0.613963124916
0.595447223777
0.530220528481
0.565843936938
0.378320067974
0.776501907784
0.642023464634
0.589913150308
0.490930905309
0.467902090852
0.639273695541
0.467563262844
0.4592422671
0.549108212577
0.390796388245
0.507437020545
0.556196515962
0.723479896362
0.634101480109
0.320773662374
0.453584338123
0.728115436179
0.678145610315
0.640739761057
0.728187717039
0.427222281972
0.566476212338
0.676972746968
0.411146122428
0.603863386739
0.447260130509
0.369254416751
0.562956373894
0.529727590398
0.604877341687
0.526253166185
0.549890852525
0.368701979171
0.770375563707
0.447738098763
0.636216555069
0.543087744728
0.593253133277
0.527046559049
0.487679213048
0.427754517949
0.507562640497
0.683226372546
0.479129969057
0.635672766567
0.562645434799
0.513210334773
0.62173649042
0.41007670555
0.448353428301
0.489341708098
0.624373707895
0.500898248826
0.398936810603
0.727126702121
0.493469099914
0.47050188989
0.851974697133
0.363512542936
0.697655402948
0.425375054618
0.715688471359
0.693035255294
0.744719938362
0.441569174189
0.739673106152
0.626130648648
0.394886850347
0.537880743921
0.460459984082
0.478940370924
0.462433970856
0.467817036031
0.383316065705
0.547037103622
0.479889463863
0.582478529549
0.589992967526
0.504992742678
0.522912944707
0.50617338306
0.73496911324
0.610654484091
0.439897245203
0.389233894549
0.583453259307
0.587746595054
0.528928546432
0.452516444969
0.540881866187
0.379850561499
0.390640763088
0.486908956519
0.445143429989
0.622772661285
0.440568411815
0.674596966619
0.754409109412
0.474423110355
0.394436256898
0.787774375058
0.550862427976
0.436759000684
0.512092989816
0.531084617611
0.558335120576
0.476574005489
0.669186691559
0.587674365299
0.4236374597
0.42669001175
0.56018387476
0.371615724344
0.418526202761
0.714390751714
0.346618392243
0.555048838416
0.651721949066
0.32644756968
0.612414137557
0.590421427695
0.552262165658
0.599138581804
0.510097638929
0.380300727957
0.555318916816
0.565177791868
0.492285853525
0.550520741649
0.423370121392
0.589408775723
0.439180980942
0.354701467175
0.673322592936
0.570564619921
0.787981185937
0.635381158724
0.646562768824
0.63628974901
0.58598219538
0.508039272074
0.571318516405
0.789308679157
0.540574860122
0.401502438997
0.458524918335
0.520209816015
0.456390967872
0.549711514257
0.525544222608
0.450489998947
0.630828126115
0.599638425718
0.525939518587
0.500518336105
0.685478381822
0.510719865603
0.693486122791
0.535738049747
0.730963605102
0.537534466379
0.62762742678
0.375270474616
0.303995865362
0.428295436789
0.562545279837
0.435788328609
0.512339850432
0.493040008267
0.660759663752
0.603824133869
0.618615938576
0.457994161078
0.628484000535
0.673926215012
0.78861652654
0.503867179622
0.520631651531
0.322264763426
0.879491306294
0.44976752372
0.669259512998
0.732098133847
0.541013770388
0.567673186246
0.487235997691
0.687608595356
0.570061795115
0.480135213757
0.44248206106
0.59210877951
0.666492771855
0.56903089728
0.965225380859
0.566587568162
0.386846307395
0.638234364604
0.537219415096
0.398350960061
0.432351582878
0.484582523817
0.652186495643
0.453123935783
0.684505556127
0.578673385761
0.581417883154
0.624773819686
0.491393573627
0.638617504114
0.975525990404
0.952184533489
1.00256632949
0.562519442559
0.452310676913
0.497626002951
0.476757867713
0.445398117443
0.670427113316
0.662167429281
0.716299290702
0.585221679581
0.523294742873
0.669155751539
0.526895123424
0.895897945225
0.653226666844
0.44762467144
0.537814138469
0.442506019792
0.813001329486
0.658121952315
0.807718597947
0.519026498952
0.542296421985
0.548127134704
0.574150643009
0.598761321369
0.451987697207
0.637167115456
0.668810408098
0.535405114316
0.507531341497
0.615374385765
0.467812022131
0.961154101614
0.730885983207
0.95637397053
0.57812306224
0.565371826753
0.581303174676
0.57911432467
0.496223290564
0.466759816592
0.580843863117
0.500881277408
0.76980957005
0.548555331715
0.550325805972
0.679291291556
0.693654048938
0.740676476172
0.489388360982
0.818830677606
0.938819621073
0.918998908538
0.653323320712
0.740620999965
0.466363131747
0.547882047906
0.779537400353
0.437636829836
0.669912107999
0.776131547412
0.537044370492
0.744841956713
0.41834301564
0.511469298226
0.447165393721
0.738074178416
0.447291609568
0.651597341145
0.554450154696
0.509167166299
0.473454560668
0.609814579576
0.389764599669
0.686660867402
0.785434408336
0.484557974368
0.654957515741
0.492544078507
0.571191948873
0.456813888022
0.519354789923
0.4756196669
0.684214570132
0.62624613301
0.662546656658
0.586741419796
0.616642533486
0.482416152182
1.0044876825
0.723794135955
0.515185989608
0.453876855866
0.62483624377
0.404207544088
0.569299533706
0.588248524468
0.676846134279
0.399556014277
1.00502534892
0.640897221913
0.553201666808
0.765565146268
0.431075436856
0.572795953042
0.589746280244
0.597677559904
0.766320224874
0.522673171535
0.681295177797
0.569274128198
0.86119517017
0.734055310457
0.596141913081
0.521599495671
0.712109977591
0.402998303198
0.613480312564
0.671678003793
0.482641445687
0.413389851841
0.784573027973
0.616809494622
0.50483082375
0.326777907615
0.552411342436
0.742846035079
0.767390492419
0.376239250653
0.928232174798
0.56439383154
0.555042288442
0.397672889486
0.712986490186
0.518742697232
0.581628010514
0.283413678234
0.443576687233
0.533776017579
0.598411370642
0.562264118145
0.67191009668
0.527096755907
0.596240762376
0.627083171241
0.628991981034
0.701165608697
0.660805884048
0.699348627081
0.616080703371
0.500282176772
0.588029520072
0.761402072973
0.557659819293
0.593100684905
0.644955650625
0.752724957066
0.574134944444
0.875423674575
0.589602984278
0.661158285533
0.599481840981
0.559068350572
0.37282390392
0.445158325026
0.393532169163
0.444585890666
0.53985686784
0.522688394897
0.531150203968
0.549059249082
0.474761912542
0.686130455852
0.808077329471
0.490038792443
0.450581882287
0.592481006604
0.592570447278
0.541038762824
0.554498662127
0.57062757857
0.587090558819
0.45099990668
0.490480542387
0.456690455722
0.477842443578
0.835733999033
0.618812516913
0.709778377833
0.560827305571
0.443740762079
0.422105941708
0.440370891983
0.405864625636
0.571174799021
0.60788341786
0.638850831542
0.672237314171
0.638680568544
0.480962173023
0.561533314421
0.597916307147
0.509063957454
0.500944260643
0.382984394016
0.47553357359
0.590142350388
0.668301328869
0.487918357288
0.559063751678
0.677238948628
0.708261413485
0.509485751021
0.450854097985
0.572602343665
0.507879415252
0.550895616096
0.578010763497
0.5485423219
0.60615307879
0.571947729058
0.683287656984
0.520106646177
0.593651929795
0.510866108561
0.512057598306
0.555703419587
0.411565804758
0.616685059576
0.526227289487
0.602765189205
0.497786082822
0.403705469279
0.517257744679
0.758746020952
0.594207634274
0.523625859723
0.618588472463
0.432293619642
0.567201390237
0.48043795291
0.546827614514
0.557885743209
0.470473732742
0.539654326775
0.517650327162
0.799570002716
0.497599337661
0.506627457605
0.698003999604
0.811073522605
0.528193634188
0.712241466585
0.68784774698
0.539032376666
0.549626726281
0.502657185583
0.582540604887
0.598305266976
0.524037717805
0.501576932844
0.518099762701
0.571346908076
0.623232449354
0.665787183584
0.482183326475
0.700174928238
0.463180595843
0.524905633514
0.51620732554
0.555443070463
0.53461719698
0.450445811455
0.521738156339
0.582450661674
0.609517912653
0.458304399878
0.571308781361
0.401522648453
0.588300563272
0.51893706861
0.561639295219
0.558618758456
0.38185800678
0.621661011276
0.495342059263
0.561543955002
0.588981973783
0.509706842403
0.657305395033
0.567738642889
0.538158499379
0.533590210226
0.573815701085
0.482558506538
0.591535364675
0.52857150027
0.440264335298
0.76678437347
0.683520294321
0.625575788883
0.604860573216
0.502263017423
0.580739866559
0.633797850964
0.614479234081
0.587721002767
0.708813595651
0.641358179637
0.557892348491
0.571255292326
0.425535966791
0.531242763396
0.468609812351
0.478497155484
0.497575462009
0.688449783843
0.484526657634
0.51701091666
0.500521546955
0.611051685706
0.449544193633
0.56225453451
0.823904273654
0.614988137857
0.457876822206
0.497455245969
0.689052620839
0.557204600739
0.502648336233
0.537657383378
0.553339761507
0.484391817594
0.625285219571
0.639956512286
0.677652305556
0.430972542674
0.569382122352
0.819606994632
0.457647543403
0.609538474058
0.437118994685
0.539500518026
0.645595000576
0.436647840293
0.629768210439
0.542260253174
0.555435051238
0.530374099039
0.594435602029
0.391681311999
0.644618379367
0.577834668546
0.668180452722
0.509352555819
0.530129074205
0.395605131147
0.365744392737
0.441828756877
0.675942744389
0.499956585077
0.53291480567
0.61710771477
0.642861075025
0.540176203828
0.609178982988
0.595750296191
0.510412346893
0.612998025239
0.554051776167
0.571819058499
0.488823115921
0.711098867031
0.592425322956
0.576070225218
0.618662195682
0.496925007364
0.399493991825
0.253677858131
0.494583601102
0.67620135915
0.469015246729
0.55320868244
0.48641635902
0.539625453431
0.567982215011
0.505062463611
0.577947549331
0.485047882266
0.493955644081
0.500257050152
0.522987787705
0.457678578093
0.430944513695
0.589176604291
0.494294339982
0.319007759178
0.648217701181
0.418231901931
0.505169075347
0.7437306773
0.529547157277
0.629987830263
0.427525798705
0.482963358253
0.634557560756
0.529394748104
0.545379072523
0.5373695411
0.465985837656
0.355969223925
0.47464124835
0.484298152062
0.648994393699
0.512886163487
0.502511346719
0.605771961243
0.400156837836
0.568173871487
0.6630317507
0.556909070859
0.465810389658
0.553874619919
0.621416781634
0.499611689468
0.56482770714
0.601266519209
0.414736731592
0.495562531318
0.619386878313
0.448756764991
0.502453215908
0.701123745359
0.519591875999
0.635927731108
0.639302206721
0.453809306835
0.579119653822
0.621794391905
0.558180868796
0.459153148194
0.382565453011
0.461240824044
0.56761572101
0.584037790279
0.496187133069
0.379988361045
0.302951337205
0.360625259499
0.55099780006
0.450897124973
0.523915580492
0.427841411049
0.616571299963
0.510374827983
0.491198489802
0.628693031556
0.452915874995
0.579161341667
0.371456650823
0.56115344628
0.409650838842
0.510613877916
0.648768539964
0.470405889796
0.491862990504
0.440005157343
0.323671180176
0.561539378044
0.625679092615
0.441967770732
0.536182967108
0.631292989137
0.496520531872
0.603905798261
0.620856023801
0.573594285294
0.611231817032
0.562467879077
0.557608341262
0.679550187803
0.370934229059
0.495267985412
0.507133235076
0.560916509231
0.450161175155
0.549817497118
0.571191794051
0.616863118655
0.392896046763
0.620954561939
0.555605598473
0.480324421681
0.493139034837
0.610630056747
0.521699592111
0.467435327453
0.470787272397
0.564059889155
0.538061077938
0.597664346047
0.46962748073
0.461776546079
0.541852547915
0.697623095786
0.556931256334
0.557573591582
0.558827075076
0.523962631356
0.560590936246
0.462374360223
0.467036766733
0.57765551624
0.583603876477
0.488275187595
0.541517002077
0.569945629941
0.643136184167
0.444275923971
0.603378526581
0.58771392653
0.555660651374
0.431601754958
0.645212551625
0.608094432054
0.428863221591
0.344170993716
0.491291164822
0.468546520788
0.420592537205
0.640560651178
0.732050216268
0.461926259824
0.528600684957
0.616204846132
0.467160504207
0.588484293777
0.559407814826
0.630778242979
0.441266753754
0.47326444604
0.457814713512
0.478663800391
0.519886419711
0.665194917589
0.662827283667
0.403413325003
0.570471896519
0.626500280631
0.502764582721
0.566946010308
0.538650377105
0.461114074783
0.524876654901
0.478495060813
0.493770377258
0.477106282394
0.476847864589
0.834641795256
0.576664947936
0.390489576323
0.421549419741
0.696192002884
0.538487570808
0.370547366719
0.575168850181
0.503187044229
0.64854931256
0.444276074948
0.55171634043
0.573898416854
0.632914036361
0.595287455781
0.443939546484
0.4978011245
0.544354830188
0.708010537175
0.487926154077
0.584880262004
0.480586514681
0.40157667166
0.41471197278
0.550091886949
0.561332809042
0.668856085583
0.515942490237
0.419058609455
0.52935410349
0.504287220073
0.540413430107
0.565357300191
0.566270211208
0.53064799474
0.410888611114
0.435479455403
0.575556398716
0.621388808399
0.608553938906
0.46565921776
0.471811528604
0.468389616603
0.45911711714
0.518867989526
0.566417701506
0.605631865304
0.6837510851
0.52356899692
0.602166352301
0.597653833901
0.525995202302
0.484234263632
0.541025296967
0.509218693276
0.673670414559
0.511681875633
0.576093911009
0.710696567525
0.614534679379
0.539501350193
0.491956474775
0.512396527102
0.396514717417
0.496730735654
0.459564857957
0.742000343153
0.469977526787
0.672745565892
0.64451151251
0.529289636394
0.661468621434
0.629927697376
0.583805599971
0.543458869885
0.546368570374
0.569802114314
0.536068905763
0.57093200144
0.536145728798
0.550762792518
0.577936588599
0.487901218932
0.547499945694
0.524362192972
0.626258525619
0.422312158118
0.616303767773
0.481286251328
0.621231698955
0.495775191647
0.616894467138
0.71286913677
0.476658060241
0.569653692655
0.611749222887
0.345472843266
0.599780783318
0.582849460442
0.585175662889
0.554724126896
0.452806207179
0.549127567469
0.566494140395
0.72740563046
0.627210310884
0.57179113378
0.566167388732
0.547116099486
0.575124051267
0.872713195018
0.716522564037
0.727215626317
0.620004878181
0.520366413092
0.514883577147
0.849201931075
0.454024462591
0.643785885403
0.422791502701
0.513049725793
0.626041163721
0.521666807577
0.562539709563
0.50141308096
0.656316736949
0.446234075222
0.581104407194
0.685511978105
0.642934633361
0.455317333698
0.421142014184
0.546260555372
0.625698411799
0.388150862763
0.690860202182
0.327945678738
0.768398259489
0.565456316612
0.523582939655
0.352719993356
0.49006364795
0.368032832875
0.649891105346
0.500288328018
0.468544999103
0.752241588501
0.533915827053
0.598622955968
0.673042516269
0.557448207646
0.475862541449
0.510559423722
0.550925726112
0.337027446502
0.586392391317
0.700875477797
0.352432331822
0.598401576467
0.476014609553
0.329448400357
0.53866966884
0.777974878306
0.762092392898
0.544161554336
0.457804818356
0.480664586531
0.622764033134
0.765870827352
0.743404363924
0.376780553454
0.443141830943
0.488221076114
0.469063094442
0.534094250937
0.45120693291
0.478990761691
0.583548648269
0.565527506465
0.493616738471
0.444007849051
0.666689840293
0.659373674353
0.623145342605
0.515965522533
0.769318214556
0.591532659935
0.585784600448
0.695078673565
0.480171164418
0.460711488705
0.510365943884
0.637055807458
0.524485480239
0.688806455044
0.608439566435
0.518116108313
0.651937214975
0.577426249314
0.619564674365
0.512694031462
0.559726091179
0.664740163994
0.535204559054
0.439997869924
0.600274678985
0.505691422202
0.607759827271
0.585311154373
0.388991680314
0.62283178128
0.667632834072
0.638787189522
0.511270971465
0.470044276983
0.370555585462
0.59540570554
0.53136291796
0.476396529214
0.401878267304
0.343421856559
0.532565895679
0.516367495608
0.704975611409
0.470828909548
0.701685636877
0.700695658069
0.639837062758
0.521885978561
0.557488599434
0.508421928846
0.544274739552
0.577896671194
0.743943600522
0.351889791306
0.451653547034
0.699506081908
0.585209560537
0.846254891833
0.629626574898
0.71049773524
0.774407370176
0.638568917301
0.61806303134
0.626391885999
0.488583083066
0.554886878725
0.780015218735
0.424862620003
0.765465854598
0.44952572426
0.712016422046
0.813985838071
0.671721094048
0.473699090145
0.489844298221
0.64629570737
0.567170230038
0.660295729606
0.593053942314
0.620597522223
0.770742271089
0.507828277158
0.487373052115
0.653665158402
0.740813180183
0.614482203778
0.484659563814
0.476001390645
0.493270149344
0.55184569747
0.467447403877
0.862384969453
0.518493194806
0.453419259242
0.521793394462
0.734682962196
0.58226534129
0.482824761612
0.410406257694
0.567078283108
0.457325675342
0.581381024501
0.373454170554
0.585219459118
0.446058714037
0.455357861805
0.522052662613
0.405293869853
0.551024322867
0.56751315175
0.679068652973
0.637727936518
0.76235429906
0.866918713067
0.558369755672
0.538763697139
0.608043096969
0.417897079237
0.396114596578
0.338724973673
0.413925580527
0.492178563256
0.707201188435
0.500718177093
0.481779774735
0.551348145551
0.410404152237
0.515328667145
0.456280435691
0.358021033321
0.553553804363
0.463986283837
0.633730721942
0.728342582176
0.487198967141
0.518677361126
0.417305949582
0.55093933127
0.655908232362
0.632421366685
0.473676895347
0.418245094685
0.488486313678
0.266127527345
0.466718713519
0.523489000077
0.561937127958
0.523220340053
0.586736270908
0.598564745412
0.583519693838
0.586186032956
0.506692453639
0.52790642666
0.77374581681
0.382953743882
0.599398343956
0.564227749321
0.439918695816
0.538239978363
0.598371000405
0.629601446637
0.505612589282
0.498722083182
0.589979509838
0.506661673206
0.636290554755
0.623434104348
0.517164988257
0.565559663372
0.675181157097
0.646513284148
0.524787319337
0.511520489594
0.442145889154
0.483145746762
0.416903529149
0.593499526475
0.477499311267
0.720464757573
0.49868214331
0.493326581937
0.657053770043
0.496395130326
0.3275894851
0.498750309023
0.569160608908
0.554375467502
0.622869232691
0.636892263573
0.472969955713
0.580147257312
0.50463485246
0.345129332825
0.751142285319
0.641899435743
0.508091317753
0.375700748368
0.480599790715
0.503332662299
0.527127614592
0.490220036571
0.659506563277
0.565142964687
0.412033894467
0.699408905531
0.559344908352
0.582921928314
0.543197269613
0.443260478268
0.659449348097
0.469965197559
0.500672179588
0.416025195561
0.54569768948
0.466706298597
0.531526845546
0.51784976658
0.745685792527
0.571458496816
0.562038808647
0.54652992467
0.654508296347
0.538383351992
0.556429709774
0.349470219865
0.38079509816
0.636490086745
0.571340947213
0.611341804474
0.549573718927
0.55720630784
0.602464397976
0.485169001647
0.657002807925
0.421540253386
0.44656087873
0.55171744002
0.548048366058
0.403826768204
0.782331837091
0.58781373666
0.675071252747
0.554150556145
0.744808652604
0.657879932877
0.58783554027
0.575382947818
0.454925117011
0.467948673382
0.373763395146
0.428954039023
0.579958571931
0.548739421752
0.550128386704
0.573774239067
0.615901459601
0.462291599065
0.534196778693
0.547446145118
0.495041486574
0.681650418063
0.622544593664
0.512291923212
0.641359533622
0.536890724791
0.370467648949
0.281307314374
0.394611536915
0.649789506327
0.584003773149
0.468002147013
0.487348354135
0.600554502291
0.503098932222
0.463611356122
0.640667394446
0.365040410913
0.622052436561
0.698087310125
0.580691676053
0.605839959879
0.600098004907
0.470242304073
0.455279740045
0.56087417227
0.541615480722
0.555526280675
0.573109709492
0.579121815237
0.4706016513
0.436215586516
0.636422036491
0.486827738243
0.556515712543
0.533336611392
0.429380254744
0.510721792449
0.648535320719
0.654409695068
0.589303898671
0.606104316961
0.508776018242
0.496881817857
0.847154479456
0.485768977577
0.690296713102
0.65926005014
0.583685241037
0.367689396982
0.512573611586
0.598855001419
0.532677331609
0.5289298067
0.412588856919
0.657693703805
0.440733071045
0.607805737121
0.507145138597
0.568822615612
0.451527120624
0.526520646453
0.718880933583
0.474675090971
0.814067141186
0.570075041622
0.730593934343
0.724558367972
0.478821019279
0.532571957389
0.52222106262
0.681157829002
0.655638588688
0.563150034334
0.60655033504
0.492808558199
0.631362429029
0.659747792792
0.849801936191
0.665316316436
0.565621214112
0.431725315502
0.413988273445
0.464558478984
0.474779977448
0.762810280198
0.638745646083
0.476115841887
0.456193497807
0.444323917994
0.62485649401
0.61887647364
0.50800996651
0.609469889753
0.45858111125
0.51806949132
0.55447060813
0.330645321551
0.400127772417
0.474258079373
0.555388212534
0.625965523585
0.585341586126
0.651706110642
0.425801298006
0.58609776469
0.569196974124
0.481734968957
0.495468880909
0.623248111011
0.489388365962
0.568290516198
0.579544509503
0.551785480453
0.505485352628
0.596126309672
0.701480176998
0.461859305122
0.444649334981
0.627578136635
0.465202060028
0.588463750923
0.60771326473
0.568689883852
0.544340220392
0.542643742325
0.480647408128
0.692920730244
0.45398482794
0.760783654764
0.460653176936
0.41253685991
0.538862325654
0.547511237234
0.650252062474
0.499574514265
0.467554222721
nan
0.597227260828
0.526025531699
0.824232786286
0.490618254403
0.69978224649
0.518071166715
0.541608530724
0.536929288863
0.517921485115
0.560372160769
0.437908730693
0.484287025406
0.521612920591
0.531053707771
0.392562142407
0.575292856457
0.506091177948
0.330500445652
0.624560365045
0.562857723792
0.366248657915
0.500540695907
0.497864693882
0.413386309429
0.61527982301
0.357764798851
0.561476009409
0.544593687889
0.564504015666
0.560642095045
0.461803781917
0.494293453341
0.445106266165
0.484930398006
0.580719063257
0.474222932132
0.521844483192
0.469600136326
0.496258468245
0.528438822752
0.473844777538
0.607389397592
0.54798554853
0.679590925705
0.654304657886
0.560764945369
0.508666278814
0.346461325302
0.464463241824
0.641141716569
0.486158115291
0.68702096747
0.487660878639
0.542901054435
0.635911087188
0.466046057643
0.592910749982
0.566939506129
0.720516566571
0.636891691069
0.51202225552
0.619247028325
0.550093829045
0.427599009909
0.486226937476
0.567096760727
0.539030940129
0.580462645272
0.400481088044
0.422078465645
0.541379553873
0.664337324895
0.660094895506
0.470931853895
0.673527599054
0.633613317021
0.521543784795
0.64985818496
0.550580295849
0.359122239543
0.524269683462
0.591271074909
0.559007238008
0.610591231381
0.577111101227
0.424721611657
0.491650567617
0.570533227687
0.709786524153
0.475968689085
0.504095102008
0.511562806154
0.343686486261
0.613397630552
0.327527693942
0.479172065854
0.532539991263
0.592532435304
0.482508415435
0.549007445193
0.606843544064
0.717296350815
0.623397998733
0.527566642686
0.369653496186
0.501114917063
0.490724956148
0.672080815164
0.408941286385
0.508091079603
0.606304454851
0.58918308712
0.555343599626
0.503982358942
0.477823239433
0.365072582625
0.476543048754
0.457732948683
0.582999181798
0.369370868449
0.585145628782
0.593782999342
0.493894643937
0.621264683862
0.557465813088
0.421398037746
0.613622283794
0.671668621944
0.56505713847
0.607129511248
0.624415033069
0.429870768824
0.5843437358
0.584960367373
0.528254773399
0.605157211277
0.487855260424
0.55294386262
0.642196758368
0.558251973973
0.482447211067
0.512463305901
0.58456960242
0.434005831279
0.515282220668
0.537905519601
0.75169997223
0.694267136387
0.542504481543
0.417063558357
0.57307646436
0.367359201379
0.377007266726
0.477234726937
0.625035753432
0.63032581796
0.571977565567
0.578385799652
0.627182221997
0.548285507575
0.648100176751
0.520491549581
0.457931544323
0.482767304247
0.482170630273
0.47533728866
0.414876849824
0.55139031216
0.584147285899
0.592431523377
0.447133055787
0.543863283736
0.516145971781
0.625909697803
0.883435088305
0.40380773155
0.798964852874
0.3845157122
0.414219327946
0.404552511052
0.810922966158
0.340442362168
0.384180683869
0.532979878283
0.495289719798
0.575879339229
0.407434091867
0.578776913132
0.577734164966
0.603956899187
0.341571506438
0.409884359533
0.399238245554
0.523643781769
0.430447276973
0.697660678386
0.711761415187
0.579274109808
0.609256390017
0.333058765998
0.609785952949
0.546165159714
0.7117334783
0.604947577719
0.462639912296
0.577317734275
0.591673836427
0.625523803257
0.608806815427
0.371484540786
0.440296347355
0.585777371317
0.608468464657
0.552703209762
0.370271830922
0.499988516588
0.523768663855
0.683752685952
0.671488026437
0.613350350635
0.626215914275
0.640776622452
0.724040861162
0.425737154823
0.685035601658
0.501555722596
0.595100824905
0.504813729232
0.510110914244
0.65547387742
0.478998808422
0.482831159422
0.409695388741
0.410594341901
0.516267406825
0.578458469901
0.492281392976
0.587601457452
0.436484755202
0.48881211477
0.615170082962
0.512150508264
0.519243675488
0.295778092569
0.407665135869
0.665558512816
0.623024304884
0.724108763059
0.656736262457
0.673877117374
0.583355382444
0.451855061035
0.492724840325
0.500985999529
0.474441542849
0.587384934016
0.726888055072
0.635539685853
0.908473537143
0.533140332639
0.524423633121
0.617772539151
0.629992553776
0.411436130167
0.521594201492
0.458466247496
0.424719370188
0.589779558398
0.517236715243
0.478761377027
0.535635087195
0.542169992327
0.361921266139
0.628901053621
0.496681692949
0.542836031506
0.618086611834
0.533035173488
0.504844864195
0.726399949026
0.43644440915
0.732039577635
0.58275016747
0.607845339185
0.502430323298
0.503761257842
0.497611285619
0.429801523947
0.498066413125
0.623405221839
0.455248680615
0.455067737439
0.370549056728
0.394768650986
0.735072813374
0.560111618174
0.476774749451
0.465096843011
0.651379502124
0.485312808837
0.526058231179
0.472292869392
0.47079986423
0.379767458538
0.612961932784
0.457793041153
0.515447885107
0.501007363317
0.651192200479
0.48454523713
0.626303183556
0.561331655404
0.583879972807
0.359035518621
0.446511747334
0.47669145374
0.595838696244
0.457973758093
0.455656380948
0.554509076381
0.4251466609
0.642946708498
0.607539137974
0.497786860145
0.688895163375
0.514976988351
0.514564516698
0.473657109035
0.409499803322
0.509489603944
0.591405666829
0.447259007331
0.63255047308
0.573243674657
0.574582375261
0.581890525524
0.707218341963
0.72045398751
0.655770308811
0.632218765122
0.611538942689
0.663585629747
0.6711818001
0.455154796993
0.459816374363
0.660753689041
0.582569831461
0.567027755516
0.541954288504
0.405887343689
0.423027843413
0.600773757944
0.463430085197
0.703459387095
0.519075760026
0.565014761192
0.683555596293
0.32595859058
0.480061077709
0.439182536542
0.679844812437
0.497878139743
0.249417859662
0.355842175
0.46540391823
0.643539269322
0.463069389812
0.618744853307
0.426758072917
0.646766071114
0.399296648918
0.559376160535
0.571177346416
0.535215505473
0.556052666151
0.55136245067
0.54495468475
0.56671148474
0.841497193902
0.439904303141
0.546706651367
0.417052909963
0.549054372726
0.47363578655
0.460950286996
0.523024748153
0.568397608965
0.484049695106
0.894469187381
0.603822750721
0.656813358492
0.49582036177
0.588703070541
0.655756813461
0.662193554114
0.690544488355
0.557762961346
0.648287755409
0.526192665798
0.364693845254
0.539502886971
0.525026504696
0.564613175901
0.571376126344
0.67111067266
0.582762793088
0.592451241506
0.467601769975
0.455837428097
0.541287643456
0.489636121894
0.57485697636
0.493005442167
0.611664704297
0.529567516999
0.609956540262
0.749649586019
0.556449331529
0.620717435593
0.559380386071
0.635266209556
0.692591344151
0.595240835939
0.59157374479
0.592469136425
0.429181674016
0.616344188229
0.587977515222
0.564001192642
0.550753995583
0.458398192336
0.591693097877
0.705469294427
0.507193572225
0.626437172638
0.585506378973
0.603683153663
0.687704141277
0.601355506608
0.564924804843
0.432765028944
0.688457706029
0.547473245364
0.543337887539
0.675891068958
0.67199061918
0.528221549352
0.586079140218
0.377830379469
0.390930292099
0.603077000618
0.661291414899
0.635833844713
0.690870141959
0.573207523746
0.470532896676
0.585784471636
0.507988841198
0.580039597583
0.58581851508
0.63841988156
0.542301318778
0.51147219201
0.58703008996
0.473138171827
0.534177070253
0.453809658823
0.58408044276
0.478820429555
0.480886992277
0.531471671989
0.596841775373
0.58187794476
0.601713986576
0.852623188802
0.526294300585
0.717057574539
0.48794056729
0.466007611232
0.49898448395
0.564353176516
0.651038753635
0.503706718563
0.628065189809
0.636273865111
0.588991273878
0.709091722344
0.622767460622
0.55204516574
0.544646623876
0.621846137518
0.657214035074
0.580614637788
0.619732586473
0.513518541117
0.574636494786
0.526492739692
0.484573595678
0.447867220243
0.58188866426
0.404642436255
0.474784798232
0.632045716877
0.376369038736
0.568129638508
0.519611446101
0.650494367516
0.451873039787
0.934802315167
0.470862370296
0.668516226964
0.426064205796
0.759946004309
0.804935920555
0.474834252504
0.616661601917
0.695093058178
0.624965567025
0.560480240247
0.628254967636
0.717897174899
0.425823211971
0.632475950345
0.448930233134
0.491874411122
0.6314941152
0.638271643314
0.539326118014
0.575492985494
0.68320187744
0.613452723054
0.663895800408
0.586298794911
0.630617008387
0.616023065498
0.604762247436
0.522328398735
0.437015835527
0.522391325236
0.508985351637
0.533414197635
0.860382888316
0.561406601664
0.502590788167
0.489398757851
0.542735944795
0.460474753132
0.488380325413
0.533105222403
0.566594198853
0.475845119603
0.559004635457
0.342743828648
0.446061314695
0.420629905
0.683828981952
0.613555156719
0.450344181914
0.577645396973
0.656579565875
0.564388999553
0.423925918949
0.546015394458
0.640601388173
0.562130994118
0.491356545129
0.669448883875
0.825900758988
0.712079824389
0.484926598934
0.594043342365
0.569211626759
0.390431169786
0.647844431273
0.599875165718
0.513456760463
0.51633274406
0.634340517598
0.54249371136
0.462429452984
0.479124925541
0.506700548039
0.645771347013
0.646139828169
0.483219197291
0.427554541297
0.748601127249
0.653300288602
0.465192525471
0.432488987498
0.576004099479
0.671729782438
0.486649327744
0.661164328937
0.682143810359
0.335543717253
0.513769636583
0.606897538848
0.504044941955
0.491929865543
0.535585561127
0.475545451058
0.412860513267
0.710855511534
0.48570470736
0.495186275919
0.462157942409
0.562368981386
0.581253664602
0.459043931293
0.47877037008
0.39159201585
0.482847097992
0.60158842987
0.519192638857
0.904400926856
0.498110522909
0.70305326777
0.492900661039
0.477041430436
0.547856373298
0.778759973581
0.434774474178
0.407610090248
0.705594222972
0.605422287882
0.490103840729
0.442198248131
0.528199110691
0.600473216782
0.685788248745
0.35921199382
0.477272289262
0.516409778084
0.49519822213
0.733296513519
0.522834625459
0.528979296249
0.548735438853
0.700157756995
0.584874661668
0.60879125923
0.632315411158
0.516335108392
0.555716040168
0.441074372224
0.459714995877
0.594464381853
0.594048400762
0.540360275891
0.646145798799
0.657528322103
0.660570263847
0.43330846031
0.566430633265
0.777120249261
0.472128611257
0.653956440317
0.621860980585
0.543445361351
0.463257435738
0.66930548922
0.487900457389
0.556014882382
0.743134154798
0.500678722411
0.586080105358
0.520813868974
0.453251973901
0.484615866022
0.591904757551
0.661774856142
0.548901083536
0.572712140745
0.704061745904
0.675759768715
0.548168237823
0.578081708146
0.618072871283
0.43052771951
0.60650692159
0.495828386569
0.517771395102
0.539713733051
0.560330709991
0.509807221702
0.507410585212
0.620624124839
0.439164762113
0.493036701569
0.565709235529
0.467761295172
0.776716019438
0.545816481404
0.403214570465
0.429032826071
0.576524736097
0.666430258196
0.605096353838
0.53348329922
0.603844160196
0.578433392326
0.64970551444
0.579874735528
0.512953165166
0.642360671736
0.56500124078
0.3513037159
0.669381752138
0.439306107764
0.509829292481
0.511214034698
0.576191400282
0.650319364022
0.513540392887
0.544774452394
0.461296942174
0.692319276546
0.317738827338
0.462659488841
0.464170216
0.568927063157
0.55088630626
0.726570786026
0.607800799165
0.679938730339
0.698221405975
0.638632458264
0.472134929806
0.381395229714
0.569261463546
0.466581425883
0.527934090306
0.487868537238
0.706632650229
0.561229500715
0.615788224769
0.321376393223
0.441408785604
0.90713939255
0.556370725438
0.578980725358
0.584085418701
0.733028417738
0.566330234882
0.541176128089
0.552630814784
0.815725707429
0.616898371189
0.524128617562
0.671175243209
0.56093147424
0.462481345372
0.760108602039
0.819952529565
0.720053072951
0.55013568977
0.46601808777
0.340706996807
0.541557564354
0.55104404785
0.496392682233
0.624284287808
0.578844853758
0.538201727448
0.7097316699
0.441424142575
0.638741870212
0.602275797106
0.489661407983
0.693749562793
0.619221121776
0.65754489858
0.542927387773
0.528025659779
0.581294390852
0.502083588383
0.423581585294
0.604217987571
0.509656014273
0.61415092712
0.740694859779
0.618806971783
0.552960888136
0.475668725124
0.723094942306
0.506330580502
0.461623687956
0.639081074469
0.581130836123
0.410526637781
0.370458896142
0.729742260833
0.614800802261
0.588341565306
0.590635070768
0.592006739781
0.421002681358
0.491525874397
0.464512053755
0.611194248831
0.410427899992
0.636337361304
0.6305523451
0.34396513637
0.442286655608
0.709079158933
0.579380677053
0.713951035692
0.424044445681
0.487325220889
0.627000146541
0.581616229259
0.668972047936
0.509180648477
0.587533149318
0.512649518743
0.603770990056
0.411180047254
0.412268698883
0.646290876246
0.594091408323
0.477239675585
0.402198012526
0.422957350595
0.52198573167
0.669340163229
0.524006922076
0.497891208137
0.517380824693
0.449795581569
0.540556425201
0.685670186494
0.614661666774
0.505051599722
0.568140125772
0.767988489775
0.460476858086
0.460983810001
0.53158083822
0.646370038565
0.443698340854
0.635951442455
0.726528971931
0.576985672761
0.54540450721
0.561980129237
0.433570967714
0.650333585677
0.526692014898
0.363242674426
0.584602213165
0.466470912868
0.557043100443
0.413777554997
0.425741654987
0.611841562042
0.660412306415
0.845602167944
0.535270041848
0.625324955686
0.640684024165
0.474027276249
0.515097780584
0.656113671124
0.612535581215
0.595096392625
0.61007614372
0.469244765687
0.48667418201
0.537378434091
0.636597368621
0.503068443441
0.429515831994
0.516302504143
0.709017131765
0.520961823164
0.359893133692
0.455072723834
0.532076088722
0.660987956526
0.480255176851
0.436125357375
0.672199211834
0.714811995056
0.47954605689
0.578772836405
0.6586871366
0.584055181403
0.510471156479
0.592857418811
0.448435557313
0.456922385203
0.62833590912
0.40077775357
0.471768697369
0.766417954518
0.596565417611
0.479409960225
0.441698298334
0.563465439478
0.688979812804
0.453398978505
0.51523244299
0.444514497523
0.505990533322
0.480278930177
0.70117367078
0.443989588409
0.670780833974
0.472156873841
0.469187589366
0.419110959208
0.596183084491
0.689003079364
0.521893819636
0.442599704551
0.592050384142
0.491613588135
0.571105883842
0.434899403907
0.342279957524
0.59957267253
0.437433065912
0.601577761272
0.587738927797
0.412952376518
0.526684826354
0.534887032201
0.473419659399
0.551798904444
0.679705915717
0.492118755796
0.492411244168
0.354843340136
0.494071952838
0.509932531104
0.61569003366
0.529195542942
0.721901530359
0.490903414203
0.385127422426
0.557330758914
0.392180919972
0.667988389709
0.631299885006
0.588279901454
0.741853068827
0.695160417
0.593422135167
0.354609892065
0.484857360713
0.679726650128
0.504585885193
0.523802136626
0.487134142345
0.558257524348
0.46450869897
0.698076702869
0.518844537574
0.589959498713
0.445712054807
0.497386329462
0.649976088349
0.561115809756
0.415670124037
0.529613213495
0.766075338914
0.662540130409
0.632320580553
0.682267327502
0.584013918663
0.532168455445
0.488792304747
0.490616579667
0.511179586949
0.422236324685
0.402250903829
0.429758249709
0.625464986472
0.495019511139
0.662281587983
0.570716280881
0.546563915587
0.543465726878
0.569119430408
0.568834141535
0.654311000168
0.631366867946
0.577594837632
0.527528449546
0.467277525881
0.495976064031
0.572065440908
0.518319893367
0.671806294315
0.596022068381
0.440662408538
0.579416205018
0.544677510992
0.636259733381
0.746585755051
0.502602256894
0.322525106244
0.565087773555
0.708468115081
0.694917583106
0.624628422156
0.672162089423
0.606731697486
0.432147703409
0.519066178103
0.522901156017
0.492416471174
0.500811035357
0.466803187729
0.485353863923
0.474749486223
0.544054100427
0.502925418137
0.537842805877
0.43806529456
0.547330849373
0.458350152782
0.640411542291
0.382661080908
0.440571882523
0.715475935265
0.45397206312
0.57887403078
0.530993973123
0.51880381719
0.580857001695
0.528846454018
0.675516036446
0.400748934852
0.517659038551
0.574563000822
0.384660908317
0.454852307368
0.68776181707
0.534156742179
0.41057349352
0.397754810042
0.575809157507
0.523512302948
0.530559254791
0.656311811322
0.480036863103
0.649220185715
0.556380318597
0.432867973736
0.629312289806
0.417354340998
0.433528065281
0.64875478096
0.577696287144
0.432430180112
0.570297958327
0.473093688952
0.429859958052
0.52328539873
0.52218023786
0.512430308109
0.569787471502
0.527864320555
0.597151092675
0.524429452624
0.636797709356
0.57139601318
0.57755150362
0.660353732158
0.520047127203
0.518886863067
0.56683771404
0.528982260646
0.637508632206
0.464362582276
0.662172680294
0.598825634602
0.640400603871
0.518322424306
0.38706181322
0.608981991793
0.542335292728
0.579674568075
0.611322636586
0.445186516639
0.594235887969
0.573559849944
0.388357359916
0.506554738234
0.476103989733
0.630583568682
0.390190139193
0.481364379656
0.442262593711
0.424059660129
0.569287002747
0.543670062367
0.670902374832
0.667262189344
0.566578985426
0.499442704915
0.513916933224
0.757953736831
0.457022464732
0.502725449859
0.586877850359
0.585089295338
0.653190931318
0.390867635173
0.521633103042
0.455649657059
0.34520047031
0.500573605931
0.743214007261
0.540796563915
0.486784908206
0.527643654741
0.42972849535
0.58062048661
0.910263215308
0.697460570675
0.686842210544
0.476661887188
0.535750998172
0.479787969869
0.559345996819
0.493184712728
0.435649976038
0.373758115006
0.683236397312
0.446756094774
0.565311776085
0.36649758456
0.494113797805
0.496687122506
0.520839427254
0.401104296016
0.620475465546
0.518738259409
0.41586944938
0.415828772477
0.542860380392
0.570822584051
0.676879474611
0.52822180256
0.397856809185
0.491026366312
0.615218909179
0.66126686787
0.742921354287
0.504424597597
0.634417608794
0.536121370937
0.504520310367
0.611732204705
0.6410051593
0.486782978436
0.692144206549
0.601502197757
0.520632164107
0.562836877887
0.551010062239
0.511856506224
0.442317430809
0.662005965374
0.45781256743
0.510685981081
0.714426182501
0.440644671033
0.638299693177
0.375044212848
0.54336187296
0.480708101694
0.457694467002
0.445405261291
0.541704696761
0.408196134781
0.596413720663
0.49538712622
0.627122307961
0.574919845662
0.579201295148
0.599822937775
0.464571574797
0.416666195252
0.388923534557
0.798237437468
0.513469650553
0.671106658029
0.488714885521
0.447063806931
0.593696337504
0.451084325501
0.595940835596
0.612249904912
0.450726208874
0.489896787461
0.415274469003
0.467164765919
0.531518115597
0.458343668828
0.373498483542
0.452541503852
0.44724885776
0.419163513362
0.448778184622
0.511111443411
0.511333092906
0.37562534677
0.567976613166
0.595774100279
0.476549459005
0.500970665281
0.603244621441
0.533880943383
0.694866030532
0.602216159775
0.429628384166
0.542540830923
0.581668157235
0.63877625862
0.673853111062
0.437433859575
0.449677491761
0.345691296587
0.500973034694
0.538681695774
0.446185805356
0.47968662883
0.522562845678
0.484221378453
0.488874279915
0.656972425063
0.587612567769
0.524923179166
0.535834910673
0.663934531797
0.746991851762
0.740548268803
0.37029913486
0.532366956722
0.56330906342
0.522219791093
0.504564087527
0.788707904079
0.604721848794
0.590337530124
0.421685812104
0.315298097245
0.59365062966
0.761396731986
0.476859404894
0.597719281764
0.363584157127
0.383691526465
0.51060768207
0.689425278316
0.579870331803
0.36647071493
0.537653062078
0.45584978517
0.533467245118
0.701206861742
0.674059556871
0.513914654375
0.646835615273
0.572477744234
0.367282299724
0.491076058164
0.633807041518
0.539652919311
0.637160828042
0.570317206911
0.59980826284
0.490125464954
0.408447679666
0.402783698804
0.557736485914
0.544720354162
0.411426318595
0.490531566976
0.503157719254
0.515138975048
0.546134483435
0.476108128398
0.578919600591
0.599081405713
0.467800955076
0.495590045243
0.575974282018
0.363139978357
0.609280532985
0.615369821851
0.478717867556
0.451938190697
0.446750802206
0.652797495314
0.390537700889
0.400287378885
0.435146397782
0.539438109519
0.477769821293
0.512038478395
0.573981874436
0.570124310007
0.503192694031
0.494635864633
0.681350943574
0.396479173016
0.488297612364
0.628276098511
0.579695226928
0.659645385944
0.482460713886
0.565790286635
0.48921053605
0.500709891033
0.589132892113
0.822413398276
0.545804223538
0.597979856963
0.661841653618
0.679218499309
0.583665528308
0.483157746184
0.586141463343
0.507087519335
0.421343016472
0.468065445333
0.445455778099
0.350897793927
0.460973591071
0.510175808782
0.389707285495
0.660371536111
0.380320909629
0.378480051274
0.502640518853
0.601852312369
0.493096691224
0.511489002515
0.662370314525
0.587511779467
0.577079688032
0.578549089203
0.607538497843
0.660019057677
0.544235243392
0.549004746638
0.518722625121
0.675401594367
0.322006932027
0.667629123154
0.657201128938
0.542501365933
0.579547040414
0.587565309104
0.410547039994
0.489301434636
0.443481385122
0.292628431882
0.724236371811
0.472554435015
0.691362902177
0.691951021947
0.750675409334
0.693034997522
0.546511698942
0.489336994343
0.452892370382
0.64031468967
0.602943338138
0.554065614474
0.616940972399
0.376872490934
0.557151847559
0.490224782113
0.525231323602
0.645666195643
0.582579282145
0.595014224512
0.416970240225
0.535797215307
0.489659608713
0.709589406186
0.622009747263
0.593305177015
0.418909109466
0.632453962176
0.567801267351
0.439733522897
0.767802919258
0.572543165198
0.509890814375
0.548644344515
0.336748323806
0.458903825181
0.370569095211
0.559510392927
0.632972770697
0.653645688954
0.373572911466
0.521093359622
0.557804787496
0.403885493835
0.772873172777
0.522940933278
0.495894290495
0.668982472104
0.631958158429
0.581543517623
0.585578443415
0.408250400195
0.495370141376
0.583955618349
0.493086693275
0.524027897153
0.455979042948
0.573129711085
0.704959967956
0.523031738031
0.581289677309
0.37690372977
0.493996002965
0.433666902584
0.564284452687
0.656967575588
0.41709339758
0.604474682143
0.503116701895
0.520948112883
0.526592858845
0.421650581927
0.539659752697
0.628739689836
0.619311436284
0.615806001491
0.685233420256
0.370282398017
0.806885639009
0.700590499747
0.576363149526
0.539325313152
0.423321921876
0.484950470525
0.492004921842
0.54470926777
0.45728428721
0.5364826989
0.652308431191
0.579263999452
0.567050438381
0.746324559901
0.553030069018
0.492280770002
0.708129308065
0.490017990899
0.54139911183
0.582483064744
0.409715122026
0.427910988732
0.57765667337
0.518018401452
0.49080533859
0.520027381582
0.490332854099
0.621049245211
0.609863057544
0.743185276796
0.576242883374
0.472304329143
0.757762244919
0.672582921451
0.5370998705
0.502017481552
0.49695087601
0.511375232032
0.605349821266
0.654760373266
0.591767705293
0.603738885559
0.459312321466
0.602085204308
0.563992014672
0.445366116935
0.538934762658
0.615597625494
0.486549309052
0.503817226057
0.417835364033
0.619573486929
0.652187848212
0.593040252998
0.520370488732
0.447037478176
0.396451713771
0.62573316913
0.492550053872
0.553349608081
0.562816529603
0.60952363036
0.552843485982
0.593049740213
0.507712123132
0.295895923767
0.540327714177
0.632617061576
0.570558283168
0.480623968085
0.718550813443
0.524625994729
0.457863508782
0.646474457362
0.702078159438
0.77021669185
0.493101363627
0.528014574928
0.552580724975
0.526434900603
0.409126349122
0.519112728953
0.435399938771
0.495277944454
0.346138131545
0.429883664474
0.624577237686
0.639656214829
0.637400053045
0.502546241487
0.648399954286
0.444415335378
0.49267206749
0.697768857128
0.523615911684
0.596629016164
0.483095025125
0.649019574723
0.559762816491
0.51191386563
0.548392921884
0.620693599773
0.706797740226
0.53875371748
0.636356249256
0.566590724274
0.494386785652
0.538664562883
0.528307404771
0.61934473254
0.492403244275
0.60718636734
0.56991743258
0.679793710482
0.627542527364
0.400007277799
0.448267083083
0.879187605136
0.645213296751
0.624933201065
0.595746873813
0.442502663908
0.433014633547
0.488641633697
0.575836913257
0.559942025981
0.563265226238
0.737031957781
0.688622662882
0.403199728271
0.613520949187
1.01756925291
0.541840151504
0.73799796672
0.579531075757
0.810082716273
0.701336715098
0.765398980501
0.482218917618
0.552121161027
0.821040111779
0.491003460386
0.66636246897
0.613454135166
0.718943558068
0.590920095867
0.943013719941
0.827408066691
0.696387210091
0.976706079171
1.01901825505
0.570020677531
0.576123651346
0.651128033869
0.649058715625
0.700747647983
0.526161725869
0.465085204839
0.488293520284
0.448419569416
0.464435440465
0.565229446934
0.755749122724
0.755352421002
0.659015796599
0.634626503146
0.541395277072
0.727486033354
0.46773282041
0.688423067579
0.66941439107
0.619961110324
0.428759484012
0.397456903627
0.587985878373
0.618314598387
0.690402935936
0.733843783074
0.720562429974
0.563795816683
0.645796385817
0.682561261934
0.499218847759
0.74390649562
0.773761400589
0.650365776766
0.675604435593
0.691740864395
0.504595063363
0.665098326014
0.658100859334
0.576710278616
0.650051636527
0.748505145609
0.493859247358
0.741877879906
0.49092278862
0.859619553895
0.632271274844
0.667877743028
0.523471973823
0.526641919293
0.770959555584
0.483117025797
0.515079970338
0.516248393805
0.481393919638
0.708913865776
0.598904541578
0.749070830529
0.536974248155
0.543661623095
0.621869349484
0.599033458491
0.709454513834
0.538821333578
0.523224848498
0.649399392864
0.587082289715
0.43559718058
0.645817795557
0.787626200574
0.62330912185
0.837613326377
0.642878006791
0.486105090065
0.710077886422
0.68824453032
0.42905908999
0.951927395245
0.571325108663
0.485286106058
0.599238402006
0.608362298724
0.607943454794
0.554103245613
0.661745716279
0.511775967706
0.553887480855
0.667302794908
0.554214045942
0.489975833575
0.834812138958
0.578800362849
0.72093202383
0.590638931632
0.56772591622
0.446620898166
0.88120876302
0.814373902078
0.537645156037
0.497611071041
0.465693608991
0.459160518176
0.611156971875
0.875488925159
0.621031457414
0.535161832441
0.712379753796
0.584347084064
0.674991759366
0.67242829765
0.792440736458
0.697611280519
0.542966665738
0.603130402679
0.737433590991
0.668885076916
0.909828817691
0.809532362284
0.557969112555
0.560631273561
0.741796645818
0.852033174435
0.690991078091
0.694533578909
0.801421662561
0.492320158412
0.619383738475
0.712921427787
0.93792253583
0.623990651605
0.590077069874
0.90984548098
0.656389675079
0.929835347136
0.446778731877
0.553003073542
0.582437029745
0.733663743252
0.78065223704
0.404130682512
0.611592782062
0.586887594196
0.614432221147
0.407219679649
0.45331393572
0.462698405751
0.492913613979
0.445825290657
0.594500107938
0.523824007333
0.604921557646
0.53037571627
0.713289497823
0.574473993256
0.378572687253
0.615102158321
0.669595352662
0.573539032216
0.477103805834
0.446249808714
0.575096409785
0.623552957012
0.566344993068
0.391976462093
0.483923528624
0.669025731964
0.497058995008
0.550439370949
0.476844085476
0.437460690051
0.44457612237
0.617048707509
0.685670183116
0.643013929931
0.479157984396
0.628804018321
0.61239261724
0.46947018054
0.720497924633
0.543022161783
0.62200970159
0.570645100813
0.652595814425
0.376976683011
0.512961853335
0.556799573141
0.359074342161
0.481134002654
0.56951744128
0.646275336831
0.547053300457
0.491489195573
0.62522393344
0.405504695872
0.435164576573
0.541827026114
0.74962659041
0.663255667227
0.468343994086
0.577127600236
0.445229590366
0.734847064524
0.483992786217
0.415557118179
0.446597587735
0.600029649186
0.282034169071
0.379869309758
0.312353855159
0.597204621773
0.568586143101
0.523150087628
0.481402741955
0.479669737427
0.407827357928
0.474715078217
0.56053473882
0.621089716096
0.544122716927
0.50884255047
0.401010687954
0.647928435203
0.536288091035
0.445909752616
0.429658802041
0.4899943963
0.674943284105
0.574356346649
0.528047970923
0.516772824988
0.643599941465
0.538130614585
0.450095458339
0.537460247718
0.537847542036
0.558885804097
0.526765882329
0.736637300062
0.588136564653
0.493347085051
0.734435742758
0.605716191313
0.537115781721
0.506648860061
0.437670885367
0.635849733899
0.349437414503
0.450691450046
0.502853828187
0.597338585735
0.617449176365
0.420716359423
0.351795000723
0.544654600739
0.51604670764
0.577021081743
0.53571543212
0.586470183155
0.353406537839
0.602610170525
0.492030886717
0.559329451558
0.514759139782
0.436140024975
0.468748608313
0.726970650795
0.624559401282
0.606700519239
0.665741999712
0.595807509638
0.492082127942
0.430662444452
0.4724813909
0.49671285588
0.477321544659
0.48548773549
0.5029907126
0.437416364974
0.631465833322
0.519983164786
0.46696055544
0.669904248542
0.712088168841
0.626532156527
0.377796201213
0.642650424849
0.51811361372
0.589729474666
0.294431340136
0.573950921889
0.607547711219
0.539340307032
0.586367308379
0.563883471366
0.714912089117
0.542015800369
0.448584132969
0.511001104162
0.635911584128
0.363599714994
0.491205539629
0.582635300868
0.6118331679
0.502963221555
0.616272421529
0.475942428727
0.575398472771
0.395190181891
0.541012725237
0.620434549585
0.437643048545
0.656114574657
0.629693436633
0.423078960453
0.529663959555
0.703479449251
0.677342722332
0.502267623397
0.563845040602
0.585947916281
0.570949279336
0.630376516039
0.709800876283
0.584583671464
0.541652801718
0.609911628633
0.698211219624
0.453267022648
0.443280311813
0.529196345044
0.382233008548
0.516108859542
0.477876107598
0.528494162633
0.438658570879
0.507741566403
0.378044943014
0.564837098771
0.516489315535
0.391576355687
0.419158244604
0.544421234617
0.566539857615
0.552474275854
0.523179134423
0.694216816866
0.574115087574
0.540011224909
0.438916113309
0.498794564354
0.362936604032
0.607217355915
0.484176402437
0.530602985471
0.503232565287
0.579386628987
0.486465207528
0.575311770813
0.501227379839
0.595253536648
0.384974747878
0.625042180228
0.562576120896
0.437289355069
0.515746646368
0.692896833986
0.358951867551
0.435914092432
0.492676721402
0.672654133126
0.5983104644
0.600066663351
0.626237407381
0.507594789367
0.684259990589
0.471177956445
0.426184871565
