0.407922694304
0.424655759242
0.777743307671
0.463348904221
0.391404492223
0.367616282334
0.412409406389
0.521942085638
0.408059615334
0.492695348828
0.448044883171
0.328131765886
0.498489682004
0.45324624151
0.432682452876
0.599062027539
0.470955399487
0.373978428281
0.373136041261
0.35551606407
0.372225640331
0.411529467688
0.538031078944
0.490214401031
0.541230737131
0.560862906323
0.671398482725
0.34061442609
0.548622151655
0.661963368522
0.47845670873
0.408522105367
0.432200713655
0.536981024666
0.376409611315
0.587925713186
0.697542079838
0.391850462528
0.50441977373
0.38137168088
0.59224557285
0.546713953567
0.477371556702
0.582619215972
0.400693098704
0.540002656926
0.53005502316
0.441169105534
0.535077398528
0.599452243481
0.330345290826
0.287183010172
0.5877870054
0.373411851288
0.537110734977
0.40511983537
0.741159081833
0.535120802773
0.560578735094
0.411143645571
0.670404843986
0.47277599656
0.286046799485
0.385210041085
0.476362590451
0.543639037418
0.613472380634
0.45954726731
0.587735488261
0.529739126151
0.362239340464
0.537881365958
0.506539769077
0.334966820213
0.442796032355
0.522922432561
0.471415243461
0.461028167217
0.499758135825
0.615122368478
0.407444477195
0.433220879692
0.404988805388
0.563284125661
0.441522044438
0.464133767169
0.569713938281
0.500885773813
0.446029252119
0.454920400612
0.397572046099
0.607186360283
0.329894598275
0.618458603405
0.699323038183
0.358081515112
0.366585665076
0.546920328657
0.426946055721
0.520181205465
0.284918943177
0.464027202286
0.426290484272
0.528535046521
0.598656657138
0.369120692921
0.610452793197
0.439769785263
0.563592499938
0.45679094365
0.535486707246
0.506693897156
0.603971897546
0.548001467516
0.510055010184
0.669307623779
0.471745156806
0.504881825295
0.512029261642
0.484324461828
0.381788093783
0.503852158163
0.699422491169
0.582724954447
0.477381214477
0.320086949157
0.592907662182
0.507271907738
0.527446073842
0.505598430905
0.572483155199
0.514804325199
0.513605435849
0.609723336308
0.508933151277
0.418159106399
0.379115585898
0.603038031556
0.398891566164
0.530541590964
0.363393101043
0.354453448021
0.486360597962
0.516790728659
0.436466485982
0.397625965278
0.3989991015
0.466885451097
0.364016648332
0.318435935881
0.602955064579
0.61935811654
0.455530356639
0.48510836226
0.453905153708
0.516399903122
0.379046083713
0.342499775188
0.500062893557
0.490820122244
0.464518177397
0.356800074524
0.542988582399
0.388726650628
0.492272460631
0.530376879612
0.443375216292
0.492847088152
0.339118998402
0.397100270082
0.556499335399
0.575275703698
0.519879059131
0.666948937541
0.520613840565
0.434271795408
0.386500956004
0.569224249061
0.437440565951
0.495263890786
0.558426747655
0.455537617359
0.612885517892
0.4259035542
0.465573300289
0.493616777548
0.453007345806
0.541579958189
0.429921771839
0.399699512033
0.394731067789
0.454583637758
0.508031424401
0.439135416084
0.508639542282
0.516294021758
0.486445098019
0.378403240793
0.450179133508
0.539465224823
0.475862276922
0.451597035791
0.403321047086
0.373725713013
0.50143610362
0.420606022069
0.361958551397
0.36075820661
0.50715458343
0.581000016552
0.616519401489
0.416275619832
0.88558868747
0.46009989005
0.305778638677
0.330182921973
0.584475362255
0.463838018985
0.376016410501
0.50118908646
0.482390572949
0.62943960453
0.601030749592
0.350532140977
0.329122457399
0.408002763522
0.388795463276
0.503385545934
0.233413205357
0.498307306931
0.584801547396
0.500945006074
0.411491085485
0.337363269146
0.441813110317
0.485620810664
0.487715571823
0.619779724771
0.583582531741
0.619062000026
0.370422423166
0.532501004118
0.504904126233
0.609056672307
0.485397034359
0.538711071622
0.399760065717
0.301243938001
0.501836118067
0.247719423291
0.382572741463
0.524819821813
0.467335882813
0.32746782022
0.400940148613
0.367570470435
0.555534387622
0.487543282167
0.43197075728
0.335162115405
0.533824548525
0.60919580072
0.507704320475
0.437219293505
0.521809905639
0.666037590603
0.445659565714
0.795471341821
0.33229410434
0.546236029032
0.478898786368
0.339075630633
0.572493082409
0.590552448179
0.292317062629
0.637427580504
0.426716377279
0.412423893988
0.361390598294
0.396049101602
0.396649753327
0.409984002212
0.513007116192
0.398847458892
0.537397109924
0.411449439776
0.496184517963
0.616140012019
0.411516193513
0.403411546672
0.598221544459
0.52529760111
0.543646782783
0.465685177626
0.474258235276
0.557616557551
0.774044769533
0.447387466878
0.618515781543
0.418067857531
0.566503937098
0.47430532186
0.581485729542
0.41139278822
0.516141986501
0.481760636397
0.614669855894
0.447233175387
0.490152824066
0.454910006911
0.546644975037
0.818762883159
0.53302812757
0.459590663272
0.587817739673
0.61655739984
0.547298664344
0.503032029557
0.442712243958
0.537482423937
0.512587315445
0.533703729493
0.490427853265
0.571213452788
0.629340898369
0.44477584668
0.52096526655
0.502480050557
0.584890240365
0.470272736608
0.606077386592
0.405882304427
0.455189379035
0.444550274399
0.434156494166
0.393355751378
0.507430735955
0.633207740317
0.713208485656
0.372579084119
0.663727397549
0.462936617778
0.488096633682
0.559010651613
0.361422582433
0.575016769765
0.358961437798
0.53361148423
0.564863774181
0.473550618874
0.427790274605
0.418557332099
0.53725273514
0.550214456456
0.650613980124
0.445408056598
0.475416233783
0.365869259706
0.679089325192
0.243616804277
0.416338271831
0.412492628515
0.478044226133
0.585150128963
0.571311134505
0.536686763605
0.520010085466
0.398440569083
0.420230607281
0.326496659844
0.508285559067
0.583363191756
0.560439946161
0.568617457336
0.498303247258
0.328694436167
0.436660995711
0.275249915401
0.688062152776
0.454020142654
0.500388623357
0.492772234598
0.516067118447
0.469359986312
0.555410243982
0.479033494133
0.40713761861
0.445978196133
0.54161800374
0.441910512269
0.452357862274
0.347856329262
0.36387480655
0.390411520262
0.392344757628
0.571186980793
0.528712024644
0.444871433226
0.417023743951
0.356283275751
0.473236016628
0.485420720732
0.525014043925
0.469479717469
0.563473442826
0.503095561228
0.316311935194
0.347670504648
0.49861401132
0.647161423184
0.451325151965
0.542735343354
0.458019646073
0.415052558125
0.535012451804
0.447951816094
0.491219374532
0.498064431444
0.761653889868
0.510533456715
0.318494350703
0.466891231191
0.445792602149
0.461617180978
0.523147540922
0.531630415175
0.664060646205
0.551579586997
0.453855716595
0.480722304891
0.36200109077
0.523539864015
0.485312739281
0.563087134334
0.458134228252
0.432389413629
0.5979814558
0.332031635477
0.422561629001
0.397966839549
0.502617937382
0.650623578668
0.433052663839
0.528980132577
0.424914115498
0.594934240369
0.411335852776
0.491414610486
0.482012190658
0.416134499498
0.483323657785
0.343982240315
0.302553793888
0.622235468471
0.541290348209
0.455011376507
0.572952308161
0.678599760442
0.461973970043
0.567273914927
0.342394322752
0.618785290765
0.507109189691
0.460405165822
0.406717014061
0.585984598165
0.575833534622
0.457132992434
0.421807451808
0.706000412847
0.405317111041
0.524455309901
0.341599969885
0.561309353751
0.494832645558
0.466076568205
0.576029949657
0.660871721782
0.542296609467
0.539635956661
0.348728696924
0.45680261546
0.435881803749
0.520101173959
0.34421158644
0.511578953358
0.490412072294
0.46829033919
0.523571117206
0.606046150616
0.383951850884
0.286282345498
0.464144972447
0.36439825782
0.473001403196
0.427126654763
0.539266866401
0.311722146446
0.463585726154
0.64701930881
0.637200886568
0.332305803033
0.392608839122
0.562924775738
0.418781905883
0.522850809788
0.508858139508
0.506280869945
0.535642776753
0.476686204145
0.535542580686
0.556356996492
0.653853182741
0.468357142435
0.499678755306
0.417924525202
0.514654414653
0.509883037111
0.546141322825
0.416134488037
0.332060689342
0.409392379871
0.477791421724
0.485423689767
0.360345900362
0.590848911232
0.47517093005
0.629166447506
0.495950426925
0.478929731287
0.465566846057
0.442051441912
0.626837040969
0.759344353606
0.490642923256
0.556552565406
0.518350751842
0.736935576397
0.403433562107
0.561491485573
0.378383030733
0.486985143191
0.569513008314
0.70300444071
0.48073451851
0.471155900343
0.322870123799
0.58935148741
0.506985070586
0.618114469983
0.394031120823
0.501687433013
0.582994258831
0.686118574526
0.532704813203
0.509035151965
0.514217297618
0.62353015369
0.330313391916
0.501488102941
0.661463618005
0.678108569666
0.496175302926
0.526131828036
0.673539172577
0.610049827397
0.428714332471
0.586633525064
0.575601685372
0.515523673386
0.427340659523
0.386258056558
0.564427227302
0.388934652794
0.498094946807
0.40963177754
0.614765039788
0.344044888742
0.43603267614
0.618265850161
0.507937393226
0.55379846547
0.686609478722
0.493217777184
0.888886211191
0.584289583267
0.475256428088
0.428648600384
0.56187583177
0.534971542466
0.570319047682
0.50531074876
0.583772818426
0.542999708175
0.41937020628
0.628419310776
0.411347226076
0.375942156251
0.426638135749
0.506832392523
0.544357485518
0.390285480295
0.491364677786
0.43201169522
0.56006147985
0.391625447783
0.477251935383
0.530164361079
0.525292479746
0.366872869706
0.427953435255
0.585752128121
0.667156636597
0.426897901624
0.597672727366
0.273717239027
0.408741401862
0.54740375937
0.329021729441
0.54985882033
0.514951346913
0.442552946731
0.629886191356
0.45123525548
0.528665212739
0.478456277937
0.489652619689
0.579238330578
0.411363813219
0.477790802479
0.465463033233
0.473459863928
0.449734533984
0.485554780672
0.403940252971
0.565403374026
0.450707769047
0.621390201394
0.489911446619
0.440472768445
0.58990198715
0.441881650242
0.343750454724
0.566556726413
0.271543232869
0.567207763851
0.710568397162
0.567802091867
0.669688312252
0.504678862596
0.559070457527
0.484111209649
0.562115935841
0.447570272535
0.476390523263
0.652936826766
0.370823551641
0.539822253237
0.389171972614
0.349380375276
0.390619336989
0.439939209661
0.677060216614
0.418550357611
0.330471576529
0.570767132867
0.702449353744
0.387781823126
0.43483208017
0.434931220372
0.513035992946
0.397454591079
0.37442144468
0.318429084966
0.587170781265
0.647566077148
0.606647381479
0.343096733208
0.516366255
0.532167847346
0.415442254108
0.57355000693
0.585607501146
0.499004374906
0.57138690197
0.31869276086
0.423980057008
0.635410473526
0.492071201141
0.416448464207
0.343964847108
0.463323717116
0.47350727789
0.398979453587
0.475311303332
0.486702316241
0.515075198044
0.476874999397
0.361959211351
0.439313748758
0.639051807207
0.61002796629
0.430846645597
0.614384189641
0.462546014422
0.595281271293
0.44366150151
0.542175243447
0.464309152808
0.628499616002
0.493190735441
0.657982385001
0.455439768893
0.540757584943
0.483724281931
0.461119308277
0.472000042311
0.496488943907
0.475691179056
0.519655783712
0.434446130774
0.446306429556
0.433209256693
0.383166806358
0.751596970621
0.426939025427
0.622862534039
0.370914678878
0.532148679912
0.423772632588
0.468193301351
0.489055715807
0.501817060381
0.599449823659
0.55241198021
0.470503137979
0.507295331051
0.424092657711
0.468397315651
0.54452425589
0.560554622216
0.277717545888
0.533872246364
0.526945544747
0.416538918088
0.586085376233
0.589090722537
0.498043633789
0.471352581002
0.445376149483
0.419047130312
0.421190224487
0.532771331608
0.445331602281
0.430603302185
0.396367923508
0.583516473464
0.491654619692
0.44776647699
0.327181934496
0.526651176351
0.51318372144
0.504872967255
0.459975245064
0.602159239925
0.600544380652
0.682014848721
0.515651214054
0.47240307027
0.670256108041
0.479992862414
0.621188255217
0.427332826411
0.370376839666
0.553080250855
0.506344394242
0.323167868464
0.520247056035
0.586190805733
0.384520069072
0.49738201357
0.587640526397
0.463017447098
0.582054117897
0.590497792023
0.520483420754
0.514473130453
0.746924666734
0.527056095884
0.510124714439
0.331657170329
0.445014685066
0.477453852571
0.581151259793
0.540013958408
0.416920486789
0.437960155081
0.543185989005
0.379309262944
0.367320875562
0.460973662633
0.367813326826
0.569859570924
0.509491762685
0.596932563181
0.693324975157
0.390070124795
0.38448835449
0.440254878903
0.695363321544
0.633565311047
0.437780920353
0.460937113182
0.59005543758
0.673481154099
0.610073587968
0.535614098668
0.62069607116
0.515870538651
0.454798782576
0.60802890065
0.520205277213
0.522823184272
0.394640141518
0.478930312059
0.473453194473
0.343351424352
0.67869596735
0.51079605038
0.502840296265
0.487097569402
0.624529330743
0.506990463808
0.46210687998
0.393177575989
0.359843123648
0.612637060354
0.517005272098
0.56076151293
0.366759573329
0.478423194776
0.552145032742
0.584196065683
0.563740697246
0.545258072035
0.518466872628
0.560680830151
0.422111162652
0.495686542034
0.58034455103
0.665145550176
0.48883680438
0.443985602671
0.472419374087
0.528680096773
0.432390001096
0.593557850483
0.376080260675
0.882443977424
0.518068071565
0.438121233062
0.530284741823
0.369130636882
0.478274209001
0.468382572656
0.484385259761
0.461303697311
0.49482505531
0.472278213659
0.411172146669
0.368258133707
0.541395078966
0.492168148227
0.581713453463
0.499504492213
0.456021211713
0.515179447053
0.398995841248
0.37017826344
0.474578225388
0.42636263574
0.511656949316
0.601890098768
0.549495326192
0.410630929383
0.262998665878
0.584514670119
0.434725074109
0.399886239835
0.585792344122
0.38196106238
0.498123307174
0.432856195539
0.364964144308
0.560271473203
0.411174021532
0.437891631884
0.660176753114
0.416142727725
0.50955813269
0.542180507005
0.646426614305
0.570535763888
0.423435023666
0.49685417567
0.339513517899
0.438889113805
0.604142563921
0.573902572139
0.5710213859
0.77940505753
0.464748681678
0.566515463374
0.481351943509
0.564470879005
0.59422983545
0.598050840215
0.546502766525
0.56228828702
0.418504727381
0.51748512256
0.491175429549
0.560485994314
0.605210796941
0.49926915201
0.425729811644
0.603392333721
0.337167623776
0.567913963479
0.458988353377
0.52539362805
0.461571025766
0.465304589125
0.660775052778
0.511469719409
0.431104461829
0.558952869504
0.540324258261
0.451456917006
0.575890269635
0.506067166986
0.639526346077
0.717854668508
0.608740153977
0.465406101224
0.425729337831
0.326448824444
0.355020399706
0.603160615959
0.47727199688
0.408595486975
0.513034536731
0.515837796788
0.371653300879
0.411637216319
0.59722535712
0.39571059151
0.351659250595
0.405554644162
0.444739560285
0.476274969617
0.77307181615
0.344157363229
0.281729649132
0.517290224359
0.550121397146
0.52291335012
0.432245464079
0.429177893767
0.584131667283
0.482051871882
0.545951704644
0.607414068563
0.418016023336
0.549867890534
0.497120376431
0.523614882202
0.472628870988
0.4536969647
0.688239964119
0.547292322861
0.493136715535
0.401214074512
0.403418336361
0.550230786127
0.450749211761
0.598012582148
0.468682285095
0.540072114908
0.48688247734
0.644430858449
0.450246865772
0.636122639226
0.474849526677
0.632140615407
0.36436993771
0.434519076145
0.496720735293
0.437113073087
0.477260689746
0.439708625599
0.420329133594
0.425053969291
0.501205661884
0.561978100114
0.439550804329
0.342534836958
0.473060918462
0.429811172033
0.62339766684
0.602490705183
0.391794422506
0.501538593841
0.458286268152
0.539342511282
0.521077520016
0.492736759782
0.441517265097
0.514559784453
0.551921931712
0.375430766134
0.610940445126
0.347049407821
0.515372540681
0.465584953257
0.512998216976
0.645837374492
0.498348902839
0.492626975282
0.489456325305
0.387188943079
0.426453488388
0.412745242899
0.464403695036
0.52886878945
0.663963991452
0.569290518657
0.632055404775
0.462570384422
0.555611161823
0.446624102084
0.48181799061
0.483285800597
0.375145853646
0.416165305588
0.512519398872
0.446083449967
0.5323622361
0.344825341378
0.438853146006
0.410126128764
0.556155691019
0.403341060456
0.40328703429
0.458444590727
0.390468735277
0.382551093706
0.647494644964
0.532870027233
0.545630812033
0.488731941735
0.583664713823
0.638576517253
0.423435747713
0.38701292682
0.513313149568
0.529907589849
0.527992405786
0.49307457738
0.468443034783
0.520435910099
0.663787761014
0.421938578486
0.452400160259
0.487829833967
0.689656699001
0.45067430868
0.488010163284
0.462530153265
0.48399108471
0.520010027266
0.657042142072
0.544490116551
0.453656437991
0.487114576982
0.517354421596
0.576459837759
0.488652331455
0.463550364107
0.508135659426
0.623562047017
0.581842485079
0.429414820823
0.481584822553
0.575219865705
0.498676856603
0.384093088492
0.486112184086
0.463001139451
0.462547325177
0.470423799282
0.387976569087
0.337573119969
0.472429983646
0.334311664781
0.748050434301
0.624972806653
0.386977121395
0.582705793169
0.51053130228
0.404915296336
0.612698633015
0.562669382108
0.422677890405
0.394835648269
0.587438784697
0.410512537212
0.417557561013
0.481255350052
0.458881643125
0.58369762791
0.750487113726
0.596429415721
0.395961362171
0.477539820934
0.54607894931
0.366494728506
0.50120784785
0.592290356546
0.546670488346
0.587602675738
0.56260721426
0.557739407005
0.543484518831
0.439361047003
0.490007114793
0.508166378403
0.418388017945
0.422367682825
0.569777453198
0.573171672558
0.465967092815
0.389753428758
0.400988263735
0.449479581968
0.464914577917
0.525696192217
0.615546542911
0.608225478267
0.479985469208
0.355924291324
0.545438525545
0.579219658076
0.442994833507
0.436502092697
0.567357706125
0.335223807089
0.503724740249
0.557368966749
0.353477570834
0.585900110652
0.555588586872
0.38639302799
0.341029552931
0.396769323822
0.429165393256
0.696957775116
0.606810514894
0.49223499199
0.346943972969
0.654699767032
0.460238337007
0.646341575235
0.417839456875
0.359602657368
0.537800424345
0.512487007413
0.63227805084
0.426518381546
0.465850642045
0.418852556207
0.441131526264
0.516242761526
0.468427264795
0.381629510309
0.396330698901
0.491017622653
0.498830896607
0.4271545836
0.380753699866
0.569763680015
0.392094221426
0.442853418752
0.56793752424
0.509914054082
0.632781001784
0.317928174401
0.51854350928
0.436783817461
0.398999186025
0.468921954462
0.397166663586
0.556369031139
0.535317330969
0.556382243223
0.419363556931
0.566954226905
0.431776529989
0.526686212668
0.592240425258
0.407196574911
0.371761768035
0.467142032414
0.523049126167
0.379905596946
0.33895480556
0.420630825532
0.419002171572
0.577190560313
0.352862737141
0.473741996224
0.389258553897
0.316620967156
0.484414742229
0.42631181843
0.508454057108
0.55168069782
0.516570185548
0.519724809363
0.383689213528
0.458373912159
0.433180733733
0.337938071978
0.521975802248
0.714378464227
0.614636435782
0.461092891858
0.500395689012
0.42569787669
0.34504536872
0.405586238516
0.448582464778
0.700354757247
0.475456521772
0.484042490004
0.511181712314
0.572448780731
0.573579072818
0.456505113639
0.457620194475
0.387345103389
0.432209568861
0.433547226145
0.586509560091
0.634462319263
0.403703892231
0.352827525001
0.574502645023
0.508991319247
0.296299407879
0.430633927575
0.4778108138
0.59001494966
0.461132495962
0.585866535163
0.55903747471
0.653944712435
0.470900414514
0.421252487761
0.574312438426
0.474767429155
0.547906085956
0.472816242861
0.515334138674
0.444037194563
0.585869548144
0.443687666004
0.50021369682
0.381652733719
0.409822775173
0.695342370635
0.467977826472
0.417249629278
0.59138517109
0.373324972694
0.373529938621
0.453409052149
0.51861650632
0.348989096337
0.379748220528
0.405792214999
0.446297074035
0.529552079596
0.700462736692
0.45727206082
0.507382221332
0.430942360859
0.460496686436
0.472583140691
0.527375191561
0.599400258379
0.439974891449
0.491766439383
0.388037623328
0.622316400499
0.433768324463
0.476243895696
0.635205528572
0.399801085443
0.48142791279
0.532466347902
0.427727775029
0.547235223592
0.43832637087
0.633179129085
0.541444550304
0.479168395014
0.498710081886
0.548981919759
0.555761841828
0.450832015305
0.527692232627
0.352748943538
0.576448487504
0.474482111088
0.523165139446
0.462913900243
0.585261927906
0.504396986727
0.622726890308
0.429773947758
0.371185084962
0.360256250926
0.63551617352
0.608213574923
0.528348988942
0.38650095626
0.44322357199
0.336396949326
0.472581781439
0.305242963742
0.495541416565
0.356592372653
0.425799661165
0.388308593779
0.544174383245
0.506673966964
0.451113919272
0.51603651836
0.430742441576
0.458286589104
0.646411236674
0.482855359116
0.452408167856
0.491413206601
0.486311681634
0.329605390461
0.492429325134
0.37109912618
0.687484557542
0.523407537916
0.424996093575
0.440124281831
0.328517592872
0.405944624086
0.547855451671
0.491291694895
0.583529513362
0.527656968607
0.481808075415
0.319774922549
0.566851818937
0.485251493408
0.485573420525
0.523391149643
0.53852091423
0.414163102319
0.480994158191
0.452229105854
0.514842425325
0.379236275096
0.558754424118
0.436226171528
0.446459488399
0.475011080188
0.395947368816
0.466876758444
0.589862694709
0.509393783047
0.388468211751
0.481794508538
0.496163969181
0.49163725567
0.622359574055
0.36805524918
0.480828681043
0.5371228748
0.646688801654
0.809096773323
0.332664823503
0.491354227849
0.351449067426
0.382118098295
0.548502444054
0.530207180508
0.618990275925
0.40021199167
0.466821334432
0.48492987102
0.423204350744
0.410043654005
0.492218389035
0.342328795277
0.531725747173
0.564486898645
0.497684059809
0.509076010827
0.588960659088
0.503944705316
0.431352673278
0.471310385074
0.525301860445
0.283948987508
0.45658145341
0.382645935835
0.596478166516
0.421444833498
0.560572592095
0.484269489705
0.521479499859
0.582487697282
0.617096815846
0.444616987737
0.606509638164
0.493384375184
0.741128902306
0.607183602543
0.4475432602
0.409889702284
0.592117637861
0.415434657115
0.554831309248
0.422573927537
0.513448064201
0.499121647207
0.52993860143
0.489700088525
0.542696058344
0.438629737562
0.647861733182
0.4911663307
0.515052505689
0.474075969379
0.500191676293
0.375113731955
0.558207643226
0.485633909916
0.61475353251
0.413214491623
0.604655495064
0.463148445762
0.456334417212
0.529643416255
0.451456181521
0.530791684863
0.528512464722
0.493604272112
0.52099921273
0.371839732575
0.371045113188
0.461968671347
0.573034288355
0.515641412617
0.503041910215
0.612019249781
0.48288818085
0.514064809104
0.586494856512
0.452463442159
0.370451093671
0.537480735682
0.330447318356
0.54042693662
0.414026429355
0.584533469119
0.427121212863
0.571432876789
0.425373944689
0.704052431881
0.405991070276
0.49422303059
0.455330003493
0.53876246786
0.560401988186
0.498357782768
0.419496191171
0.496060528517
0.470198878707
0.381018163042
0.347294018198
0.443821646733
0.608576992236
0.376196093031
0.518777152652
0.621633312818
0.505775317797
0.493923477401
0.577330092431
0.547413564687
0.501401607799
0.595403087044
0.328685984908
0.50565165125
0.486851203364
0.615827239334
0.56008324928
0.640145796922
0.548342044807
0.477442890058
0.473119830246
0.505617861874
0.534151437939
0.339166263775
0.46937022123
0.358025717795
0.503433707635
0.678708550503
0.407403196736
0.62907286792
0.812221891182
0.501309135301
0.42606560575
0.54131060934
0.608361179072
0.480111880818
0.517741701948
0.511524440453
0.418295433778
0.395165992398
0.534456946687
0.653776364743
0.637825820844
0.509434227657
0.467958484083
0.375872605505
0.643160875203
0.694512435099
0.349616247565
0.469234801798
0.460367930143
0.435009984901
0.574982178911
0.505990248663
0.441310498823
0.591909244697
0.620882650566
0.453186664519
0.695387637166
0.588372030389
0.497097419214
0.43540440161
0.582341962725
0.476618446235
0.488482287673
0.558057925998
0.5202248096
0.406790763441
0.467365563239
0.626545896988
0.470282502771
0.685276718444
0.706533515082
0.555553214068
0.479362525074
0.437004885273
0.610954235717
0.540922121662
0.537246520953
0.262880275982
0.531045300036
0.598615630689
0.395968967576
0.556679569271
0.591377755419
0.56644170176
0.650095608626
0.631068685937
0.411727635825
0.675110402023
0.582877121494
0.589270300157
0.563589355349
0.629063440899
0.662812748757
0.463906699612
0.511581323955
0.463689010459
0.454973395938
0.387152720967
0.873958644524
0.735802742604
0.460134671339
0.511382790153
0.480823126239
0.414788110565
0.557212966964
0.390963970044
0.43726076428
0.420477481925
0.587022390747
0.452004035519
0.388985413999
0.466997377621
0.462648531146
0.797661766909
0.346687523586
0.494692899261
0.399732667483
0.582142711889
0.334160574672
0.401777325299
0.490571803022
0.627465845409
0.615414370331
0.395045190372
0.388225937583
0.45279274401
0.528287407536
0.371308757168
0.407377102705
0.409699250603
0.502728799061
0.552698000243
0.562867669371
0.521857569224
0.533776705625
0.369266670538
0.493318060819
0.48445386315
0.610435996406
0.573290404306
0.564422076674
0.448236728018
0.383982216845
0.519060742823
0.550863351527
0.466537322323
0.536792002005
0.602736367535
0.553225057495
0.803024553334
0.533011826789
0.481052521951
0.41361512777
0.577239643569
0.529518323821
0.583282467721
0.554643114796
0.590170730171
0.474060633256
0.407888195926
0.452645749858
0.464733136427
0.331691532729
0.475002066968
0.519427858847
0.504437667437
0.54606653791
0.561825064933
0.433140849306
0.49435093939
0.576679822792
0.376037068512
0.63489137833
0.371248319318
0.363062683165
0.614943459007
0.663379070387
0.622231237789
0.633953462492
0.821389053279
0.529834388356
0.754979470424
0.289312828131
0.297521208059
0.513448306208
0.532723969943
0.520941597727
0.724644869906
0.561758565925
0.417779591731
0.569463294284
0.619665359482
0.447990208616
0.583369045075
0.53897785426
0.54592452478
0.45295654049
0.657251113854
0.644709591295
0.426883825471
0.758946101227
0.525632727835
0.483136684807
0.616170724762
0.63326647717
0.824060432722
0.681512229515
0.626887981496
0.73546232447
0.674390135037
0.649539185593
0.500445963868
0.466911329866
0.420489901837
0.739906952231
0.727605698172
0.549809452245
0.363006161893
0.497744809965
0.584366222311
0.411058018771
0.556973043897
0.564527431052
0.766259940668
0.610766502178
0.505974099473
0.695845970465
0.703660893656
0.393619782534
0.754764215441
0.488141315793
0.545834049348
0.856248122405
0.60359600277
0.523764120679
0.526113763273
0.354011239924
0.774086647698
0.63851609331
0.682719147044
0.590910597524
0.736103424956
0.627934227649
0.570855810467
0.748285203774
0.439760114308
0.625745067294
0.564029955476
0.741451478901
0.662144153463
0.69072041713
0.615250834217
0.420702365139
0.636510689081
0.468512180352
0.792467128624
0.495631498067
0.708512994137
0.565359717532
0.557917529125
0.498866852842
0.883757247287
0.762130665772
0.437115392483
0.3561069494
0.580482876113
0.561846934746
0.852737199465
0.564903641652
0.46278562992
0.537634935713
0.423865976867
0.601350679325
0.554836210966
0.554112233838
0.577472692969
0.640188879447
0.595888678071
0.520548698086
0.615846749979
0.568360042685
0.600368883383
0.515607369301
0.569196072527
0.455238283275
0.455319210152
0.839183425573
0.617082239084
0.687792781063
0.613800839131
0.581746181168
0.429092796466
0.659810484146
0.630098739685
0.422483960259
0.561746267945
0.636698186296
0.555475910085
0.524734252775
0.948896850165
0.774254698316
0.679053247625
0.438127490485
0.82391334129
0.428830211395
0.595840568765
0.655868016925
0.462027539882
0.706321099553
0.647815547957
0.74423248971
0.368118408404
0.489811936959
0.733748488678
0.423210541198
0.752121242819
0.756154390432
0.432482013857
0.46487247121
0.415217876019
0.544956288194
0.544191443679
0.492733856302
0.521735457272
0.562235300825
0.761984631548
0.739964828416
0.60786900942
0.817624540132
0.646763469671
0.678888273893
0.587803719955
0.629943058383
0.62058841265
0.637050324257
0.54304477975
0.418801532567
0.563181484708
0.591535935508
0.456464907235
0.641883668785
0.697379070886
0.471927906975
0.504652216328
0.673755091256
0.715678316011
0.609729357761
0.657687305055
0.577959426974
0.683665357625
0.52921649899
0.436987639378
0.619079127538
0.727811835305
0.740337389297
0.515164984872
0.482338136673
0.348865189188
0.635990664807
0.589200578384
0.581881520083
0.458743748071
0.474702026775
0.482549323411
0.50194562882
0.751270183099
0.647065476913
0.762807525002
0.610824928653
0.733167137971
0.764380504727
0.723028075114
0.484006567508
0.346669379896
0.699294256256
0.650887205478
0.663068718954
0.506235425148
0.815497051123
0.474842977993
0.696353716393
0.540153853125
0.497781588928
0.395327969298
0.641442364911
0.591239228909
0.474824530988
0.51228557019
0.873151139729
0.687543313753
0.558702083846
0.595100141031
0.494743148987
0.54600725793
0.549464539098
0.631342250962
0.736526654676
0.467222456455
0.55653452462
0.707799964654
0.375161071004
0.598483343409
0.397505941377
0.682163797221
0.5519072356
0.792759986793
0.469479416015
0.613400294173
0.515237655663
0.608765609843
0.419827310942
0.475767436714
0.719386713374
0.721786437704
0.570364595381
0.516415588484
0.367498703803
0.554087981343
0.632078591696
0.534021094032
0.594933195207
0.611564503966
0.591453720239
0.348643575162
0.622051889013
0.4157662683
0.356432227438
0.437789551712
0.493253682416
0.370592575364
0.49327919874
0.460123593602
0.385854252506
0.521042709463
0.548458916257
0.580957742018
0.48105511384
0.52773281299
0.591795918614
0.401975700532
0.529725581319
0.575442550024
0.557446244332
0.479642626529
0.599642980708
0.392021138003
0.47013896388
0.535092641827
0.575464915309
0.478597534725
0.440523812917
0.579244602039
0.612373088618
0.343624782808
0.602455586869
0.508559795542
0.544392051469
0.42896256965
0.335171549026
0.409401542585
0.468234093925
0.510609651477
0.711164128945
0.32354792829
0.519953288506
0.671649389186
0.535053002823
0.628373321158
0.522455420753
0.509126779073
0.427602388535
0.359694996441
0.474785131254
0.693564489565
0.525826169531
0.470588296357
0.521659430688
0.453872670645
0.493835649864
0.60624422658
0.52656011645
0.405508460511
0.52489855014
0.423762842617
0.497033059783
0.698319263816
0.407579328049
0.463200875752
0.572845552647
0.525313446013
0.667816580521
0.720932947292
0.428463974046
0.512062565299
0.538610302503
0.493189340349
0.366850705887
0.435337523672
0.679251427823
0.69858453523
0.462463717585
0.543896832616
0.518601012757
0.368314510503
0.377475837921
0.462726876821
0.540721633653
0.427262373997
0.434350085679
0.559892072252
0.646663697062
0.427427998718
0.449840571963
0.364447453413
0.472423184417
0.720795238704
0.429255459754
0.384716468803
0.523512457741
0.38191757184
0.409558850876
0.461387257323
0.58442629911
0.549888843923
0.517019579629
0.495597825507
0.465283703713
0.420327121219
0.446176209002
0.584621717967
0.397406134884
0.404095143337
0.514982129101
0.439513436819
0.407122486493
0.394025959868
0.586843896797
0.589666448194
0.525552242046
0.484635527499
0.627161498869
0.44735319684
0.551853912104
0.566317621647
0.547509025077
0.552329540675
0.26440760684
0.32687382844
0.513525156976
0.54433642713
0.418796962386
0.469059114036
0.833065281243
0.528172719964
0.465137580567
0.478126690942
0.585734651713
0.677795904827
0.446956177665
0.623809972501
0.456016937085
0.582628865911
0.446760479651
0.597299920734
0.511648870301
0.409077270178
0.49759106243
0.663396914078
0.523336695284
0.570611618955
0.643580040581
0.72140836629
0.42768925055
0.339704306351
0.455145003353
0.654366860288
0.531292842205
0.473293142377
0.549649566357
0.500434783867
0.473555151966
0.501043421874
0.66299850384
0.535904015644
0.528283173513
0.540878446024
0.493651579068
0.509202013112
0.602413174888
0.483444752143
0.50480318395
0.362945865914
0.462710530753
0.656716687653
0.423979864403
0.459240361363
0.468941952692
0.599881311078
0.447945838557
0.433254029416
0.513009637539
0.593337140694
0.405401468955
0.361242790353
0.536623424411
0.391666116014
0.369718661893
0.335964178354
0.237056567174
0.407149587573
0.405276656401
0.510479187488
0.461450656823
0.44310648068
0.399247219527
0.48016584603
0.434945255982
0.368281142292
0.40375578398
0.447965526178
0.525334941926
0.454580221241
0.557225680123
0.502457504582
0.504084705216
0.556283976517
0.578875137398
0.358148174082
0.568207879855
0.626442699387
0.430437710584
0.504564823182
0.618536183897
0.363700005198
0.556159277224
0.502681819388
0.408895905935
0.503089120008
0.607653848577
0.632674609948
0.523388193206
0.301807719736
0.498731822607
0.44239831658
0.328358041918
0.452441321158
0.402197387947
0.494430859396
0.520273785843
0.389309439763
0.483849687466
0.423624033124
0.530879235846
0.378376817689
0.427487213525
0.565872974063
0.502820689927
0.415275367704
0.408024912133
0.484935131971
0.614846251718
0.69049403338
0.605385874483
0.533695046742
0.427343718366
0.453573768163
0.545795501718
0.499215289078
0.340336023041
0.600798757845
0.428495850356
0.34829644929
0.40154887081
0.678125593611
0.542097792871
0.474752303247
0.502096335519
0.451557673109
0.394246463116
0.666483837382
0.459755325639
0.629325172871
0.391869815733
0.667657079616
0.440745637092
0.526058992883
0.545196657476
0.41767531977
0.361482340368
0.325655995326
0.751624185699
0.640508655042
0.524360860426
0.453216147904
0.56848456081
0.644422852378
0.572134039026
0.521698963071
0.500674247048
0.318991074721
0.496303067877
0.507544391812
0.4713554702
0.501978095153
0.438774839077
0.601724250276
0.505626120551
0.598781126035
0.505378831972
0.557363524018
0.413764345825
0.539338371268
0.442812441895
0.53382393027
0.403175665106
0.404452020128
0.402990676252
0.495058713067
0.578470914358
0.379786785179
0.627000701327
0.495079805721
0.302561057671
0.412301744894
0.332168912442
0.480250129014
0.533499689971
0.518602042607
0.568652607489
0.701548707672
0.617552437416
0.525852273144
0.500956885888
0.570726498439
0.481101672108
0.479883910529
0.479766707256
0.4178621002
0.433003301415
0.598133744545
0.420138978691
0.548549218399
0.69394618111
0.539141535188
0.3793351736
0.410310045535
0.504258608563
0.402860842634
0.556219488183
0.467551327644
0.639536898444
0.533261114369
0.693016819559
0.533810652734
0.494200169668
0.389715496165
0.606105592927
0.524267712221
0.448670830265
0.604426400517
0.534398922649
0.538477339613
0.426507900265
0.354662953954
0.53471132998
0.486521040223
0.433245025263
0.471193325883
0.553424071312
0.304812088918
0.513549474026
0.45742896031
0.515913038358
0.518333514438
0.716498012709
0.326981347948
0.445715839336
0.564402545738
0.529123902685
0.471656971451
0.502720539858
0.441480218402
0.565617253846
0.460502241765
0.49607324112
0.389090392648
0.500163240935
0.415776059505
0.701098506056
0.496917063346
0.481529278105
0.663775548534
0.522822365732
0.47990562828
0.4407590442
0.439869930256
0.535314179039
0.449880015921
0.62933597612
0.409863440119
0.493104012256
0.523056889996
0.536367615734
0.489366156048
0.543602757158
0.523405946226
0.398972657731
0.585045070828
0.631482262902
0.517521010973
0.476519791886
0.354233438249
0.573035387479
0.495660165176
0.581869662174
0.625431423413
0.561675214839
0.548955210946
0.302451747767
0.530820761836
0.490715959389
0.573934409313
0.391973725152
0.471460650646
0.495922605056
0.45887513217
0.710971456524
0.480629907976
0.412803563977
0.427467269552
0.459387632608
0.524790987361
0.594802585226
0.636619585877
0.611307210895
0.491102891897
0.439300860265
0.454624277565
0.491506073368
0.458761865887
0.634357448873
0.584892792724
0.488049379193
0.590235474908
0.613560312319
0.352742819715
0.406510158469
0.544185063971
0.590638273774
0.444251623279
0.51648556345
0.5176425094
0.484622909579
0.424715183526
0.458675443673
0.320385143723
0.492980045309
0.517181791731
0.287483018337
0.668257237906
0.646954608912
0.528844165935
0.394488024242
0.451174119102
0.539405053443
0.360139161561
0.498413845158
0.495563499738
0.702574648059
0.558932567687
0.48120205301
0.5187770397
0.450320178622
0.616867201409
0.525943048875
0.448859551189
0.481385889035
0.319953421552
0.511851482972
0.53011034349
0.534881133907
0.446960730309
0.4747776706
0.505488539671
0.612643693878
0.552867022425
0.315426771572
0.39231636113
0.446966387909
0.384275423973
0.385815742597
0.664458828542
0.709233240896
0.397903612951
0.526319337208
0.619781721968
0.510807394191
0.490304387726
0.497686499676
0.61590427203
0.449135286524
0.528101672004
0.434002358267
0.50548995549
0.436036785316
0.561496058533
0.587163110969
0.417777849552
0.377859544699
0.4913996826
0.390294138161
0.513295095165
0.498058110306
0.428416250164
0.325988009945
0.445790979114
0.428885037877
0.518574459307
0.557638858813
0.554155742122
0.420791200411
0.424396451906
0.543070409153
0.423540663789
0.459811852146
0.311960120241
0.543760543309
0.589488363394
0.349905150517
0.734224476543
0.389001725068
0.401463130579
0.377334986705
0.54301424157
0.437334617594
0.543811875132
0.548710389522
0.604889099518
0.311039049323
0.475322368303
0.572619053895
0.452911223411
0.432189773517
0.348843490342
0.448994919155
0.588538400333
0.517642686791
0.484985839414
0.417398191621
0.271077345112
0.465762994842
0.568923280418
0.455075142883
0.501686238832
0.459930917758
0.504810927966
0.567181357987
0.455265938728
0.404226964783
0.550638619581
0.559199832769
0.450115575484
0.57139183176
0.389601680437
0.433085976527
0.429336225972
0.277910708823
0.518191495885
0.517865860344
0.578347413143
0.316686094233
0.539613757856
0.542189502859
0.335431122565
0.795637135024
0.590148280552
0.706857886228
0.508013400718
0.519522164679
0.597976661633
0.47819571368
0.442725107905
0.379637459318
0.462879274905
0.492172012519
0.478391093195
0.586078679145
0.38811314173
0.477196198593
0.5366022914
0.471530877117
0.45167839996
0.431107815131
0.476643728781
0.544361377309
0.450280503112
0.419490976859
0.300208716236
0.374752781657
0.363898538207
0.474913538536
0.574314696236
0.420164478833
0.424774815441
0.501262819296
0.576394744228
0.414476585694
0.699987680121
0.475883493012
0.477108922784
0.441087109891
0.381361978
0.639341190473
0.492356722148
0.325611683637
0.639657646403
0.484655866774
0.457346106354
0.275907600893
0.603010899286
0.609855734174
0.404833181708
0.428929905785
0.459128880422
0.355190273071
0.513918256552
0.441138934187
0.520719636039
0.561953058994
0.580929338438
0.462186824759
0.425039518343
0.492840307227
0.453680120659
0.455737046318
0.552819845636
0.563714595572
0.387335077348
0.529173110967
0.607063916058
0.487295375779
0.464398889173
0.543708068905
0.334098537099
0.518708537628
0.60123635053
0.289265627162
0.452102201728
0.325071773928
0.534110194235
0.525430039404
0.52016330367
0.42310358882
0.384230860693
0.390242483204
0.423258495829
0.432339154113
0.533042693095
0.514335929347
0.517524975163
0.603473524603
0.534040834178
0.47480962797
0.513374538672
0.464559006677
0.61288909242
0.584684191867
0.554024407258
0.542852193966
0.367302779379
0.368495956706
0.385987555883
0.492238834115
0.630544772873
0.540922368889
0.595932186888
0.416790110536
0.621823888594
0.420720673219
0.632591518456
0.754582808217
0.595409686138
0.537171605286
0.41325507202
0.523238013297
0.477074461884
0.610756637331
0.529750802017
0.453572678129
0.535526637868
0.489597715424
0.498162942492
0.296368475071
0.465856362797
0.657186068802
0.736024752663
0.342733419822
0.436900764089
0.513664847358
0.599928904834
0.517862732145
0.485200606273
0.513521144863
0.786064690633
0.475960798861
0.533265033147
0.526123892308
0.569745950738
0.518343550688
0.58242461158
0.543219097988
0.560380569053
0.683428686141
0.5644268013
0.346798476488
0.498385769658
0.37865421989
0.569612329284
0.452881849114
0.494789313399
0.530664298074
0.737850627986
0.486304516677
0.331517169869
0.444918983626
0.566322793577
0.571242782168
0.56788307625
0.728600945242
0.540175306953
0.522335585087
0.576492486983
0.51585460094
0.39874061702
0.516293491626
0.527508002497
0.600227975755
0.388609365897
0.492149398262
0.372886257085
0.54282682206
0.49072486369
0.386956137197
0.499276442245
0.307440493017
0.617713080447
0.526890518694
0.603945166593
0.562858834205
0.40095010344
0.5846208951
0.469643609178
0.443524328472
0.633195933411
0.527552584428
0.416626729532
0.431303749876
0.526791140802
0.307714505324
0.426182729574
0.416961678252
0.393874528557
0.508205019901
0.352681741009
0.329277257565
0.535949635983
0.453209940587
0.636007843163
0.508686218208
0.590980357528
0.539455178037
0.343919979547
0.408394218993
0.470483958835
0.489126756159
0.496022693239
0.395600699768
0.475992828814
0.41128371861
0.459730902802
0.471536818868
0.536854613386
0.634986093327
0.460413698154
0.360232868319
0.560313220646
0.464811129255
0.412809482087
0.584048539046
0.574570673492
0.428956608531
0.537933815704
0.580293899493
0.628473809728
0.462311462769
0.324843195312
0.415271580071
0.404441361237
0.553169876671
0.404761929864
0.498120514028
0.587309348043
0.306162441617
0.434705425129
0.320801266674
0.611432266901
0.471620578208
0.531467225676
0.589876343481
0.438586106194
0.491293014569
0.367456492422
0.564387249359
0.472940173434
0.560788103139
0.43389246204
0.465259677015
0.401860624254
0.523159881748
0.477572422705
0.548727157393
0.4554589781
0.564261034674
0.379647028053
0.39915653366
0.511956000012
0.564077052616
0.430820971171
0.582163577521
0.602837239319
0.683065713848
0.452420619402
0.492833664331
0.49174818819
0.442481362197
0.613315614798
0.418356168866
0.385777917931
0.497673480411
0.457252158422
0.418633954707
0.699810335696
0.621168202229
0.401205983931
0.495066631223
0.457151867841
0.423451416766
0.538213238515
0.502228050069
0.373081215001
0.409605578612
0.60139901004
0.648093442133
0.367866765325
0.397547527545
0.442941208574
0.395256117659
0.383318802656
0.536080612955
0.543099143991
0.489500470154
0.545536866987
0.426511654257
0.434714831548
0.461708728643
0.606585508242
0.584513077518
0.528535354632
0.448952831578
0.689218313756
0.396059942714
0.651632336873
0.473691429709
0.489703564992
0.500155435481
0.411883361927
0.659124568836
0.556263937628
0.610358163806
0.564522095044
0.41508823995
0.592564888357
0.757027599089
0.415111751248
0.510356384994
0.494425107627
0.46505957944
0.400172475357
0.562739387102
0.363930018963
0.666135110052
0.506086360309
0.516655460749
0.420884733356
0.560597358861
0.470045543184
0.476549726028
0.691655305946
0.333811891411
0.46651159396
0.683388011651
0.437721695755
0.640103257024
0.596189330342
0.48898189889
0.434683501251
0.362711886176
0.647452351581
0.486338652331
0.521827249765
0.579569638367
0.479509623896
0.623528988712
0.56948906246
0.419242524955
0.388782087749
0.447087688756
0.542205173418
0.524432884971
0.594230600822
0.458978460985
0.523996266687
0.543263442614
0.675625519552
0.462436318307
0.454868860246
0.368338438803
0.438186216775
0.554147923203
0.431822638857
0.457378503669
0.585877872393
0.552552542218
0.636304719797
0.458152214133
0.324177521642
0.553096929835
0.588874904551
0.425347855513
0.399263834359
0.322569597146
0.414288005209
0.527913918451
0.659627990836
0.42822809131
0.381578532464
0.439222837044
0.555754386688
0.490365621545
0.488201595959
0.331034925817
0.626411899798
0.612806068968
0.448657536915
0.439444803156
0.683140748269
0.503546073287
0.473438033745
0.58003556033
0.601517358261
0.584641477872
0.371821221489
0.583541808819
0.641471821161
0.595375231271
0.3554206647
0.543842631146
0.461840711533
0.608135085932
0.47030333887
0.45612761901
0.360307540877
0.584923511005
0.616752808742
0.342892444818
0.359145443499
0.439442222598
0.451233902218
0.512441335747
0.498366080809
0.512606225526
0.507945531396
0.415249172787
0.488780012969
0.381678311485
0.49026850757
0.524378928841
0.538963022636
0.386169013083
0.47312398982
0.371685382185
0.490452842912
0.517101138398
0.449971807686
0.554981203603
0.492456864325
0.453861954873
0.546621925897
0.433724560182
0.494634235134
0.490711230554
0.652835515097
0.512520932141
0.579781738131
0.382494543645
0.366882876847
0.525610614778
0.499021841354
0.527173884054
0.489439421869
0.369970648283
0.590392296224
0.592530495829
0.548226724486
0.59888050002
0.566566435767
0.429796633961
0.620956089982
0.296441250487
0.450346555051
0.411140616236
0.5462332425
0.575073380984
0.537467054253
0.472528509276
0.651353262889
0.626264262158
0.522298911868
0.54804852818
0.529546918058
0.558630975881
0.460879436436
0.519814693585
0.518508336446
0.453332558564
0.530217195861
0.422904637138
0.582720516761
0.52113313118
0.396937378258
0.482655163303
0.64135576364
0.494079988916
0.510032941274
0.603603026311
0.514697116749
0.445210702444
0.578160031652
0.479845945325
0.521578065153
0.581677668459
0.640978988949
0.48024112477
0.535638732128
0.671292661624
0.526164206804
0.439430138419
0.433510267139
0.504258055378
0.61769290318
0.384563836514
0.578127698029
0.502820399361
0.627287863859
0.47931846695
0.435446989292
0.541857699003
0.445785585356
0.564932008014
0.33675271879
0.424406835595
0.808738331705
0.654552186427
0.542064656589
0.627398444046
0.63910624425
0.570210196502
0.562176589282
0.303850550916
0.567888583976
0.707350682306
0.510650696623
0.466010472966
0.533791754404
0.549799212831
0.535230236721
0.578522003457
0.620667633871
0.523925421545
0.3553549394
0.492482739379
0.527829500168
0.506330965725
0.424869880186
0.644938660857
0.460486640427
0.536736315971
0.55648074924
0.355469421993
0.427756487541
0.435470210111
0.525134847263
0.347409165828
0.359188329491
0.585220923657
0.726715783242
0.370681018845
0.476111499648
0.455515729336
0.453895554103
0.594400279505
0.540491645747
0.55562985196
0.563540545484
0.657305640336
0.580846461496
0.56469246119
0.511887096454
0.402155252506
0.558273507196
0.636308225849
0.328515765187
0.554274122151
0.482050504593
0.536114279287
0.622228264753
0.377749338573
0.472578950505
0.563031390266
0.463858829206
0.443395525686
0.650827663412
0.51188842673
0.589132492853
0.524742074814
0.44794566925
0.572609722883
0.459227823368
0.558531725516
0.389625898192
0.5721482164
0.620214545672
0.306761451492
0.374476474428
0.581207539256
0.36718962557
0.550766277428
0.643217731107
0.404575219037
0.550385208653
0.636513430284
0.655924220218
0.630907645848
0.552926928737
0.538141667597
0.602366884862
0.45522950638
0.437049072818
0.654164846266
0.589966556099
0.543810733146
0.473950879685
0.650858282389
0.661242448802
0.467634945161
0.481839957223
0.343587049143
0.455247997082
0.602957579884
0.486123449114
0.645151876976
0.535799142615
0.450296677008
0.583873431452
0.342510703867
0.405338911517
0.561219451344
0.348791023358
0.589530940619
0.471650429772
0.484039224989
0.564192735352
0.567733079219
0.53981810031
0.430882069878
0.516876386665
0.653212471758
0.496544312852
0.676361567845
0.474719772709
0.454141082893
0.433215506517
0.457721587129
0.402870344913
0.257658125693
0.547310759392
0.433520345082
0.532939710256
0.573845175097
0.552279007657
0.543541009194
0.593018505344
0.411416208757
0.483273630716
0.473276870781
0.638108301455
0.481068725614
0.474476932973
0.626072361149
0.393309534147
0.487254363131
0.442643348347
0.507544577092
0.369774226528
0.652229432587
0.430488951813
0.582252929297
0.444593805931
0.599129287188
0.537584407832
0.708604308974
0.450309239279
0.504293919164
0.430320135787
0.484628150944
0.534750148743
0.370138331503
0.572541351972
0.526284632956
