0.480938309152
0.544873885186
0.426342110824
0.358191494418
0.384930069554
0.429589071915
0.553146048507
0.474038540411
0.545862259889
0.658791759594
0.524112341078
0.478482570987
0.545764106095
0.459153052386
0.415469817853
0.526813141296
0.655836469483
0.474724797174
0.441765934262
0.714498307589
0.467306991489
0.480679918843
0.582038308617
0.651575331128
0.557043173992
0.551507107069
0.620860733927
0.574564156281
0.578068211199
0.567531677865
0.398302344988
0.447656497212
0.476534612957
0.507575505267
0.426894446339
0.573707948994
0.657589022786
0.684777484473
0.665125533679
0.534980268587
0.4451084509
0.511576789807
0.595524148012
0.499084995094
0.619656705041
0.6125906406
0.416940377998
0.707791706188
0.474643074894
0.539173298438
0.463726322157
0.550795525771
0.506556334361
0.455750900441
0.545838458466
0.583610781124
0.530512501415
0.649681487094
0.367113780799
0.709212833075
0.343745684947
0.620017073682
0.392676398521
0.402254749898
0.591990405556
0.712155303343
0.558951646091
0.751919254218
0.476093277447
0.447075541941
0.415727990422
0.509552993667
0.418260695132
0.444310982207
0.359157001345
0.386676745616
0.6494811466
0.595496487993
0.603603698295
0.568654382976
0.52090916645
0.559437227555
0.56737268183
0.596200567274
0.494347528872
0.439784001765
0.431398116737
0.47123438969
0.448237066204
0.475970698098
0.467180525063
0.739035861243
0.547688545262
0.496467669219
0.41883999339
0.567500460039
0.4503387046
0.672791935452
0.547434670167
0.471225854693
0.542279395706
0.59967820942
0.547455044212
0.573890773677
0.624519211048
0.324030397329
0.490622402569
0.464416403616
0.438534964602
0.548653838311
0.471516471826
0.617925093811
0.519368369172
0.512427087048
0.511701764008
0.607468247607
0.485919726126
0.390446188808
0.476913484842
0.507251120754
0.597168309724
0.40634755304
0.582737272112
0.5340022212
0.631141510989
0.551867739204
0.340229137628
0.452852654955
0.713654570945
0.483149077355
0.532675918334
0.621510047828
0.48699533748
0.575880045625
0.52158214753
0.568688113848
0.528551946178
0.528739116691
0.664859179477
0.374674258504
0.400297777093
0.352925739893
0.710053674085
0.560209177607
0.54947568868
0.606525701508
0.44415852125
0.646454843546
0.605678655863
0.617876505801
0.61064326868
0.672589155537
0.511480973197
0.496125836018
0.437259372694
0.530402894703
0.545749745887
0.486374085299
0.534268345032
0.504648767054
0.574621737597
0.420981630192
0.441633749545
0.445646786683
0.558049252021
0.507077537125
0.571648179264
0.488287425289
0.435899027908
0.548135821429
0.468949743708
0.497104409356
0.570124038782
0.537107871913
0.453131016621
0.350941813049
0.508043218091
0.511094231211
0.429901260882
0.751722162793
0.315045500153
0.491886972047
0.66997002336
0.499911341747
0.500564148555
0.372749719383
0.617812505574
0.414582318691
0.512767411491
0.512662269221
0.551215996037
0.56275117248
0.521648365631
0.514446503098
0.522926576576
0.566311677696
0.53742258398
0.446690553117
0.423583616978
0.545118064501
0.441340625165
0.616575414121
0.627764115472
0.598413519346
0.341575220699
0.384146334918
0.4715880331
0.659941066787
0.527156929754
0.566912618905
0.461399363941
0.523080960009
0.453610873743
0.445588691987
0.36546005864
0.3537711123
0.514298554237
0.478566996656
0.445782139154
0.576548968714
0.544868167452
0.600292395809
0.65196846359
0.516554084417
0.549285640567
0.47425236457
0.627826394446
0.528658476901
0.529981878456
0.256911283934
0.504607858188
0.501077329661
0.52673106537
0.313839661281
0.450405767184
0.667958505545
0.527192395131
0.366278382584
0.441776630715
0.416479747091
0.550216029808
0.545152036634
0.677861430751
0.490806151355
0.588444041295
0.482169288113
0.746884437159
0.547778027987
0.371797823661
0.933584590403
0.472393536762
0.431965943022
0.441884924035
0.351296565546
0.551430659626
0.546262801473
0.446022646183
0.437366024628
0.459902050769
0.603613166352
0.589150987203
0.549858929245
0.440187749551
0.456391947271
0.560311494431
0.584871164387
0.361709371402
0.504222275977
0.660667754102
0.463440793744
0.707510657923
0.546554053296
0.451839744903
0.518213809372
0.442085992788
0.480992045062
0.475717602367
0.451323911485
0.642528515295
0.627023026199
0.717008581612
0.558869105472
0.578944070099
0.428820408114
0.454484448622
0.536390460939
0.506831471147
0.63958305714
0.340031826323
0.488376977939
0.40929099351
0.570124186381
0.601312232687
0.55861505732
0.554535897262
0.612622393263
0.435380229524
0.494839163459
0.451950899512
0.468469184992
0.388790068612
0.543865378688
0.555489114561
0.546128532836
0.523710606611
0.590841552519
0.319339937045
0.501534526582
0.452195613374
0.442073474066
0.514590259775
0.504747756511
0.523872059084
0.533756790994
0.481903449774
0.458937997676
0.541690650974
0.419289167316
0.605911942158
0.703807422095
0.470203205384
0.727180071534
0.529347431081
0.595510778019
0.566801501189
0.521855876594
0.418967591685
0.60139461698
0.471741811875
0.614594548146
0.456893141201
0.562933101401
0.554757819989
0.406425475531
0.469205645813
0.70748968358
0.42621582643
0.508862791237
0.630250629382
0.497270927117
0.534797189051
0.3954401659
0.610038697414
0.515655064748
0.527312741816
0.376865463737
0.541318966039
0.647111882484
0.576775036147
0.648091610325
0.384956070016
0.454266111128
0.449956965597
0.368259030555
0.42677226631
0.366077027909
0.546883716731
0.624357706088
0.536543029093
0.500613756409
0.416766654096
0.547767651726
0.421187439326
0.76288558831
0.625410907532
0.379056977505
0.467205288652
0.500755129536
0.519154119311
0.585512942023
0.621251202923
0.518451309695
0.603473519122
0.625973639365
0.476634343763
0.458840203737
0.558434744244
0.698232348808
0.501564999127
0.467783957997
0.419033442917
0.650232101281
0.705940384707
0.61659246931
0.557684602665
0.588178299855
0.562535557652
0.384484006543
0.612564958246
0.590920237738
0.571204658441
0.468435660192
0.598144365108
0.475866586359
0.359385993022
0.573385391915
0.417722955977
0.428827744021
0.456082222295
0.442677077067
0.442854522621
0.463167752293
0.624758387156
0.480526252234
0.482894925654
0.63174822541
0.657465493158
0.683094672481
0.582402559081
0.59825800936
0.475592994496
0.520590611872
0.576599712219
0.514342344912
0.619988536971
0.354764761181
0.527074721489
0.550401459693
0.606182100337
0.58664229613
0.4699331257
0.408475027475
0.460228600837
0.623687103852
0.544782462109
0.55895073494
0.492096173876
0.589753248379
0.38907105331
0.405444307504
0.426445059259
0.513286202223
0.488569903758
0.694439298489
0.47381153607
0.563477525534
0.489790502122
0.507220142893
0.403099531814
0.586953165477
0.494549321191
0.471713304402
0.502326584835
0.590381329366
0.579735418039
0.470956052715
0.49501309633
0.382343999159
0.550359213362
0.599335594265
0.528221655689
0.617454735495
0.456414045872
0.58025205357
0.62016897192
0.629770666862
0.554140563086
0.602687039648
0.559424932806
0.560767501969
0.571513619845
0.509656890548
0.449059264933
0.607962011684
0.430355992569
0.557232195025
0.421433969687
0.449276568927
0.560982680884
0.6565867151
0.433611015904
0.37417006132
0.515596238526
0.4918039165
0.546175599707
0.461103662426
0.750505313024
0.620035997845
0.636305595226
0.470514596914
0.37963414107
0.499217787172
0.626561676012
0.404802872471
0.438924132625
0.522222119638
0.421491240689
0.696905048911
0.540849293079
0.47557898414
0.490510533808
0.583382325162
0.471124249072
0.406044188772
0.401816047524
0.595286032065
0.528909806334
0.475388567017
0.585303127469
0.441574113093
0.4430262307
0.731084696106
0.557041435382
0.363285836855
0.487926362559
0.556534661202
0.547061595973
0.462093684053
0.572331656234
0.704144680244
0.463106218883
0.668153369749
0.40081901202
0.576725410403
0.390923897845
0.693401625866
0.514701905926
0.556069885791
0.483099164121
0.576618850287
0.295351255524
0.473002764624
0.470732855678
0.643159767997
0.4060396712
0.555948504109
0.559492408255
0.622080628547
0.572246617534
0.366730253449
0.481191694376
0.527468002574
0.592483092173
0.609650525677
0.690516441442
0.535304362887
0.402426039281
0.535925752211
0.355590966869
0.412046138901
0.522746718366
0.56126659403
0.573959107294
0.523641242108
0.595338708316
0.628985326464
0.468297055786
0.56990016376
0.525589021845
0.51537544842
0.578002359265
0.536420751203
0.472485148629
0.550545969729
0.353850364315
0.601083811448
0.516226916169
0.530500306713
0.534508762505
0.366744301519
0.477716960499
0.371743021854
0.546018859063
0.530372429048
0.559200730308
0.623784624608
0.482720216946
0.456516178141
0.558568062072
0.486292847702
0.456716328373
0.503324824226
0.456389314268
0.383081761743
0.636320912606
0.643851822314
0.457985298746
0.472984054285
0.419448012518
0.478470519893
0.64374957696
0.365086659417
0.502404330968
0.614428265661
0.542432576382
0.385624835914
0.447418443947
0.638935233648
0.609508572541
0.427435063431
0.467393445114
0.59105278371
0.517076216396
0.383903342871
0.473332471664
0.508748562043
0.372444968444
0.459319792693
0.462680198679
0.626276262855
0.589152004703
0.672739348015
0.606770875315
0.535716603921
0.626998651834
0.417011009084
0.564135061602
0.436494273134
0.533177008292
0.56033572201
0.619472872124
0.471277537033
0.477351537689
0.513372384385
0.387399160274
0.438600242085
0.402490722445
0.349572583458
0.665146801425
0.682152186428
0.422376353013
0.486377016506
0.540705722958
0.730528988907
0.721749852758
0.568317829996
0.436238016213
0.546228806887
0.556422887427
0.612809916983
0.562859606557
0.54480274007
0.59256256801
0.442158617755
0.449081842443
0.519120310892
0.601563147814
0.494717601623
0.63168167268
0.621554551283
0.717457129519
0.738146612189
0.531188537006
0.417396814138
0.568549715886
0.584880929833
0.553166081344
0.512529406588
0.581320286601
0.503431006502
0.741357115427
0.436976156214
0.52015359597
0.476528606506
0.477851978308
0.576546060659
0.461342150792
0.62627072262
0.45037235397
0.608556623217
0.525491451965
0.386530183766
0.361818967837
0.467913958504
0.446728796117
0.627598670232
0.456605492742
0.42061748568
0.654673299168
0.444587255855
0.71353084319
0.657902523492
0.624644100076
0.565144675854
0.550518242992
0.597374637314
0.478290349451
0.537117915761
0.504632860028
0.533430783914
0.378122008826
0.376808033357
0.709115691742
0.44678578637
0.463578276847
0.507702654133
0.648792525292
0.412206284703
0.611694032072
0.513552464783
0.420261057154
0.496228754281
0.604116494022
0.529852850298
0.525608755802
0.564500873138
0.58731854721
0.384580543769
0.497431557331
0.479994775055
0.60680738431
0.626911091292
0.510314907018
0.65157429652
0.668935551935
0.503255235655
0.45352877812
0.540025346373
0.587454772059
0.50815267891
0.425782343198
0.721267183607
0.554228583096
0.399815156367
0.461385979718
0.549608338852
0.526601613954
0.558838361377
0.573516452041
0.716324134606
0.40307976477
0.652423080305
0.503765988177
0.47953262339
0.541139223594
0.520162211507
0.540410088224
0.554933713772
0.613515317053
0.57538448467
0.567731478245
0.483605815687
0.591865707588
0.508669462984
0.52368706106
0.562812545213
0.343278685804
0.510480518241
0.68334348608
0.433616796995
0.628418000894
0.591366256806
0.586261075911
0.549128564998
0.350658350484
0.55145989787
0.541441783815
0.475476039669
0.56373016889
0.541551370812
0.431029967359
0.570634511036
0.579939474843
0.528303798839
0.51108707665
0.444599695919
0.477952767259
0.486645977023
0.622673726166
0.487061624986
0.605626618823
0.411750592144
0.607052890798
0.481402072368
0.460790060567
0.503946692587
0.622323769763
0.460528600789
0.455173377651
0.531109444244
0.345335141555
0.303295664801
0.39409904041
0.619757884654
0.433697575946
0.495589523774
0.654248352462
0.507824328468
0.539319995288
0.411494886849
0.488423427068
0.54368917779
0.411534052221
0.600981635505
0.592031919321
0.548064255098
0.586597746021
0.503751234418
0.583393369897
0.515418415684
0.659525697002
0.468082989986
0.411223336987
0.693643564345
0.483517916187
0.453312507944
0.533218018248
0.395965648418
0.414402089086
0.557921036495
0.662022373
0.358410747013
0.453751603585
0.523689971064
0.608742444684
0.383752826261
0.552615530358
0.420261942261
0.405106237246
0.5050841234
0.482888902161
0.599512228792
0.447976693364
0.527686852878
0.60036819584
0.544455776298
0.418425495469
0.637319652916
0.503676064791
0.623058179164
0.508587040403
0.702399418347
0.428645768054
0.526346434978
0.599020690747
0.484391847555
0.502648431111
0.51260977564
0.464884592061
0.524738684691
0.476703261272
0.524201129616
0.415227116807
0.564562261529
0.386652139922
0.493988947878
0.43285623709
0.528118915365
0.697543453581
0.515242385603
0.558274030467
0.576911420854
0.634681286988
0.575074078847
0.609765147905
0.681354266862
0.528605217947
0.604780889796
0.508568233797
0.518183010348
0.599621264882
0.506027192481
0.427492492845
0.457345941359
0.549314515124
0.706393911761
0.42293018979
0.477137268896
0.426985621379
0.70288593906
0.46120239022
0.564803180496
0.48525631019
0.483931758432
0.479948410138
0.410788279837
0.252426732688
0.58705177805
0.523013551135
0.426411144207
0.421162458453
0.387206328958
0.514591897998
0.489212457972
0.74531665222
0.494867743777
0.682799226312
0.446938291028
0.608540305795
0.632553430931
0.629581073195
0.530821091286
0.574265560343
0.597317888938
0.730908300972
0.484036716885
0.609757361473
0.447885167033
0.615651764153
0.342976099572
0.462569771164
0.583569037477
0.445102330032
0.596912112307
0.515524782237
0.444559695687
0.57931852482
0.518006867462
0.53170035935
0.598258917846
0.635043413201
0.679227212218
0.567941106063
0.815380740728
0.572534760818
0.538096319462
0.658354789081
0.759453498915
0.382852271971
0.59518862473
0.503262266798
0.505195423196
0.518825155523
0.410906520301
0.453071732865
0.414245641972
0.601728905588
0.6550905415
0.451109091714
0.384365805159
0.585439985205
0.416746466217
0.412015416559
0.425441017374
0.47782368266
0.571162147948
0.601314313739
0.589217123047
0.515454736667
0.458541715496
0.473417382262
0.606346446462
0.68164565785
0.449356108387
0.576419246751
0.671355853705
0.580495063283
0.679512910138
0.376962021692
0.56870034481
0.561265920012
0.671759844672
0.325718410818
0.568477914911
0.689241789754
0.653498115407
0.447881395526
0.445448128011
0.594560768302
0.507987109952
0.569148371772
0.59294773585
0.594161474398
0.398617010371
0.513842500394
0.475018009995
0.291412403674
0.519222961283
0.410235317708
0.57333203934
0.667692360949
0.707719621902
0.541773731341
0.462307497374
0.570598824449
0.535361270283
0.492613450056
0.418065144175
0.764043930277
0.503505832277
0.536541337241
0.602659191391
0.592519137415
0.494810668454
0.602158969559
0.491322133983
0.522662036175
0.547661404049
0.676296101787
0.590285985
0.55682795741
0.444626012129
0.57700005092
0.583803403005
0.531143185949
0.610199585612
0.305478339601
0.578787501939
0.454564471807
0.532113092407
0.585032987711
0.564750717245
0.684408368419
0.482245712544
0.554169698128
0.422221117302
0.488814682517
0.631572922657
0.440185697422
0.462820658083
0.495116855305
0.733199483495
0.631597850956
0.643143853171
0.550139958044
0.369843846651
0.427013738859
0.449402915675
0.524207401084
0.514525471292
0.515692238667
0.424511928311
0.580812575957
0.586181506204
0.532014919563
0.576863892696
0.471528255465
0.648015324888
0.755759657071
0.614494871928
0.594023454102
0.556168445108
0.50571224633
0.52382669538
0.632733806894
0.71777377824
0.373254908049
0.618174597332
0.491671899099
0.406050980563
0.568461296107
0.515073490636
0.5613013891
0.537687301583
0.643470826201
0.595676384252
0.631699730943
0.490436028399
0.484869181451
0.489656722215
0.402424119848
0.639792377638
0.557182638064
0.690041051877
0.566432496437
0.552777885886
0.478985277589
0.472864173462
0.699012673435
0.54904554245
0.48261933696
0.420556750038
0.495047762755
0.533121365883
0.511176946087
0.333796563863
0.322436286358
0.366990001677
0.466511828158
0.705205061625
0.46950603555
0.540584231741
0.544351177846
0.600583111481
0.583678901084
0.355481446577
0.556987032947
0.611967347966
0.631050814227
0.487440763729
0.481421602194
0.468194870334
0.579736312956
0.397659870561
0.500404300345
0.706743580065
0.523664249976
0.396231297963
0.655708375904
0.441373427483
0.452642694358
0.581740521649
0.439347370069
0.459817016326
0.359713182181
0.601335351352
0.50787522745
0.579114145903
0.573817138646
0.883826766378
0.730545271472
0.541716823876
0.501570701773
0.383641019196
0.623268134007
0.448659203504
0.530366571193
0.555663553449
0.641018292117
0.596026548524
0.603859570952
0.698253245791
0.54153205342
0.57544211875
0.455011995399
0.437507334429
0.669227798873
0.567211289502
0.699223387032
0.371521755366
0.54702870006
0.508133394206
0.37144153969
0.490589132716
0.599810790029
0.422554070873
0.488187218862
0.578464024319
0.626253126798
0.544453788195
0.606494225315
0.558500531907
0.648396520737
0.54582875545
0.33859980451
0.577246253452
0.462568339385
0.63707856632
0.579346925824
0.406667076885
0.347178442684
0.476591358213
0.719863938421
0.66697140982
0.610831812869
0.388113160263
0.563635110856
0.400605062379
0.549155028972
0.646364732867
0.519226025721
0.363792392554
0.552740678877
0.488826174562
0.553955695314
0.341382582165
0.636396820089
0.492467556937
0.532083190108
0.612575332568
0.530817312432
0.567934765596
0.432401232964
0.565446331975
0.602881317435
0.28822459378
0.546967984555
0.534617594398
0.514936863857
0.749498584835
0.529334746844
0.550475745977
0.624581232166
0.654873374304
0.468457329628
0.586405488308
0.450636617717
0.523609396031
0.689939282315
0.512134772805
0.488153242042
0.416665924113
0.550089611821
0.415799955135
0.521478697792
0.581743399434
0.575223359904
0.703133626552
0.444415191742
0.598467731937
0.373430678945
0.632582346896
0.428233973519
0.547990615592
0.512507952627
0.666184274218
0.615176037455
0.648434628661
0.630273218255
0.501115901701
0.812567702321
0.55674555911
0.753300174849
0.559718840547
0.660199569069
0.48522601225
0.531279783187
0.472841714191
0.488425577385
0.843224395817
0.738208458867
0.632134856572
0.5414421531
0.483440499621
0.699871941177
0.602563598401
0.688526050846
0.704890339056
0.640928925707
0.584954702979
0.696925595178
0.403612786014
0.625042812605
0.410262166264
0.627262873051
0.48592423786
0.373281855829
0.751464159222
0.622977453973
0.559192965177
0.588241019515
0.557129766793
0.655451663263
0.493630392966
0.405362641918
0.536215398963
0.497136801511
0.529568147294
0.564752065196
0.562028543939
0.513503365687
0.445256453247
0.63783590221
0.738533782708
0.626925523878
0.67129915533
0.502374156792
0.497648551703
0.689523722366
0.465823742449
0.572373882552
0.442326952986
0.561171959221
0.427498927061
0.293311807033
0.652210857692
0.838898009909
0.550442368947
0.899052184374
0.591266959494
0.63239323673
0.474565674802
0.422970345998
0.763991603592
0.58983441951
0.472176831511
0.655488281964
0.604185825054
0.847525081715
0.917739193046
0.49842577289
0.665560365768
0.60241694201
0.593201883023
0.436473574951
0.560999324872
0.553291095298
0.807054150536
0.52279573621
0.457184018644
0.594653923712
0.726867237027
0.633687403731
0.58281658787
0.420301057514
0.586106613731
0.496588909289
0.651760868247
0.404861486439
0.60900845525
0.652919492085
0.649643680699
0.434694849134
0.693052039369
0.481477016895
0.558423142331
0.639817552502
0.777893614316
0.636559871133
0.489307975741
0.608076560833
0.649382680616
0.595958453611
0.576307077668
0.617899746365
0.567352696682
0.568063566196
0.479002311159
0.649738896028
0.622734554581
0.391681882193
0.475626764531
0.952982929345
0.551706762265
0.488679253539
0.595486489947
0.741242426232
0.771229017102
0.517317842116
0.329474309901
0.831240632157
0.824340779647
0.762995210703
0.515520529171
0.676871710152
0.800324224411
0.884381320621
0.412486620127
0.509394145931
0.767800175041
0.847025784261
0.772762272084
0.547787930257
0.59564837239
1.04294017922
0.355781404258
0.51763710648
0.567045847803
0.611653708019
0.647618933539
0.858860039932
0.517886847616
0.800605469762
0.72175795397
0.560886627989
0.530504050651
0.655372133622
0.567590167435
0.700027366245
0.808415786833
0.479657905096
0.539012993302
0.674794323075
0.736587867915
0.561594995161
0.506478395108
0.790400866871
0.673724770922
0.505681802275
0.471761369458
0.649136831208
0.573661524885
0.820914847247
0.488092487332
0.449489018051
0.60777652139
0.526879710954
0.560483645403
0.623068054899
0.60048289251
0.76069593793
0.48974620974
0.543005216894
0.553007276598
0.405231001369
0.66798737767
0.690259014568
0.54916688496
0.523205826733
0.525852089286
0.751677441958
0.870084072891
0.675687554918
0.91385251197
0.591821494474
0.370162032755
0.545296957296
0.526905948715
0.738807782884
0.400635922923
0.64290971672
0.288536925004
0.368136947815
0.519686644917
0.554380137372
0.7257886488
0.610114864961
0.407894307746
0.819309584225
0.631176333642
0.553674445266
0.541427077651
0.372322489533
0.779780981369
0.518255334609
0.337025703281
0.580630390332
0.457502768158
0.737519364141
0.44721586558
0.555113342908
0.828588044521
0.500803707573
0.593504599759
0.659639716169
0.628020954457
0.775711094498
0.611318367732
0.439468638153
0.835611678904
0.476289859843
0.990170766902
0.681939153458
0.73386703707
0.483038591256
0.603636506386
0.871980353011
0.547908970164
0.535277721351
0.477450319408
0.582177814618
0.770013732956
0.686575162839
0.741602833093
0.828683007181
0.539885505687
0.941317564121
0.946102758717
0.475425381786
0.761290089924
0.347755675514
0.521106986116
0.639981705144
0.522058128487
0.616108632166
0.588345372524
0.49034371407
0.624322837397
0.493024271768
0.529013378547
0.584997029329
0.692472169533
0.957854395152
0.850744648861
0.81911147493
0.682514472711
0.81214489306
0.49307675242
0.743841439406
0.814215996213
0.762582481688
0.445690964435
0.65658900645
0.805274713602
0.689084728245
0.505867285271
0.806858956371
0.850238019545
0.647993971718
0.413294857598
0.576670615141
0.843544493266
0.630909683364
0.695219505364
0.614562051171
0.690298633512
0.664493188023
0.62541732349
0.644715205884
0.380783890543
0.378069457051
0.646078323963
0.514450154275
0.429880304033
0.491688628858
0.478469212702
0.547484341301
0.441655111404
0.622328000338
0.611942860872
0.534487281679
0.630333468557
0.610845213031
0.511085542699
0.538235120529
0.400153519221
0.486363573025
0.424967151687
0.521723891522
0.564608729129
0.575884073744
0.606904443768
0.519964356995
0.418214057577
0.432332167895
0.499254398083
0.408648319407
0.506633518342
0.464597236327
0.718329447625
0.508785658471
0.683253972215
0.84437881951
0.503031200553
0.710695663966
0.616942438244
0.732669167016
0.373894711933
0.43235723934
0.441592821728
0.440561176517
0.589485530089
0.465175605969
0.568672983999
0.671641257972
0.649897507814
0.649972691937
0.612051588363
0.572173149618
0.641396452151
0.577085844778
0.565116330529
0.545733283532
0.54316839367
0.727104979249
0.51789980769
0.427583854494
0.594126596989
0.641627853149
0.436808483606
0.744655412131
0.61975438377
0.702289902834
0.586137733487
0.487692734584
0.448425459093
0.463315686249
0.680915766935
0.538422954389
0.656710019855
0.782888807809
0.708151341388
0.675593637052
0.637416804026
0.613632791274
0.512637071286
0.642808902785
0.50527267933
0.477123453301
0.608963053143
0.565827967332
0.666688218905
0.374526222609
0.442889425708
0.906827190547
0.680701457048
0.518506177293
0.508886477112
0.702143872588
0.732491746454
0.693915645404
0.677591814109
0.686975802561
0.546288747185
0.458590743256
0.633674053633
0.706201312915
0.672151069254
0.474393140541
0.709679902697
0.493626715712
0.675886639361
0.451695343345
0.545033514494
0.593798283045
0.498760878381
0.627727968612
0.711845701431
0.628174120771
0.482509108606
0.414339948139
0.409153319799
0.658871996185
0.482989253128
0.653130792665
0.491260223856
0.77552157771
0.732413324801
0.602175603342
0.642640264347
0.42984139767
0.646888219057
0.589742213135
0.66659607562
0.646462515866
0.606516565362
0.50682829357
0.532772747019
0.590064261572
0.656643745877
0.780393883298
0.466142711777
0.429982267937
0.476878269193
0.616740464046
0.563817956905
0.653305684605
0.460766310822
0.633611122478
0.556278940504
0.583532964678
0.489804676115
0.628156627963
0.709596436312
0.673115380014
0.548659775129
0.554800539352
0.413995762494
0.431708989018
0.565299456742
0.477824631202
0.535737792414
0.438839244636
0.445098294395
0.478532194746
0.608826732575
0.478259079455
0.447504750106
0.655761827915
0.746189973223
0.589767344434
0.427449220239
0.596012593941
0.553969315835
0.546765123017
0.566946978727
0.504549724045
0.466648047749
0.505506784088
0.637767723727
0.485656226195
0.581952759323
0.604826035982
0.407599165265
0.466040027292
0.677466030887
0.665193390454
0.640756421433
0.68310401071
0.481513839084
0.539953329753
0.686775738619
0.489234770351
0.493673853262
0.553012057064
0.595300788916
0.650867434287
0.851325153703
0.578872194246
0.944564410254
0.677657724273
0.742235282024
0.6045819474
0.45181583155
0.606113045156
0.588204019614
0.714900862139
0.858736967947
0.702166657682
0.479726715462
0.736569584612
0.481809329582
0.485475612655
0.595353639567
0.507668052976
0.56745269814
0.508017883704
0.545102534897
0.84063149932
0.561739096277
0.759655760995
0.604554836072
0.647360739824
0.470974353401
0.482177155857
0.559373245671
0.557929958533
0.46436783131
0.629102999591
0.654238334154
0.386422071449
0.645015583122
0.539111821915
0.355163838202
0.61576606906
0.772324506183
0.587677935996
0.574700414095
0.394602405286
0.515047783194
0.588802446356
0.522556702105
0.568514453251
0.571263112872
0.485287168361
0.619048253999
0.610755562909
0.641793615049
0.326898607104
0.478145105258
0.611413239735
0.554763847978
0.447540158818
0.628087304133
0.583852488995
0.559999114712
0.57522910081
0.384130346425
0.601970525578
0.434629345437
0.699070165832
0.515321687991
0.469699542974
0.521831206815
0.427722094104
0.422626963076
0.489386206652
0.549996061843
0.601726430486
0.408443490759
0.48244009314
0.677062287117
0.475768098919
0.397059202383
0.442843155189
0.530150342818
0.572930770972
0.524747225918
0.611132270037
0.504081991322
0.614331276555
0.628343925479
0.664783107389
0.561536837061
0.458860316399
0.51583223678
0.470934313551
0.476091315129
0.446559257794
0.501616544013
0.619236033421
0.672118571197
0.482808018446
0.452714785615
0.648716915902
0.356136598426
0.519345150506
0.470584156074
0.375796596793
0.439159854062
0.534896976751
0.455185957489
0.673804388582
0.473285056947
0.512215664922
0.551726455759
0.531005859347
0.531601569206
0.525752114412
0.574799401775
0.619830676147
0.501601632143
0.552514339182
0.393386330689
0.593026663216
0.448156648922
0.450245450108
0.678833670602
0.420153721871
0.546244253155
0.563244154026
0.507770310134
0.571449667467
0.471567244916
0.656028603744
0.456846953683
0.406946918578
0.738634287041
0.585565073589
0.549603772944
0.529064977451
0.396518748647
0.58255130025
0.434920812935
0.368232383585
0.696419261424
0.770583262882
0.652584876478
0.562287795464
0.624333361875
0.574329097557
0.53916297691
0.562522667678
0.649724318017
0.533604895977
0.598109741811
0.654107198976
0.523280408766
0.615089553584
0.51179907618
0.468334796659
0.485461604892
0.54801913426
0.516762875734
0.597153139342
0.499171853592
0.677636087777
0.591693046936
0.494867602582
0.584909969222
0.636896602375
0.665644417978
0.648272008798
0.467098541396
0.512256900585
0.435795259971
0.494600601423
0.582962441096
0.65804746606
0.668355283721
0.432565515522
0.472078913224
0.577242947301
0.503868101885
0.662117408332
0.545201330617
0.461031246317
0.60694422191
0.513883756392
0.474010674159
0.534021504643
0.430686727679
0.62008742886
0.550899591421
0.448193526248
0.545205919982
0.453687178166
0.620770675545
0.490045027569
0.479372871949
0.451212123598
0.604514253334
0.35198174481
0.416988590738
0.552366903205
0.543747376969
0.45756105536
0.621166369269
0.465459531407
0.281647709655
0.626327623738
0.403300927993
0.593328947708
0.35975953378
0.580837819296
0.606643493658
0.422341001889
0.383736155592
0.431696167027
0.603367847548
0.595062429645
0.470183709695
0.58031119079
0.452637666583
0.514037041608
0.515589030364
0.463943759825
0.423308451419
0.530317073248
0.410372118021
0.686212195328
0.480313640418
0.489797736672
0.397354510406
0.460201411219
0.632793966894
0.653359010601
0.396487303098
0.681049583494
0.423384469612
0.495194327889
0.627765277018
0.453798671291
0.388739312181
0.562793951105
0.339726161455
0.374347835238
0.635521948113
0.489428059529
0.567844817325
0.435759291025
0.52677074821
0.550569560663
0.547800556941
0.564972672865
0.449054206206
0.381585066849
0.422051574649
0.415832765276
0.436011660816
0.402840460246
0.255209069465
0.76802291063
0.675267168654
0.597355353673
0.381551585846
0.422387064022
0.494634620626
0.612237366012
0.551511701724
0.473829466327
0.500534848321
0.411844341311
0.496705409535
0.433966439119
0.442819180535
0.607529949576
0.41009836043
0.591364170953
0.526747505196
0.626728883188
0.623061871874
0.514104848494
0.40262099947
0.534907842191
0.605993227465
0.524674891518
0.460665657137
0.543816637426
0.549595191462
0.597894680357
0.442693948586
0.606614643597
0.702161927299
0.455592857204
0.672129625936
0.556738546355
0.5321726865
0.424617885802
0.51280058272
0.735042367448
0.689532848589
0.528523529458
0.48949182045
0.595198711424
0.773034468145
0.555031103334
0.575021587882
0.660477663369
0.543581191005
0.568841516342
0.632967408636
0.469540050543
0.473416164065
0.793068354021
0.512384409127
0.561836463175
0.57754698785
0.575292077097
0.486834279961
0.650776185009
0.537812442303
0.633781810726
0.445263416552
0.546740926315
0.647881219424
0.340713079038
0.620139912345
0.614229482343
0.555842509337
0.536639079739
0.518738609608
0.626785157176
0.566845370362
0.672461108726
0.461073218295
0.576706139181
0.497092368352
0.65829547069
0.546055073386
0.563054620623
0.684751291698
0.62498662657
0.74681396065
0.425761099518
0.486720540648
0.466960996168
0.505254608614
0.614221356289
0.427214233302
0.629669456008
0.340532970249
0.680469231295
0.4621344679
0.597247510846
0.651048913068
0.410529999116
0.662838304408
0.566972900476
0.502331138036
0.590044601302
0.620030776243
0.643747156308
0.458373132819
0.791979567502
0.395676761736
0.602569126927
0.577316326828
0.583697264462
0.493502174584
0.459981536535
0.546705399727
0.50521427825
0.619975070457
0.574112358342
0.541676776128
0.653390225333
0.66861401366
0.767782754852
0.591232913663
0.530606432121
0.520117510124
0.559091134085
0.486674773655
0.723593491882
0.636077513763
0.639870824175
0.678757622519
0.57901521864
0.626266376057
0.704776225414
0.652686426504
0.641702676858
0.656591867731
0.542504258311
0.718936444436
0.729377677186
0.429817940291
0.581889494706
0.59703470562
0.60220765011
0.341586099339
0.829292555356
0.664285094501
0.777095395633
0.6531539542
0.745214796043
0.645278440439
0.605777895447
0.735955132764
0.731521560899
0.673720049554
0.521530552776
0.373746136645
0.553262316974
0.464877100724
0.55444861846
0.668899528456
0.553368536855
0.726910718917
0.631066732858
0.533945661696
0.545266174741
0.668994214225
0.729272453554
0.475049874454
0.524320076103
0.568222235054
0.703282505686
0.476291459068
0.500625364721
0.409981875664
0.693081061505
0.487563366919
0.64362867644
0.55867147638
0.535546189929
0.442806999507
0.594193374624
0.566753310773
0.669367027859
0.700818998872
0.554607117999
0.516529758789
0.577106337691
0.543917905345
0.526897533265
0.710793756574
0.430915339614
0.877805634493
0.778758311555
0.520198871597
0.499651160481
0.445897125137
0.733264587326
0.50253133909
0.606464684063
0.529028272459
0.651273830548
0.336577976919
0.379519419832
0.574495260806
0.636624735933
0.592894231492
0.848339199516
0.595031028526
0.716180700801
0.476936928091
0.544332986612
0.468225912256
0.558855608246
0.57102268823
0.485511635773
0.595097679248
0.624992036196
0.440454791918
0.724552268183
0.523574045716
0.743949737252
0.619171040048
0.606833623373
0.53984458398
0.678917443911
0.479190411241
0.479737870727
0.615000571282
0.517785476779
0.552544371024
0.708004342258
0.690026519568
0.609039679912
0.39985717342
0.688153652247
0.677063837691
0.541314584225
0.526329987208
0.501604586972
0.510930562464
0.72327474063
0.651117067531
0.604006904136
0.693227339408
0.592323256189
0.565634113981
0.621016928903
0.409481679935
0.82039752525
0.48311852337
0.566637737265
0.60129549548
0.501371210099
0.598066756807
0.478246276198
0.444652991599
0.649077577473
0.647393852194
0.518951778814
0.56446715952
0.487240538688
0.67534596386
0.680871866076
0.498971277966
0.508732908088
0.645209398503
0.721807795614
0.617230068717
0.695287234885
0.515569120217
0.473350638784
0.452146659351
0.627707467942
0.584487730911
0.687680912859
0.804850628835
0.724332340889
0.655935723907
0.633733137388
0.438569032867
0.476909884692
0.715791083002
0.648276143507
0.4345021727
0.597788830054
0.576017640513
0.444897721862
0.342396215788
0.655542297369
0.625098440875
0.389826691078
0.666038616743
0.658213818684
0.476907931585
0.765615386897
0.63190026815
0.618530305835
0.560118899222
0.660413164508
0.4878747648
0.68411761703
0.399150720457
0.398504612509
0.681197494778
0.745595698658
0.785948372715
0.687698881446
0.524661721023
0.573906752388
0.495510982002
0.497700218285
0.645742018908
0.527468999589
0.630456590155
0.605528363071
0.582706288846
0.479244991917
0.469446804229
0.554094803663
0.620482642058
0.573473790309
0.474573067987
0.455838007312
0.432027543745
0.642001475752
0.666235824134
0.610829441572
0.656892166953
0.570030945546
0.51919224501
0.606509344518
0.560599471278
0.624314098681
0.737897517125
0.524751951538
0.575415728095
0.663723696626
0.588622504254
0.540560356151
0.658039259335
0.569584736791
0.747123126953
0.471778509132
0.42116898535
0.475369967711
0.548684850268
0.611810408963
0.348009622152
0.479028449338
0.599021911892
0.446960041836
0.628742124841
0.541143730279
0.547659870047
0.67731745796
0.473569448475
0.505830709677
0.507343940797
0.578913357772
0.568115645895
0.601599524305
0.563930494693
0.481402459066
0.607304943827
0.489924940935
0.577039619268
0.619936118036
0.591539958299
0.373175151509
0.452321607206
0.377204829606
0.58046534529
0.516632320281
0.435699520572
0.503069020624
0.45670823768
0.476478294314
0.540178626489
0.590715141585
0.592588273148
0.659874328097
0.585997943948
0.725843628132
0.537767510661
0.450411799464
0.379597681376
0.578808238593
0.445554660361
0.514363742365
0.499346375648
0.541103210169
0.345150119553
0.686508260569
0.613406131461
0.585280515691
0.687127343706
0.469227745756
0.562945022252
0.661198147715
0.701782910408
0.490409504041
0.643778043367
0.542088688321
0.573628375024
0.514003324889
0.522231291856
0.570657242096
0.438221301047
0.588011047188
0.530405352992
0.548134821364
0.546254627607
0.6698150051
0.517211558678
0.580070064745
0.705332117597
0.498080716114
0.409098748806
0.703936615505
0.579615093712
0.530591697724
0.558048577614
0.538067194162
0.605858798438
0.503156471274
0.547712373662
0.421232865455
0.454549618614
0.633111984442
0.541190552152
0.434373198606
0.45617648399
0.719515835405
0.488372009337
0.561556305438
0.613032915193
0.324594806892
0.366951364633
0.572281380752
0.607910674044
0.489832903354
0.708604972805
0.449256533482
0.544308326992
0.531351814363
0.468414183059
0.47069110926
0.401355309368
0.462551614255
0.419772337099
0.629623809192
0.46530002954
0.401220873074
0.431009145392
0.413221511987
0.536037822992
0.562094287625
0.52359296477
0.611542845541
0.484398979871
0.637541558236
0.703961902689
0.384902572261
0.419864452797
0.516186304509
0.548905946837
0.664542103939
0.59108392003
0.601702660785
0.356122763921
0.56567975714
0.498683298792
0.559518923329
0.521727495256
0.488162993396
0.632837033517
0.494380169413
0.660385719877
0.595916904713
0.419795214474
0.520231617083
0.486951187373
0.40322876617
0.475481852126
0.41232329425
0.623217365028
0.529817338443
0.599676812513
0.554625542063
0.412608352276
0.457351593678
0.520010917422
0.541258848864
0.47930862959
0.429700842422
0.58554105215
0.412650524396
0.517911355672
0.570983164179
0.448853319548
0.545092204233
0.63063347154
0.596182542988
0.558610629904
0.474253468968
0.690757792959
0.474596228723
0.552004911878
0.576330436526
0.450173005027
0.684052038102
0.434071983771
0.590393529443
0.531031370805
0.492158317416
0.49216430544
0.562840539828
0.403580202964
0.600300319809
0.460832649721
0.376470885793
0.386208202194
0.539208751842
0.631467967164
0.335670336908
0.578710743208
0.595563967021
0.58996792653
0.452914083091
0.358258714884
0.409655281417
0.617286042543
0.473606073018
0.375656563847
0.504802778051
0.428298939678
0.416593646352
0.445292131946
0.381613957691
0.430420089021
0.607462744968
0.533626782006
0.602318954253
0.610887404103
0.747968517936
0.537413326334
0.374430969868
0.592883136144
0.489275366212
0.581824003
0.523755466451
0.348808608427
0.435802228682
0.530591111969
0.64930556957
0.697667291799
0.659143243654
0.648405697171
0.479079290298
0.631228624704
0.477714685726
0.676388862866
0.671374408416
0.483721416225
0.622677894753
0.43396668952
0.485748611725
0.445570334094
0.543640076521
0.44916290762
0.337375401725
0.650677582119
0.546458288515
0.672426204238
0.649759924341
0.492426330023
0.553840890002
0.446893132879
0.419773253018
0.516219118453
0.528553408606
0.430695736792
0.511173558351
0.535788870612
0.431490428447
0.513097251512
0.701280823741
0.541244083098
0.506296456242
0.764671190766
0.460768550695
0.664989416783
0.522154576717
0.596682677433
0.438916300697
0.634590784085
0.546308450706
0.506319563257
0.456455557979
0.49822944389
0.50164233635
0.711038926334
0.808775732594
0.42646822631
0.735009937759
0.409279244518
0.600584890966
0.608872519282
0.545010381077
0.659218927372
0.63382114883
0.522263544365
0.48371812635
0.645868111268
0.394131893791
0.438784403574
0.52908042253
0.457153742646
0.572622467615
0.419947538526
0.607109105471
0.411452529131
0.475706681077
0.474865424127
0.64160770501
0.639665584984
0.614841241998
0.582498983785
0.461448117275
0.537027911865
0.445392548987
0.492132273183
0.5972533067
0.657110601326
0.667872152609
0.695928771462
0.516241251884
0.414683942654
0.553350444065
0.448860682704
0.438083708527
0.43592626435
0.414801654797
0.432625119752
0.697527417989
0.496102200541
0.595691725871
0.581298385486
0.419674584895
0.446971536305
0.510996523257
0.525357724659
0.572270316827
0.471227173421
0.558038502231
0.523886437966
0.456217653465
0.425535051821
0.598309553054
0.595262888327
0.635803957326
0.597536558954
0.576767899702
0.555165899514
0.507624525298
0.564207322105
0.440893963985
0.432625164804
0.691150965009
0.554247493464
0.685262421632
0.429823837884
0.415571420081
0.390928572172
0.523683355325
0.580739316376
0.566012029681
0.325362598141
0.584204395888
0.367593179169
0.452001260582
0.582808799394
0.582303896319
0.485912469969
0.532750265103
0.573451641099
0.560859924727
0.664598304741
0.577346637867
0.560407927475
0.553385032064
0.67296892619
0.598258020015
0.499364848576
0.410780237345
0.472803577445
0.447837227127
0.478774110884
0.361916402304
0.499395408229
0.559859580279
0.59462793336
0.603487150329
0.657094114134
0.401662645851
0.416259015778
0.703548129655
0.421245154558
0.361886770799
0.498421948018
0.360948590211
0.477935483279
0.60090389001
0.540384505801
0.620752280663
0.375553197451
0.537435467056
0.482592138619
0.584708727856
0.659137683321
0.54687184122
0.45777762702
0.442608264987
0.497566493147
0.466009017133
0.399907631791
0.508673836442
0.640671883409
0.511642136248
0.486231194961
0.63421049981
0.494239029883
0.49519496602
0.561025442616
0.518266544711
0.426250736021
0.450507240059
0.433299922062
0.398515482925
0.561572629681
0.717326731299
0.555382219935
0.469902251221
0.634482689803
0.384169589297
0.440626839201
0.618964926492
0.491159587458
0.383239191949
0.60391947649
0.60917709308
0.524905876086
0.432139779386
0.608425210989
0.547234401587
0.493487606612
0.726354828059
0.357759874263
0.385945566547
0.460411517654
0.449861197504
0.760475506244
0.673339978845
0.444953057258
0.424244648074
0.453017561337
0.527871432797
0.448035188924
0.535371720541
0.356629879972
0.407503223635
0.695796843335
0.541622777722
0.509449315671
0.51976128457
0.461015149753
0.457948241458
0.663832330405
0.489094712462
0.675411062481
0.589647622244
0.470229689744
0.589997095941
0.560195162338
0.445139333782
0.446003565685
0.547068770581
0.601532968491
0.544128908658
0.506672862986
0.360998959503
0.356800544566
0.504316639757
0.564129815409
0.462630671329
0.546305088607
0.493432988611
0.632655778972
0.37016049013
0.625355612357
0.700093992557
0.662523275733
0.63186367294
0.566832960324
0.436643383774
0.549532820835
0.552117639726
0.588279067413
0.391442940771
0.709509477393
0.428849569772
0.371917437803
0.522759383823
0.517374468808
0.653003260565
0.427810456831
0.456642851006
0.524113540573
0.461593156741
0.427130411946
0.564337516912
0.653783317844
0.609471235143
0.652581210482
0.461002129566
0.59541806993
0.521514912083
0.601728650103
0.58735223528
0.464848490527
0.685451550094
0.481262139196
0.499062090524
0.379727057106
0.499471297339
0.420934589403
0.510799419062
0.664079023268
0.428995093622
0.589455454764
0.504702087536
0.419480507833
0.753237166317
0.50897042656
0.633985584829
0.373963211063
0.466892785245
0.504654822503
0.615280426502
0.538770708328
0.44785293054
0.515507994528
0.539740453161
0.448861470719
0.483158721227
0.746006078461
0.60667222682
0.437261056739
0.494462397201
0.639858601976
0.464198804492
0.528982669073
0.449418594746
0.605543890207
0.474898949331
0.553791123585
0.469270783538
0.459273550749
0.512295000121
0.568293587989
0.663032792243
0.473239663591
0.701750596809
0.363480579496
0.466272036004
0.477018000405
0.483320890811
0.505960128711
0.519145384097
0.592258940733
0.648768738169
0.48362530369
0.392012346091
0.680605944919
0.477018745102
0.544509442868
0.530966522568
0.433783852984
0.673801738424
0.434145457093
0.670529185536
0.49720522392
0.539068675844
0.487581452164
0.581867368075
0.458208285469
0.510899247137
0.57742475845
0.507679075981
0.393485920891
0.549737320546
0.38437752895
0.450737793398
0.419628986202
0.574081397739
0.451201393912
0.375463902165
0.405454489417
0.477918120204
0.408404782644
0.432307478491
0.423677989076
0.479518268846
0.536879415569
0.492722663244
0.437037786738
0.470129307332
0.548778675208
0.616321034956
0.716453917411
0.685218985986
0.587879195852
0.405636050294
0.581207302719
0.496492417601
0.4681824504
0.317368793453
0.373144689641
0.556988581669
0.52662765107
0.492820839361
0.607973589397
0.509943380395
0.486516668142
0.519080726273
0.298546454302
0.603101453007
0.603349760927
0.591240605636
0.528113633941
0.559635371254
0.526799305864
0.524164518505
0.571666485251
0.517696764116
0.537678958598
0.534687153219
0.473626934712
0.596113638246
0.619050982793
0.570456776232
0.645328812401
0.523080321732
0.509192561575
0.395381846686
0.691222774158
0.530926646575
0.544080170927
0.461606730789
0.578165468891
0.408413204477
0.49178948626
0.527688099393
0.434653043647
0.464628020559
0.418486892396
0.551965436745
0.496534300354
0.573743470668
0.462483703534
0.345448524388
0.592083144304
0.466578186048
0.635814538374
0.532240687878
0.486549595642
0.582807451476
0.589733097186
0.427471400049
0.477880548312
0.51464931092
0.503537104941
0.504987421235
0.778734257656
0.46101927983
0.452295299446
0.579501617749
0.371993556502
0.543765881283
0.515871773768
0.620987258742
0.473887879526
0.323829563942
0.509671132205
0.580161317454
0.512715550255
0.508778801806
0.512844813744
0.526567367147
0.493396651784
0.569519495633
0.607419072197
0.433097376981
0.731452951931
0.732886699547
0.540808826256
0.447815434894
0.625248590375
0.4852367194
0.433888397122
0.521729339173
0.515633345425
0.620481961214
0.543921958238
0.571948922436
0.636264536871
0.563275572281
0.405438113086
0.404908725222
0.509141479372
0.544656423033
0.467248079561
0.406262152059
0.443844322169
0.632545625093
0.555240121252
0.443366427136
0.631196725031
0.520945524015
0.574511749471
0.608418992167
0.477981002659
0.319481628835
0.499776228624
0.542690875429
0.527338788416
0.636079502101
0.638846880436
0.501434996038
0.615217928733
0.577222845297
0.597998820257
0.325614666083
0.62895678201
0.615100587218
0.46828034387
0.470764803662
0.480763174885
0.400954068722
0.57655726166
0.504811243423
0.593539553744
0.598064125479
0.390202958893
0.600120172071
0.448423427664
0.52467871198
0.571133092425
0.473401569453
0.485077589325
0.507299726929
0.595373596274
0.432509211866
0.713954248721
0.55176721327
0.607788110628
0.408685156029
0.632171673186
0.503897908826
0.587671461889
0.522995036896
0.573580596913
0.549839102011
0.674101479511
0.571732340852
0.612450549058
0.525618076923
0.457234559847
0.629539636611
0.539327419803
0.553708631329
0.639324371622
0.53827110502
0.615592910186
0.598521888814
0.514521715252
0.626509847734
0.466560819574
0.596759938825
0.447733347669
0.546135122548
0.487951554518
0.687419366378
0.587328504866
0.606267508612
0.724362002325
0.418571668146
0.550224068896
0.565104177645
0.532898323743
0.649184638673
0.667518474818
0.736093589046
0.474802499308
0.431179693964
0.513167916414
0.482601523066
0.542913588839
0.523782987221
0.457943297104
0.492963974731
0.468676514997
0.476726957896
0.607384677685
0.54687232163
0.514655393984
0.412604746777
0.462997194415
0.312564377184
0.586970578478
0.404247913854
0.433241312552
0.521459869183
0.663625598026
0.43852612136
0.449443081834
0.667657332546
0.474324070127
0.508327893706
0.456405020118
0.434911980744
0.407681862561
0.646678633503
0.575693399759
0.38948301417
0.357883386081
0.522357979938
0.590181287202
0.53105912232
0.723874118248
0.421306031748
0.472304301392
0.491874558396
0.377240080989
0.421516228581
0.545477230613
0.631223085896
0.593261743594
0.502322919105
0.521876220794
0.579241848572
0.657538460675
0.631306313878
0.395074082963
0.454618824599
0.548071001749
0.396491072659
0.394996720529
0.575633440171
0.740445754445
0.5033403273
0.778312588991
0.574103984082
0.506036675316
0.637064121893
0.629923186368
0.629916688436
0.482457609101
0.342367685346
0.535182570415
0.783129636443
0.632059728889
0.514538205517
0.497934314308
0.414494254662
0.641093102935
0.635241193109
0.395141021348
0.474406390571
0.479983591436
0.586838892241
0.56291471788
0.556970725702
0.502014997268
0.51151527558
0.544162482229
0.736073279202
0.597807238046
0.61047058962
0.452623539247
0.551073631406
0.506769043063
0.69881593487
0.561947996796
0.496039678181
0.467871713613
0.506673899752
0.336709922141
0.489752152295
0.384705340751
0.383468207144
0.595075461351
0.680281899232
0.649849028059
0.594055279366
0.442027165761
0.375286082245
0.537700180916
0.579458400928
0.517319248724
0.570592184903
0.469398891021
0.442338326703
0.513227490978
0.502962659643
0.49304178741
0.544951138682
0.606331215717
0.532136782614
0.553847988195
0.4718937449
0.565150060497
0.439594118965
0.405242915174
0.586020499627
0.445302839835
0.584317920518
0.419204109235
0.548217223463
0.491030320437
0.491771641624
0.634287808495
0.389275110945
0.493379919171
0.527013980896
0.505931531389
0.505116979062
0.576748162371
0.501039508286
0.436896548919
0.580087369373
0.702307777351
0.611112824666
0.493605324096
0.587162770451
0.502488670356
0.662224520121
0.604579832361
0.624486215785
0.636304052652
0.467793575587
0.515242557519
0.439468678133
0.556825822826
0.606462389355
0.462207589783
0.453787431419
0.474825418287
0.514083063005
0.409782095872
0.543156000055
0.57166352433
0.702945297461
0.583675195732
0.488434250816
0.462431627317
0.613953976779
0.464457910302
0.570851031442
0.564539632647
0.403796678324
0.61058816264
0.439468747722
0.618897585
0.396660040234
0.514199913121
0.474642349173
0.46746857136
0.546066374576
0.448507627262
0.684557684859
0.483729700506
0.587009290756
0.544559856336
0.501507304795
0.561811021296
0.529637107355
0.485134958729
0.434313937611
0.67122803357
0.543819868975
0.488661115511
0.436081989362
0.748244174372
0.521694583162
0.448168952528
0.543628054053
0.604233980927
0.616312933026
0.358887806653
0.559973818732
0.698785791394
0.696192565563
0.593912501599
0.407412885151
0.590302621257
0.515050592198
0.487915381182
0.332450798082
0.608183199668
0.699276534059
0.549758144087
0.687552208063
0.587896625898
0.493616764429
0.601385187697
0.490614443071
0.470322323922
0.547146128218
0.523345677596
0.613582122275
0.369078838976
0.479813038269
0.426415106844
0.449901081543
0.582943441235
0.437599224389
0.628145033941
0.374512068004
0.441540821022
0.537383163809
0.36555082219
0.389747269326
0.650196793679
0.465368843782
0.491126565859
0.52061199646
0.680177572197
0.553996237832
0.406587487062
0.458875339745
0.456685116273
0.628722547455
0.466622558442
0.648989161416
0.472129825385
0.429746547535
0.544807640804
0.542418815663
0.432920821652
0.451025000021
0.450491783727
0.459934433036
0.453243288311
0.506000100291
0.379762762268
0.619746188945
0.479497206115
0.601095506805
0.488579627393
0.61545140863
0.553554218949
0.497832261455
0.53396321896
0.377398474948
0.690835612667
0.496009613296
0.61957685927
0.401479214961
0.432036727219
0.519834186823
0.541779269963
0.579685159573
0.484109809946
0.526033116444
0.599326350447
0.529776408804
0.50913528084
0.769639779437
0.483464753448
0.598707798739
0.532903174397
0.567774293157
0.44141801574
0.508304678868
0.398167150364
0.508650353487
0.587190827132
0.522355112993
0.508308999347
0.532645716766
0.339183600365
0.598651850322
0.47151497814
0.552119117203
0.602263304597
0.542203306814
0.446046849105
0.47299700668
0.385975162392
0.552736051604
0.370572655393
0.600255035637
0.394161551575
0.687671449535
0.572935668227
0.494761840074
0.562379565534
0.38479429541
0.477123621738
0.495400647238
0.576649960276
0.504088041501
0.643951279393
0.564121554091
0.517648287544
0.520372956183
0.587578765633
0.558269016607
0.508408240739
0.473360881487
0.507806145898
0.603783209795
0.504527589011
0.400268369703
0.487627700808
0.540920749933
0.677863825721
0.436300720428
0.804199683041
0.477593164529
0.562190861143
0.595227335996
0.543769145789
0.486912600076
0.48477447497
0.506392915374
0.598512324136
0.59894418935
0.504565487087
0.523126005689
0.583369539893
0.478765772481
0.552994606963
0.464857073296
0.5312978047
0.574726900487
0.562756170972
0.4275564812
0.48011913668
0.503896835833
0.423781353696
0.502131153062
0.658034256994
0.389602423828
0.586341790536
0.464014883981
0.527746930745
0.393981168986
0.58962269211
0.60286167891
0.645289559309
0.541687187564
0.403386475442
0.5606133601
0.444163972179
0.524057299864
0.416534729353
0.401506251579
0.495709724963
0.62362146813
0.491533645423
0.476946136781
0.37790201568
0.581403616226
0.583692673302
0.682383824859
0.521326508956
0.570646556468
0.600385433887
0.482649987857
0.604212514244
0.537993187788
0.550137036031
0.440537925636
0.538102683998
0.552565688313
0.656643752341
0.621276137672
0.618875864972
0.49971638437
0.423987337713
0.549973274275
0.656995701449
0.471563828826
0.524956595753
0.441553231409
0.506743011739
0.561188681445
0.552841173096
0.717122440484
0.449506107525
0.65968674183
0.727028285362
0.599009407436
0.684680358
0.625887581095
0.547492379486
0.685925308354
0.612934283469
0.445266614464
0.412849059027
0.446970856165
0.69006205254
0.630695816426
0.422059768925
0.393238725898
0.40040803663
0.628302046087
0.374731790956
0.518279126486
0.490775763203
0.673608612972
0.758557100479
0.553188277168
0.495176638334
0.492662126902
0.559632486255
0.483019156972
0.684784891102
0.553829052786
0.504039235755
0.477824647979
0.563517386068
0.704848596414
0.461408586441
0.588461708761
0.386341995845
0.571158330918
0.315332056328
0.567836151075
0.547733911815
0.441111409178
0.511378067226
0.629433773206
0.587075675496
0.59803849453
0.616068382647
0.510213971494
0.465353589481
0.535630685033
0.612344605493
0.61586057393
0.587236233651
0.476724577163
0.577081198844
0.489214502344
0.447300550665
0.571713292133
0.392658161216
0.365977345465
0.464726034826
0.724102094502
0.599940141694
0.533461260087
0.556992957686
0.30991279856
0.58527201586
0.460161296855
0.571736403659
0.457889239169
0.526868486379
0.340477646542
0.549531582271
0.47352561045
0.455369600916
0.456923947188
0.374871573255
0.595107023319
0.56486794234
0.665352517786
0.625568844624
0.481721716884
0.349784983844
0.466240190109
0.433179962774
0.592994469351
0.52755603628
0.455385986286
0.453117420961
0.575177779986
0.58657763047
0.552080538534
0.336041079715
0.484270124189
0.513489270342
0.532323843554
0.523681475572
0.578444663068
0.772129395461
0.492667652316
0.753772716367
0.39734771579
0.523508733752
0.491430334314
0.49266678206
0.623730183089
0.492796740552
0.432706392356
0.461291447463
0.421485985103
0.649582608048
0.462335934853
0.699747696231
0.422735177665
0.48705473451
0.514273940725
0.572258804879
0.520171287086
0.739258892748
0.551019761895
0.651119776842
0.512038007845
0.598568684234
0.409543126854
0.582889420909
0.498473237081
0.600285436145
0.651415674313
0.532685369754
0.465143164908
0.538593536559
0.493565016764
0.553225071102
0.472482938753
0.605615588009
0.441426488262
0.539282101026
0.426175731112
0.447291344815
0.643725175692
0.349988052038
0.516936135213
0.477351443772
0.525493845567
0.617015274062
0.450740232978
0.655892672976
0.613983774308
0.568896643605
0.518604776458
0.517152975892
0.586126036258
0.499770924776
0.669077213365
0.564239128982
0.594111173776
0.583040631332
0.636577762749
0.715847913396
0.740869418077
0.706235842909
0.513610870401
0.481627170477
0.640553396272
0.5839827723
0.528217325267
0.610789135995
0.537012309767
0.36027303831
0.592798612029
0.423023655421
0.585744003525
0.522533130883
0.39450704845
0.449459943861
0.444241577287
0.508109575677
0.539990189656
0.386586067734
0.51391113206
0.502645210868
0.560524482007
0.568800141229
0.524429571683
0.583515232816
0.565862622984
0.502675695902
0.595227320699
0.674601414102
0.536246636785
0.396621571992
0.528725999666
0.709803246711
0.538212589123
0.560260626398
0.401098904128
0.550472370403
0.584119794059
0.488062100046
0.709527490244
0.621118189125
0.406078173901
0.574333518148
0.57320154454
0.670572894739
0.531018287395
0.627845495635
0.477234951928
0.639429238668
0.32786710561
0.52753686079
0.478823952986
0.482050214655
0.452799005416
0.617288582916
0.598655524475
0.544737754252
0.554046624744
0.525729242651
0.513678423694
0.558655848009
0.502353903804
0.520812167731
0.526141845663
0.585011648836
0.596330739839
0.474708432604
0.486556475771
0.388666975174
0.572993502896
0.55945212565
0.456198093265
0.601185113911
0.722962401216
0.618651316136
0.510687635334
0.703229301135
0.358683301797
0.622069228747
0.438422427794
0.50539542945
0.622142866241
0.442674386587
0.452965752309
0.527227738756
0.69966499588
0.609889439662
0.668718949265
0.473636650843
0.492726559291
0.526197073264
0.435799911707
0.61980096695
0.341108676923
0.663191148379
0.552030297191
0.450160358241
0.535062922698
0.58378975178
0.464720100268
0.524749800533
0.60719977364
0.644889685441
0.477379595268
0.517001201203
0.467885059432
0.516156313492
0.369396639022
0.505130769376
0.463477212894
0.614574365169
0.449498351299
0.418486660179
0.442807567078
0.552414169076
0.612658576191
0.391540505255
0.461955621534
0.633004887238
0.603438184558
0.473800805746
0.622627552296
0.52147478007
0.510263947556
0.539418676152
0.472028280761
0.736696590264
0.635912298926
0.413796704341
0.496159829051
0.475531166614
0.696415908126
0.488265923581
0.590911583736
0.502996321736
0.704886456179
0.422474972779
0.405753976261
0.657606474705
0.655363948767
0.482121090888
0.516469338848
0.411284359952
0.499789532354
0.581328474444
0.572474312372
0.672411450398
0.550189732787
0.695188737442
0.586257085855
0.601555661609
0.480311577144
0.456186059042
0.721748799866
0.700561044517
0.456119803602
0.460219559568
0.424635595087
0.492781731886
0.488554232626
0.551284501941
0.354216783449
0.599619978893
0.367117674387
0.438259306671
0.605224710874
0.647940123868
0.4999020975
0.528658362637
0.535591796114
0.528285780086
0.492543112749
0.510045715925
0.46278309963
0.524577307156
0.617403899971
0.533967956797
0.507744200436
0.506039484265
0.54324970434
0.405086987876
0.625309824674
0.576525127718
0.553857061442
0.308923625747
0.622169216282
0.640672968447
0.674285869022
0.416809867113
0.558676361608
0.482668770759
0.72210915002
0.785978289708
0.60319154602
0.612646574599
0.539154495081
0.467203755309
0.377712827894
0.46530693678
0.369035780205
0.573111469802
0.485087405244
0.419210095874
0.513185054224
0.367305701788
0.44805633277
0.623566497941
0.625024665222
0.640396748814
0.365943390396
0.340767186398
0.4099631513
0.596935289992
0.58111031783
0.566230511013
0.455619179638
0.540172210661
0.59739736798
0.403704822627
0.469450092286
0.581709840022
0.614532801048
0.626014546987
0.437351581222
0.502208882591
0.579583355596
0.588435505789
0.628387103552
0.298053540407
0.688482646096
0.677339306767
0.494023612285
0.508918018291
0.454726388144
0.650943728288
0.515617112309
0.504972639868
0.578037436989
0.634650448371
0.543879675035
0.416052812308
0.534680892247
0.527532353675
0.586364532856
0.399780052076
0.731105980988
0.582222028432
0.602995177077
0.360667156871
0.72115313958
0.553285170956
0.56425263068
0.695760812852
0.415579141974
0.463377098663
0.466180356042
0.480730331697
0.466902187073
0.676799131066
0.563792774563
0.546612563928
0.47467681169
0.554529545015
0.501157073794
0.73505589474
0.589725965439
0.504654538203
0.530426042166
0.392618589266
0.549406755743
0.414285512297
0.612164698402
0.642736263761
0.578570772811
0.536994436192
0.545430587016
0.476114321805
0.507389632461
0.506347434404
0.464493829738
0.407496765815
0.507591622204
0.534540352043
0.606742070129
0.505520322434
0.479461845809
0.374322532313
0.554615184393
0.537468484393
0.513988581431
0.543875516381
0.514338675011
0.660197479731
0.537195289657
0.538007675092
0.517364407809
0.520097607254
0.488546417644
0.46854748614
0.395600692936
0.477261371108
0.556740366302
0.737497959749
0.481534235702
0.564881386977
0.528592233259
0.50098552743
0.490340883759
0.445907547544
0.723411472441
0.556302015628
0.62732841416
0.581478381401
0.443751979448
0.54167190964
0.413904514288
0.501132343312
0.599876042084
0.440432095302
0.441659234201
0.465663320744
0.6139219672
0.580446621688
0.595249214195
0.542829579684
0.444283585938
0.427598609495
0.523455979318
0.484079236341
0.581455998663
0.545413154602
0.664272571516
0.380198767346
0.677715297683
0.768188383845
0.568335352781
0.466300018881
0.579746927227
0.632000696526
0.554112524795
0.540858848635
0.361594891894
0.37101970998
0.568527840309
0.594136867034
0.560166101626
0.694927252176
0.560816732675
0.621390428889
0.563646310453
0.713090662175
0.562539346624
0.694934634324
0.630704191327
0.45035879982
0.573776364238
0.5514271086
0.483218891983
0.582082460304
0.48283177898
0.504668281619
0.482758153019
0.451552830208
0.606335659838
0.678922664419
0.521176896766
0.413515465553
0.772531295097
0.510311411927
0.468490007379
0.646918633339
0.501099236951
0.38174350138
0.496162838291
0.621554258609
0.583034055258
0.457800645046
0.563704691028
0.510256962143
0.584150128883
0.389472760629
0.435879083205
0.586508279546
0.558875274153
0.62066392559
0.751865044958
0.370615556646
0.488653274438
0.533844231121
0.676597586614
0.53613286392
0.516826437649
0.493730192365
0.405328473205
0.674272557038
0.617911492312
0.494183492987
0.613158259025
0.532496339563
0.54220318708
0.606369869808
0.518442253034
0.665815597729
0.464094580403
0.628075994375
0.680162535267
0.430506577091
0.448858279288
0.506198589171
0.53168873445
0.544728911598
0.47116708138
0.667940677302
0.532059461509
0.591344117912
0.465191482239
0.701475270463
0.505679610974
0.512433128389
0.314950102465
0.415609615526
0.487469265222
0.732765008195
0.521030403567
0.714399473049
0.619095550769
0.493484980565
0.557767844963
0.607625631783
0.666005664192
0.497485073074
0.510995061475
0.549294431714
0.472901360387
0.62194768505
0.443935664291
0.534089481765
0.549060102811
0.485641943051
0.440814289339
0.58137960357
0.469312379334
0.615910994674
0.416822294786
0.473729298518
0.611539339699
0.641385160902
0.520321684172
0.496112749369
0.770132933823
0.509303381139
0.616198370099
0.444525798398
0.577076702853
0.441483565564
0.410884733802
0.534027303182
0.451873361723
0.575530918446
0.702871264122
0.443582359624
0.670861428787
0.477031506151
0.594421974645
0.565939880813
0.592377220677
0.415259862638
0.551630618742
0.393690852496
0.511449129862
0.593852245098
0.637206166646
0.551157061395
0.532865085532
0.46592993784
0.396337875315
0.414688785709
0.61743818557
0.401352720241
0.633904865636
0.551937370021
0.531099376801
0.606294782041
0.602643696284
0.393506295658
0.563968175122
0.637465189481
0.669440311653
0.545243837605
0.586862937257
0.287242701754
0.47473262368
0.491132319397
0.531982495679
0.537704772238
0.45966160878
0.486962295053
0.425137590572
0.62072422703
0.493654335624
0.510303646686
0.341697036929
0.532854604528
0.459813252759
0.570036060971
0.518739038968
0.658505306758
0.616572779393
0.416495572207
0.469993491051
0.46256865318
0.476221642908
0.494722129515
0.541802844361
0.387948399089
0.458351942476
0.459862386873
0.529719449942
0.640860251064
0.451456103531
0.581413564492
0.579915789989
0.502684698934
0.528438033311
0.284068097452
0.66232951031
0.493878474858
0.422689444152
0.594436857576
0.578865156513
0.571100573504
0.595931040463
0.553368381713
0.489896712012
0.591167694824
0.529133282011
0.504293627231
0.447564129056
0.60098213789
0.548230443917
0.655131935481
0.493117001747
0.456101503698
0.616635009949
0.476581516503
0.608124739023
0.596027406186
0.51040696078
0.499053792911
0.503784266532
0.735500535007
0.570469888208
0.552874974614
0.639316672024
0.473036124765
0.370082555948
0.50624520998
0.641995587776
0.504492677013
0.414241297197
0.582445863534
0.652320255367
0.505295627673
0.56380359003
0.672165988803
0.588103820122
0.571787403892
0.448817910793
0.556004869192
0.72317147176
0.642037093092
0.64660806745
0.610598229523
0.578986766455
0.586913853352
0.624965017653
0.651416512863
0.623802720308
0.48759463197
0.405155125727
0.532236321168
0.346919098196
0.395664449378
0.632430324375
0.503684560503
0.498345268616
0.409494333656
0.545617458191
0.508481933577
0.435150029708
0.542617219748
0.575585132743
0.489262888934
0.408194351256
0.495297357438
0.565317747191
0.480701147377
0.398496082724
0.594168831376
0.63249693424
0.375846154117
0.601154082064
0.540603402743
0.57258479105
0.401491191346
0.400416229373
0.65993767114
0.655948677959
0.64552699295
0.473572157174
0.796415353826
0.614860253997
0.477661739107
0.570874847531
0.63862927996
0.604149237429
0.619423837604
0.662504143843
0.63912090735
0.439810165477
0.453486003177
0.652000158247
0.398899946952
0.482177937551
0.512644952916
0.485529304988
0.525129904598
0.626133756579
0.270887600213
0.619570889615
0.475158703055
0.567363711571
0.517587408626
0.443130685462
0.501260234197
0.511415279052
0.39447293132
0.648747573773
0.597747123114
0.450068059511
0.7589553869
0.464566679203
0.466217030594
0.581930701756
0.554054081617
0.496150973304
0.750984843684
0.372399548032
0.577837009095
0.557873301148
0.438083124074
0.792894130149
0.523535497535
0.587925428835
0.520825005609
0.494619761935
0.501250153979
0.491638255407
0.528694316957
0.474591003972
0.634449828357
0.533482670405
0.654224370215
0.56229500557
0.485952143518
0.656514665248
0.520840739138
0.485691840924
0.395102746057
0.474780351738
0.551055791386
0.678081622785
0.436556554958
0.546895297468
0.454343617996
0.572014000145
0.475920058887
0.436846682467
0.465655139303
0.566535944064
0.60357062979
0.681285115488
0.537034790265
0.407929475965
0.511771697578
0.437337780772
0.532777331674
0.471722847501
0.545182604078
0.457366242628
0.600785015089
0.622468071924
0.540563187792
0.427195438848
0.543063387571
0.550358372656
0.549249801009
0.461898304354
0.442245627942
0.700124850937
0.46405538641
0.628747606054
0.572933791777
0.654556569979
0.498723462404
0.635749471059
0.596857409115
0.439148988641
0.529611681637
0.524887665719
0.244927357012
0.533037840112
0.69973126758
0.600940609042
0.600117941195
0.682733422124
0.441234321244
0.526688397379
0.57159491856
0.400430925717
0.51727158966
0.526002798347
0.48694430079
0.357469145726
0.48678058655
0.463276000782
0.537719556843
0.443833103804
0.525705904814
0.506554097926
0.392374634368
0.435229569024
0.545824610669
0.548095726886
0.56958545578
0.471561923206
0.644618044607
0.563692583435
0.360670452509
0.626288570763
0.534301594198
0.398362829265
0.54436898633
0.566400407006
0.595666738014
0.590870475284
0.395651506168
0.534545056403
0.571986149129
0.47329491102
0.494797666017
0.6414975021
0.659853487334
0.604020713274
0.589341826494
0.506019668422
0.462608067168
0.524353648015
0.455784560391
0.492692743452
0.604701109669
0.441374935711
0.43268173236
0.536606975803
0.696014283382
0.6515909832
0.498952183263
0.502247589377
0.621148985559
0.471649508914
0.367244884432
0.667628429836
0.655711567738
0.310172058046
0.617171871745
0.632923014366
0.403162047663
0.511088130776
0.49905316848
0.569803242865
0.553030858645
0.386931242387
0.506460102916
0.60606792193
0.521082971729
0.533682107401
0.576429865957
0.406056064947
0.432687300408
0.664830047653
0.600018131112
0.557568683551
0.430109833892
0.459038542284
0.405031339524
0.52922175476
0.463606170393
0.472704275597
0.540622418961
0.484424434233
0.499483189918
0.466768300252
0.560607152394
0.616023883732
0.771418915572
0.750152749236
0.484615538763
0.67772768008
0.540942191736
0.456956211387
0.607242302423
0.49554400087
0.560854598253
0.407917838748
0.515781262526
0.390335482028
0.478252389846
0.494648581627
0.506843232999
0.511592600843
0.68351977191
0.64155162723
0.551970228361
0.583056099618
0.59777230221
0.544533684548
0.462961736261
0.698796268923
0.496565237571
0.455340435657
0.338711358928
0.357048969272
0.556744236806
0.610787746968
0.587074446498
0.684791026364
0.506870577211
0.491710329465
0.67152509943
0.573457651169
0.499234115545
0.614696871865
0.486936894283
0.684894656552
0.492066230719
0.521024319231
0.765112887089
0.431981322182
0.578739947879
0.49252563376
0.43856958395
0.462697315205
0.458863289121
0.724115396643
0.624126816426
0.575754463247
0.44145785371
0.671503833512
0.708257840703
0.608669126619
0.554963011581
0.523699552051
0.450152248753
0.553553209471
0.565839963704
0.722519416333
0.549888714607
0.444149486514
0.481922661918
0.477179364076
0.422542531395
0.605257987141
0.411502078207
0.601724533286
0.586793893019
0.447031863775
0.549801521758
0.358073770094
0.594424771045
0.52846605096
0.639418330034
0.535482047125
0.418191581068
0.393729928928
0.578217854823
0.709437494769
0.501045156411
0.527421132687
0.457773126862
0.56985553601
0.624190557567
0.645233145667
0.488595853686
0.562969398937
0.574518460771
0.401100849029
0.586682556524
0.285622707175
0.484862190711
0.463949127351
0.561588861338
0.548801374304
0.479184378857
0.603481860065
0.559593480143
0.57156096875
0.681969560106
0.627396436227
0.511963140172
0.538358399695
0.599450956616
0.693980839605
0.532239307877
0.584917969168
0.539681751316
0.402711265328
0.478157110015
0.557465249395
0.511971603875
0.555896717492
0.481081052366
0.612818465199
0.568386305665
0.373301696279
0.573985047169
0.494085457648
0.45604002921
0.508489686805
0.538853685245
0.548115324159
0.535285936294
0.408567289214
0.485205990903
0.519088961802
0.518995884724
0.416725118201
0.480866480772
0.431600160079
0.524383211483
0.635460872925
0.639155896085
0.695892779629
0.639651797262
0.684854318255
0.491123685754
0.499892417758
0.630006686382
0.606813565672
0.464151759543
0.550590088742
0.575882332118
0.576136752431
0.395099392818
0.352287414735
0.552445661124
0.525462616238
0.6283520679
0.373084687429
0.53979575176
0.54769870302
0.305324225663
0.561210161033
0.548663135261
0.526049332173
0.570833945877
0.470721573393
0.472588577433
0.675931920112
0.510227715276
0.451446522196
0.409235781966
0.625476400421
0.51227369385
0.528905820816
0.62336065291
0.464626305065
0.697942857828
0.568750021822
0.539272856617
0.505215996736
0.703228646588
0.350375427728
0.544307415094
0.760764636807
0.486065434879
0.621733797846
0.411712126161
0.606991168485
0.614655972594
0.568080453213
0.406835073018
0.579716948479
0.718212696973
0.521798767468
0.412207909261
0.432764837549
0.449053851531
0.466854842674
0.54333484399
0.535718796329
0.713858641863
0.561490712519
0.443906172527
0.531341856822
0.432966104058
0.533188186877
0.541532751975
0.614676344915
0.459659966035
0.521967444282
0.670669146167
0.519650074508
0.511119236622
0.591988614335
0.520674632456
0.569599309955
0.478955198534
0.610569654045
0.367503608146
0.644953413334
0.519532104659
0.665524237435
0.494677302546
0.515570760798
0.732422820494
0.447547218187
0.610078844766
0.596655461044
0.50184397275
0.629106260174
0.472956091356
0.749245538848
0.686854360646
0.629360141989
0.641353951535
0.480744088886
0.421933146246
0.524259249483
0.602071999934
0.474428807055
0.657379974889
0.512084437529
0.419933861654
0.463487930069
0.484469903312
0.616469427516
0.4412368346
0.463763778117
0.544910674821
0.504517953867
0.480395026598
0.680011360769
0.402144681294
0.411914261025
0.525946702664
0.518902985129
0.69611078055
0.371468830213
0.700242479031
0.589732123553
0.439516153947
0.546902941298
0.71731018415
0.723472672071
0.630552855073
0.459924288758
0.491653267744
0.402315341307
0.803499921195
0.583210838175
0.457992801404
0.413421762023
0.486910871083
0.727367949591
0.641732925824
0.725831715035
0.596019281802
0.662575203773
0.727006981394
0.586015613944
0.676201409762
0.793913207262
0.725390293696
0.477978867953
0.781323090193
0.505368841666
0.594165362324
0.583175912491
0.557959852615
0.605469213157
0.818230499287
0.56551434075
0.573603546997
0.648998880335
0.542901767411
0.579291788817
0.576632428461
0.507871927211
0.646633837854
0.541962665832
0.688799087891
0.66433354495
0.531746992217
0.500794011872
0.659507868793
0.440455318198
0.679340069023
0.761623251081
0.564973647044
0.725814827653
0.601086235475
0.662227654694
0.65261609117
0.537336942955
0.674960295004
0.622580451739
0.637631000361
0.771017253993
0.834646454694
0.532451456938
0.564658974143
0.52394649314
0.5336106374
0.583603487395
0.487694511086
0.723359207866
0.56046306043
0.686390776904
0.809745543699
0.750846291275
0.566595437396
0.381306411393
0.730619376976
0.476151998535
0.679349435543
0.614368931089
0.81357990254
0.685631295614
0.756037514402
0.474298432386
0.669873483987
0.428601245719
0.497147542435
0.521948165576
0.539406795703
0.638597291038
0.778146130782
0.563438815969
0.480834132963
0.525682812977
0.431873312907
0.480104006478
0.684536832091
0.572465669696
0.444531201415
0.535933568338
0.445373853417
0.5401161669
0.653233551835
0.785228846456
0.63229450188
0.571993279183
0.471245195683
0.667544655527
0.712953060734
0.843397778396
0.455872394337
0.606334117341
0.487715831444
0.650925306884
0.790810573053
0.699518514122
0.604331392618
0.875161908327
0.550721567397
0.574033491272
0.757801810262
0.631027083179
0.661677214349
0.775917695614
0.703526309379
0.502367700034
0.745741643175
0.674491196637
0.700575332897
0.636382089915
0.756057371312
0.850470862665
0.742288873994
0.56220893524
0.771224817173
0.780751894358
0.413934247215
0.534357862827
0.43859723261
0.376494666013
0.670595351033
0.487795060745
0.454978789525
0.729950116997
0.787835921047
0.601413727545
0.736848265452
0.722335888426
0.601161801711
0.764571153072
0.726507531581
0.722147091376
0.513946250638
0.602458102043
0.469789552227
0.585352656684
0.470021252789
0.567925213623
0.487927565921
0.500702415319
0.59970793135
0.526949760742
0.693335029019
0.597210845768
0.455917800561
0.798628688897
0.621805959192
0.386546784746
0.616517250182
0.525418284098
0.508730918109
0.58321867002
0.730482219537
0.805535783925
0.637470067544
0.579465371015
0.683229448929
0.632065851241
0.69290687033
0.803406920814
0.664107922604
0.619195816012
0.442531911108
0.635420458898
0.739104291236
0.662119083213
0.516161281673
0.523215283336
0.776749223566
0.672737899908
0.580963786633
0.81789394478
0.666172429696
0.486976113642
0.798916242622
0.555610876303
0.954270919926
0.637354630681
0.946819439863
0.588704583874
0.575556138116
0.466651113214
0.603037840863
0.505040172593
0.646316335723
0.611478672049
0.471633050267
0.554201572178
0.72030833245
0.434007573277
0.701983467578
0.518676545004
0.5536761104
0.45705987013
0.631644991321
0.638413097287
0.510355461186
0.419104853453
0.567150343445
0.614596929423
0.399574092353
0.444908584154
0.425005066895
0.445797667363
0.636863358632
0.451317158144
0.644912751939
0.484498531621
0.498084872703
0.349633866303
0.535448397728
0.479990040516
0.507189775816
0.59354110664
0.435382922654
0.503786120803
0.484236441321
0.559526522427
0.53931237353
0.625221850281
0.351687956498
0.58220914339
0.524471942142
0.455442172244
0.522963775313
0.521702622626
0.46866517708
0.531355793297
0.648603191347
0.585369210776
0.42049563884
0.652117929766
0.541694312431
0.298414473395
0.622635014759
0.453461448731
0.421766604017
0.504773901471
0.47038514136
0.628855741942
0.450966305492
0.595355879903
0.349474503409
0.563687572508
0.574704331376
0.553051943225
0.502099766148
0.45994793841
0.558475391946
0.624045980956
0.607649488615
0.542807745024
0.360155013563
0.615506798438
0.480886533608
0.495757456201
0.7258399813
0.608203070984
0.731493093935
0.462545617883
0.450750944168
0.409468900233
0.57539709644
0.533365138393
0.470655833503
0.590515961876
0.576576770777
0.517403193891
0.568472144559
0.580622373508
0.628997571821
0.637069673562
0.318448513366
0.567978762324
0.505517001135
0.46921172905
0.490029041158
0.510812116807
0.521456714647
0.611354622792
0.476130237391
0.786136702345
0.515165122079
0.565333975251
0.517102988453
0.412585828193
0.527129590621
0.364491222215
0.438271467353
0.53918239213
0.369168273281
0.757569704554
0.575863088938
0.622758833051
0.667667138545
0.741462863231
0.619844442907
0.74750923044
0.437946799661
0.589136059747
0.405660647072
0.556168433944
0.458914639524
0.555908030716
0.400221987786
0.570329563365
0.592704485622
0.59473888465
0.485236531788
0.433340476965
0.491773080038
0.453052940695
0.590787416477
0.618233026087
0.406765983584
0.634957828731
0.378130989632
0.781527421986
0.468708720796
0.697923985885
0.37118701532
0.656496791149
0.486793863217
0.322057732705
0.580862812981
0.503318057961
0.430032495557
0.604833350995
0.563074735943
0.567565757765
0.601640946804
0.653006270207
0.431868022746
0.515583453638
0.73830105578
0.500439353522
0.563334091558
0.515648479503
0.463426390377
0.539176153037
0.676174742328
0.593076868758
0.530711964934
0.534709067439
0.604921873587
0.671643280334
0.537735188963
0.470415336206
0.493701785163
0.607177723452
0.701567540275
0.60321973686
0.55326438988
0.457484116121
0.540467685028
0.552319144166
0.50053415287
0.49441663675
0.673096952296
0.492750313739
0.447208506822
0.539242317289
0.595109829167
0.435539262664
0.472947664629
0.488116406797
0.603581686137
0.580056489844
0.503308616233
0.60151058564
0.508127938008
0.657479823703
0.485029417842
0.573138031553
0.710687996168
0.460716498839
0.609525144808
0.404848518221
0.546538934014
0.481712957808
0.517994880261
0.535409649136
0.593740034478
0.466782607276
0.474639460065
0.478331633481
0.482649441582
0.624434535083
0.549467380294
0.509635867872
0.495761609103
0.579369068197
0.287213036119
0.45287440951
0.531709641558
0.518728918111
0.367672989876
0.454491234369
0.535394363291
0.501135913545
0.383526303861
0.53504347534
0.462843451215
0.468148643441
0.424277984192
0.537540123983
0.546292355218
0.489252732674
0.41720490853
0.433330028326
0.585192721838
0.45052991104
0.695510900872
0.491372954184
0.591076743877
0.485739376996
0.601536403515
0.602323367343
0.669479738485
0.503482727516
0.730175626419
0.524522962062
0.518465584582
0.429988022538
0.617415079336
0.540373377089
0.507846244276
0.60356064787
0.470971537022
0.481654680319
0.344705986734
0.415239519916
0.619496588905
0.486743590913
0.50332270816
0.545428093748
0.479171676745
0.336173582842
0.509167021089
0.514262505136
0.632241143654
0.350453938192
0.689216441691
0.421047931448
0.626640953555
0.498397990329
0.49433783013
0.667791067356
0.523454012972
0.394402096334
0.596518468971
0.604949306618
0.444485125569
0.439281802985
0.501178595129
0.486951942723
0.513370341734
0.546677575651
0.481431094137
0.369564395129
0.560994354659
0.311011827311
0.553180662444
0.306826218823
0.576667262236
0.568743747231
0.426989872768
0.433580396552
0.375814169981
0.560557286702
0.456742978305
0.737592620831
0.437775053545
0.426763197942
0.692766471674
0.579888693496
0.412390856644
0.532485145297
0.405854783865
0.561644433479
0.498567699248
0.545634744661
0.606588580025
0.485827642386
0.781083817685
0.54632090472
0.463558343814
0.450367952463
0.470821389111
0.481191604216
0.522601648548
0.588600384779
0.564783382907
0.626721460964
0.551965342549
0.656272936409
0.611859018037
0.424439644086
0.588410519959
0.538854738015
0.506983055308
0.463924894086
0.388835515808
0.563484924798
0.442755680783
0.478098989021
0.554403495882
0.600607848204
0.576301678437
0.514635431895
0.686594131198
0.469057310388
0.624417071495
0.556886599313
0.485035185301
0.472392393849
0.549963391246
0.638714817437
0.539712090572
0.569883163725
0.448854463972
0.570185094282
0.511892020711
0.702122678474
0.619290079434
0.627106165281
0.701844230522
0.654213367312
0.608987158611
0.367536267661
0.688841407078
0.523501767735
0.443127451881
0.537901745073
0.373181908535
0.447338977304
0.54858764389
0.478429312343
0.485095384476
0.41372941722
0.650805016718
0.615698699915
0.570099471477
0.648567394257
0.465799146545
0.564556728907
0.447327034372
0.476710883881
0.497259045296
0.510309731134
0.458081166633
0.682657185741
0.559824630156
0.473930410637
0.599384998998
0.604590549994
0.466301269294
0.527484007525
0.564293048522
0.696762605822
0.612928218493
0.571134240061
0.495469450357
0.504697415963
0.508054199555
0.492103466308
0.595393016331
0.431700052342
0.394780348414
0.559343785853
0.535690064011
0.382537880963
0.467936084516
0.536659506385
0.543977199484
0.637588148765
0.651048711295
0.40090043732
0.620274373024
0.404442952422
0.683522355458
0.600065220308
0.554887842824
0.435753901554
0.497754622675
0.606944388975
0.377934949274
0.591714474986
0.37543345459
0.536843931432
0.598462133225
0.638473547183
0.522707452544
0.55788809727
0.549924545147
0.664896166434
0.508341423759
0.519263106612
0.492733908768
0.445805589881
0.46460947657
0.549552336099
0.597076985734
0.680147416564
0.751305326224
0.59117992123
0.376405046689
0.458891460074
0.663673788556
0.440867867968
0.497397183881
0.581987452869
0.372809911397
0.521613699428
0.584266044279
0.52494968362
0.508315885859
0.52074080921
0.5521885441
0.625732912289
0.382033487603
0.572060681919
0.527264888785
0.576759146571
0.471950688628
0.451370107311
0.550990776318
0.445997080613
0.570280857868
0.60836251703
0.50951963807
0.611253092754
0.568357706978
0.627224799068
0.469531978485
0.589768703556
0.563239969337
0.616843140861
0.483285000086
0.645298579065
0.444726047012
0.504031086004
0.394578816843
0.666505696744
0.572657152854
0.451090452314
0.473914727561
0.611901000852
0.475644305842
0.628279556022
0.364473064617
0.344461308461
0.305423356109
0.552771179402
0.511430073785
0.599901375012
0.600432299342
0.501046941858
0.627984409514
0.622323060874
0.666752560417
0.539762727431
0.503627658375
0.494957146797
0.44721378489
0.649953136302
0.619336435846
0.530102001496
0.446436054288
0.489623519637
0.579290181042
0.47779736601
0.491569310785
0.618637089145
0.496933865892
0.657427889191
0.45036711861
0.644455335789
0.525128137078
0.599255971921
0.541450322431
0.688688256554
0.405240129409
0.550464755767
0.342945316795
0.718241879611
0.493550043149
0.445339082865
0.592810654279
0.597876361138
0.462624166155
0.465602621665
0.440367404917
0.614462037826
0.468000922503
0.65442571827
0.436725849
0.451873328918
0.520514195662
0.64806834018
0.66339282689
0.640062226281
0.506167426523
0.584987537962
0.652295468677
0.458136610354
0.595352632496
0.383621417144
0.605420881644
0.450360945573
0.339937273356
0.530695696524
0.459725738352
0.496927056816
0.441179411177
0.532175877553
0.70428682631
0.500490000214
0.556509639194
0.568075445339
0.553867599946
0.406826725905
0.481377676521
0.64652018325
0.598632411096
0.676922019437
0.464838062502
0.39884176025
0.496512612806
0.36578466396
0.740476380336
0.548898114485
0.43298522604
0.495064930297
0.650640557879
0.38426254368
0.527362822784
0.503338921861
0.432085397685
0.459250897161
0.449877819237
0.664003070174
0.643321328096
0.580288153095
0.438553408085
0.63712470546
0.569100824936
0.827552019646
0.392773606864
0.5418411407
0.483821326307
0.549695953068
0.548641740985
0.581210456529
0.433740602052
0.473102903023
0.576526371592
0.38707948578
0.677262840955
0.520714591977
0.472421626193
0.530932885257
0.474207983806
0.730418023375
0.60158695403
0.417740596798
0.652729403787
0.324890534714
0.320517053042
0.454790136806
0.491553567695
0.724396027901
0.533463617901
0.603756972035
0.448383857542
0.579225142675
0.492310965675
0.465658979365
0.508340676722
0.564092466024
0.603694992772
0.533583632286
0.582473301309
0.657646891215
0.445447207737
0.586766471429
0.599209459439
0.408481293051
0.582975389585
0.518917293307
0.658674617787
0.650505630802
0.636984878408
0.658617074346
0.428671200794
0.402633304182
0.418953637297
0.507453395102
0.705462093661
0.544691328789
0.586148294346
0.415886313046
0.464661380205
0.678104589204
0.418263431455
0.551718669089
0.269152207418
0.586929061696
0.541045436432
0.448366513202
0.549392773847
0.576257902845
0.679154398386
0.566026815695
0.553191020963
0.611996254918
0.726727833586
0.626221403677
0.353950681778
0.622061551495
0.576929269952
0.464367116376
0.443048237111
0.547939897385
0.649022476739
0.528752901531
0.616236051256
0.554221467491
0.559289059241
0.597792537599
0.464912549559
0.492969595063
0.452957623863
0.500515143298
0.442171114553
0.508462450713
0.5212630172
0.425548716584
0.490265239757
0.497766451461
0.498999149574
0.42725171747
0.491690169043
0.416920039686
0.446349788602
0.561028881045
0.496208795278
0.551795673309
0.558321581441
0.511937505231
0.339258345335
0.687110272576
0.497905102324
0.490111893948
0.762182115268
0.649437549919
0.498631356755
0.541755745455
0.552337014221
0.712383487677
0.470859788609
0.605983645264
0.614292268086
0.590631484878
0.624992028385
0.677296456607
0.574011143464
0.538031011221
0.4913649264
0.553627405628
0.414385611572
0.45832749593
0.596845314497
0.637079762167
0.466589928985
0.691359714418
0.50418966294
0.553192238834
0.593084440428
0.587077207038
0.502769923605
0.42525846286
0.456364044275
0.455690441082
0.501328825113
0.586969391162
0.53042893363
0.515688205047
0.618665825913
0.550348214785
0.48368225197
0.652610800509
0.474787360145
0.487021478957
0.637402556692
0.644664910032
0.608588962314
0.553197459231
0.542590345268
0.530343778589
0.492664272041
0.582786750766
0.603109710208
0.544666985169
0.476904757848
0.460180412753
0.388105946428
0.457353965003
0.394332766681
0.450326352313
0.471692197917
0.593639453917
0.520182742088
0.499903084712
0.618168045329
0.574910219921
0.420443916211
0.724397841522
0.496106596475
0.658215068519
0.394946074851
0.562657216851
0.564756915602
0.529891907631
0.373935595225
0.655600720812
0.499916282073
0.70420330568
0.397203695308
0.57323244669
0.432760721779
0.546519264226
0.366919024327
0.469979408699
0.415695657112
0.536026506968
0.608736083038
0.582202210015
0.490306933819
0.617593531758
0.389393962542
0.641259118508
0.46198062964
0.637688038238
0.582243752672
0.402282947868
0.564133832355
0.537239408909
0.441851434597
0.575654904022
0.555889408071
0.399739260654
0.594985172428
0.442281475172
0.40984262364
0.365711160535
0.46491528235
0.507791792912
0.491908435982
0.581109627732
0.730672311536
0.527588722563
0.49464539947
0.443208685711
0.552804366244
0.558982778099
0.503886629495
0.384503974238
0.533850320272
0.570546716609
0.459682991718
0.495890384125
0.537454443826
0.642735702939
0.62315751129
0.412713482569
0.557636778241
0.606929284743
0.496936466321
0.63926244817
0.628629438016
0.47001806193
0.501595920171
0.578464659732
0.519620222459
0.624895370517
0.540893708241
0.726480307492
0.52416030347
0.600623013113
0.607066476101
0.598545036708
0.644158709363
0.636092968438
0.502741954993
0.596169651245
0.580338850458
0.641387463921
0.508814186875
0.590329875784
0.636030857357
0.862016240275
0.449483721489
0.349339473934
0.59346069465
0.498689918442
0.395648523373
0.381281256933
0.531793668341
0.379740053381
0.502023423325
0.641633209337
0.600542377611
0.548850118642
0.492599523779
0.587436810134
0.616901134456
0.467639016142
0.549093874225
0.553908386143
0.529420083837
0.737777620836
0.430108000627
0.506593488607
0.382693930676
0.444113925289
0.602644839645
0.671767829729
0.41121826457
0.670940291407
0.599483952823
0.546057631682
0.441233251893
0.527745367255
0.613316501122
0.652748469441
0.666509724485
0.482969317156
0.434171284814
0.659273746164
0.646605549771
0.473688944214
0.491479598389
0.616445927965
0.620459960118
0.639991352687
0.442056470653
0.562219444828
0.649318621332
0.538259789789
0.468062344759
0.667350904725
0.442805263735
0.570088417394
0.629800060281
0.508705754838
0.597946850308
0.542329801215
0.472026878763
0.535965713566
0.523150614295
0.338831609235
0.523974082551
0.775664060467
0.53710444943
0.630557941566
0.604643813938
0.495100278811
0.52575361864
0.455626608835
0.436059439213
0.694285127866
0.546695573884
0.538184629104
0.678873673521
0.612605234632
0.569621315052
0.582926710998
0.476801580929
0.506587079751
0.551631704571
0.485173705286
0.463880398671
0.426287403482
0.370579227117
0.556858026229
0.377949912028
0.644124026383
0.632142230916
0.560649625747
0.733146391459
0.622147556243
0.735157558214
0.555261774783
0.555402910859
0.584657116473
0.405304805981
0.34903791247
0.525959154614
0.527896031572
0.442325745047
0.54802931876
0.674551342243
0.530770847169
0.449718165715
0.706491834979
0.508175384711
0.366711773463
0.667690054674
0.703556491607
0.579328398347
0.480116322383
0.436107009346
0.519961502361
0.541894064021
0.464710826322
0.359981176208
0.324907198433
0.54645550403
0.542747490435
0.619634737858
0.475062095193
0.561248722484
0.7060236849
0.652978521764
0.558810136615
0.492472294486
0.6007704743
0.461515010729
0.60771804282
0.544212275977
0.524707904848
0.459012016175
0.500469363618
0.553912990385
0.523016098649
0.428055174164
0.328571205583
0.750504471984
0.622683617177
0.489170728878
0.725694398033
0.856509096387
0.788027326041
0.652716306938
0.871323224642
0.620143452637
0.629313019952
0.529679299265
0.280409129824
0.793921556261
0.720566138226
0.588832566584
0.451091181448
0.569630423251
0.60103799937
0.765592484768
0.610520734288
0.693695017889
0.519907565555
0.616623366631
0.758867183965
0.741696075693
0.863705988136
0.501330321973
0.412244413265
0.721063423648
0.805311925371
0.825978133999
0.701337584362
0.569038615797
0.533543405866
0.400468268688
0.797775142743
0.758915627946
0.782640965451
0.893404814942
0.713694390603
0.708071964703
0.496091767649
0.740447969981
0.698260059574
0.471328287419
0.448550253709
0.513861077238
0.766447896538
0.533650857357
0.884942248047
0.701748933155
0.751831505464
0.629909756216
0.558522965664
0.519914315233
0.506649503336
0.486247563048
0.827011542104
0.586531956236
0.949065769405
0.808512858926
0.758757674649
1.00675923467
0.555354680999
0.693923839684
0.566202918379
0.609603489043
0.4639599518
0.897981704639
0.679466146707
0.512196408527
0.662415024103
0.922113409026
0.575102489168
0.835306351194
0.382525150163
0.878676217409
0.769365761796
0.785186087186
0.50493709531
0.788514549518
0.663925684584
0.489623245268
0.574876642567
0.742636638674
0.72117069985
0.815021870026
0.463219262695
0.923076252137
0.642454551823
0.649086032046
0.766134457155
0.596422081768
0.690746381367
0.669669850232
0.721629036774
0.736698950977
0.644679993115
0.570156702252
0.434802319083
0.679662754014
0.603113962615
0.519921467142
0.476194028481
0.501430599843
0.479250339937
0.452532296167
0.58441642016
0.686755293724
0.720964599335
0.644143027467
0.782341135666
0.67518507727
0.893664247751
0.80384490376
0.547162995702
0.709878348751
0.853541374831
0.595738237656
0.587245592546
0.546634011754
0.770473497186
0.451846328474
0.698040020859
0.886295595527
0.509995201758
0.62813669758
0.64310201067
0.63981452929
0.88311158294
0.978022833265
0.784556611139
0.693976388634
0.729162352384
0.770883412002
0.756822259623
0.788160742898
0.632869404014
0.887583548278
0.901830085954
0.619617443139
0.848636988156
0.816629496159
0.697870255734
0.990706671922
0.833604853975
0.8130391456
0.556709159008
0.580140446453
0.6612285897
0.713753783695
0.837317267959
0.774855657387
0.354667709652
0.828118882096
0.537469366045
0.550704454327
0.656665541607
0.691805326884
0.599611863484
0.777323851908
0.741047981178
0.922320373357
0.654710859592
0.540309994942
0.7430321652
0.551231501098
0.875510846378
0.495788442954
0.504542003874
0.646275034346
0.429954090232
0.540427775844
0.731511884118
0.478697735192
0.59446801819
0.691068464223
0.838257794448
0.726750708751
0.577032656497
0.737640870797
0.602237483671
0.794709614017
0.911536806618
0.930968685067
0.958612614299
0.551358222453
0.876134750853
0.750401626034
0.587105583017
0.683457129901
0.678586786215
0.632721040564
0.406596512375
0.585948361076
0.885226274003
0.707487064609
0.796406000695
0.705214713549
0.945576869944
0.694817408497
0.619360996641
0.706094357192
0.729187822793
0.677882404894
0.783056386378
0.629115415516
0.863600865178
0.823106663358
0.766808398998
0.783045877075
0.504514531796
0.7226756407
0.732000537733
0.513262712784
0.664153339536
0.430363121873
0.372339210041
0.628348832934
0.690804690588
1.01668361956
0.892090505168
0.389810420197
0.617385230623
0.412514600452
0.719855690887
0.869713154028
0.493197479982
0.588477174662
0.463834479594
0.450465442765
1.10293012233
0.448098898187
0.684503944613
0.543551837912
0.760174408592
0.590927483562
0.496767939411
0.531305368242
0.471659474007
0.814974720578
0.768376709758
0.73711542054
0.406153262229
0.475889698257
0.655979837027
0.419709457143
0.640601231963
0.78323875874
0.35188676144
0.613588622716
0.834230130851
0.471701149061
0.703205132981
0.756913233885
0.785823254946
0.83166468993
0.775344521044
0.501924584604
0.809776591135
0.746890649524
0.440988076149
0.808852308408
0.586958032025
0.819350498661
0.45069257553
0.716505909718
0.46511356254
0.677803048951
0.513895669546
0.623921503874
0.749051277373
0.412215114209
0.764557048727
0.513648259492
0.40557007386
0.598647638075
0.692427346224
0.77847151115
0.49216203415
0.590227887803
0.666444642988
0.49093416415
0.547890322906
0.679333448926
0.494167640402
0.510995761379
0.578015220122
0.545005166735
0.375895472865
0.713684999818
0.503710584963
0.618875883674
0.483765183208
0.426816358895
0.362406805205
0.60908264953
0.452889611857
0.360091863318
0.537427056041
0.585524720014
0.550555714377
0.786205389993
0.618840055059
