0.339491790055
0.267677488155
0.35307544662
0.254426723487
0.333630922342
0.340831557662
0.318309202076
0.334576219248
0.330657330068
0.275060268908
0.239374426041
0.217356405295
0.269234530625
0.286434809625
0.231138042747
0.241184953879
0.200919266371
0.316898667437
0.249440322637
0.333874844687
0.287914513926
0.268263972016
0.302812644146
0.229307078969
0.349372043752
0.340402458127
0.351891883803
0.242469412226
0.2320662272
0.351608818706
0.240697217041
0.284448706297
0.301729467075
0.29758054544
0.274554363536
0.269480307242
0.285804570691
0.193296828733
0.314897622933
0.288610988938
0.307392261562
0.357931061816
0.297611179429
0.285528432712
0.30322530503
0.312782859848
0.3206432487
0.260403344458
0.305328882186
0.225667114677
0.305340594072
0.264973527613
0.340389991695
0.219936733317
0.430840952494
0.480751371526
0.315225122594
0.306908749179
0.323175632342
0.266415571683
0.232804029095
0.343688612996
0.292106207395
0.190065866155
0.30578577517
0.271716751003
0.356117525582
0.278630237157
0.252291167496
0.327157665454
0.380827068185
0.30354641477
0.209259268469
0.297284049495
0.274571841887
0.330011183481
0.349224187219
0.219200054453
0.273125328497
0.275703284888
0.300798066719
0.347866153697
0.345901286742
0.315468435445
0.273487222272
0.314106400696
0.375099772451
0.318788941186
0.25409255435
0.292792995505
0.198134400411
0.313254149193
0.266197692961
0.21419297014
0.376277846704
0.241367250743
0.285495107742
0.266618438321
0.317642209533
0.271223375341
0.279095232235
0.368291354288
0.30203976466
0.299092819374
0.323644250466
0.356810981621
0.278993986371
0.354604849742
0.232571812973
0.282958938899
0.264450881738
0.253089643329
0.368096697756
0.37309835808
0.370803510452
0.270150189913
0.253243741437
0.235346551633
0.32235303449
0.349940749586
0.3503409894
0.341792100739
0.322565344102
0.330928743085
0.241623456103
0.367163830512
0.319507022259
0.336788066253
0.295728853206
0.360729271581
0.47590049399
0.334087767578
0.246895626507
0.302337367804
0.277411945884
0.329309123407
0.367582248524
0.272865251284
0.402748760808
0.417101555522
0.30838657492
0.281280479145
0.337676453154
0.234267107833
0.308082098755
0.30552715424
0.341484621062
0.406944669448
0.32011713014
0.277961247973
0.405963627816
0.310064957262
0.283594870265
0.488202124085
0.232461161664
0.408339827377
0.458604400184
0.248250059967
0.330151954787
0.212401409784
0.255024904951
0.391397610008
0.217863063267
0.398379773855
0.439686479406
0.309338751244
0.336969450531
0.388266258597
0.214582347886
0.324525151597
0.259366634781
0.342542063465
0.275527982353
0.290220689031
0.330352212114
0.275268726438
0.218252387653
0.217790483635
0.254595148458
0.332894798566
0.179964206549
0.282251494308
0.284137405392
0.248624332325
0.341530050667
0.336743234875
0.271148108651
0.237615469838
0.260466190831
0.338756869668
0.341842326533
0.415998356966
0.430661312207
0.184796280609
0.238529777271
0.220691822867
0.406545548929
0.380925907788
0.305531005159
0.29156607002
0.250499223299
0.226466726377
0.315272207341
0.31960781553
0.379596534806
0.251737324531
0.320558345488
0.359525923091
0.343251566551
0.376017243233
0.379017844132
0.419900081185
0.350273852763
0.284768274827
0.285700457833
0.272825349672
0.316958056035
0.359049049236
0.252996803564
0.330684571844
0.326661586462
0.327970592134
0.249468410401
0.270733378455
0.471419074332
0.422137828289
0.345380317708
0.355935280889
0.210938877095
0.249834085248
0.39741758206
0.330695128776
0.344714601301
0.286501085566
0.432448334679
0.44078141347
0.305312440807
0.425686539158
0.319975937718
0.31113096334
0.321612507837
0.421605448788
0.475604217559
0.325704729941
0.375181680951
0.479724454685
0.345680475143
0.235419098179
0.299339195015
0.141728656507
0.334852670692
0.359718723413
0.294173275221
0.432838751328
0.24807022795
0.292175551159
0.236859013335
0.34355252186
0.421684965969
0.39585339107
0.30317380246
0.283255383215
0.435763003728
0.222776610245
0.380421466097
0.317727194772
0.261091013427
0.45926641719
0.396043473808
0.254433234647
0.312664480511
0.412401843239
0.328670512734
0.434712355033
0.406020627786
0.342598478755
0.235205136466
0.281780216489
0.208895676965
0.453274949503
0.260869140417
0.284113821534
0.316529284491
0.341047780488
0.258374054064
0.386596345733
0.281927537046
0.398207454075
0.249644964419
0.298451558224
0.28557007406
0.267982299551
0.234753884538
0.389830303103
0.403194022739
0.372585827851
0.368326178445
0.271324083968
0.33682410833
0.384892848219
0.312922511747
0.299462273652
0.405257163277
0.37808816963
0.246224910978
0.433479471942
0.32303956915
0.388325380032
0.276071170009
0.332310346631
0.264989853848
0.267524183349
0.445208657845
0.293107144161
0.338813683817
0.399166773032
0.392060487384
0.235624772916
0.305905417492
0.444526068216
0.296296183218
0.375855860559
0.348873648358
0.230640420935
0.245711454207
0.443283086279
0.315123708452
0.289615145127
0.362656981204
0.312836122714
0.246972476275
0.311264784476
0.288350566413
0.315961629378
0.311075721669
0.25571068431
0.321115494737
0.278385959913
0.343959718288
0.32351507331
0.314496055131
0.28490898401
0.255264619321
0.415678141479
0.284720044576
0.317090988756
0.378038118893
0.371651658438
0.312430364255
0.428622914586
0.436093248244
0.281362398242
0.229279727463
0.319845791215
0.32924923852
0.384363503191
0.287221307371
0.36496078422
0.276526414453
0.397369828354
0.342187202549
0.307315664643
0.211827973603
0.20163250118
0.392255622074
0.189407215207
0.323282135807
0.504765081853
0.332503057507
0.316392159501
0.267941150643
0.341739973671
0.275712749026
0.207861073568
0.291028257171
0.368886734619
0.241882102954
0.302667132103
0.341881466038
0.216933308453
0.382395804692
0.370148533075
0.325729839462
0.248730977844
0.273325629479
0.259779600076
0.249749444663
0.342576919474
0.373710610742
0.412063224948
0.350034773702
0.295879786725
0.41542140204
0.297576000973
0.234150686314
0.327758757859
0.290500570942
0.339657202239
0.253968426948
0.521832183507
0.285522035277
0.271926828921
0.309687312375
0.267826309766
0.399469970407
0.399627455313
0.338629853484
0.259900109246
0.47119650449
0.32448448803
0.259828939078
0.496817630209
0.349643717897
0.238379444961
0.177526838552
0.323551538558
0.397138317434
0.382628926411
0.284185802074
0.317466442232
0.315813273809
0.370958803389
0.266662916689
0.351084404696
0.232347815803
0.266634873587
0.44786614834
0.336463180746
0.211471200846
0.534657448294
0.324371497685
0.293760423072
0.470577522251
0.154748619444
0.26371446562
0.51282779489
0.243301767313
0.253879380457
0.459103077642
0.307319789896
0.198074175745
0.290371495171
0.34368262854
0.253119918205
0.279488948026
0.428144657557
0.269744010429
0.335847485444
0.363985372757
0.294304659709
0.286952755208
0.397982876504
0.221725391907
0.296198304115
0.521225564394
0.304134472864
0.275652212002
0.351410842553
0.290395528705
0.440429404735
0.265166996553
0.354157772942
0.470312576713
0.368118368199
0.205022827404
0.530439500842
0.256269822704
0.27797033018
0.219819738942
0.176090486505
0.441072338069
0.327873770504
0.423614765552
0.278465055754
0.48597263465
0.367834254438
0.321857501426
0.563280433344
0.346453326103
0.413931749981
0.273923512439
0.29876503295
0.284766940491
0.37323363016
0.213062087991
0.373720269921
0.324563144335
0.406193689541
0.434885552243
0.443995035998
0.368099759227
0.19690070766
0.297174645162
0.349604210344
0.35459042195
0.275026597743
0.312242540269
0.301079431916
0.169765058694
0.27017510621
0.32326904821
0.233645409777
0.264972677215
0.495640774231
0.231083645075
0.307277691009
0.253964645962
0.222472104451
0.226418404348
0.166180404176
0.369285415157
0.475116094428
0.290552264705
0.275597745799
0.207084063738
0.317444643484
0.359350150415
0.283517815948
0.274596200373
0.408348549618
0.295068910749
0.423090668528
0.255080593415
0.294104683803
0.296588243841
0.487098492703
0.223306687826
0.476430844409
0.369427014244
0.315105826585
0.311018182488
0.34831600041
0.376929057072
0.472444848459
0.2074110255
0.298889672502
0.392285476419
0.304229734604
0.247451504984
0.165519341136
0.449358288969
0.359163989487
0.289230196551
0.277821310639
0.247190137071
0.34591423097
0.35901906873
0.309326246279
0.253778420322
0.308306981253
0.302619721401
0.286318260434
0.257121018269
0.293619120776
0.380908291926
0.251204711259
0.34754714355
0.352501546184
0.302637561623
0.221137420249
0.226814433897
0.282796031423
0.337986665368
0.235853454855
0.265831258066
0.300505055989
0.359639802875
0.364604929099
0.291484187607
0.350408098529
0.320870347427
0.27234321712
0.256139652799
0.280816361157
0.271172676311
0.273062162236
0.218671014701
0.324737997639
0.271769430582
0.269311397861
0.275053885636
0.328431790004
0.292291102407
0.324604155422
0.303768533723
0.23785120835
0.24672975886
0.31351887179
0.256699012257
0.301710334423
0.333654654701
0.243253471678
0.294535820023
0.301700757175
0.322233319877
0.28605934553
0.31490737597
0.279358297444
0.331407748178
0.308724791241
0.323154460683
0.293026168086
0.39524183207
0.264792771975
0.363677848047
0.365124019418
0.298957727771
0.278298441694
0.305352590754
0.334879828449
0.31829570369
0.249840713131
0.299164344302
0.277374348527
0.323139453729
0.258628120753
0.274813287333
0.375703936224
0.270021518986
0.360509321641
0.249576604241
0.300089722226
0.286472783196
0.334426578316
0.383247269876
0.315724497361
0.415320540946
0.29135501675
0.311052242507
0.366095178593
0.317011795153
0.271507230363
0.302429841678
0.244739545031
0.286590211161
0.264829508382
0.402693735419
0.315283383264
0.387836139998
0.342606621477
0.390684003118
0.263472678409
0.346654529589
0.216131819998
0.436501215692
0.393691392654
0.358358005975
0.33050057512
0.231524615028
0.219947030138
0.284564636134
0.276453488081
0.3575843665
0.329163030286
0.289662753677
0.416618247551
0.450184209586
0.368740427095
0.258430394267
0.165167021515
0.39046337947
0.294871152467
0.271591720295
0.268951741552
0.387450391195
0.300248746438
0.339672275475
0.288803595491
0.363033630931
0.336124921203
0.236594786052
0.370748183967
0.26685954913
0.367929840047
0.336330576498
0.288783281757
0.199259168257
0.252455321062
0.23304559568
0.336982320141
0.351670527733
0.298007069749
0.326213904936
0.256092533838
0.247120593834
0.337868844986
0.314728701595
0.224588576312
0.324999808478
0.268788656632
0.301798999716
0.298067170194
0.326309582989
0.340170688306
0.284073180053
0.31726756152
0.286957871386
0.3157004364
0.345745360023
0.235864092481
0.220015301738
0.270565672201
0.364011566404
0.302885667035
0.293734571377
0.33066647903
0.324049020656
0.267693564832
0.221018646266
0.267983147195
0.384365454225
0.229583775929
0.391096800545
0.249870680747
0.307183794705
0.365295626585
0.331975321703
0.380211295917
0.283061924985
0.352491692572
0.319999858079
0.267337035271
0.330875461819
0.344830035919
0.259174849215
0.371864950011
0.234924115097
0.335238178759
0.380771908229
0.357162842632
0.321765031445
0.367783359281
0.302614395103
0.260284809058
0.347183204927
0.363411901088
0.353573130735
0.277590897813
0.426083002745
0.24988839363
0.352918807748
0.312535750443
0.428066860454
0.354151453486
0.212859945015
0.290135102653
0.500562980458
0.127643747847
0.209995228892
0.281395596388
0.198376172019
0.397013978302
0.332549083671
0.222343175018
0.237546981888
0.43270140175
0.256429829683
0.335964730383
0.491054035623
0.227888698753
0.294618192602
0.350185075102
0.378526244117
0.222189010635
0.189994848042
0.281123374516
0.203604763676
0.155553021457
0.169361645116
0.26398712089
0.462101566158
0.373949941557
0.262430555443
0.307963011837
0.388062627654
0.289439827741
0.513730604152
0.360713959763
0.244129274007
0.372604622583
0.254814549499
0.39442278013
0.257883921239
0.392522918356
0.23863264092
0.415445839156
0.244617570683
0.436265652489
0.279419660016
0.385244565251
0.442489220682
0.242055702229
0.331191529644
0.282963072404
0.297096249267
0.312449762876
0.340432916774
0.246191457096
0.460263305657
0.367881007997
0.357619997315
0.500871515902
0.385441945799
0.369053985368
0.195280533171
0.440164237382
0.230542006837
0.269723544257
0.20968894958
0.268024261923
0.434960502724
0.44300537782
0.220947448776
0.358260827544
0.160909065423
0.327538258391
0.425377913816
0.253176726725
0.291385236711
0.223346514778
0.406645414085
0.326724806172
0.292651082679
0.519386275556
0.271701999703
0.212254729661
0.361306691665
0.514711543527
0.27333657227
0.176097907444
0.350595329252
0.339869084213
0.285024218716
0.329850452436
0.191668993117
0.247107446437
0.271103026157
0.390678506637
0.196285467694
0.329361294859
0.318144554919
0.279856248643
0.480755170424
0.571004337697
0.295694354341
0.304013176226
0.478079919691
0.294781193046
0.498359947506
0.28257678707
0.243936255514
0.190051214988
0.224238136744
0.132703890446
0.213455477521
0.424615035301
0.52608058788
0.248286882568
0.298596710248
0.28435342113
0.327376947993
0.426038451411
0.388948494859
0.327779226943
0.454330016868
0.498232740805
0.343197571872
0.295285243457
0.18691655885
0.229417388788
0.315370183475
0.389425451334
0.263567648703
0.352051213885
0.247462545096
0.44124027584
0.259045741527
0.356546447214
0.333175636811
0.292686048286
0.271607046754
0.285360838123
0.318421090513
0.326136922948
0.293221515744
0.244778014831
0.370998953588
0.240776676459
0.347756089063
0.255348105314
0.197372478834
0.228629954703
0.345081897177
0.292875712424
0.38732380202
0.268390397227
0.152340582709
0.409580485908
0.350636327773
0.286555255218
0.286606476094
0.246835439913
0.369508572932
0.275087337557
0.268146690268
0.276847811386
0.282020915502
0.325520085342
0.278118158224
0.33938937431
0.252176735107
0.302856600072
0.32062555306
0.290818209186
0.328230423965
0.418004963916
0.36144717368
0.235538172785
0.370595089994
0.377670314338
0.299698466968
0.311758276664
0.247560006614
0.299611439725
0.316022464355
0.292540842772
0.324296196201
0.327724702618
0.291832953105
0.31231715397
0.290717410486
0.247919239981
0.263325222468
0.262580055461
0.274695457272
0.254460990423
0.26848852586
0.349056932044
0.363861650792
0.330395982866
0.286478073294
0.365490200755
0.380693457343
0.328828396294
0.422792770587
0.352799488153
0.280916912594
0.309597650875
0.427783054096
0.298059893828
0.364943024701
0.226324324918
0.301052869773
0.333683408617
0.393415917127
0.356320115213
0.248836083279
0.343221500776
0.390191513862
0.384284755623
0.325397770588
0.405779425909
0.315696904849
0.410870653798
0.300144502893
0.297582011921
0.305214020922
0.337723129437
0.327814813026
0.284038922585
0.347799239114
0.309569757401
0.268667914594
0.244128567833
0.285658078322
0.309762774908
0.46266703143
0.285339332605
0.193858938192
0.199241348972
0.309369364278
0.285672486989
0.33271341675
0.39995656025
0.388853605795
0.334593331351
0.37707790372
0.234794963829
0.326709048407
0.325604497764
0.247066404797
0.245008642887
0.304086899668
0.207026730591
0.335236147268
0.324564627809
0.245320031378
0.244417802968
0.279672181673
0.445388058449
0.270330428228
0.201485718308
0.250174443427
0.370185346227
0.349157491107
0.275598148051
0.33659320387
0.189798866657
0.328011243992
0.400993229608
0.265551327309
0.301100630668
0.308188772475
0.227322938938
0.322796145903
0.248539159409
0.301703795282
0.445820973083
0.429337006291
0.333191877402
0.41614140411
0.289857546794
0.288291949287
0.339364838054
0.24784813499
0.488882418676
0.475035486199
0.309934934367
0.320936548919
0.439807285414
0.270104179909
0.336246928342
0.129345659816
0.266617480223
0.397703686008
0.22382027412
0.359826504445
0.245344349835
0.388803431003
0.369453036101
0.178900724465
0.237206178435
0.330892816768
0.230738893875
0.201359896766
0.317342582331
0.339269196757
0.515107279301
0.504236498352
0.262738669499
0.212080924074
0.432000039971
0.292183291265
0.279061835105
0.227008699179
0.444893648879
0.341116762464
0.354822228105
0.226099568813
0.444154200698
0.302914111348
0.32576968409
0.229078125118
0.333545787825
0.349805914776
0.404050217681
0.206100606086
0.311912051205
0.428049935003
0.560307329078
0.227474682209
0.261442851074
0.458188774313
0.569996308353
0.247949243494
0.357923765442
0.261908358149
0.266313148513
0.262665844491
0.186105010947
0.325764617881
0.427313840135
0.571952708722
0.25207777585
0.31854166742
0.229811801665
0.36182503434
0.380662484458
0.159745815178
0.213741629818
0.346785499927
0.341625851291
0.262877740581
0.182091935761
0.494206574923
0.481499557603
0.177903680189
0.241830412426
0.471932650851
0.529183621843
0.175098855114
0.203274254259
0.398006182065
0.316254671936
0.499709458864
0.220969918183
0.333785764988
0.265998469147
0.273659884438
0.313429867774
0.209817283225
0.393957266449
0.476741270576
0.283652420325
0.288410273502
0.294124650995
0.338407649908
0.330872223007
0.202525809012
0.356957901225
0.355312558191
0.40688453605
0.166718897557
0.199719870311
0.271800611715
0.286773742712
0.39427528795
0.22326801158
0.471957993262
0.413618346051
0.291687802472
0.222260729938
0.257628613976
0.308985300112
0.390444463645
0.401949531165
0.310074690688
0.386921098337
0.378856341766
0.274528822598
0.407023360084
0.424189029836
0.290529880117
0.309993565736
0.382530052469
0.399192403591
0.408693954507
0.29872354721
0.410280919949
0.230424502101
0.320188874434
0.44278426771
0.394886418045
0.428742887617
0.301448601717
0.275309055
0.438609163111
0.347235997641
0.313269085021
0.286767179966
0.266913395066
0.270300863812
0.257072110099
0.356431938294
0.33178826222
0.306767850917
0.282402523916
0.406569294976
0.41441018299
0.40654677255
0.386173663317
0.383228581757
0.397257268615
0.331543008951
0.337660800569
0.298756553362
0.341912726886
0.404784477718
0.290375075969
0.296358748241
0.308680929897
0.295633010161
0.287063488269
0.309785105025
0.306552858702
0.230160431693
0.328830621227
0.35344587739
0.283472911446
0.422947476586
0.39019372904
0.292761714483
0.252675188411
0.333358507741
0.2797190166
0.300957374236
0.38311061187
0.339448782711
0.361578310941
0.279795928564
0.425714962828
0.222042793991
0.286552935176
0.307423301885
0.333842986567
0.31767910874
0.351209268999
0.292914480884
0.283048996765
0.331236800718
0.436765365261
0.342638574916
0.331501753206
0.347566923287
0.307964062474
0.335025137959
0.299764381515
0.415047291826
0.371003531702
0.315231617906
0.383626867411
0.272644838819
0.248925641193
0.308859741232
0.277669088015
0.388763609406
0.386526643952
0.344251775869
0.33169937674
0.309725387876
0.387368833254
0.283835944077
0.396789315745
0.242686100788
0.340092443504
0.266049616383
0.319294413746
0.319773587537
0.315625898244
0.258883006095
0.288023957833
0.276939650849
0.341824480643
0.290233072315
0.320349435658
0.377459446004
0.255058202255
0.29706014007
0.390174735869
0.37404352884
0.371511892516
0.254490797647
0.324158504695
0.304953148698
0.319088965411
0.315066466544
0.304764976987
0.381331684152
0.288012343104
0.33594609965
0.223148709426
0.238220461282
0.274104689874
0.280265557643
0.289071203327
0.301615867265
0.319271918131
0.235417390955
0.271730951129
0.269534896113
0.373355903597
0.268281615118
0.380303197585
0.342090663797
0.227662484524
0.314950384415
0.303719577759
0.25676790257
0.343423695632
0.266340848455
0.29480098552
0.364949092512
0.269304479559
0.352962028648
0.361749657445
0.266085509782
0.242159380039
0.202199691908
0.423258132723
0.25318718874
0.155287559686
0.29873498061
0.3058398323
0.31007481253
0.366090331458
0.297000530954
0.288244614069
0.345548244149
0.286032595889
0.187532034747
0.329864584806
0.303258766964
0.399618911343
0.25459143882
0.235626826336
0.258144851903
0.353025906606
0.243888252653
0.356132365103
0.336585481367
0.334174318858
0.287175490167
0.272023066216
0.339152394851
0.305628021638
0.315250332883
0.245356669584
0.226610806816
0.319259241518
0.329151619796
0.311330929371
0.282363679317
0.34877143093
0.274959449594
0.306402859533
0.369472039214
0.300075668969
0.365642556597
0.293199480203
0.287792144062
0.232699889621
0.304140613383
0.324201172002
0.380348587649
0.272480990611
0.251263310613
0.215897646802
0.267550996563
0.268800818143
0.278926087701
0.390787586672
0.298218971125
0.281311446852
0.298913346908
0.327418231453
0.369552493675
0.292327604393
0.308229438214
0.255193881663
0.313862394777
0.372417362743
0.265907822888
0.32582567851
0.435234690738
0.380482717466
0.357232771563
0.259054634315
0.270256561566
0.399195354816
0.328103854135
0.265439436646
0.365045194418
0.279058353104
0.419823249474
0.324951891689
0.321616029223
0.336114833086
0.248919905822
0.25175379535
0.378599684527
0.313069138564
0.383447127548
0.405355014284
0.337819302158
0.247030351898
0.234005612743
0.304475411146
0.26362207308
0.377463398909
0.281870457168
0.289351453644
0.347757729593
0.193224944182
0.235661467636
0.335497650736
0.34359237066
0.288752530241
0.331791563708
0.336297131578
0.400781333319
0.344856467792
0.33568927142
0.283446462924
0.235868111159
0.264612835683
0.320923806582
0.338577392472
0.265106707009
0.305816163133
0.380671784821
0.283884560196
0.202912252741
0.37024758437
0.393566114453
0.28937599513
0.35631918184
0.34516887283
0.292921065242
0.336473998942
0.302725284857
0.395227557773
0.366654191112
0.268595907321
0.264208268247
0.343840205609
0.379187540363
0.348884654074
0.310778573351
0.257279112144
0.373367402299
0.30540434639
0.368782236158
0.239555339498
0.25690746641
0.334813663213
0.390740334114
0.278219444859
0.207973324937
0.333573906151
0.343643343257
0.246089282405
0.2517588635
0.297537903392
0.277504154461
0.283905155212
0.362989722923
0.38161143846
0.247941358321
0.300628051267
0.207978307669
0.346889674677
0.23450931966
0.326783164858
0.353438596491
0.277908676202
0.25770138018
0.273434580159
0.393199591196
0.347624245329
0.275671558577
0.318911715769
0.222748184532
0.276455436782
0.33999456859
0.332790155987
0.299100263765
0.341606750655
0.411322154486
0.269766653731
0.248262968731
0.404114979324
0.260004392817
0.305138185934
0.238395387948
0.348349733521
0.309444082109
0.309567695177
0.307369245481
0.244867034823
0.289755245278
0.229065954724
0.267319424414
0.271704197067
0.334779819643
0.291540324907
0.256916355923
0.266942932603
0.289738895532
0.325092716354
0.296764148242
0.319350371254
0.292378254243
0.360229521167
0.206768191952
0.318185329606
0.2793182372
0.408826038461
0.403783348551
0.214376665333
0.323960167973
0.290343911244
0.400620826355
0.344424884261
0.211789835132
0.284666251809
0.300661374791
0.381286831541
0.393020726612
0.307594108666
0.269737089405
0.331500821435
0.334346855268
0.353499920446
0.243075067509
0.34272987058
0.254159626022
0.352093424363
0.255547624251
0.286242566435
0.328004178362
0.319337160304
0.260410874743
0.211768386316
0.206918185135
0.230215926003
0.391396901473
0.325941240288
0.265350341205
0.2499785089
0.347693420735
0.434256037204
0.240308490249
0.274846821364
0.333451527754
0.256411475323
0.287120935558
0.32578897997
0.30466567964
0.262258170834
0.263849903217
0.343323612383
0.435434302785
0.336021201245
0.243449922546
0.269058478064
0.344806829989
0.299683285394
0.420741540549
0.240979658976
0.308933057904
0.325714323931
0.313608685999
0.337221785757
0.268800154648
0.287469082643
0.201318579635
0.341170544192
0.396486602851
0.213205682338
0.167122300937
0.252677594558
0.380866130887
0.387056999468
0.347497903739
0.382763561942
0.303570651099
0.359554694178
0.259625240241
0.282588317361
0.310938349555
0.322625387891
0.274170949382
0.284577174595
0.31070161345
0.295665789015
0.323940476503
0.359068871922
0.369799570434
0.247068699757
0.238743754152
0.315137938197
0.248604375363
0.449333976653
0.277950720259
0.362590009672
0.333473182961
0.197184782734
0.223405708165
0.335378539579
0.326458931761
0.347483218143
0.276126372216
0.224599761335
0.377390609424
0.421919258643
0.302055164425
0.241481501262
0.2678646125
0.378182281745
0.332098164564
0.285248747095
0.287217080708
0.330464346434
0.348174711681
0.227461665287
0.35579729093
0.301789449226
0.218632692396
0.313740817249
0.352891619017
0.242640870099
0.320506615837
0.365931230779
0.300828478551
0.361014867432
0.416037919182
0.349467043561
0.393255915362
0.332366862485
0.21468690357
0.342753440644
0.272555805689
0.3152386159
0.299398663169
0.369694594612
0.293265726444
0.247731438319
0.238387484897
0.287298236694
0.272259504434
0.371456619178
0.321070495407
0.31636827248
0.373297357088
0.25427898597
0.332557331718
0.410206058762
0.258770802714
0.304264564155
0.212789779943
0.322541453301
0.206859267142
0.442857231424
0.261994193724
0.430774835323
0.324744844777
0.331472529883
0.345158594657
0.242287668175
0.323499897376
0.439566006097
0.275002875177
0.268991384663
0.223559148339
0.381545147686
0.292092037665
0.456248870147
0.386000622174
0.293830839807
0.351655720537
0.319530904225
0.487114503692
0.333075339936
0.280214056531
0.39827945219
0.407867308131
0.352232431235
0.245524973476
0.250732788186
0.400597573171
0.371410902996
0.428049422487
0.305747997545
0.322555977768
0.341927158811
0.379526875884
0.299525835664
0.250891030275
0.316763522083
0.37304185023
0.265314268408
0.261975595688
0.405652420327
0.264533079494
0.229272605229
0.299571408305
0.305263103609
0.197633523969
0.308411072363
0.272305700362
0.26055291442
0.398242950562
0.337984603148
0.344681246385
0.262282236163
0.340806628149
0.243864386344
0.417296963586
0.280280103427
0.30281893034
0.32272478594
0.290786027069
0.209679587261
0.353029010071
0.341489493817
0.357092649274
0.390497954656
0.294277913268
0.312952164407
0.357944991006
0.267162769354
0.305005970094
0.405802649435
0.376168216558
0.34101562735
0.339979773955
0.220921285152
0.273302379228
0.197389840671
0.361267337702
0.323985272581
0.269388933479
0.367004195749
0.340831554581
0.298324155737
0.434820297116
0.40225390878
0.308647922138
0.349113722725
0.397117740245
0.28782903042
0.248206823116
0.333940144456
0.290738599814
0.310567437397
0.366175567007
0.358888055734
0.285940279753
0.249007039992
0.304179689921
0.25290616104
0.344434451286
0.354865079283
0.369267637685
0.338410297617
0.23125974779
0.378339410677
0.300633793191
0.295036989749
0.284038721898
0.435200705869
0.290777006316
0.362705854378
0.317846228199
0.161204494318
0.302243486203
0.307321524263
0.438542834079
0.323026298783
0.3189401917
0.298569332123
0.349335500377
0.288623622231
0.304597667276
0.275511472941
0.334094270186
0.285569359286
0.401668589418
0.225990387493
0.217977957555
0.282763760477
0.275519798266
0.36069345912
0.24081199507
0.417346856702
0.327835253057
0.418829888218
0.395717946752
0.281865962194
0.301603149013
0.294804908334
0.317844449901
0.35483551152
0.277027973534
0.282934018626
0.248822420962
0.27335279898
0.271021330174
0.287690971396
0.351571670098
0.287063073724
0.341345489214
0.263176336019
0.302662785131
0.428284860466
0.298516720106
0.261142873883
0.313140673618
0.271263833373
0.33213212466
0.394357220496
0.349133587988
0.459464879587
0.23247969712
0.276111173421
0.30872515722
0.314248567325
0.307237088312
0.375150439948
0.22644194317
0.278185328727
0.262571580607
0.327426544482
0.335280933882
0.277096638393
0.344969246249
0.252702224492
0.306186063159
0.273452861097
0.339838661345
0.333749483282
0.275551939516
0.452681227994
0.327175810274
0.424001315644
0.289650038164
0.258352070024
0.449898603144
0.404652394429
0.269427354461
0.231861015366
0.313030256398
0.36321298479
0.312188370707
0.274952464068
0.331313485871
0.314621771621
0.313371408777
0.259509258017
0.253434048838
0.299073500818
0.192624939007
0.284008364564
0.186818639691
0.242671895809
0.39734118029
0.382415476768
0.382920058077
0.266529197942
0.312801841436
0.306689413713
0.289476489509
0.18743982149
0.354267508513
0.321168346019
0.289162674107
0.294240170561
0.225922730854
0.324438596683
0.302277902072
0.357366701684
0.385508287993
0.300038234832
0.300515035879
0.262284129114
0.329026801466
0.309618416047
0.380523996707
0.222330993523
0.32937890033
0.426227891289
0.220556083686
0.382372836435
0.366728894271
0.310670831163
0.292414408225
0.272254274327
0.32046442609
0.194131699799
0.32912607541
0.313837871268
0.447674900737
0.360248042905
0.340331932244
0.33650539637
0.34389322943
0.309642166842
0.273677078563
0.254387982597
0.225379017405
0.341555827942
0.242412071489
0.399673176208
0.331684379735
0.311431339707
0.322720588291
0.239019471802
0.319769936179
0.259640802261
0.313948669655
0.282619691662
0.326506077164
0.323712090043
0.355343978295
0.382081989004
0.307199870806
0.309716841689
0.18656379267
0.324341649986
0.333234730459
0.347109283269
0.221261505798
0.2990998448
0.32548635697
0.307882788097
0.199727163136
0.312252511385
0.44351176848
0.200674412831
0.283000151554
0.298451962561
0.33186053629
0.318269404144
0.270473229745
0.282104419488
0.293089082209
0.355819759827
0.314181122765
0.216239101434
0.244263397963
0.349519688128
0.386289010113
0.30326296217
0.337198211627
0.373174172044
0.233540997191
0.416251698885
0.294320931162
0.298052172678
0.339871028388
0.278704081118
0.351366163237
0.177260032813
0.262145552098
0.334813185551
0.449900172174
0.370981170225
0.265091228297
0.297874035748
0.29490299182
0.307194455266
0.296771791585
0.282337210507
0.302080827103
0.392580736125
0.359975150891
0.272764680252
0.174315469691
0.247255676317
0.344533066952
0.326217968035
0.333957559976
0.396003504511
0.339357070753
0.321968036545
0.43657130651
0.331368353828
0.296053056971
0.31175642161
0.377208914961
0.32566974678
0.304585856702
0.368094321823
0.411504154319
0.308174652363
0.330419228412
0.386580037246
0.307483837412
0.377822958623
0.281987466523
0.255441691642
0.288231386218
0.395416690528
0.296080829844
0.332402060055
0.391308658419
0.312251863789
0.331090354687
0.215492122823
0.211204385081
0.345054348363
0.2703826151
0.198680613888
0.235826513127
0.318060834772
0.263380327511
0.303638464547
0.452161955221
0.297012815692
0.27454382355
0.231883085236
0.356671336617
0.374511339701
0.3735367508
0.366747840954
0.306883518052
0.330317002733
0.338788927606
0.36968503315
0.42266115259
0.253424558977
0.284116627918
0.210780948594
0.356380425517
0.311126975124
0.447545328036
0.264866457736
0.30409839897
0.262847892276
0.352061955488
0.39204327676
0.295221383945
0.311786818058
0.335956814892
0.363324112636
0.306114003697
0.349638929891
0.291352825308
0.285847112958
0.302950867108
0.24128179155
0.443549349122
0.3457224852
0.282783644658
0.314273340645
0.35496765236
0.321976211841
0.386465723731
0.195055854169
0.284619701747
0.274823211899
0.288798616238
0.2972421731
0.275983006974
0.343247736757
0.40993435465
0.316657790217
0.320499803238
0.317850197686
0.289975650583
0.31132811826
0.33400214749
0.284813354179
0.328454746173
0.332580568753
0.250209206753
0.358801231768
0.260664543541
0.32747351367
0.326627945647
0.343814054443
0.35965318405
0.33415032182
0.308458827262
0.248702051372
0.25953932416
0.337367233102
0.268345291614
0.338506239455
0.284610373064
0.316414893457
0.232572036225
0.282647748972
0.338759962602
0.284312396387
0.333850952791
0.382073631441
0.279402315524
0.371691123719
0.246632907001
0.272078095944
0.344315519986
0.338440458408
0.353551172487
0.272531732313
0.431910390653
0.175222354679
0.289623632575
0.29493051471
0.278038807541
0.270948343274
0.28059106485
0.240392396621
0.305235291817
0.317565008571
0.359420741715
0.260317911779
0.275418454189
0.252309624968
0.34256332393
0.357686448937
0.282723208157
0.28357356924
0.243600260865
0.205042580393
0.213503341472
0.307258833112
0.351392930223
0.40232466959
0.293792090942
0.378398070986
0.261383682282
0.377332016553
0.323321693677
0.360006122682
0.212462963681
0.311218446906
0.378049621356
0.241366710733
0.308445291696
0.255683896096
0.284357732268
0.352582083205
0.256254139971
0.325318767169
0.264389335713
0.43597749084
0.397558905114
0.256824250356
0.23382236693
0.370296409204
0.272612371812
0.262535216619
0.258442214708
0.307367646398
0.254634944593
0.404885825857
0.314109479747
0.289973973288
0.310632379233
0.294877813501
0.29875774313
0.304695780486
0.34195958533
0.256932349978
0.279543394732
0.222383355691
0.324406813509
0.311722335539
0.307079217627
0.338336823115
0.376214828493
0.432493268769
0.3659147604
0.30392442221
0.358857787749
0.273315358806
0.380274630428
0.365071183629
0.275757287804
0.292356220673
0.259960963748
0.278398267171
0.358464618633
0.271840576117
0.356913682369
0.302322484423
0.362930750211
0.350484048791
0.23174400368
0.285020668969
0.287075009779
0.292942079642
0.277193067267
0.275622940411
0.305490421119
0.280145505573
0.319271453737
0.396018936291
0.461478064549
0.34624930781
0.282359502591
0.305441335842
0.267409951378
0.387828063149
0.22825873758
0.307830474877
0.369378451585
0.317629843286
0.231104080548
0.266513510314
0.262204241337
0.229934855566
0.202810817416
0.27321577487
0.244055299379
0.282163420689
0.267971937825
0.269999558623
0.267926889714
0.432387490161
0.292814220143
0.318468468445
0.340684271547
0.211661410652
0.311239316624
0.283223476718
0.26869327659
0.305031853095
0.235843876705
0.296728000357
0.322141452849
0.274060369892
0.271713001113
0.301338646865
0.366413349931
0.368729550339
0.279199711792
0.359458866168
0.225114256114
0.343855189825
0.225141236118
0.272335204137
0.240367909491
0.329713604237
0.353049890426
0.250787216372
0.302914660548
0.417258483926
0.365371175023
0.291342737944
0.249579543686
0.228846903194
0.262202990412
0.437314822662
0.291172788398
0.289417129372
0.380113439304
0.279089442229
0.347951643868
0.21123885088
0.369800069175
0.418821491909
0.331350774125
0.364180466443
0.271839161581
0.293867893735
0.362173437928
0.211936145299
0.296916124916
0.246543288741
0.177981056262
0.335937206222
0.369607250438
0.308244245486
0.416297786858
0.292439156217
0.322067789577
0.311051887476
0.267004744871
0.293886203858
0.317065990745
0.232081150684
0.348773458663
0.278273207655
0.27006917023
0.279338180403
0.324031793872
0.301207072925
0.329694035376
0.368026092583
0.26312040988
0.299207412455
0.362466383122
0.307727331388
0.296989492841
0.28069471178
0.337070276657
0.338270059923
0.281644192513
0.368009105942
0.309389488252
0.363043547673
0.276308186716
0.322879780715
0.375869661208
0.288003905055
0.354571193091
0.409240926263
0.322647927079
0.324492542849
0.298971186857
0.259224524526
0.291559965069
0.341117843306
0.281355204276
0.32651177697
0.317950190297
0.277900027176
0.356142753279
0.306524053446
0.283577426639
0.291456311714
0.272679042514
0.267320048771
0.304923782702
0.310104955114
0.24458719494
0.330549879862
0.335597577565
0.274980271209
0.286475101173
0.219011788723
0.2555394825
0.235598867008
0.282704163611
0.298608590919
0.293024173112
0.213217392337
0.230635632523
0.275834334018
0.414125766688
0.293469516379
0.318025244894
0.392236876365
0.304755448644
0.277614359928
0.301810865414
0.322445899881
0.220199084476
0.263266164709
0.336900805019
0.331523183747
0.313785048808
0.352074093373
0.421243070482
0.267736915699
0.201058703838
0.256703897591
0.261611327439
0.210591891386
0.263741757449
0.29363642304
0.288252148124
0.324462620993
0.283316087185
0.375675437261
0.281028305583
0.318911509393
0.30285121933
0.362084649487
0.324668697965
0.301011680029
0.322599746135
0.298639803717
0.201622221615
0.312122045557
0.440370416691
0.212510630294
0.338171777897
0.260916082118
0.357980171491
0.312125444332
0.340144711749
0.341018679031
0.31651527937
0.309582669477
0.290727630715
0.329370329415
0.378241841662
0.368687823805
0.365077697954
0.292142558893
0.278520516337
0.282260510849
0.325522379684
0.371837735204
0.341591521835
0.249919811689
0.297393200278
0.2975600202
0.320080117691
0.307029253964
0.259868303762
0.408892313496
0.253728431688
0.253216007305
0.221267791862
0.311229408704
0.339033930554
0.371670081648
0.293304657752
0.421082208398
0.322370041256
0.263922289527
0.264888103431
0.368274253003
0.263015722582
0.346860515324
0.340867826816
0.275550765865
0.237783308013
0.321388466809
0.258895160921
0.293602191259
0.280455509688
0.309363797877
0.268268603069
0.376077694809
0.305694865878
0.291649642747
0.405425264674
0.195754577354
0.457343545598
0.212028002214
0.245740741712
0.272606085464
0.429117854239
0.374338103683
0.252354606654
0.388262037053
0.342121487228
0.359022490419
0.342408320046
0.258853330955
0.344000443903
0.26851768448
0.332375911766
0.299480052296
0.421265638293
0.260103484717
0.246742232196
0.298794842511
0.306907553539
0.336188263924
0.321671465709
0.334501838201
0.336526726458
0.240423656069
0.220601715894
0.252278505526
0.364467212872
0.258626103804
0.342870070398
0.330928314799
0.230650816218
0.264080432483
0.301526753095
0.294645712721
0.265130426835
0.341267040623
0.285884795135
0.318219288876
0.320511500126
0.192709243875
0.248194814017
0.351270075718
0.364944368127
0.274006503533
0.278372984232
0.307648113551
0.365956320001
0.295354804239
0.275410586395
0.361077698524
0.27549841025
0.425140639153
0.27203295759
0.364531684205
0.335160360381
0.334803642991
0.271270210278
0.35870184689
0.312467661763
0.440976677617
0.18667953843
0.313250771154
0.326546864563
0.332744960307
0.296960532505
0.228665539933
0.21920295151
0.315482891635
0.320755980367
0.335411740406
0.243675127727
0.306236317329
0.332164583892
0.291822359686
0.291128633514
0.255342471425
0.282107498103
0.408124162758
0.378214750302
0.290795550835
0.320540354226
0.281705142036
0.280700972356
0.273471823702
0.300841399937
0.276582390208
0.266306457572
0.406816194345
0.302222337912
0.241634982243
0.285679635266
0.367429469494
0.307343018324
0.277436037695
0.335480341312
0.306470212688
0.336019103418
0.38781068014
0.237187341581
0.277565344699
0.313138463204
0.211491296785
0.27149183076
0.324626878264
0.28273859435
0.355160862863
0.309577706603
0.326535142543
0.288949796542
0.222084234961
0.308693065841
0.341051174484
0.34425422751
0.271167912868
0.346187342229
0.460031084476
0.272852450763
0.257669325624
0.2479851731
0.273009093461
0.316893690132
0.222124415124
0.381678691099
0.268683032955
0.335277037888
0.249187264084
0.217634350273
0.293516762269
0.380276282262
0.315387511779
0.323246736415
0.331283919492
0.369992701612
0.315273665881
0.464279232592
0.258803863743
0.306238355271
0.278992069416
0.31000976592
0.293804615154
0.341754563078
0.246986073283
0.271149063067
0.224999306635
0.273994269095
0.339029637462
0.20885379314
0.333448810492
0.346802665008
0.342030031693
0.325608648738
0.295146184909
0.239138778659
0.22280044167
0.246528113422
0.276861168857
0.333036409171
0.23128818039
0.317451490323
0.285334749194
0.346460340378
0.26627791776
0.26199350117
0.26356493746
0.24662240676
0.295530431924
0.336143447015
0.251025437908
0.214898084518
0.317304527709
0.333054416597
0.285687039563
0.396586493132
0.370719774205
0.256961631172
0.309845067144
0.297853926765
0.280372391434
0.341865427055
0.471106866604
0.285342119696
0.337174821165
0.258005380561
0.331393317174
0.37972921468
0.344728984154
0.353856720922
0.341610403614
0.392093846904
0.228842093127
0.293702412253
0.253987356166
0.298356678094
0.282469235479
0.208865225934
0.310622026088
0.330527374966
0.246717091763
0.389497601377
0.199575590297
0.297403941257
0.242782754113
0.349980379723
0.375499769675
0.229427901455
0.299473204821
0.35437454286
0.273621202328
0.284056099591
0.204869694088
0.330112152006
0.284046533034
0.285897854414
0.257351001594
0.272922389689
0.322830652993
0.276120554931
0.306074907488
0.341384452754
0.277880410708
0.281499806906
0.288351875475
0.341402421036
0.26921754782
0.252482472801
0.314286870253
0.363529285588
0.31673194991
0.271174491268
0.283820476125
0.251226145125
0.339097019737
0.279938447178
0.252057759932
0.294757667172
0.340851791716
0.251952426617
0.236673956687
0.408768313981
0.148118301587
0.209104333898
0.340212932078
0.370031322671
0.268843065584
0.30574176366
0.259717221286
0.370041901918
0.275261156511
0.244823536592
0.308265513751
0.381998678087
0.274245043127
0.328243459856
0.239917520006
0.234873867971
0.380676770308
0.299109028873
0.308690510196
0.333332397754
0.326873678797
0.309675265031
0.35339440531
0.249602682189
0.390071277071
0.363339624299
0.308780156714
0.278336008475
0.330223395625
0.311584777989
0.313681915176
0.25927159194
0.267885447822
0.355298621534
0.315726698015
0.328784253043
0.354947903866
0.384973544254
0.349773781746
0.279635674913
0.238640602976
0.300347309197
0.324672602241
0.200635467113
0.256067939374
0.189236635748
0.287383794542
0.332081287134
0.305367729941
0.309439977551
0.403879349402
0.317090415119
0.297893349084
0.281031361911
0.25631326479
0.33023747837
0.282347091903
0.320739221182
0.302378409756
0.263377665761
0.371552599523
0.316208900208
0.309904076012
0.259000279656
0.341121132991
0.382637244538
0.230059999503
0.351948127183
0.278137095545
0.260286939331
0.249240307752
0.269271037734
0.274813742587
0.237744901747
0.278818907831
0.318078915965
0.33495680168
0.283999221349
0.291646189894
0.290019895525
0.239981447553
0.249725847654
0.319879162337
0.390732494591
0.299339796757
0.415323050902
0.307596805193
0.269717160372
0.278245961574
0.340499036891
0.326284778322
0.262792001104
0.26853304043
0.377849620507
0.301370832196
0.307897248104
0.374386792565
0.268716227959
0.312634927895
0.321422456089
0.527168359703
0.25538683338
0.177482236732
0.21015865272
0.368504471983
0.342544403018
0.345542094423
0.273739459001
0.352282986271
0.318205028608
0.42915929159
0.304529856694
0.292874545898
0.349185615068
0.163877420441
0.30842550947
0.241731021862
0.252602615518
0.365150613324
0.280484266298
0.282765121184
0.27332099815
0.281177832103
0.416274232109
0.260923833206
0.337239265955
0.320583685397
0.273222300776
0.352549935655
0.430179542151
0.281470947321
0.271433614584
0.32451722454
0.3669017526
0.299493323781
0.264049090241
0.268431397798
0.389934348261
0.396717332095
0.213722491104
0.407194036629
0.27605602038
0.331676888873
0.246258744482
0.361063764376
0.432588317411
0.314407735527
0.203950353336
0.252227141115
0.24748677425
0.329026521318
0.393727073841
0.258070016817
0.37969787934
0.364757670771
0.324706006901
0.349155922466
0.251376961084
0.235418016422
0.367572333283
0.219584812663
0.312724469875
0.227117289364
0.368142223571
0.377358612675
0.269699013365
0.275085430807
0.439894824942
0.350793902463
0.272096542283
0.34498349951
0.265169424985
0.478995062544
0.335465014011
0.276247317411
0.291047636206
0.293095440803
0.343738073082
0.270606955511
0.400306502013
0.263904751155
0.415719951733
0.321954353547
0.381890047684
0.324003193685
0.272698966789
0.318529543672
0.331056252459
0.349008421921
0.332494093522
0.353944476471
0.261113274547
0.282753201294
0.305045181188
0.46215537869
0.258620742226
0.305859571734
0.243853992153
0.205149602334
0.353899569436
0.306809211531
0.261626589306
0.332951672725
0.373129073047
0.328351332224
0.373291411232
0.319224583011
0.165826109899
0.368483698615
0.315536231209
0.330540630245
0.26792458598
0.310451104275
0.287535153683
0.378047111344
0.308167418975
0.412851981181
0.368066356813
0.434709347874
0.307490468245
0.289728387578
0.316492524644
0.250077448855
0.312810936106
0.324121304766
0.306773528768
0.344934711611
0.309296768643
0.313265330084
0.254806977366
0.268464752668
0.265821059709
0.285462933516
0.279597223107
0.326756344548
0.275324623961
0.365937528404
0.230209792472
0.388586664218
0.251988450387
0.288425954118
0.32201319579
0.268632699649
0.302685087978
0.251330072645
0.225107604774
0.3001406924
0.365680524438
0.331706257478
0.316873878094
0.34556075858
0.29342800076
0.373825373888
0.348205334295
0.291669654909
0.231437793157
0.326552821814
0.320900080689
0.247095904587
0.31924640196
0.276754882734
0.356605584911
0.304002179538
0.331047518285
0.231368833471
0.335726477461
0.36857912806
0.326535079259
0.398921852887
0.413975251345
0.313032416373
0.319353116415
0.260794754359
0.351973082
0.262673602916
0.228928825305
0.327522388217
0.31452199733
0.325198448097
0.345318766127
0.240770099686
0.259883530596
0.337899031007
0.360556910992
0.351164689431
0.270417718629
0.391032411455
0.35577293742
0.291598102459
0.330932482235
0.371255346017
0.280561708378
0.321270098593
0.277112392508
0.319106205483
0.268004141294
0.247604034594
0.293556889668
0.306185278102
0.302555110606
0.28252912959
0.384027352604
0.260511058825
0.284479300317
0.261054869573
0.303170013436
0.350014160008
0.384596757272
0.271549650681
0.409296066051
0.304787482543
0.343446355631
0.268851601224
0.331986583134
0.279466425119
0.38847241297
0.194783073243
0.294601942108
0.345983015314
0.298414806773
0.403535061611
0.257314234382
0.27940370528
0.237627468512
0.288456496315
0.313543981127
0.410088814973
0.3760555172
0.203689902856
0.277533006032
0.235769354017
0.377992609168
0.289881669723
0.307767997696
0.266668194674
0.259118752194
0.340154639126
0.35500029186
0.262905157409
0.292275845546
0.303609424352
0.32912925625
0.333109135763
0.378857325621
0.330105747269
0.358021023392
0.259537466135
0.275232657885
0.339753424868
0.341038441642
0.452322488577
0.255246802441
0.437031942392
0.420526902665
0.384200644956
0.246636529069
0.24184185996
0.408287846635
0.28142191195
0.341286042498
0.282264727153
0.321111273802
0.275724256707
0.33279390032
0.349677277779
0.262439831387
0.296907540894
0.254120548001
0.290172359469
0.545832845604
0.513599788407
0.37356165405
0.320080797783
0.286850448915
0.295795870866
0.210429957606
0.31464620926
0.326572297412
0.37454221453
0.32224297603
0.307089031832
0.26399193142
0.353132298852
0.379699376056
0.342735997308
0.366004660433
0.328299556198
0.303002594031
0.383008214243
0.357016374668
0.359619535444
0.424059421949
0.281476451759
0.408435236069
0.334588668046
0.363212491072
0.302309175237
0.326164674154
0.355175718092
0.29046637056
0.269234865267
0.346704567797
0.329992878805
0.359591286495
0.290089107377
0.439210443019
0.377332961112
0.33775364948
0.29415162671
0.383952048202
0.382629493023
0.345905353881
0.363588131365
0.303541815172
0.350391652624
0.251618399778
0.339154217565
0.234057496967
0.459450092527
0.32531435693
0.316990317989
0.299172754429
0.239927972996
0.372241106486
0.484776790238
0.279017477029
0.278991406309
0.2985405579
0.283592919415
0.481917918823
0.385606160121
0.273939820206
0.299619374089
0.281744372396
0.322336271067
0.349346995765
0.293890130144
0.268001457488
0.4557621455
0.23274565768
0.322568868412
0.261932976517
0.404469652587
0.284843856543
0.371597048446
0.320212567713
0.27705085012
0.260727320362
0.347009354277
0.374540305262
0.284814422622
0.235539267125
0.34874448139
0.339892188656
0.253210140963
0.272199625514
0.290589386785
0.284946213305
0.315379899629
0.32251832403
0.225116636669
0.288784971331
0.293464224188
0.251111007748
0.370806209537
0.28603728793
0.283172115036
0.376699035835
0.327898800281
0.344074372404
0.329628589446
0.394318600101
0.277008643761
0.296861631402
0.253265668315
0.338207893789
0.440070606813
0.225827014802
0.307927452575
0.287573728922
0.330227448549
0.350064897234
0.303554418252
0.393518918044
0.35068341464
0.272548358577
0.285190574121
0.301093550629
0.423477231955
0.317446553349
0.382992588955
0.406006245244
0.25567787112
0.275413518957
0.290234120695
0.281186997439
0.332962254345
0.373419242109
0.325736862557
0.334284765185
0.351719019059
0.329199212631
0.251830759127
0.321499501106
0.332687159269
0.345077267955
0.268794424142
0.263560289929
0.285790174938
0.341831632767
0.334465556667
0.325756768879
0.42140128233
0.324944728275
0.283103789879
0.306807279309
0.488851725574
0.227838296822
0.237021193236
0.337176351762
0.367994887792
0.258723406002
0.305011389324
0.282218479441
0.202867034036
0.316882520969
0.250959134717
0.332170129175
0.27209950581
0.220060544705
0.306656336033
0.343785740068
0.342826516931
0.244676028102
0.317958737329
0.294098677022
0.367259785794
0.283670592265
0.288859342866
0.283755993435
0.327458811827
0.283290508669
0.297110688884
0.243874146084
0.227470852402
0.319593552908
0.295143863088
0.296678767164
0.2463335761
0.257035982205
0.292842866795
0.272961566048
0.337795464734
0.384002802317
0.361573871059
0.272901316331
0.29252046305
0.422565925843
0.28999163187
0.345193903725
0.362468825531
0.379335999088
0.311527121911
0.338217562131
0.268214282927
0.349498776336
0.356562513039
0.378377435044
0.403651006228
0.257775839568
0.229270143516
0.384849830372
0.461600569103
0.301986604076
0.393091774082
0.283614408453
0.361165256609
0.262423384809
0.36450945481
0.427086469771
0.383529582736
0.4291281623
0.439267747443
0.352172540114
0.357863299385
0.352028253906
0.230676556572
0.268007286342
0.227628510896
0.335902777928
0.320234481241
0.302240301066
0.275979129888
0.319083493619
0.354811343835
0.280776615717
0.338890864291
0.419715617206
0.434712278641
0.283690811117
0.36013467308
0.415608479129
0.309712052622
0.341635652929
0.309389139259
0.260288771551
0.37641027928
0.287373736783
0.316808205852
0.417391119076
0.42484054221
0.368213840352
0.307201189861
0.341320186849
0.406215540955
0.221844356971
