0.71218475159
0.54492491615
0.573028303502
0.569470487454
0.527886187749
0.751367826832
0.651518367966
0.534338814816
0.505914823876
0.551033225826
0.5386904686
0.712406674018
0.577788473629
0.583207485232
0.729859604295
0.701576800219
0.505287826742
0.637578350032
0.629707775803
0.636294165751
0.675528014398
0.521176321098
0.630083132793
0.497294331155
0.572728384376
0.497694637684
0.436340796151
0.542985439429
0.565403396747
0.524422180575
0.551377459343
0.634459419171
0.495382064405
0.768845104301
0.616455859253
0.520189366417
0.676571470733
0.571675727348
0.70209119642
0.478596844636
0.719047952185
0.642488837857
0.705512043299
0.561103097062
0.37653649914
0.446159956672
0.668809054722
0.451144696437
0.435183744171
0.49794524201
0.546842345472
0.591943354062
0.70884670506
0.507997905472
0.459734052333
0.542379408779
0.746231045387
0.33908030388
0.62279711088
0.606639868191
0.617809556216
0.574344143027
0.733659116722
0.584139259565
0.701167584425
0.705452142982
0.56280232399
0.606229221419
0.624212635759
0.662140627076
0.639217119847
0.536906053309
0.597089208978
0.68682022538
0.595400054838
0.545052752764
0.534573039412
0.406517761955
0.669091365975
0.541337025195
0.508444182039
0.61024539897
0.628833694516
0.616193347112
0.675703868304
0.390060395403
0.60929821863
0.67738104056
0.578033279891
0.673158316641
0.519160140307
0.607200491345
0.683439765367
0.526061948239
0.676597017366
0.535644945612
0.535565660694
0.744418722811
0.642444755193
0.66341661698
0.557673504712
0.46911688088
0.541871463797
0.708960700934
0.562175841656
0.526253415757
0.489417408034
0.629634570628
0.693503069696
0.581402145145
0.623790981968
0.520571486671
0.678690255243
0.784684813817
0.556879068186
0.625187149908
0.572925981411
0.745912715521
0.614648298531
0.556717917413
0.3742673134
0.45639500913
0.56666844079
0.586660557806
0.514896798791
0.383415860821
0.527339428828
0.390886896565
0.532455474431
0.790453026959
0.476011481452
0.542983557659
0.450423225636
0.595175250696
0.6439548236
0.529975198404
0.5205761679
0.45575535277
0.566739081395
0.608718288956
0.549302567176
0.569253245072
0.88085580819
0.413897379373
0.67482579125
0.498396714798
0.522786319658
0.838271638133
0.680955082518
0.65584111995
0.593038289197
0.585975853005
0.649377888507
0.57352884863
0.622960162375
0.591559427969
0.471631657687
0.421042841038
0.549237496632
0.52349881746
0.526328050865
0.724210345657
0.619028420248
0.619058710721
0.374874991487
0.665828812555
0.683501169757
0.651544622887
0.678995509135
0.359475960848
0.696823522628
0.397107881563
0.595434830661
0.566949379261
0.477401155583
0.571670740764
0.610803684601
0.781845029685
0.523425307363
0.600026403245
0.548756791281
0.585234908677
0.673119784109
0.529642190883
0.640633024428
0.61899684971
0.47676933472
0.389306689155
0.409320268313
0.460190007173
0.590011921071
0.456134640253
0.595758493767
0.431783898277
0.561782907227
0.454843417248
0.544493147082
0.567509909022
0.491973041794
0.487198685215
0.646283288811
0.679731320163
0.676187002347
0.475613973898
0.72972033015
0.667358013175
0.55600339419
0.472507460571
0.687650202663
0.669642311719
0.565485947806
0.733731703538
0.74013670884
0.504742442979
0.605906379577
0.518541276125
0.602450836551
0.555319067007
0.551060842618
0.650607319375
0.463690810726
0.571384542947
0.715255822504
0.643661719735
0.637881458467
0.611520180569
0.504045936208
0.534121074659
0.41953857688
0.452335881101
0.484803208342
0.659655281442
0.599693357383
0.780153858014
0.614661575799
0.534854698753
0.560336897455
0.756991278816
0.556856625372
0.551325873215
0.59568698175
0.65123574002
0.492622773769
0.895994063248
0.559354562915
0.612625782167
0.584371969031
0.406612013329
0.534810644273
0.536889432184
0.601432652751
0.531675973598
0.618777666587
0.555727533932
0.560881794004
0.778871049395
0.558541966272
0.689980220276
0.64259513771
0.71203375662
0.62780084979
0.557815730649
0.809139887747
0.592444730635
0.492377475688
0.629463617688
0.540812490512
0.601006853065
0.542755584875
0.612487852858
0.582811857368
0.800170074358
0.433747570991
0.500475966369
0.557928008908
0.729748746613
0.491564874159
0.369284118304
0.530439387089
0.650845768369
0.469766180031
0.65604806398
0.573209625641
0.626790762148
0.565170868316
0.681346829034
0.33714286552
0.525727620875
0.363163740782
0.480058754131
0.604763535283
0.795100692725
0.58936985776
0.566508032972
0.558760010883
0.749907968789
0.7525984759
0.604028945617
0.541844160067
0.590661153149
0.397455840459
0.500972110562
0.652237323419
0.512385712741
0.645793270532
0.578597169456
0.432725956441
0.668888079032
0.448608925674
0.453682632665
0.511756700873
0.363784627169
0.432089605888
0.596298777236
0.519056193208
0.61640423384
0.54783894331
0.612567390468
0.659488672246
0.594704220891
0.596799957566
0.569329148265
0.664386291609
0.598989692094
0.58090662586
0.498604071771
0.482601751387
0.517295920498
0.640061359703
0.582898987458
0.526349488676
0.673530739289
0.597940830873
0.674734825062
0.555299015213
0.448322140361
0.644262992559
0.901547668041
0.486750799227
0.482156450926
0.564147654604
0.457960165598
0.434085930148
0.47072779275
0.490773973154
0.723678456156
0.599270796398
0.569539034074
0.647448261967
0.654010609112
0.58683301926
0.518794215928
0.442818198491
0.703663859062
0.693776348967
0.482061620297
0.582176023377
0.598846367873
0.584077203527
0.513929737648
0.637942881444
0.58149943924
0.430930762548
0.524492400829
0.466699925381
0.535213010625
0.559767425243
0.442077682907
0.524053367508
0.501030041614
0.411466349742
0.774200562946
0.499383244979
0.559882495463
0.586686114969
0.520872253518
0.518035938053
0.589601746468
0.548962631374
0.37639266242
0.627261115328
0.732391169181
0.524602219294
0.70808193579
0.355494560308
0.576100777616
0.441012419609
0.631856354413
0.46525763791
0.532459349752
0.515479907477
0.645233018827
0.747481188846
0.527134499213
0.380462560491
0.396897253201
0.516514649214
0.707896165042
0.393430794067
0.590423467422
0.44999706399
0.49054478655
0.729798817866
0.509190455691
0.567321891826
0.735838438276
0.708618283019
0.603945466504
0.381728519335
0.571518854712
0.52791617264
0.501381832622
0.341578985937
0.611575015012
0.639162695369
0.657218901729
0.473718223173
0.548768558905
0.610666469927
0.437764111935
0.584675175138
0.577693232821
0.681795933916
0.612912037339
0.6564480333
0.701654088559
0.560346172379
0.542263626314
0.515384298746
0.399432654672
0.55338737872
0.599702662933
0.523664718121
0.613684001244
0.458402700221
0.678446253407
0.581342009011
0.418767291226
0.54252300424
0.660652529997
0.541871767383
0.550629916295
0.641437618909
0.618167136424
0.71668971049
0.591680885245
0.623330042786
0.477701881806
0.605221646404
0.623322201704
0.628125622293
0.762130134811
0.435784222892
0.657060583702
0.479306319441
0.568752039117
0.615286982636
0.632715030035
0.520701422976
0.558556968619
0.743758285843
0.514124557556
0.601156737948
0.465949571637
0.580112308069
0.697507461577
0.60418293097
0.691663659565
0.401070791083
0.898084573737
0.590547009324
0.627892597338
0.558210011958
0.328695160941
0.514142499427
0.613048701683
0.667834399686
0.750947597314
0.682668849542
0.769547004639
0.463832914608
0.826104070523
0.658529591037
0.648305080671
0.517718604126
0.458124550436
0.482649414598
0.588114430329
0.631360599037
0.47059240311
0.653846845542
0.59694387991
0.590585276913
0.530911620423
0.58108396662
0.507799590879
0.47725394355
0.636971804299
0.374319201988
0.717978992239
0.570572513023
0.435523538972
0.654111812838
0.456172035449
0.534726171895
0.355941982303
0.539698742664
0.410485988981
0.609637463246
0.633375551593
0.667292710479
0.614229947591
0.644741037119
0.413545380106
0.393160693868
0.71451116009
0.592762590516
0.597087038474
0.620028914217
0.609619547706
0.58480607672
0.484868024722
0.389042014407
0.549595208821
0.496410775684
0.429181693694
0.534582888621
0.635501548627
0.455676483858
0.584043669473
0.696610690752
0.513541212177
0.421128338877
0.694474456291
0.380220501162
0.593824933152
0.415318390265
0.631240423363
0.438600049896
0.581378477987
0.748623027172
0.482281049528
0.646674464243
0.54555551486
0.533509754562
0.653634595601
0.444910904124
0.530485475904
0.579255310147
0.475379971316
0.605372220868
0.679310908771
0.497659245124
0.499261286239
0.507012683383
0.53281703243
0.646680362683
0.556058884308
0.545052314855
0.643887471386
0.477932577623
0.498933444472
0.581368199918
0.606741976007
0.413252477072
0.697262573473
0.76041168915
0.41137329843
0.686575065613
0.614432970573
0.507956151026
0.596098623471
0.565566845282
0.58248014195
0.745567057683
0.474302381903
0.51817896292
0.396434846662
0.540318085342
0.780289467055
0.696322456463
0.448252425927
0.723011527312
0.468127514794
0.529797360563
0.910380516145
0.690214094315
0.514128835962
0.511520984773
0.616411561198
0.5070814934
0.676373871466
0.465749493401
0.584482901649
0.415493522994
0.519646152735
0.484999132266
0.63665510697
0.521760704923
0.636902301826
0.564258749737
0.663114221559
0.654090390326
0.540048204294
0.513373045946
0.530926414853
0.693499402546
0.623490783865
0.511981565987
0.712701281384
0.535649008727
0.642531422707
0.660889143208
0.479251817995
0.759277313896
0.580033933406
0.650441462265
0.551608718348
0.53816182747
0.552945517322
0.622277504824
0.611614340099
0.619736820227
0.676164893153
0.569924922092
0.519676957908
0.691354945137
0.435857070995
0.514103064048
0.646700979825
0.606936801218
0.517460836007
0.540316079819
0.520092582364
0.728733734965
0.772001392699
0.472870849316
0.663455788325
0.524078045628
0.59046743902
0.463256405628
0.406496674332
0.525935116673
0.714164866471
0.672273412237
0.689814193215
0.477156754898
0.491101665917
0.620619514832
0.671532554152
0.465640934405
0.609028267553
0.645210212564
0.543711594336
0.739783552445
0.610052080817
0.611010256735
0.577719173548
0.496760099626
0.563557739526
0.422010492014
0.429829542755
0.433834808565
0.509853575949
0.619702677743
0.586878134848
0.569115184586
0.532576897921
0.452474313096
0.694494988435
0.339531637682
0.524728467392
0.452194456404
0.525897339415
0.658938770442
0.528084282602
0.576057852637
0.590373242429
0.503072267843
0.542936866883
0.590078213696
0.648920313416
0.465584236694
0.517681660912
0.644219396774
0.449055422694
0.70366855558
0.591769374002
0.655928320038
0.462023579894
0.454071683218
0.451150919094
0.534050167747
0.482960770593
0.5952905175
0.629810702499
0.352393721196
0.634428486018
0.553935488163
0.613625624806
0.739166460031
0.516928044826
0.617223565198
0.480186666038
0.537332158331
0.450666010201
0.686335230084
0.725664395262
0.480123203132
0.393713628676
0.540154610492
0.659310512093
0.394318462992
0.47969830344
0.572197588943
0.454341970778
0.514968003274
0.491560406111
0.576939500192
0.852204251043
0.577618769689
0.558935300637
0.596309756521
0.520401788252
0.586345296411
0.616712643936
0.511170148925
0.494077880851
0.441564726762
0.547944993934
0.529699351514
0.565494809931
0.476944172089
0.649106640231
0.679490185981
0.563476177678
0.615575985276
0.442511944062
0.406936415529
0.721906887835
0.757269245459
0.57909934096
0.546962458128
0.525982463854
0.490474344036
0.479319897139
0.605393593255
0.89881392577
0.425623426587
0.657783092855
0.56232357706
0.475677690918
0.355707301436
0.531336701152
0.475606761457
0.557961725027
0.504953468106
0.494079941001
0.384770832463
0.628909254517
0.622588155997
0.386799444961
0.537768215196
0.516794687074
0.716474403355
0.41304082018
0.57265543593
0.579998291411
0.6041698447
0.618170714033
0.305131086191
0.638239868879
0.687879727159
0.484364577284
0.295015887793
0.563332945444
0.699056966824
0.504592665865
0.809137965358
0.358380118114
0.587472631423
0.72723042765
0.629246714642
0.389189764479
0.590724919127
0.604268398643
0.568991045231
0.67155809487
0.772219225041
0.580656187281
0.417725963096
0.577566459261
0.488904696175
0.485866550662
0.741770070829
0.415535433428
0.473839369546
0.468087517184
0.516371247228
0.529418360529
0.613974084376
0.656144998365
0.555130260263
0.810786578391
0.488291877474
0.797615952054
0.578443512785
0.618348358786
0.706899827939
0.525495158888
0.650135637072
0.599331672921
0.487121286498
0.532013906358
0.488168071456
0.46091881784
0.55684791648
0.48001882523
0.562539056752
0.643168049974
0.721135047975
0.648847005612
0.800203095254
0.759035211411
0.544308105244
0.574738774922
0.480054183419
0.464192187769
0.543804419501
0.477812507877
0.67189786083
0.525906868015
0.498466035601
0.670283402577
0.709325478441
0.647767963766
0.729036843024
0.482703257849
0.609710648571
0.494117083105
0.530451743828
0.437580332344
0.692197497147
0.57242520232
0.523171038814
0.455894284463
0.334107346862
0.463575800976
0.514654256221
0.454625474781
0.633100752592
0.442144350098
0.604414003366
0.530014898073
0.468867667751
0.652960355525
0.561638250144
0.54243997457
0.432058976888
0.451251543802
0.499377738815
0.531521697663
0.719664627137
0.539103692459
0.738388839087
0.699073723789
0.503622711479
0.664276564396
0.512379751454
0.550956763298
0.625661350257
0.672005551689
0.56120360481
0.50910064726
0.705207051898
0.795856561958
0.753470828636
0.574229957886
0.574967666708
0.508658912877
0.478955994098
0.61844841205
0.569829281172
0.364154656491
0.531848669073
0.591687381912
0.531394694763
0.423785261154
0.720589306827
0.556952444504
0.674521020126
0.467065710566
0.656297059224
0.582090837074
0.41818290232
0.659682415942
0.668809863826
0.656412991722
0.542684011334
0.57786100205
0.666713042107
0.410706716803
0.519307080548
0.592795282095
0.539581512368
0.573150692521
0.607239997835
0.593162935947
0.48691331679
0.540831181038
0.673789688817
0.305963585826
0.615734761246
0.597688871719
0.553797325211
0.47394224822
0.530766877363
0.639123111498
0.599942120969
0.686522019429
0.443543959097
0.490781430675
0.450130532686
0.525872302897
0.612353078528
0.656285762212
0.630766629465
0.552816432977
0.407079501174
0.758536219862
0.411228254811
0.511919491802
0.491174121627
0.354770671128
0.589119112906
0.801028329449
0.409735786584
0.517355063848
0.58602913508
0.523038321094
0.380110859422
0.653072513016
0.385945617578
0.512645084945
0.445445904728
0.600840755548
0.455520315488
0.640052170256
0.517150807551
0.582337857064
0.470732652474
0.777579337045
0.428393389419
0.587797618448
0.479394835878
0.55703446683
0.586443917066
0.441764446408
0.736295293437
0.558490868638
0.767502193154
0.570241107727
0.595653553697
0.521633275724
0.509946432986
0.445730486861
0.390230767918
0.623467992259
0.753206097507
0.588152537961
0.738316160189
0.557564572451
0.450430311426
0.532394051616
0.658573894863
0.640169984561
0.727317217353
0.525338361613
0.609389137077
0.632197677664
0.621185093858
0.588556844878
0.520623052336
0.41883239741
0.541063785141
0.708787484505
0.456223814345
0.767172882963
0.663661544706
0.608043300335
0.687732739409
0.42315072619
0.904771959672
0.62791932754
0.805675477861
0.531572517748
0.515735803199
0.598482020293
0.406984716782
0.592975064583
0.724386554047
0.446509583408
0.540043933909
0.746426942268
0.408447798719
0.862732118274
0.551961079412
0.576269409533
0.537966989132
0.498586214452
0.551707949651
0.643113632873
0.570826003578
0.47613671458
0.459718079219
0.50887078271
0.560033901965
0.507490652673
0.47265419646
0.862569142029
0.63710396459
0.875678069691
0.636888886418
0.567674170228
0.528042729914
0.464862419074
0.404809648578
0.518461044588
0.697166493963
0.57668968643
0.607441832449
0.485649036606
0.585952245624
0.727737989808
0.440388631156
0.781691255503
1.0857939636
0.492278004081
0.778055471602
0.562985877439
0.444735299018
0.593513002864
1.03188118839
0.708184493731
0.640353047656
0.664592743344
0.60596950179
0.483868835135
0.480284652227
0.689719834989
0.521211485791
0.439265726748
0.49297491499
0.659453069874
0.704875141665
0.669661760999
0.5774153587
0.308887004214
0.867891903421
0.542286980403
0.802572598277
0.749486620736
0.598489930686
0.658745734276
0.562325445609
0.661825897301
0.560817097523
0.767105743501
0.318632785566
0.553867210516
0.535480589799
0.591494210899
0.505901534291
0.558342808407
0.480003041226
0.672968972939
0.664933801075
0.679169220711
0.752013429704
0.606998947199
0.95898451905
0.702202016684
0.521907969227
0.64304995259
0.620563982798
0.652523143748
0.734953585416
0.605400064931
0.612646967696
0.737301122191
0.449264671045
0.645256958965
0.56943258387
0.640074472701
0.281468797888
0.969224444197
0.491974307306
0.50655441085
0.505596490466
0.788007167199
0.655644549203
0.76535939905
0.681297404682
0.734306553811
0.597240426589
0.961030938489
0.526856782202
0.459828520204
0.756438999624
0.594167139574
0.565389277384
0.653480277976
0.568839388537
0.713882015837
0.802621472561
0.630217998635
0.699552085777
0.530509563954
0.841914949475
0.449622619749
0.506493025784
0.831447872119
0.484214238263
0.458475323864
0.670991301704
0.807018490316
0.460519881177
0.693719253315
0.78801437574
0.798007890257
0.584183518638
0.39264085382
0.592337907458
0.493304683781
0.760341697515
0.645854528684
0.631544470464
0.841108118094
0.707646691291
1.1007972994
0.387664341231
0.906615399422
0.539781180214
0.533843835968
0.46733667735
0.47296411102
0.62629692082
0.711197557173
0.839353648343
0.56800435166
0.603261886068
0.446748340181
0.798130815318
0.541186678114
0.498787341903
0.47230005159
0.661566245017
0.524170370159
0.744562680487
0.752714401751
0.984413451086
0.650572047236
0.545808094254
0.381100008253
1.03159464967
0.545679441032
0.504769290646
0.604886173128
0.581192666317
0.445813230805
0.656374831175
0.588793271534
0.519721271883
0.681463843954
0.688830962773
0.567555225972
0.544817293294
0.640550577172
0.392946441753
0.573495914506
0.910326184455
0.550279301115
0.477775487786
0.689016543101
0.506739582483
0.42431950528
0.742183323055
0.382453091736
0.606910490225
0.782554365042
0.834073456557
0.756559453566
0.530260244065
0.496610190718
0.579004256656
0.555368014163
0.484828088367
0.628161006896
0.640627410313
0.763741191712
0.652769985835
0.674535990034
0.494566793392
0.567586775727
0.57101593998
0.632524316296
0.554517669602
0.724870092932
0.672243563095
0.541342003575
0.552751077964
0.706572592207
0.532487255318
0.53676734031
0.524605607761
0.576919890018
0.53199530459
0.624925274579
0.571172400976
0.501260153418
0.484918826332
0.57273349765
0.63770875911
0.622246715237
0.367727225413
0.565746889594
0.489945457668
0.61239938343
0.382857232573
0.691738874555
0.803269304338
0.486533872305
0.785290105498
0.453007032714
0.573605768884
0.609237992936
0.503314322226
0.684349186432
0.599766229132
0.544384266369
0.45599783717
0.68750030489
0.564575923301
0.587209640071
0.440879220097
0.558890133327
0.516800428139
0.643614376976
0.755438156981
0.535039752806
0.758891806617
0.701285912591
0.512557837076
0.644792706738
0.824120333344
0.598497868877
0.507783782732
0.710639626632
0.659394080815
0.587791451114
0.443823665911
0.448646379356
0.517855237693
0.541027580914
0.65877605109
0.575129400336
0.576968989948
0.527558702892
0.465091636391
0.471133130309
0.503998263838
0.514473717404
0.664065694402
0.472713877191
0.625498042469
0.440605825599
0.554722790909
0.4613122236
0.500800446137
0.650712545273
0.412720779222
0.572945261699
0.429640702099
0.56415559182
0.582339864524
0.565160459213
0.43892984032
0.505409551897
0.602056735517
0.487749091603
0.552800877751
0.531887786147
0.405060530159
0.511279021657
0.530520517232
0.682781446979
0.568191755127
0.660672753644
0.706270760805
0.370892634111
0.530447391422
0.529389118559
0.617637542509
0.685735348817
0.572824679623
0.650395441553
0.51716169383
0.430428448527
0.640150448996
0.715559332588
0.690067387387
0.6011225997
0.709105762508
0.549326498296
0.530832505888
0.686937785534
0.32403936975
0.49840791612
0.688123270397
0.627402354064
0.699314147282
0.708370641317
0.474430413421
0.421291966666
0.4586078905
0.635658876934
0.602870445541
0.551369252537
0.473035956492
0.534425379594
0.624254053067
0.627257893831
0.515036559198
0.634305987936
0.615597176639
0.423077392213
0.630024452405
0.672538253378
0.496881059875
0.642409259739
0.770117456875
0.544753109302
0.50071241584
0.644274639994
0.459097374592
0.494463121434
0.544431058519
0.473588230649
0.759246902307
0.579288552839
0.505307878363
0.648550039792
0.470123916949
0.626245373777
0.553271357563
0.410461752832
0.691755696234
0.56930893577
0.597961664314
0.608744366122
0.700518089019
0.467921926185
0.73830478982
0.710551079572
0.743895567808
0.6611783944
0.603678294938
0.579466807015
0.469302317626
0.330358114407
0.863668509904
0.406200880697
0.680995500088
0.684713840229
0.699381752855
0.699983359165
0.538405486023
0.735227896015
0.457522445358
0.456815251482
0.696216015712
0.467681211523
0.647878165624
0.75472502595
0.368432404907
0.755590029053
0.471439927778
0.546736364302
0.637476286642
0.693571649617
0.46706877703
0.668068316335
0.671393229791
0.627318581993
0.496083952217
0.565383239202
0.441891199491
0.550752474015
0.447897972885
0.518624041673
0.382453186948
0.351070637017
0.575372613172
0.666569690245
0.566614898411
0.720071838715
0.577484678823
0.648094916271
0.694728636739
0.65391193898
0.57609918783
0.646366159181
0.594070176888
0.550075848361
0.70905524633
0.538965676873
0.516748050162
0.515676227789
0.593132149393
0.759381167594
0.623472997969
0.554685431967
0.459504594014
0.64316651014
0.572539939165
0.454130503923
0.372695328479
0.682332959882
0.566614374991
0.616906960231
0.564098463941
0.706894793134
0.594324137085
0.787935800793
0.554988806278
0.488421955211
0.464431847603
0.772508261465
0.678449926804
0.633267162987
0.594996125779
0.469031895273
0.422431574925
0.730282617079
0.572799887629
0.453930565597
0.602019426583
0.449184072878
0.494076921743
0.571499432671
0.620731612967
0.451072291316
0.405704090224
0.67748997955
0.605026587388
0.589390997692
0.589754162984
0.577932009783
0.59378323079
0.425396484723
0.623331972822
0.649539393085
0.715618101342
0.482736874695
0.587469781992
0.560030774047
0.519826146436
0.487775411887
0.505854902876
0.671732459112
0.432713898864
0.702240642445
0.655922896535
0.63405106838
0.519773145119
0.622328251782
0.798583183847
0.679245933976
0.495108931696
0.734743993904
0.598058187126
0.630373614537
0.53211190165
0.640452578694
0.634702194346
0.652041650668
0.591648254126
0.666663661515
0.301059774651
0.683843342573
0.400500667057
0.458902196383
0.691951529653
0.524276522183
0.689742644876
0.532450816879
0.456865368673
0.635826367639
0.476220524788
0.496345516604
0.518687958591
0.583536056098
0.494222971743
0.59602836512
0.672209086501
0.465255119732
0.679070551462
0.59581451153
0.600673522683
0.71240777053
0.530898170006
0.608683329113
0.75805216801
0.584345018119
0.585905787791
0.629866172921
0.676805473735
0.675423914084
0.692984393518
0.397158397939
0.66022426209
0.467694900876
0.580911049245
0.48108912396
0.541917986881
0.412107281227
0.533690696694
0.580976536606
0.486309761304
0.525041764289
0.418150817278
0.442547064511
0.433870819165
0.383174111451
0.401706774478
0.700990812789
0.485303747313
0.618158052699
0.558508122668
0.552139843779
0.577348134884
0.503678204747
0.508743302076
0.569468423902
0.650623315437
0.36465188561
0.628539915156
0.689798706159
0.51955596828
0.609456365063
0.769745476807
0.768182192619
0.526328733605
0.566432325574
0.556924323563
0.466346983818
0.650975314392
0.463754653434
0.724006084941
0.633055466696
0.617841675977
0.751327101841
0.541279638342
0.623680660154
0.635872720961
0.621625060517
0.701849740423
0.601949862756
0.810482572776
0.496932745401
0.52200872704
0.544614721304
0.563210851739
0.779884900626
0.568108543726
0.611644054986
0.525279438459
0.480767917456
0.476421903986
0.574078843203
0.545142318264
0.612632621063
0.499534913746
0.336436035354
0.561000414614
0.5150028513
0.584214996549
0.506788910479
0.473882122837
0.475543323881
0.722786167377
0.489614396257
0.484423668797
0.477351210398
0.594911834591
0.574426810588
0.415743884744
0.568800918817
0.533426744823
0.617238003422
0.544976105119
0.338045844756
0.548297024569
0.791505191692
0.498187432854
0.572360775297
0.565727996657
0.727967666902
0.430690692703
0.493200631057
0.539159986029
0.607707683414
0.622930190351
0.417862294757
0.704010752154
0.555707849794
0.361571099463
0.640005520566
0.433029539369
0.566633337199
0.639910124956
0.646206722595
0.594260615915
0.499260353961
0.56056170039
0.828329625437
0.7423189212
0.610996783853
0.618775761244
0.357581918777
0.475641435502
0.352209445252
0.543089636172
0.565291541666
0.574462685673
0.553760221545
0.564452716264
0.499704832284
0.519017990629
0.451562520045
0.497109054862
0.476936479988
0.564059263321
0.52764171828
0.683117476424
0.46451602767
0.466495281971
0.501074025157
0.475915301671
0.588021112659
0.460581297236
0.3859075187
0.566216442307
0.667541968626
0.489771912427
0.669285829922
0.682303782038
0.457205458434
0.562430197601
0.448114788447
0.674701701543
0.657457057146
0.576241335449
0.381015553892
0.679992399059
0.460850928647
0.560553821227
0.456265002344
0.499172794604
0.442749063943
0.556974378382
0.524888776453
0.502213477955
0.49769696898
0.752188538621
0.515152697533
0.627991849169
0.506547736999
0.543935516188
0.640458790066
0.627224767434
0.641011994685
0.686610144653
0.564232766296
0.520850896746
0.471522871506
0.737169407071
0.501203472945
0.887593224459
0.745390495469
0.718816419986
0.587621123843
0.729410286571
0.48639511815
0.613797872514
0.691065546681
0.574663489747
0.493119197343
0.418556300859
0.567235935219
0.468111171894
0.587756339093
0.711012779838
0.663317935189
0.653120553988
0.519690389396
0.833959385694
0.654481443634
0.669169408478
0.709724796289
0.502673884971
0.757284919359
0.325348095503
0.584977350794
0.551005297974
0.480220226342
0.529985811024
0.617811033399
0.646148253292
0.389736902761
0.663260352454
0.493842437797
0.455914363405
0.572636996313
0.568048272496
0.534230999588
0.800862852895
0.6386445888
0.640861251542
0.54658894033
0.637951053835
0.49253774887
0.727529860427
0.638732316647
0.629207322628
0.644957521789
0.558475167674
0.549766147965
0.62864808968
0.767415971113
0.467157866
0.665760621048
0.588198108316
0.635276996585
0.646549383979
0.555971992821
0.571946654225
0.508456472268
0.748038513307
0.58257598062
0.611908898711
0.52796658573
0.54636015035
0.747105188783
0.465229374332
0.599648986888
0.59926448249
0.72285433301
0.455571406063
0.318198586988
0.463434127146
0.371964907959
0.557130430854
0.600740833179
0.527485986495
0.58533700238
0.753130901999
0.535049376828
0.424825537317
0.608359967818
0.574585174311
0.503287832547
0.629182805289
0.5127429181
0.505350635079
0.400118828592
0.439386029275
0.523073560133
0.558022385366
0.67747449609
0.529212714098
0.574009083712
0.534164812961
0.531559798623
0.676811623347
0.754818187378
0.671671178882
0.616525689456
0.458016250405
0.377316448597
0.695998232434
0.445555991826
0.551353771431
0.515296923173
0.676932671581
0.507943750873
0.443251850531
0.499631631733
0.769173662859
0.428072151502
0.686767201518
0.623401873718
0.655286683166
0.562596414566
0.63325651397
0.717879479117
0.687806633679
0.781773145307
0.593604790247
0.637001859742
0.558664830947
0.650000004971
0.469151758243
0.650276125783
0.733686745725
0.616014432217
0.599082784676
0.538322887412
0.549855465801
0.632595362001
0.681807447797
0.7090636778
0.559199416439
0.48722577816
0.513647673155
0.599090603551
0.321074250071
0.59284849641
0.698078087306
0.523605885098
0.568093783199
0.460070892364
0.563775056018
0.550273841066
0.678468353342
0.47760199234
0.499774767517
0.750620300004
0.7560431428
0.663555219724
0.685887284637
0.470227550673
0.652642975195
0.504360642389
0.529237479807
0.644121521738
0.558455542662
0.645142631632
0.504162546062
0.354530842156
0.454615923589
0.599327154911
0.731234714308
0.470926453002
0.765369752043
0.67291659194
0.329872783221
0.399892643205
0.572230671974
0.823929692238
0.682412675085
0.568098030563
0.607078273831
0.579600397276
0.724847365448
0.44161883429
0.5047457785
0.561165908418
0.588296378891
0.63187986331
0.666909808001
0.602567473789
0.398934883361
0.683959465896
0.646969250776
0.508726038229
0.411684301132
0.627087497885
0.425722615045
0.571124052186
0.491398860991
0.766201443592
0.760212625803
0.54087495494
0.690857138645
0.629512512671
0.692444540244
0.464098616854
0.778752292795
0.48509470504
0.537143652585
0.58160181282
0.571383590231
0.701635592265
0.626086218488
0.508952595081
0.613673159021
0.400498745958
0.538185227282
0.451505724566
0.480408251462
0.679621448616
0.626673811606
0.736603324407
0.663053776848
0.569732648822
0.533788712167
0.55161519317
0.635245109911
0.574423538409
0.616823483334
0.642695443096
0.576706241104
0.666557339234
0.518393663182
0.478541363171
0.422480792989
0.72636186904
0.723848843
0.7129570009
0.597696953627
0.515504753093
0.486473878456
0.690437753535
0.389704653567
0.693806663263
0.632616958745
0.633579601255
0.598152171815
0.743460825576
0.613984915765
0.665536847134
0.395750899131
0.539867402805
0.566301149468
0.382244902647
0.510789382679
0.622178098535
0.489116221335
0.534096638613
0.400202511036
0.561572045539
0.436778411053
0.59725304788
0.511454122813
0.668096762174
0.552674239437
0.792759948367
0.695305247224
0.586445891344
0.579695183267
0.503357944648
0.651275804482
0.455342712357
0.4405898575
0.589186557084
0.437136289914
0.602444817919
0.542733087268
0.534574470145
0.478916680424
0.4731602136
0.624925118707
0.664288523577
0.460845169568
0.736790017383
0.688664578452
0.413614202263
0.654040970842
0.723802463936
0.74678125844
0.591838879563
0.638669446587
0.453487339998
0.662006021632
0.609652797626
0.559374837721
0.535834780443
0.495931199131
0.518311194981
0.468581472432
0.524536995503
0.704568487423
0.664376504058
0.61987946307
0.484533353233
0.49161117672
0.614618775366
0.488322136931
0.436091581205
0.448020316373
0.449976752014
0.612835365682
0.592649417857
0.532632423281
0.531126205893
0.471097388262
0.547133975242
0.732056554965
0.486578674526
0.516324785984
0.746208662346
0.638150212582
0.510498237885
0.613650644791
0.786416362511
0.705363509876
0.638121019237
0.443856766179
0.574531011901
0.650704281816
0.652522298485
0.524106991202
0.482876103876
0.656625405129
0.645047874137
0.575480050448
0.731170696055
0.577669624673
0.347038190802
0.478482333031
0.720868287232
0.575888849217
0.533381391093
0.522797891833
0.651725941208
0.404777577789
0.465924768442
0.808034313786
0.752849317759
0.77206403199
0.666306731169
0.539856202936
0.446551896439
0.69591731615
0.521460358518
0.717287933182
0.34668456688
0.712321862298
0.628111618104
0.687410925755
0.492601172168
0.740798237695
0.579572539059
0.660573789221
0.424422271689
0.454313587756
0.743985199852
0.757592599564
0.55714036861
0.613068090977
0.561144542003
0.725619121463
0.751639189163
0.442784761907
0.499602457541
0.479566021683
0.615230894099
0.620438556911
0.516110155656
0.648411151086
0.489626162422
0.440190365622
0.443727313998
0.654079004153
0.896869288253
0.475343756079
0.695933154981
0.648286022212
0.546766596914
0.578586342363
0.654296574414
0.516672758779
0.508531107318
0.472191669374
0.519249981797
0.77245757711
0.441845787231
0.74568697354
0.682851006242
0.572320781044
0.556064144621
0.529117831075
0.629415583701
0.652566689789
0.514512417329
0.509605627112
0.760489241624
0.733948976968
0.567767395788
0.464601650459
0.505005257565
0.589872049868
0.698778783562
0.609422848077
0.531564504726
0.515793393488
0.641280613678
0.740302403899
0.590237943009
0.624318695396
0.404500137367
0.426447277532
0.644395492931
0.497829473811
0.529232160467
0.64612847689
0.439363595219
0.55838100182
0.638824870547
0.66728048794
0.55945008431
0.528775254068
0.613510079552
0.649264754822
0.392360258698
0.486993616121
0.464399589038
0.576059035243
0.609954143802
0.571842740108
0.620548203358
0.522390455919
0.471794413813
0.538532764085
0.395065265818
0.361056770521
0.44653873167
0.462797677339
0.513876423407
0.811547014616
0.662691469101
0.451941391269
0.619596336453
0.85669491365
0.385880328765
0.41636095476
0.511024597416
0.428680961226
0.600578302559
0.683917323693
0.511395645554
0.599632919325
0.496207134303
0.617735101318
0.511739752841
0.574804903211
0.642475036189
0.501208227566
0.676784212989
0.653580388692
0.670865670896
0.500637180968
0.559439898865
0.526504476543
0.410324624368
0.546574536214
0.519971081378
0.535274003771
0.636133681097
0.491634020183
0.642597134463
0.604423146144
0.405830031434
0.561711852696
0.601753268561
0.512351199002
0.50732657997
0.703953895732
0.419153091933
0.661656028094
0.565409057902
0.648133932775
0.484938283537
0.431592368435
0.409072971133
0.351093195799
0.598821033226
0.634442019629
0.531009472905
0.521668779672
0.58403080849
0.461997495548
0.496999308245
0.505825406651
0.604972605176
0.672725127158
0.478387704386
0.455704051377
0.41132548468
0.611542874572
0.57601832956
0.351713558977
0.418004267644
0.671495823633
0.422746839113
0.45619530126
0.497088762619
0.700230200605
0.566357523538
0.712698599605
0.588418201568
0.499138543343
0.494684596577
0.520482218828
0.592520444243
0.543045847053
0.660090311153
0.59337757007
0.457134605989
0.42585379231
0.614228744237
0.485938451351
0.920454055906
0.439092167859
0.554122343958
0.583655622337
0.420517564253
0.446712963039
0.66086023117
0.547820002638
0.796407413414
0.878914882799
0.503937548953
0.430880385078
0.774337628576
0.716170777615
0.735569156738
0.482678356331
0.479370109803
0.662942940482
0.642360727638
0.622685360981
0.529267927091
0.60235052397
0.602248718415
0.500850428359
0.644488878495
0.524162738631
0.480889102192
0.572589750371
0.596294619056
0.477793804651
0.673281039407
0.756808026216
0.423264686469
0.500096485079
0.379865833354
0.748003035851
0.596701387484
0.591659428323
0.545694983861
0.58394813049
0.54397460856
0.522325309881
0.582614514131
0.494530703676
0.3709630863
0.715275262312
0.518186110393
0.498109725195
0.61756790454
0.623024879785
0.621352151488
0.521277486713
0.784492225961
0.576206853584
0.613141537077
0.358325791217
0.586200789322
0.601540085762
0.471488636965
0.76960062823
0.513753137682
0.542032602265
0.703230320995
0.54704481154
0.533939778767
0.556385025686
0.741293762378
0.64637251095
0.575627671575
0.723041757757
0.498679478924
0.558642505651
0.454840591659
0.570965942494
0.511817591621
0.7534979831
0.623970796383
0.648257563949
0.590853204439
0.605501185322
0.551153874193
0.566416884654
0.484715487016
0.621473243967
0.526986995332
0.628038650039
0.534105505784
0.488325915222
0.390459008199
0.445052755642
0.734772641484
0.578345824598
0.535135381588
0.690358843811
0.617895119733
0.682907080121
0.573806949826
0.538251917778
0.626330924127
0.563338814859
0.522563945058
0.509232486987
0.514495447592
0.648620919208
0.579855131203
0.469558202135
0.678726844477
0.480112495828
0.325208352697
0.505646926393
0.695899332535
0.725654891635
0.493309504243
0.407479232866
0.625676556324
0.591675753635
0.584829713653
0.736360760659
0.417393456892
0.398226351528
0.477022112689
0.698245791123
0.732890898793
0.521703741132
0.726322756798
0.658656017493
0.550329281117
0.469985247776
0.579712967378
0.660586049178
0.322288359792
0.44311740025
0.569575793553
0.535311783857
0.520823961889
0.809451793852
0.569593518278
0.544753901901
0.561106023342
0.616482093018
0.75922766637
0.404987869228
0.549727944841
0.596587873824
0.661379701644
0.713562401047
0.537434805473
0.469525119851
0.581188449772
0.450715306448
0.612769647644
0.561936057564
0.702222178936
0.467799450809
0.569460838896
0.624480706733
0.645673852673
0.612349882567
0.565527593662
0.61896672585
0.499437765562
0.647961450598
0.605216538966
0.555429193047
0.64746987188
0.492683207688
0.403345980292
0.611242465764
0.613937452091
0.459144330844
0.347015099645
0.509352768041
0.432751535363
0.4520264824
0.681144218804
0.669092364865
0.622070357719
0.564700690526
0.573101805285
0.540804789292
0.531576805054
0.542807990502
0.505254722914
0.471116680102
0.788952559382
0.545471783813
0.634109896915
0.618735122852
0.628129128296
0.626118576878
0.534623289346
0.468520864682
0.562582076741
0.516089229121
0.727863595738
0.499119271385
0.613323328821
0.498248232471
0.411139403165
0.452314030265
0.502022092673
0.417486993328
0.489933791271
0.399190547769
0.680794214776
0.568247982619
0.463658996284
0.539897559365
0.693744322973
0.565620859765
0.484139784194
0.507672786096
0.550470709989
0.56159507302
0.418484490384
0.56294339093
0.437084017043
0.459539155079
0.352895816677
0.796929213512
0.45868039539
0.53679909584
0.411282183522
0.41998637382
0.600586918603
0.510847229888
0.73995806517
0.487056948045
0.70816531973
0.539671729921
0.655435368652
0.50907471995
0.483694440338
0.65208019247
0.616981476005
0.264798294639
0.375050180864
0.580699241139
0.520451152701
0.805552920681
0.515053278577
0.618429515267
0.642519495002
0.490577142537
0.490419145284
0.685147513768
0.625563071317
0.569093962969
0.73400561443
0.624173584875
0.777991548258
0.602523844681
0.632740867018
0.47895842934
0.664340644513
0.660799251936
0.454822289041
0.48155160304
0.611915763969
0.595337269438
0.35570525531
0.595576106566
0.592238660752
0.529863663733
0.569410565487
0.559829014714
0.599530104767
0.695858613213
0.859933394548
0.676496621165
0.563920767679
0.618758902051
0.477760759697
0.667665927494
0.656873246746
0.653275610488
0.672150192519
0.487384191114
0.75847679502
0.553129855732
0.669882102438
0.435304292957
0.535744844173
0.86505455155
0.505159135233
0.43619380714
0.58423295888
0.698471525776
0.40222017669
0.862961149428
0.482078065194
0.507055371269
0.570491054848
0.653047512529
0.573457869634
0.487786255031
0.509279426407
0.544371498194
0.590509260988
0.451000137869
0.44749629419
0.932473289992
0.617722385699
0.511405115176
0.683560405949
0.522889871733
0.515044984295
0.565013610351
0.568245484543
0.865339030871
0.400433428945
0.530255538104
0.581141578615
0.6873270417
0.58383263335
0.458203854964
0.651211738717
0.516062557231
0.385917036948
0.61723253012
0.400693065659
0.388637613439
0.437210925813
0.668024849924
0.429802727569
0.688452528469
0.620602408275
0.619044125094
0.600890890827
0.602469143914
0.523352597158
0.57867415588
0.656976111342
0.69592905116
0.520075173275
0.581334704582
0.45051492648
0.51455704338
0.618011410134
0.62575097157
0.422010005352
0.519785758485
0.593683726385
0.606035635435
0.453942821794
0.646197740132
0.417493527423
0.39427763794
0.641716338778
0.486843273023
0.579137606982
0.551764656911
0.376936576373
0.66996030213
0.559655203692
0.546056504369
0.416197202027
0.4931525437
0.601528280578
0.579085084623
0.596261907024
0.475298047025
0.428791501675
0.575320369029
0.474721692498
0.323261028159
0.59125655989
0.396083678477
0.498077989024
0.580217096277
0.65829267383
0.600993185998
0.512676030949
0.802720223956
0.559181738559
0.684274311008
0.60575634793
0.809182699303
0.502460142815
0.648940166296
0.712759366415
1.02084507022
0.402117152359
0.500415411317
0.391353395282
0.373460182002
0.601337178059
0.585414540139
0.674418073334
0.6045421727
0.888430313094
0.7228787063
0.471941344588
0.680210710578
0.483105023584
0.546948593892
0.689085482153
0.663716448015
0.562204295423
0.494471706307
0.726919967468
0.541831030961
0.640086106572
0.411371265149
0.486159013403
0.589528988536
0.502507391849
0.463461530739
0.495589715994
0.618400559449
0.727190214562
0.57730667231
0.528151625875
0.559944008061
0.649727719571
0.606696362501
0.617207450313
0.71034074242
0.50787985984
0.561634655233
0.678927279054
0.595594540999
0.633870195902
0.696986384976
0.456876958007
0.51070895463
0.632116108627
0.391390114335
0.855287854715
0.890362241067
0.617387532221
0.468333574213
0.483005675138
0.520313394679
0.531352197085
0.713502875329
0.590335185355
0.530603414643
0.47647376924
0.549977259658
0.540452947651
0.509889953376
0.675880202299
0.496776314551
0.631365223152
0.768964408741
0.559198314216
0.553506857249
0.718229516879
0.683814016972
0.605323170934
0.54984373081
0.519297020061
0.484117251214
0.542057506784
0.602900163445
0.577813570153
0.52441276119
0.4232637337
0.736078409627
0.493491010055
0.624826031269
0.380767639631
0.553193072115
0.682892901992
0.88409165435
0.756187477914
0.500020459094
0.404452953511
0.614445828219
0.554558356455
0.484687649246
0.645028579597
0.482377897844
0.679603059842
0.599361168573
0.580575813306
0.449700016165
0.563577667168
0.811269495601
0.676127806815
0.508293000118
0.662377461519
0.639974141895
0.595785377671
0.42623134332
0.489940281497
0.624868094236
0.715681884743
0.500229535327
0.523379455504
0.617859272901
0.545207210851
0.640911762987
0.42298873969
0.413949142728
0.611522228927
0.627927093974
0.437565258008
0.501192088879
0.618590353719
0.448271837949
0.708392712784
0.460004339658
0.512006272192
0.433328635214
0.595016267971
0.600910420932
0.701589394979
0.636640599885
0.596564473094
0.569770324342
0.56153263926
0.662214275393
0.699912091097
0.614355751838
0.519879274303
0.616870162905
0.542736387736
0.536322546902
0.637612705759
0.63662285414
0.596075886746
0.750213974211
0.510166937194
0.749740648067
0.627155356282
0.544309412701
0.817119637841
0.492796916126
0.625090356168
0.519608560818
0.76346308767
0.597811021063
0.439450396657
0.506273484164
0.587692471404
0.533334035304
0.541988417323
0.706892852639
0.661673898481
0.57331868727
0.510741708507
0.571151132906
0.325663578135
0.675584920165
0.478660532434
0.48693110156
0.550383704754
0.564164137294
0.765197656213
0.517522604516
0.442073093876
0.484660270762
0.575433171628
0.61956665673
0.574485636634
0.573777603067
0.663889979466
0.383421393346
0.583594954453
0.647311472083
0.730386612895
0.488730078705
0.433799164342
0.685301900345
0.628800590957
0.565095164594
0.701195293365
0.651492911135
0.501077377649
0.620135440472
0.55424078218
0.459680483922
0.33982355438
0.474059069297
0.586895263557
0.64812210909
0.505351374437
0.717227100777
0.584371733676
0.668113014143
0.597103593368
0.526386633828
0.572149143618
0.558495228068
0.580940253535
0.597198157536
0.358404191965
0.525755633843
0.431211788328
0.45902640145
0.610847807583
0.577318751463
0.617085160929
0.520576106673
0.450953917724
0.68915282716
0.53430835753
0.399041401698
0.667272527545
0.532052400099
0.537342199075
0.41601670517
0.729772707919
0.692348518817
0.561819544467
0.588711893644
0.489286342311
0.540697552951
0.504608272484
0.60361386885
0.425847130017
0.436634396148
0.60653721944
0.529931136261
0.590736844674
0.795711029789
0.472676126869
0.679354455763
0.648553942036
0.573347638603
0.382389091055
0.605281538485
0.539535717212
0.430983301222
0.554411336316
0.517486504048
0.599175218604
0.701761328391
0.460752580928
0.555012149713
0.683787435722
0.546824845655
0.678078602456
0.499495018594
0.547039119017
0.750594646439
0.610787279205
0.603257126297
0.581431792714
0.508482133254
0.599564733105
0.481691858671
0.471590901532
0.520894909133
0.649261689346
0.704065379947
0.739637304675
0.511871219867
0.41586351834
0.573478008576
0.561527451508
0.5555510809
0.433679715264
0.613830882617
0.584251802313
0.684335122293
0.430974934192
0.359647198353
0.571775538561
0.583735633803
0.613210329392
0.549238013039
0.556140323303
0.432460159311
0.563541116046
0.668058075944
0.665404327136
0.544796782083
0.530977713119
0.525649250034
0.679823499882
0.421537693752
0.64060797026
0.562813144099
0.71647540317
0.511763142775
0.659880999684
0.61117860726
0.722917421108
0.529367120002
0.473625393729
0.639906822603
0.649046452535
0.569609940939
0.55283306225
0.597712728372
0.569657368037
0.644603343169
0.648907554317
0.428336994341
0.565196148467
0.400313616749
0.504875316671
0.832159315886
0.386700234999
0.514377381153
0.755521405543
0.520649607981
0.609722983153
0.549720445921
0.447977875227
0.649991854443
0.428086948145
0.611527033244
0.433891580023
0.429380236846
0.517573100081
0.506534506859
0.585516437123
0.605759635823
0.571562559378
0.613307753954
0.585623302279
0.507335505465
0.618235694425
0.603375233428
0.522771969002
0.7049900415
0.462116255018
0.567529786047
0.636348947542
0.381567866564
0.686719716117
0.701521893688
0.465069004405
0.502940881306
0.604155512308
0.449665286682
0.479354749123
0.649430011547
0.455762307928
0.54323943605
0.563080245495
0.488215978435
0.689928669858
0.744662569109
0.655652737219
0.68289084061
0.6492454765
0.419700485466
0.691958865837
0.560137989482
0.491268999573
0.630378512623
0.490209094104
0.436125693529
0.577935560741
0.54519958401
0.431492606206
0.499041380268
0.645485728259
0.469855661779
0.503220041615
0.574431356164
0.523959910147
0.437425042998
0.500386332109
0.541513323028
0.637833336979
0.49034781671
0.511177891857
0.473675290564
0.420220599532
0.537998550126
0.463675310808
0.485472432936
0.587847496701
0.436504921467
0.450778605437
0.491910608343
0.642515442628
0.506697737331
0.750295218476
0.529052323932
0.733908407399
0.512887858319
0.55895086216
0.401466441219
0.462139920133
0.591411999644
0.59575178868
0.37399878377
0.424881268861
0.615729026418
0.578981931826
0.541768498438
0.383757650948
0.431444650304
0.694316666282
0.414379297332
0.781806120616
0.643826259404
0.672912213538
0.450081049621
0.745617840755
0.511551012041
0.609182210006
0.609673358789
0.745310401579
0.406184613141
0.544493275306
0.620099873085
0.624340241344
0.612556703911
0.553742292108
0.395788813506
0.569647245746
0.562358192347
0.559459054598
0.488163878884
0.568186039528
0.634214595337
0.731759300137
0.527104564856
0.52280285374
0.503579300418
0.660058427909
0.726699462144
0.62554237879
0.618138355112
0.466390915588
0.587344688434
0.672792277234
0.47184591215
0.44998274651
0.513401032162
0.440872518482
0.538124659917
0.763495889413
0.392943387258
0.75054148874
0.503306741975
0.531298557316
0.588756000971
0.624530366692
0.608872894052
0.538111398669
0.618239554434
0.567143325657
0.436106657159
0.474636606971
0.516074047651
0.643944896394
0.560821402079
0.662830007981
0.540928534837
0.573905801354
0.460581140887
0.692582965195
0.564719312421
0.641664058286
0.492359915798
0.745340949161
0.428958564995
0.746667964132
0.406580141594
0.386999628996
0.51284340022
0.511476701892
0.633536143718
0.548484689796
0.481889229512
0.608493702656
0.544292800557
0.695024432917
0.410579210729
0.604749576504
0.654856630531
0.42723047197
0.740368554986
0.612924037038
0.650579890182
0.61788492753
0.472493612826
0.573880555308
0.528301897175
0.602142138506
0.580381864461
0.595184524358
0.619651031689
0.559463410952
0.538340865493
0.474985704651
0.712103286542
0.564692529523
0.519274622883
0.567242927506
0.581767547593
0.472899782935
0.620548117469
0.697177007973
0.645693618323
0.36595791667
0.469477414675
0.681316648937
0.592040605366
0.56353632915
0.587524175138
0.636153846834
0.590647358132
0.487809364474
0.821548587421
0.727097031576
0.479626924805
0.429318722038
0.455234045662
0.583390082735
0.499488785178
0.437824460309
0.586930460078
0.45838708222
0.643317260244
0.590693367519
0.5628982831
0.818264131592
0.603396673611
0.614551118354
0.591183034961
0.550485975075
0.708879759966
0.53192250044
0.670254419334
0.521116117919
0.508158470555
0.42946937771
0.537070325006
0.347348445206
0.645307865002
0.618976707941
0.658624987972
0.666531020662
0.691936705351
0.607589527048
0.61946178457
0.714459982636
0.678980838928
0.622197298256
0.582079446041
0.782567804884
0.5952021354
0.528964188535
0.569260493823
0.504170506741
0.502017150827
0.545487602015
0.550774223344
0.477419821955
0.535353721138
0.595758438892
0.490200691597
0.671902288744
0.630608739082
0.536246994481
0.568966914686
0.682763373386
0.607795499192
0.529652633398
0.621986125814
0.623766394447
0.84880161667
0.577195149826
0.486737003983
0.644850875475
0.640763843774
0.725694218769
0.594047747303
0.534113502892
0.58539232352
0.510126653152
0.791062884988
0.581207099055
0.54478228604
0.4731019504
0.55295466989
0.424943303053
0.51489994775
0.539618384765
0.579648158657
0.428178546244
0.639763702076
0.609577153904
0.609294575511
0.790879896894
0.478287182151
0.669489585357
0.493753635026
0.529752406388
0.665389963908
0.665790568773
0.780358186514
0.564271050405
0.591394590329
0.626863455708
0.59447462908
0.373450460107
0.558132047588
0.735037196346
0.682106382615
0.450085744426
0.489504415748
0.3744746665
0.497613512345
0.764447495071
0.603546658781
0.484268873595
0.718195034522
0.586292787349
0.448430816027
0.498702013012
0.609299195642
0.542247326191
0.509059086286
0.404975882977
0.463626333882
0.604207330306
0.711191247167
0.509171765666
0.462276593436
0.559823859168
0.464299880742
0.621270310044
0.607725443111
0.594004344882
0.432074432186
0.423455729443
0.613450596798
0.737078557879
0.5445058096
0.568800726962
0.659362844167
0.737503440089
0.648772647478
0.473177457629
0.46969623247
0.533178792104
0.462607395794
0.353922867586
0.426958356941
0.623360616903
0.420086557447
0.474591950796
0.557314495679
0.427377488805
0.751742522229
0.807489989257
0.339271999501
0.715918209411
0.552920337296
0.453493710338
0.457506223186
0.557197302303
0.63457233973
0.519041837025
0.610468895433
0.615754408621
0.574041415234
0.622960187384
0.524082247413
0.518031814121
0.463520809917
0.608615467203
0.487535214476
0.694932641145
0.458794209064
0.578980019672
0.468855755648
0.610142602174
0.494031711551
0.584529512375
0.406522685058
0.620997013996
0.469365696572
0.642385123776
0.53667486935
0.444159334793
0.6098387235
0.634549524862
0.593513839122
0.504186618734
0.520153754182
0.491180533848
0.656209886873
0.559342900739
0.691984702382
0.609659951395
0.389798733584
0.647811566931
0.568928744507
0.577454062432
0.596626032891
0.36833491759
0.461559299605
0.485448816157
0.646865176379
0.720343966276
0.635191979653
0.591765898695
0.623577160643
0.487134431483
0.625611959189
0.510434215804
0.426427329701
0.496218204725
0.453313816736
0.601081496084
0.489109367358
0.545634374462
0.538671401284
0.556048183059
0.591642484482
0.634710152287
0.706293100716
0.331882873781
0.473368676027
0.646778199111
0.578319351355
0.672187261404
0.447723830819
0.428261978946
0.710645790464
0.460432802575
0.54432460947
0.526768775216
0.551331061088
0.502489689204
0.500272224046
0.475604674796
0.655306419647
0.451658976164
0.553744673023
0.610332740854
0.458705105652
0.373983309771
0.616835534235
0.490660202182
0.511696654439
0.704435346527
0.515054142097
0.514271497423
0.740541022513
0.558635445433
0.54485972207
0.387680234146
0.544281363429
0.629064528769
0.505320986761
0.601698410524
0.666934416609
0.604305207105
0.568633691628
0.420465989668
0.504243647152
0.525029720838
0.525114706075
0.499538451409
0.571173410834
0.5686984655
0.578972608085
0.591830515599
0.576197140815
0.44486818086
0.599969078658
0.674039289202
0.686256495835
0.526059364794
0.649928143419
0.454416392085
0.485928663028
0.479104751136
0.60951255433
0.704368514381
0.665021305735
0.51015957505
1.0600150499
0.535331382626
0.702847881088
0.62655826666
0.516464957513
0.461977346544
0.468470698611
0.764196132445
0.457433299549
0.402359764934
0.636448104481
0.653207088965
0.62505635855
0.443673345833
0.441945200876
0.589967023088
0.563444862074
0.536502272988
0.631368311641
0.698963572725
0.586831465358
0.677056382649
0.477402675882
0.700234126315
0.515328391265
0.603886237714
0.501785857766
0.588025243584
0.653905412675
0.664211747868
0.551211881955
0.734648379906
0.580500350871
0.56069241139
0.545010350927
0.627868611873
0.461923731633
0.615601686404
0.627778827879
0.602549328359
0.543076759042
0.73060025875
0.562878336752
0.452610405171
0.520088979045
0.625958741127
0.693621173947
0.585627712726
0.57585339422
0.425786424623
0.742167472967
0.667821835628
0.368298714874
0.442409648089
0.660215339254
0.525115762599
0.507912032456
0.300852173077
0.572755558803
0.581039409103
0.545812529807
0.548602324191
0.723033206875
0.675948695781
0.54026087632
0.445860410546
0.454542070382
0.682945784863
0.650655811488
0.589304551302
0.512258475169
0.545324932143
0.452798461311
0.565778657053
0.4556101831
0.584623104553
0.577154173098
0.544970335049
0.468230790378
0.460883705729
0.6377302015
0.60863039399
0.441010948809
0.551763598616
0.584312942716
0.695530646648
0.742404131249
0.739051512931
0.519643342988
0.523817884322
0.421386218983
0.56326147055
0.544126432159
0.606214130068
0.669635544573
0.561807323769
0.516694334537
0.432057369399
0.562749248096
0.620127545906
0.41115659854
0.582010074773
0.572891012637
0.402797499921
0.59808056619
0.421421458494
0.734395667829
0.462740619714
0.454947827137
0.544698428493
0.438885157073
0.551910418032
0.628139393189
0.62875850812
0.530246326147
0.585869734308
0.495045302383
0.502492844494
0.453940049134
0.645931932557
0.669858064157
0.697686073109
0.525138653611
0.595317322632
0.712696470347
0.525117904803
0.891373356125
0.470175693955
0.648512809059
0.620304513101
0.496842049294
0.614301185892
0.577126742705
0.388091972929
0.457385179738
0.395711811444
0.628190472695
0.513175460325
0.473210608912
0.527761658795
0.649792788245
0.435399720176
0.525871025002
0.56588761678
0.611720662226
0.399693659186
0.605470299918
0.418301963294
0.63226117222
0.434916748067
0.586803982203
0.435829948418
0.528713798323
0.64954701639
0.446149219475
0.558778145977
0.640375980552
0.634678303107
0.409636904223
0.71240193833
0.359264427812
0.368742768997
0.505738337436
0.536731608544
0.615425330534
0.570476104576
0.422272116161
0.5081423456
0.524513049268
0.607256290826
0.623845924402
0.536084400821
0.651934984189
0.626919430325
0.56742499775
0.476832637549
0.598650191611
0.548631144417
0.691466156651
0.67082567186
0.471981684959
0.681273754812
0.439248279707
0.506196132403
0.519005771005
0.475972296894
0.746616464784
0.496000270974
0.602782867321
0.613392373329
0.576245416495
0.723222337016
0.493718573922
0.767388777422
0.635954367076
0.798062252232
0.721266389718
0.717980679806
0.511552931859
0.465696217146
0.562478487116
0.77425400343
0.641324738217
0.518264917311
0.460721683325
0.618052234716
0.755103946289
0.581316969393
0.408039391595
0.56961316042
0.518498200964
0.721430126051
0.721394098409
0.655613610761
0.490148048254
0.805217365271
0.589152493791
0.505494396641
0.450251223798
0.438832681745
0.606044186713
0.686914735971
0.617277190018
0.43768390776
0.582759185652
0.737946777621
0.430674141972
0.536292644979
0.450198473085
0.339495876593
0.485220162812
0.427704850375
0.530834014827
0.601020984917
0.441571298016
0.714581373535
0.379498945988
0.641029753964
0.478864644796
0.765157373597
0.524638054603
0.616966177187
0.659486173117
0.656681832906
0.580397562836
0.549506460634
0.449723461514
0.574625514688
0.516046887107
0.46813384677
0.555002619706
0.566848519652
0.477078326375
0.512272175891
0.558780644168
0.650657613254
0.496280326177
0.4907123032
0.740743850955
0.521023250856
0.584369699278
0.413163756261
0.782332771603
0.701957258997
0.652513796183
0.435583801592
0.759167608486
0.628913754198
0.45222205977
0.406064082239
0.612944721062
0.571504067214
0.584379776073
0.692445950451
0.488048366009
0.725384499433
0.787064845206
0.610212547703
0.68348092719
0.699109014062
0.808675153552
0.769073685212
0.694457687249
0.50360353164
0.603875368125
0.52604515182
0.786238697582
0.693342772902
0.563214746063
0.411493904361
0.704433786965
0.543671273066
0.566169143225
0.469822246894
0.551921538064
0.685642012419
0.628292098819
0.604647524698
0.646793801487
0.61880335288
0.508855021455
0.543334446329
0.465358812534
0.376872665668
0.684518975733
0.55559101009
0.563987712089
0.759000533742
0.683637570086
0.619712287138
0.754583237895
0.548596481003
0.49310198836
0.686191234035
0.588063804798
0.616925105703
0.488227381542
0.667833536167
0.597292278496
0.636300458751
0.563183620203
0.696081131197
0.446851313814
0.581827944907
0.656218196075
0.843404654851
0.65540216057
0.629210462192
0.510694938178
0.628923675771
0.63312413564
0.624437484419
0.591435934598
0.493786727829
0.5723618242
0.822414557612
0.473288304765
0.565745514242
0.403142721472
0.452149407706
0.513967837981
0.497530912323
0.794785415316
0.418733917194
0.527205228932
0.361450724582
0.444977083896
0.464162896058
0.541769223803
0.636795576056
0.716659208269
0.525646348157
0.508811327782
0.623399417104
0.638489481074
0.734458343217
0.538419259536
0.541476253013
0.486755051565
0.681504972
0.573416057221
0.617248792167
0.394174478248
0.596349246962
0.621425963689
0.483823271395
0.564066448692
0.559970918285
0.657787295007
0.541504948769
0.432706409537
0.70012203296
0.77442475806
0.567412619695
0.499840435914
0.74898988592
0.37794293121
0.695222249254
0.720473748659
0.587097704711
0.593754493937
0.671124736197
0.413412922077
0.505212832729
0.603202979321
0.459676514784
0.528674389505
0.510018860698
0.748088338977
0.609095100252
0.699662332774
0.583709602602
0.740551727039
0.6472947919
0.509116751363
0.957272037543
0.49587924523
0.44847946594
0.673480553573
0.720567360246
0.480946761598
0.474378400885
0.47453950246
0.60963042729
0.554233158937
0.553216380669
0.796960630549
0.593529039262
0.414392101818
0.609556263486
0.767862344123
0.470413427997
0.51092259748
0.5500081049
0.652491063132
0.547777479891
0.49463142562
0.729134221728
0.789146521948
0.581789496928
0.671636881442
0.587280320161
0.345100874309
0.504542720154
0.563641179861
0.667208463946
0.57252781428
0.547442717588
0.528330718364
0.589647784898
0.704889821157
0.446596462039
0.703165350265
0.524984826159
0.552755286853
0.525523256779
0.582666830228
0.665169867545
0.555543498855
0.453236587578
0.902355816775
0.470615105779
0.650373987791
0.390938731732
0.582914131545
0.894504923403
0.643847489838
0.605271767333
0.713614891109
0.444798164591
0.388934736373
0.416201177853
0.405391453667
0.499041860733
0.583776296747
0.523152774138
0.674123569435
0.561028353312
0.575427342855
0.679395292798
0.670326588398
0.639594347595
0.564966682313
0.506240713776
0.482950854214
0.467905780643
0.454818814537
0.54824969732
0.660197285261
0.570087773704
0.625033425424
0.887416353252
0.278431272351
0.812054704991
0.378542824086
0.480171069737
0.598719041034
0.352390784173
0.551329690036
0.648667328614
0.854173247502
0.740352871533
1.08942539933
0.414888272653
0.600241647679
0.669203361838
0.934493099727
0.551147081019
0.794642574325
0.717216509067
0.32963957516
0.778701410534
0.539925171438
0.761821097518
0.697499478517
0.516747350149
0.776543488987
0.522202203797
0.407473434155
0.535057280839
0.632260919512
0.62956506556
0.411308523598
0.551175498513
0.973828546901
0.453594404513
0.41212591316
0.638235759537
0.517777487477
0.473414549736
0.64786560583
0.622344969515
0.560847340133
0.900689424056
0.629761974715
0.512049205168
0.375103031343
0.682469610202
0.861531791958
0.927923481565
0.512707755845
0.479143473942
0.510742463089
0.72352327445
0.535195085669
0.602385596097
0.889442999154
0.488280751205
0.516616072794
1.00191046561
0.565716166604
0.722940908174
0.743792213374
0.813743370749
0.471865240571
0.687958490993
0.609918914907
0.561406938525
0.688149353573
0.447743212304
0.924701366709
0.506075953536
0.608111555631
0.437623778497
0.545046217473
0.745298327822
0.544004786581
0.416967522932
0.588377033715
0.499924629183
0.720642205819
0.690281647732
0.626381538181
0.455352459512
0.54463793662
0.839810425024
0.713640017201
0.648688639443
0.611450129393
0.863500562416
0.767116790225
0.483143364375
0.939570485211
0.381138822594
0.50834493933
0.451340000417
0.893615026631
0.566138087207
0.700530337448
0.830097051404
0.799535489499
0.711769661526
0.74178672634
0.755224468009
0.560600011195
0.562657666581
0.500881267304
0.625719945576
0.552601991626
0.608070623468
0.704926438215
0.531189222269
0.601922175487
0.803883102274
0.471164342263
0.633549438707
0.77006301326
1.04423110746
0.356319670164
0.683973696828
0.857118549695
0.413530467767
0.517088356749
0.611472463092
0.808697290057
0.714431413388
0.628925792948
0.657956763132
0.47076882456
0.512265978164
0.550760502363
0.658237719487
0.86672111203
0.613138990198
0.761879537711
0.468261584657
0.639333134423
0.731612301929
0.533048047649
0.537148900996
0.586720277524
0.825222246116
0.475918814724
0.527618539811
0.598058137815
0.802212162871
0.620806757948
0.816394438254
0.670567478231
0.940433406578
0.939026502281
0.980079342841
0.65660406787
0.736465902513
0.650862942433
0.853394839512
0.536087048373
0.369387878194
0.748896823434
0.768045311453
0.84216500987
0.631742910167
0.614661648168
0.824218583735
0.76361394507
0.769373900954
0.55957759461
0.571969001588
0.597788969705
0.535260224367
0.590336207419
0.77691432637
0.52168457767
0.628020194917
0.588954376905
0.405264278837
0.592698095847
0.348341529298
0.389029733199
0.602696786485
0.599513902243
0.737335268935
0.550682514063
0.488841350188
0.522336492727
0.629652616432
0.530011463992
0.456871770581
0.520533645481
0.534920101053
0.557296369183
0.502337241284
0.400021692508
0.558258143427
0.297827536337
0.391564352171
0.698382875257
0.566490770085
0.496019737602
0.545398768338
0.445445034691
0.647017044629
0.688119620643
0.602394049269
0.80310034921
0.497432587579
0.467147934784
0.529253010963
0.546348815256
0.554929450514
0.560084183461
0.254167762249
0.57769419275
0.551922959823
0.511712409606
0.541015862007
0.630520178791
0.564970015309
0.413901459629
0.539703679646
0.640416954867
1.00294285473
0.574280533716
0.509764400844
0.574122385511
0.591864903216
0.748211473494
0.453232234921
0.473828154039
0.554278262818
0.732931053339
0.444732408782
0.375703675261
0.485238715872
0.512148508618
0.452809650923
0.465525075964
0.482844700622
0.536447292149
0.544148124035
0.431627798296
0.57601958402
0.366215954641
0.507688245898
0.639517594399
0.443553412057
0.735157617752
0.550435425128
0.413224986682
0.438372074163
0.514808308615
0.593807982528
0.570325986804
0.896037967813
0.667840065916
0.439562873533
0.468337081614
0.469371809722
0.491228947882
0.564564364719
0.503313416542
0.743902180861
0.686701184532
0.442167305108
0.378065569952
0.683748488149
0.44258459597
0.600385756965
0.533384004656
0.42895411195
0.626702646939
0.425886464741
0.483580018255
0.641181537415
0.725061131951
0.646702944307
0.55916396096
0.564318411479
0.712885657419
0.463992988246
0.641155392019
0.568845053284
0.531677890734
0.647182803766
0.65804499585
0.684774948115
0.354873091388
0.574911222876
0.430175098869
0.563852922949
0.518942391119
0.802538085029
0.572047858549
0.652237702935
0.620780786122
0.476531881687
0.393343454389
0.709244000074
0.533445772314
0.572706867821
0.566139951737
0.652399806311
0.699536788407
0.575887830555
0.495669118702
0.708952673634
0.750362197141
0.71545275026
0.506537182641
0.608675674237
0.548600508615
0.333397434281
0.583691139306
0.629908381959
0.722988477446
0.458983027857
0.465553820813
0.731749839791
0.601568697531
0.632508990566
0.557171231802
0.618629123107
0.548317553332
0.53838381365
0.553707294613
0.75564055794
0.461774708452
0.636395516387
0.568734261
0.640628497855
0.547773784617
0.631907308407
0.339870077124
0.704290574689
0.604558796972
0.481087686301
0.635133036161
0.45750984051
0.591706998287
0.546778646801
0.598349279446
0.602210622941
0.518930305378
0.537640232696
0.498333349917
0.48899590658
0.43994964036
0.541992422646
0.584055766444
0.499566065927
0.412578223125
0.617968251496
0.667005062237
0.630711098536
0.629474361727
0.605321887426
0.462860924742
0.423874305509
0.522180616645
0.761370995176
0.488073122576
0.493395595217
0.547851528842
0.489639894551
0.568796974501
0.596201680494
0.450308327317
0.612709488507
0.594453898968
0.592938570047
0.5107563983
0.453623002749
0.44348692227
0.462241165212
0.494619918813
0.398038180964
0.572733236395
0.536048922776
0.630412675726
0.510295832143
0.634210444772
0.711935903044
0.512474039561
0.469007578127
0.732482989144
0.588106442626
0.708388836416
0.606811822227
0.601677007495
0.629906842314
0.544541743862
0.609438191459
0.588555230767
0.648725006554
0.49546163412
0.530658927323
0.558284315298
0.535037988362
0.367957656467
0.552002187061
0.811968624051
0.681462723795
0.545208503001
0.625731414994
0.42069534006
0.564205066863
0.514386335122
0.724057273775
0.582053900962
0.512880779462
0.663981235823
0.631289264576
0.563093601008
0.686346437646
0.469930621451
