0.243009645983
0.227347896027
0.41298959602
0.355658658905
0.284461006717
0.299824232273
0.302190068318
0.284513569727
0.292275203405
0.249748534947
0.20499968839
0.255239122783
0.279411495982
0.225576516768
0.191196300027
0.3374361667
0.370130135187
0.23132314449
0.231308861225
0.294104479176
0.175979784188
0.267356094444
0.300932719029
0.198636518885
0.275531770114
0.229737662011
0.301231307043
0.291049219968
0.207848809135
0.261770837331
0.262036480504
0.366743880836
0.293639765342
0.220853533409
0.244968724931
0.229986512538
0.370950094265
0.239595678773
0.218294941874
0.314716154983
0.354746574662
0.266482729356
0.243578807219
0.255404676448
0.267470964982
0.351399333534
0.250192833496
0.253771314686
0.336965812787
0.468577927226
0.362157760937
0.241377862612
0.273741389315
0.32690136743
0.216036213751
0.320145288116
0.316445096469
0.189933829867
0.248003153242
0.292445800596
0.235145909706
0.196559844019
0.282952932976
0.274369048838
0.277304278261
0.254662990359
0.285697156275
0.322401874535
0.328316861401
0.289312058943
0.2304255717
0.315398782247
0.200463139918
0.396518713918
0.284302413896
0.266095216808
0.309097723904
0.253736929189
0.307630369535
0.224906198876
0.307123288156
0.344788933855
0.240205729161
0.244846319104
0.280114755071
0.246033146711
0.216777382859
0.249208738861
0.367033923199
0.354893069898
0.269051371134
0.289114333418
0.269531470366
0.151195655882
0.326813622327
0.229654039923
0.279436372
0.341170421683
0.235210234983
0.327194533759
0.27644772365
0.216044555182
0.349600547937
0.330418256967
0.298116049549
0.216855425817
0.275122219138
0.194804433655
0.267245339431
0.314472464943
0.382239129403
0.308058334483
0.267241062626
0.248728999572
0.34040458073
0.256510838937
0.279750724445
0.344371612178
0.386378206233
0.220234166658
0.221687695542
0.301270340988
0.286301149591
0.352948651038
0.35432574288
0.259308974672
0.256491363458
0.328882667568
0.326048301398
0.365147435277
0.379282545458
0.274581282953
0.209934669713
0.259492823785
0.304020235634
0.229801915442
0.284446750348
0.292844225396
0.209865993355
0.274547110424
0.361213850356
0.306492153659
0.26376635838
0.263659409405
0.293363788319
0.298756719803
0.356328242719
0.258685958555
0.243979194567
0.270388746896
0.334732567329
0.295993729917
0.272025469455
0.299852197062
0.300357214714
0.320934136684
0.24775196193
0.229668898293
0.241439254173
0.297188263065
0.35371300617
0.303057688741
0.273476526117
0.286432028952
0.295222502676
0.248105526836
0.27784119279
0.31805148506
0.336264123174
0.286332774317
0.318670973044
0.264309547265
0.199982633746
0.361290304337
0.208452974966
0.271008052372
0.344739549665
0.276640977799
0.333907686234
0.301514463935
0.339774134921
0.363781719542
0.325128510013
0.305212641698
0.309812111943
0.279282872751
0.279688557201
0.228214780289
0.283193076283
0.211072863394
0.272856822377
0.249268254647
0.320173340445
0.375265841543
0.39977690086
0.240550058867
0.277879804529
0.306170794318
0.245082477126
0.236282978138
0.216624278747
0.276259542554
0.238890921571
0.26892755643
0.325283148771
0.249384994233
0.370452119354
0.314896383569
0.210294626268
0.274721140093
0.310288660642
0.273802367741
0.27476059967
0.285744256955
0.289075179182
0.289109740615
0.247631068827
0.391732051923
0.342938000684
0.270009775824
0.24478092068
0.269276381077
0.219350917293
0.283135471266
0.402462755161
0.26286267095
0.200288994411
0.188499367563
0.248292943975
0.20985062004
0.245675576038
0.219772840478
0.296125402349
0.145502856546
0.317906568368
0.311512066223
0.353952230108
0.335669079668
0.271065359326
0.328023245327
0.236683963175
0.194796975393
0.189400967131
0.307733310091
0.263847659141
0.218756009602
0.187263037993
0.310307582006
0.264902992787
0.251917761624
0.327720864602
0.339608227236
0.229824489665
0.285425499123
0.25353319376
0.291463166509
0.245029992882
0.205170331636
0.25744206997
0.337994404742
0.198241224146
0.49233115601
0.459600042989
0.385346296384
0.299725853231
0.295847855923
0.314396441414
0.282483170876
0.232007991472
0.302757239269
0.327231981447
0.30788593779
0.212852851058
0.194691566924
0.291150982661
0.3930934966
0.287368555205
0.31068760734
0.270184898428
0.185551925488
0.281864631149
0.309501556715
0.243489217274
0.277430444499
0.197476894342
0.366173884823
0.223699757731
0.315643982967
0.330757622878
0.342076722059
0.303346198894
0.251382376555
0.223791119419
0.245441253588
0.280637795435
0.318745312553
0.193269843386
0.295820828179
0.242511243815
0.346582043864
0.325482856327
0.276187300514
0.218600221132
0.359634998954
0.348120314699
0.378042561254
0.265915316747
0.370435871394
0.317276759648
0.31794527947
0.199598528927
0.207609543638
0.288380923018
0.31455618519
0.270686663433
0.284314508011
0.201683592065
0.359204552574
0.255297696754
0.364253944811
0.342686566825
0.302821936586
0.261657330325
0.225460943904
0.276779138235
0.305077796615
0.258876065449
0.179880302346
0.390647796215
0.252557673832
0.328978071267
0.334983992292
0.292562089089
0.278717964512
0.352037494927
0.158845166724
0.370817197596
0.247319142954
0.306321648662
0.2335031379
0.339416512081
0.319960804395
0.303517385067
0.276686331956
0.278598703382
0.269029843864
0.237047924509
0.254030220218
0.331799817657
0.280836668659
0.260553004925
0.271494434316
0.2497578795
0.286705177173
0.263981251076
0.1998024433
0.226007395327
0.389641376454
0.341651102758
0.303375212655
0.234160575971
0.219316241436
0.246563265097
0.183653683596
0.155447508566
0.202670880794
0.28975833075
0.332760832941
0.30608864335
0.282651104961
0.365138270692
0.290445163747
0.293255362413
0.275795907368
0.216688031443
0.317500519235
0.276365237184
0.292992347398
0.189175650717
0.27160350923
0.324316475341
0.358136742966
0.251286019209
0.35983965159
0.246346004167
0.257507724014
0.358669057458
0.239860564292
0.213023339541
0.218286724191
0.252452744667
0.172059625353
0.375908022279
0.27284906641
0.331978324505
0.361204488444
0.294033979595
0.322452768553
0.331361911045
0.229038380169
0.266346995624
0.287366498427
0.209571242157
0.363610249393
0.396924880523
0.216164543189
0.301746004088
0.32866942532
0.251971392336
0.273719015986
0.426383646069
0.286688009067
0.229026839161
0.287437775252
0.34563761598
0.317557347663
0.263475236273
0.28319008307
0.47155490921
0.421154720415
0.32697660037
0.29037184213
0.27297614328
0.28648855794
0.292024173329
0.319142617373
0.264957314716
0.324411756845
0.372359463102
0.275244662879
0.284230529251
0.293604557191
0.23982597909
0.356188323907
0.342352660321
0.270095028526
0.318625832278
0.336946427564
0.244552418604
0.266241058912
0.258185767089
0.350284047411
0.246273071035
0.270926362174
0.287581194004
0.249808016265
0.373163535833
0.273060664358
0.291395294054
0.228744837454
0.347709163776
0.260650684192
0.244897231305
0.290924256215
0.240895402744
0.398853919798
0.275000347349
0.283788501916
0.325806597712
0.289427498954
0.254400164413
0.306783514679
0.215650626343
0.317622905639
0.321650263645
0.254169018352
0.302449296321
0.283820347217
0.245537850527
0.234915469793
0.302810487592
0.255964804307
0.284359488143
0.275486729292
0.327847022573
0.335617861732
0.262214699415
0.2241693673
0.361637907545
0.307795342404
0.317266305114
0.291163158526
0.21852964727
0.281879832967
0.338375994377
0.294162208873
0.210895542767
0.343614772323
0.225805463758
0.28372810452
0.28535814992
0.319106510738
0.198222693461
0.266117368723
0.248069662733
0.227510396163
0.281330485068
0.305751164293
0.378089161165
0.31501423869
0.233636908805
0.284624443555
0.21377139887
0.251642028067
0.292610912552
0.299638365687
0.272740821849
0.263879288648
0.292015762969
0.249911107249
0.241831083379
0.174188299287
0.255815071681
0.260458724317
0.353907629616
0.317838001315
0.218115932622
0.293352812516
0.279369049831
0.292366817538
0.338008447301
0.286498258189
0.228839012368
0.43354540083
0.28453870071
0.289979285943
0.188395999806
0.42055781454
0.27486244612
0.272891434538
0.297805670881
0.159047738824
0.305587406252
0.350121322419
0.206961347182
0.225071268618
0.278141051902
0.217727970146
0.26510286772
0.236361147857
0.357545825691
0.346437217802
0.305014688716
0.294394578832
0.373136215371
0.22733936843
0.357292792697
0.33057700029
0.300771460072
0.319909751536
0.328811507164
0.376846592119
0.355132042159
0.288218496197
0.31724534201
0.280214290014
0.324309332892
0.232587403142
0.226578034117
0.234041661702
0.339603747095
0.364228610249
0.298598127319
0.291624758925
0.333956032664
0.321616957605
0.253159567112
0.18412045078
0.411013453675
0.328962739528
0.239157884969
0.258515675726
0.311337399936
0.458409861858
0.390241857354
0.334441410035
0.303627073349
0.382345507978
0.226242018803
0.221848416657
0.232034972268
0.290246326678
0.269780436521
0.270212284563
0.233337432293
0.147418045705
0.215213589961
0.222816006464
0.269328654891
0.282614896365
0.287453749583
0.293937552424
0.346224586695
0.250395377648
0.311313532598
0.299529081888
0.244911453058
0.248641572676
0.257213934388
0.236368189437
0.266793140511
0.363912999301
0.222384948875
0.225680027993
0.308903366909
0.217626634194
0.248489714333
0.321272066566
0.333997510081
0.342170809324
0.31090021469
0.316491045134
0.274431920734
0.299543837131
0.285661679905
0.315557238225
0.248407687994
0.295635051384
0.217443749435
0.259026734164
0.216149781767
0.210521618173
0.233942607453
0.19460985205
0.32484982266
0.369618048638
0.387725546122
0.392051934967
0.280610390537
0.239793285158
0.304702608657
0.198225372328
0.252265896375
0.432347593618
0.449888273182
0.38721322876
0.162228986395
0.384989865512
0.349210152325
0.444150739218
0.360778203451
0.320059737209
0.299982363113
0.239699029283
0.249525382028
0.401641908737
0.247870529046
0.259988763277
0.280090625691
0.313820709183
0.299149776751
0.298372944496
0.178570897875
0.400823254886
0.284955444361
0.25342721307
0.284785282705
0.253179768787
0.389804696861
0.301986714954
0.309306234712
0.299160307971
0.311411080701
0.290653035839
0.317183650124
0.291367796824
0.230480379047
0.372457437511
0.277339211825
0.263919943051
0.27331779238
0.190360127497
0.236556215473
0.317805083299
0.210198665933
0.358615152989
0.247312199417
0.313999925847
0.295653167909
0.220672079431
0.305060984684
0.16430557339
0.234116868806
0.239525025822
0.224651112419
0.257401184135
0.394457131785
0.251035762404
0.265322416961
0.329377638793
0.41454218734
0.28222304959
0.370211526173
0.293067867864
0.304109690489
0.327777802488
0.262530154236
0.303571980866
0.321577096352
0.35196869615
0.272599763016
0.375227681568
0.260029416767
0.323050919999
0.35958893155
0.338528149317
0.340127894748
0.206798844903
0.16331899783
0.310413871585
0.21080256153
0.30507743138
0.340122447207
0.353901197226
0.331162042563
0.215415713475
0.240533254622
0.231957180673
0.273869104984
0.339458440973
0.322526113668
0.348811674843
0.394253595003
0.288503120857
0.275986000666
0.254648417015
0.260185218146
0.296508428
0.313794602405
0.328451214302
0.349487203539
0.242227877706
0.27832131308
0.363717766163
0.327346961045
0.266198099367
0.235695903995
0.165234816651
0.240239236751
0.286355767909
0.32200032349
0.253113540838
0.2798803425
0.305963802566
0.247527521878
0.328655523095
0.335644978554
0.370090935557
0.350028604878
0.295469471904
0.255111416354
0.199082595563
0.36903726921
0.345953491661
0.26823721066
0.259464077559
0.40924338958
0.248810069813
0.245897175224
0.219496309498
0.399948088105
0.269229113436
0.271552320028
0.226416224655
0.319275277255
0.221762579145
0.283264468795
0.32634357088
0.320247183135
0.367619819702
0.335915701042
0.234745714404
0.28783975538
0.184911009302
0.340996334945
0.347775456727
0.255568952886
0.266946529022
0.285714131322
0.264294497762
0.311533854081
0.318895163822
0.201105055344
0.285438311402
0.300501749105
0.280684062868
0.315219201242
0.333383133556
0.292405116382
0.264464576398
0.410041159186
0.39628089256
0.285669896351
0.325385636967
0.295656446349
0.311089071205
0.224700557443
0.316921876224
0.310698193674
0.224386868763
0.29876431467
0.315009514837
0.189500162294
0.341331359814
0.239920139861
0.245686471775
0.318457341833
0.301247824088
0.376888650932
0.294305212848
0.196344258068
0.273134723228
0.299539583141
0.248621979113
0.451818295434
0.230636664244
0.317257852893
0.226145534886
0.218896932903
0.305291667046
0.306823752818
0.297557268042
0.340699530639
0.251297349537
0.281969357796
0.347426532143
0.313924144561
0.343330612224
0.280150305733
0.237711689037
0.286933857795
0.270439774924
0.306024022562
0.282813062501
0.325045804929
0.307023806019
0.280925181704
0.378822798053
0.330366411901
0.209508458483
0.291352771379
0.309836057829
0.288759182015
0.25804857889
0.235407961995
0.264940720348
0.311136226222
0.312908780314
0.257016243256
0.3344638792
0.235130162768
0.263430965585
0.230815757401
0.336558150976
0.243728458908
0.17312705098
0.233936479226
0.283040348287
0.302700446193
0.294387048617
0.350948749748
0.239023518706
0.317203010599
0.314446952401
0.289910870634
0.224681463965
0.292931063554
0.238150634146
0.372097896768
0.294804518039
0.202928938014
0.418870822909
0.256777237344
0.252094659035
0.321930539189
0.294503315397
0.270845876548
0.345292891496
0.282403192694
0.344913750542
0.279490961225
0.405849900597
0.432312338567
0.259785052354
0.335366351959
0.241527671735
0.339026276189
0.299376371374
0.303802764624
0.351745522802
0.28779384482
0.231371802393
0.258486299545
0.277153205669
0.272406438474
0.323724809384
0.323269759173
0.277293704482
0.350137799127
0.238761570079
0.377970805134
0.295872249776
0.31349528071
0.297405835916
0.328925965797
0.414258259371
0.374583291141
0.287496743065
0.258237418572
0.267921645511
0.202717829138
0.263709514038
0.26039701975
0.272466617713
0.187367399049
0.339003492066
0.32105835528
0.277696529443
0.295177341287
0.28150227438
0.298163728027
0.395316396471
0.264131450478
0.208542669582
0.191560593481
0.342532264034
0.283823274948
0.29524548882
0.283522097339
0.237740171928
0.315779912538
0.288092118577
0.215411555018
0.304601878068
0.291597520493
0.294690177559
0.393148726198
0.300219832728
0.297753813438
0.236426022718
0.282492764318
0.292678979278
0.264048575537
0.277607135482
0.364265478973
0.323734219529
0.273173249508
0.266947379988
0.21966445747
0.306967703202
0.331413351742
0.318729735593
0.341689678073
0.299593858891
0.261391526923
0.233131446712
0.291588915039
0.302450744071
0.34141829244
0.327288203764
0.308924134089
0.342532836002
0.403940570722
0.228293670115
0.291821891737
0.305226758777
0.335594939884
0.275093776994
0.295401253633
0.309024361834
0.327797136042
0.22910574468
0.260771095918
0.243111087069
0.276255406975
0.374964622555
0.35292679715
0.449293416012
0.33032792339
0.260068762542
0.272445124422
0.232127620797
0.271585806816
0.328722875546
0.3558951788
0.265010475909
0.279394095686
0.371234160108
0.304190194316
0.29819338745
0.307783944088
0.282468632383
0.296493704577
0.248403270419
0.307210882644
0.191939381613
0.266532200511
0.341140743235
0.305092180079
0.270690882408
0.306482383948
0.272246202603
0.316505924143
0.27933257081
0.249917920251
0.291149745316
0.216569907098
0.382359879282
0.25600914033
0.263725069803
0.247384618283
0.350523033844
0.236931783391
0.198270489153
0.192189921772
0.244295039784
0.305136420194
0.308831824562
0.341105876018
0.285433711419
0.294949624277
0.330846247939
0.329095912095
0.236155178017
0.23202186707
0.290272420818
0.295083260357
0.288930397159
0.302261141054
0.327464572211
0.387382052469
0.271953987721
0.333501849042
0.269112956991
0.305617327589
0.311167177939
0.267845237934
0.237509332175
0.269313963441
0.238293855683
0.293749458376
0.235703390899
0.262984044313
0.34569938335
0.28748300739
0.274987810314
0.319246112002
0.324634313996
0.327559465705
0.244963353376
0.308449104942
0.245459986681
0.295791522725
0.321704959945
0.346214371863
0.358595052797
0.215952854703
0.282261915221
0.25385237656
0.235259607634
0.245553401756
0.346800285563
0.305163282919
0.239709887344
0.287579414322
0.254774409344
0.312806397595
0.278028130367
0.20424673097
0.196231521864
0.268467250821
0.264073494053
0.304028563744
0.204589725912
0.299839516206
0.331877396525
0.255541409545
0.30075556328
0.349703601617
0.236179304995
0.286765004587
0.314776073198
0.18288270831
0.309491202945
0.284535325905
0.30562063028
0.370716690019
0.338157115487
0.367302057684
0.289176824386
0.343369864024
0.328716974038
0.283950254785
0.224394590267
0.329606183519
0.231038771316
0.290293455857
0.355700336021
0.253361748926
0.414405603874
0.241663914717
0.218731582369
0.295730781741
0.363148152066
0.347912501516
0.317090548225
0.179152882689
0.333400779613
0.269564198867
0.297426351039
0.314610712409
0.286272318374
0.295327755326
0.267906683422
0.381081691105
0.253779142595
0.342570240654
0.205129849119
0.29824213508
0.336191430897
0.248037219729
0.33192307878
0.305856087008
0.277451790028
0.201780911667
0.231817894688
0.334325170446
0.261567211838
0.229783982765
0.245236647174
0.231494372608
0.258928197158
0.250013587235
0.288323933784
0.317399459351
0.30903329409
0.324467353331
0.271840685393
0.399368159507
0.26219575006
0.415624853514
0.21098273053
0.236275490232
0.273869397549
0.28245671027
0.23430669882
0.381451250526
0.223063064828
0.265566464157
0.308174374981
0.383678261096
0.314082614459
0.280868722396
0.248342324533
0.254432474434
0.25989465419
0.231431674888
0.291400347403
0.306189160662
0.29584581544
0.343721629145
0.295272007288
0.304741895994
0.304004781625
0.286911456825
0.268918081905
0.396397044247
0.223373196808
0.324520732686
0.388464320153
0.368838646133
0.246716180926
0.283547297938
0.228210180411
0.287728336932
0.317570193709
0.318908371908
0.282678879201
0.32847951701
0.342127196513
0.363943645207
0.357576955032
0.224043566889
0.330745393748
0.323124833937
0.295635821711
0.350363631854
0.246470877813
0.326307984314
0.25145502457
0.297733017349
0.345786066478
0.346183935138
0.284158038982
0.322753165028
0.264214109744
0.27114197282
0.281586597237
0.284838735808
0.395579617717
0.277361166849
0.228054108853
0.222755098374
0.311054089527
0.32512351328
0.325521766394
0.3593129133
0.228401783997
0.331788429259
0.280087130469
0.300241267715
0.277566395906
0.354510431899
0.341277740382
0.153076753418
0.23516680472
0.258187099749
0.2739553392
0.288141714882
0.366333354134
0.268388721999
0.415219509815
0.297875344038
0.236133546707
0.285547979343
0.262032493137
0.34197811831
0.203775522587
0.264288726504
0.259766661
0.255750680669
0.268531045089
0.32552315427
0.236128821582
0.355537933092
0.401114256086
0.289573954763
0.269520187461
0.363565934521
0.241774604307
0.409547310831
0.266926326148
0.288811194092
0.270463369037
0.269596129552
0.313173021186
0.262581782199
0.247290126964
0.20937599089
0.289402858243
0.336488242544
0.353455387414
0.273494945526
0.261087918036
0.373055863972
0.345513168483
0.225676583908
0.384720956266
0.176200588935
0.259673667315
0.223006927525
0.376632995123
0.296745422863
0.286635674604
0.274828121679
0.283618579214
0.292497328961
0.247681343342
0.249473377658
0.196203529012
0.283229456984
0.370117408828
0.246974341241
0.249037830498
0.320784477278
0.329084740478
0.182729820381
0.211739479373
0.289879707082
0.257422426451
0.321029685651
0.305091852015
0.298391715318
0.319727262334
0.255122312714
0.329291944383
0.294574882407
0.30842161357
0.177697787972
0.206014588079
0.234864860673
0.240618980074
0.340922167482
0.225259171845
0.321367249588
0.28301484143
0.292587944359
0.266296626987
0.219787531949
0.325554657501
0.403454041348
0.207091849158
0.245655332543
0.336748664042
0.229362962755
0.256566160791
0.363049087197
0.323592361252
0.240063589843
0.274181434044
0.328866397031
0.283254377092
0.326154385932
0.299101710172
0.280809789878
0.297829837354
0.293577348564
0.278638828674
0.364280191165
0.226829430039
0.348459314252
0.372381667473
0.270105237607
0.271871432523
0.355483233519
0.2910003085
0.244162705582
0.237487331264
0.281918697016
0.252189323989
0.308125550787
0.360196033404
0.273384931432
0.330670667059
0.322204209354
0.297606507598
0.227992168048
0.276589000467
0.326952545058
0.294573443247
0.24585000368
0.239227043261
0.231744969129
0.274794747808
0.28048443843
0.270996079643
0.276665930137
0.226475786579
0.263789346019
0.280157962289
0.278920583338
0.326159030411
0.367127593423
0.374887426544
0.221436129067
0.17702893864
0.310091244338
0.282586812535
0.306910513618
0.292440101066
0.225497693428
0.234544494186
0.263331486233
0.325003500185
0.323689772198
0.254949126501
0.246364173554
0.351430879321
0.188928287854
0.200892827185
0.27480752859
0.256064862781
0.292387629358
0.317058801595
0.493042304783
0.279385835632
0.323475226076
0.258567699247
0.294383350395
0.280636545821
0.25118250639
0.20021814696
0.274809450983
0.276073222591
0.295043140141
0.242631602242
0.226545834903
0.245914327615
0.284953569158
0.244942881283
0.213462640977
0.436010051269
0.298992662576
0.255199124784
0.267251400659
0.267172103158
0.324402729168
0.158144252808
0.195225525912
0.291324097555
0.350195015583
0.254466178687
0.290312904492
0.167306431853
0.251706426383
0.491984994875
0.452717972389
0.318917307313
0.271132792202
0.315235719666
0.331135818833
0.37136285608
0.321207641674
0.328453840432
0.303311113546
0.281978399353
0.355541258261
0.192632693596
0.255574802761
0.255830583837
0.308992248326
0.414467583303
0.29296862223
0.352554610291
0.281725090643
0.201529028958
0.270914010665
0.201609404889
0.243409234042
0.260000968609
0.199726936525
0.150324300325
0.281394412578
0.225523060414
0.25406569273
0.308759170762
0.316631434804
0.30262548419
0.333862129424
0.382523594643
0.292425302391
0.321643777236
0.226986194408
0.247467296123
0.312692301676
0.292647658178
0.338842464733
0.316128153098
0.354085215475
0.412410814089
0.3455016598
0.266951043972
0.288222871449
0.296546645827
0.314961814949
0.257315136845
0.312804721451
0.276956066536
0.252964324802
0.253556750426
0.384985661627
0.346303251619
0.234047353067
0.171885624447
0.257631771671
0.365586745643
0.296434014608
0.27762488638
0.265475410746
0.366273371861
0.285933432517
0.218316605509
0.321795062279
0.231887247543
0.266206750368
0.333055873281
0.286176099816
0.3117816782
0.258664781866
0.257024247288
0.261767826836
0.267396835394
0.33025062473
0.313619554003
0.240839439288
0.255974887327
0.325999604425
0.450426229476
0.283523741905
0.246251023227
0.348754306872
0.381232742447
0.177610231251
0.319563524414
0.328687210102
0.272784125756
0.284795696961
0.21876725768
0.331818498542
0.318765272383
0.336329946395
0.358857434751
0.330494553253
0.205641392749
0.417015781268
0.297568519138
0.240549548316
0.389021532526
0.315254437276
0.34232733824
0.241933534646
0.222746574867
0.207816099399
0.34613998324
0.381834052494
0.388212170945
0.302492491017
0.222506660933
0.438037959675
0.399627660826
0.281926734294
0.416570639764
0.318825164102
0.29751036204
0.246714936447
0.328127748554
0.307568182778
0.267702767402
0.24965417677
0.347380414204
0.312699169008
0.304866373997
0.275619337677
0.341262864686
0.367941376417
0.331617015973
0.311260002769
0.279634603479
0.288071183573
0.284924720197
0.391534776543
0.3085448768
0.32359441063
0.24139043573
0.260100176318
0.302873524408
0.388087398808
0.305635179176
0.181184649109
0.229977637029
0.230611252454
0.250945320434
0.300252416223
0.233218941022
0.371210541926
0.348725514945
0.359950082336
0.234150935188
0.337047719853
0.270118171881
0.316734724038
0.301851790593
0.268323388403
0.232925059015
0.255105446779
0.287730963894
0.234651881955
0.361509882156
0.262149068425
0.302728528904
0.297647197275
0.34937332884
0.379161351548
0.309130315979
0.346395470977
0.307206726084
0.321822465901
0.273697763018
0.260891061698
0.250090053786
0.30356226067
0.23498341401
0.283729752997
0.343706026481
0.257308189994
0.393022210129
0.319750087811
0.302285968579
0.347849255051
0.377980653771
0.272631930888
0.261690755472
0.318687212221
0.339565133542
0.33148464773
0.299232700142
0.284075248187
0.29498597737
0.397452266662
0.370145187564
0.275572821695
0.281409634273
0.29804859035
0.232798398324
0.244961255245
0.246899662948
0.368784792018
0.286815922881
0.261785427426
0.205142018778
0.251377831342
0.294094104174
0.216193641855
0.322055873036
0.358322211725
0.317298573643
0.348047120306
0.296282552114
0.28123091287
0.261243303668
0.278640649752
0.249520677894
0.403992967746
0.293863303427
0.261851903291
0.26177645063
0.365210504741
0.356849453089
0.279660535499
0.322454948816
0.26440035942
0.315808076131
0.218418830334
0.21014244637
0.249137002258
0.342163095423
0.255147638353
0.331430715267
0.336882158146
0.334915163955
0.298469923842
0.334789125259
0.21654030183
0.339228222515
0.326626628589
0.228290963466
0.333018392529
0.384405863838
0.347317322421
0.275683526958
0.428511347229
0.382042969473
0.43490670646
0.251195411375
0.238897890371
0.358474549251
0.331581135875
0.376341087579
0.374172177234
0.229768410419
0.238829767664
0.419134504655
0.304460598417
0.435059764703
0.404986881031
0.318366580057
0.308354833063
0.323045707982
0.299016007878
0.274875532233
0.354091574829
0.36455552173
0.496924729986
0.407452259667
0.311726200191
0.414070011152
0.417567270737
0.391155431343
0.401425491436
0.268575786489
0.379844086956
0.280965059585
0.322915047737
0.206364154652
0.284643880323
0.395061908209
0.357908828062
0.24955034624
0.269648362081
0.311868815397
0.258161584245
0.363116176099
0.379114248423
0.269909434158
0.479817807964
0.269467344304
0.286982905377
0.267667926052
0.247163357373
0.243323454639
0.359937240918
0.274860998979
0.352803193635
0.35413457836
0.236931399882
0.348427443385
0.382693827604
0.479361915938
0.352229559322
0.386223243414
0.42100574564
0.275293146683
0.403452877554
0.30773506447
0.311852602368
0.335390598326
0.242663065482
0.373098269438
0.31662694689
0.367429170909
0.383352247117
0.254303798161
0.28685918578
0.227026797293
0.332258853318
0.30222858356
0.304348801958
0.355153305257
0.240341281681
0.343008591235
0.271989608583
0.3978333934
0.289347506178
0.362313187167
0.309483090193
0.286905284767
0.25814007928
0.321682526883
0.278986409385
0.289267082175
0.287826107928
0.360197372506
0.323228760964
0.217637702452
0.365250047713
0.414518100727
0.372000758838
0.332544424358
0.366331622559
0.314954460421
0.326429780121
0.374948706154
0.229556186226
0.292895926655
0.543954925142
0.360294101674
0.375783307107
0.313457478092
0.362565334568
0.296520429035
0.277035758451
0.382151607933
0.298541889362
0.419579797474
0.301206957233
0.245137778364
0.307259382536
0.448374263477
0.24849834542
0.271896717654
0.282050818619
0.320824862254
0.329756601863
0.288790323114
0.294915604224
0.474832447358
0.305220169157
0.277327756713
0.285796880229
0.366281000299
0.287049782866
0.268605942029
0.282527436362
0.399898728108
0.321047573091
0.266707863213
0.279382030898
0.249233474893
0.371473839535
0.242505322459
0.24680181761
0.263636451084
0.434985652724
0.366849842813
0.307082281666
0.488793385549
0.277180376124
0.385069375567
0.358860598396
0.396259483991
0.344144969211
0.343262394606
0.235115804374
0.295902744139
0.32747186577
0.472916027846
0.428471426426
0.228136005619
0.414831346578
0.334201899418
0.344172967359
0.32874368527
0.36041025754
0.224028401589
0.26992134719
0.37729630945
0.361458218689
0.294025741456
0.300936820782
0.462727329303
0.265059364457
0.372962092952
0.337707950325
0.268724910252
0.247396568198
0.365927232757
0.360359166935
0.282558738969
0.224344611049
0.295189740545
0.314480699078
0.301375808235
0.397982769105
0.278256334873
0.332109339121
0.356530160932
0.386344701152
0.374627900337
0.277210375682
0.389755949077
0.32142539518
0.270721654828
0.301731486386
0.320872554114
0.377303543706
0.299382413748
0.271285880653
0.376092888123
0.40369264516
0.26938350197
0.408074450077
0.245142929623
0.254587057923
0.462870657719
0.335142677952
0.275133935103
0.4175575626
0.338024962453
0.322903210081
0.295981321663
0.318813442347
0.370921138282
0.321357364259
0.206484242311
0.479276163012
0.351572801705
0.401502449121
0.267384465084
0.456094168123
0.37423982863
0.310928019668
0.333206017309
0.225013339701
0.376720051923
0.399672003612
0.375372451352
0.321399100016
0.238958563441
0.347475934938
0.268436961218
0.264462503397
0.278705030309
0.271844042704
0.323972772443
0.238116186744
0.289765198078
0.212607902019
0.257286042905
0.235608766686
0.303005249646
0.323416751357
0.271582001805
0.221168820694
0.310020806719
0.300042030968
0.259874693721
0.326337793367
0.274237686217
0.237807422077
0.371474110463
0.256965232415
0.273811374356
0.169261183593
0.263250310018
0.272380633315
0.239894942204
0.225623743039
0.169290982066
0.238295850227
0.293501956247
0.311287981817
0.317810160697
0.249417747546
0.359911447384
0.250465141734
0.258080667675
0.331900096118
0.244082435705
0.297942809768
0.263075031198
0.296459027729
0.340564230002
0.221437746598
0.241470920575
0.282184863139
0.269905524326
0.187620248801
0.302784900869
0.39815225265
0.282307413526
0.346534303118
0.289863830679
0.305655391692
0.284001103341
0.38626308121
0.200146746893
0.35177270159
0.379749594624
0.2770280518
0.310851271225
0.288882283688
0.314067765336
0.334649817102
0.411156709506
0.352103145327
0.346770687101
0.338678833109
0.260566946738
0.375750623756
0.353423335583
0.25245377846
0.281271116866
0.290406910391
0.32781972706
0.245239249596
0.361492285218
0.336291928652
0.331388256966
0.273720837911
0.298494825201
0.299693662518
0.292148964806
0.282779450037
0.313663054778
0.320367637331
0.264607470973
0.281064857311
0.321014802312
0.271930176423
0.222853529805
0.28496565584
0.380680846388
0.213364908792
0.306773321367
0.299735774485
0.33076819697
0.263742014935
0.41035925318
0.217139308411
0.22375823529
0.299678740507
0.196214027339
0.21390216184
0.311394279304
0.284622830447
0.346623378256
0.226693092696
0.30038644129
0.270813806412
0.375595204612
0.306948808656
0.330293092774
0.236350407554
0.327726057135
0.315943615711
0.256532523638
0.257902221389
0.241392017539
0.250005633873
0.260896953299
0.358058571507
0.270158120555
0.35329683513
0.307571413381
0.327394510524
0.239310792958
0.302051027303
0.302776978771
0.259081997432
0.313317352217
0.274380533852
0.268298772626
0.297174365641
0.338028933864
0.360598063826
0.191750223389
0.385865292031
0.257160797841
0.3269612215
0.285063697092
0.265384101902
0.230836539801
0.33289606935
0.232024297882
0.292842185368
0.240211410927
0.27649100715
0.259181206853
0.428808628134
0.17794851452
0.259063907775
0.265652440961
0.278070595838
0.388713753101
0.326685532896
0.307313312353
0.315316558752
0.314137895402
0.337641467602
0.263412938233
0.222904657927
0.294374182944
0.259190107824
0.204062355452
0.300638470437
0.281821622611
0.358052973332
0.399883408305
0.301740474863
0.293727261675
0.257484139008
0.296105284934
0.314246854982
0.321350004365
0.32723377892
0.263027525837
0.323072846352
0.233793533051
0.268165290126
0.303896876259
0.324404910978
0.382126858714
0.286811992782
0.303026933663
0.264014575124
0.312602097603
0.258760272529
0.275584591327
0.237382791081
0.238714646631
0.26626448695
0.320256569313
0.313695169634
0.264880322504
0.260436253337
0.320245544018
0.297100289462
0.40858687574
0.250243592523
0.299213384077
0.232073802987
0.295475059222
0.232969276845
0.197993137363
0.287442895995
0.345359215058
0.255386030594
0.281652879335
0.240406987397
0.221287334537
0.293259705484
0.225534907234
0.333483167154
0.298712296688
0.295117636357
0.357957215303
0.229163584998
0.355074528875
0.368324204039
0.242990735916
0.33573513365
0.336573943886
0.30991960622
0.256242002982
0.196089065904
0.257552775518
0.295520053274
0.240430554593
0.224935336504
0.286082219548
0.270811531087
0.255965052827
0.378618278429
0.315893570626
0.329388202918
0.312488690061
0.340148031019
0.267941942137
0.333115775174
0.301057165116
0.230201679649
0.283537938775
0.231004414473
0.253946723645
0.316683993528
0.206939091049
0.298385589696
0.270390641889
0.223477856213
0.254970651113
0.2690584809
0.315857473263
0.222229307827
0.299297132381
0.238558366511
0.344880453987
0.290157927845
0.376832209065
0.304684633709
0.372443854677
0.325590361924
0.277553111711
0.268486371948
0.272217364252
0.284905080131
0.361188501648
0.383346753469
0.30065714661
0.310932556009
0.335927779779
0.302238568852
0.291662955078
0.284943604166
0.325729328025
0.370005812046
0.303529986344
0.272034407055
0.266865017374
0.324611340494
0.216881230611
0.361582948369
0.310652163436
0.323904605332
0.31406305852
0.267691348205
0.260453471105
0.166619317248
0.391917038453
0.27312010686
0.368411097804
0.323761768417
0.282462135705
0.204452089674
0.252822036036
0.210782542641
0.219736506005
0.287426343243
0.321842329009
0.350184553212
0.356045168508
0.279026766763
0.334534800159
0.217565698601
0.295960486521
0.326990448526
0.270120580818
0.356394665883
0.203299780223
0.283908324313
0.241455244572
0.240164725919
0.234594042621
0.223083052124
0.220581332167
0.320120191622
0.304672430794
0.334598136846
0.351723129529
0.298877239024
0.242825951838
0.264484146651
0.284502419721
0.29421485147
0.276269505278
0.145336067832
0.321704690608
0.271482231599
0.290717716905
0.367612636053
0.271553160511
0.379217469515
0.21179402151
0.241569942834
0.288444355161
0.317694667805
0.247674229394
0.254304693592
0.32914014972
0.381820732492
0.238517773524
0.320158195976
0.284378134628
0.283570030768
0.426785479032
0.344742750263
0.336807563859
0.337838207795
0.256275194319
0.28899912976
0.235410945761
0.277714934243
0.21217795655
0.292042386414
0.230651348327
0.2798948976
0.281104331134
0.273988704051
0.285147595648
0.310841002978
0.285942758828
0.26209882272
0.360530839743
0.316970432207
0.296840529721
0.371322460364
0.249358184909
0.272099669636
0.296504233352
0.322682077296
0.275235862184
0.265624811467
0.327661852218
0.354751630461
0.280764977795
0.32056011023
0.24192486828
0.27304676059
0.28880557076
0.350782081536
0.252882895329
0.268238224636
0.244643533778
0.293750002896
0.467152254667
0.285350869533
0.298132048225
0.212763503356
0.231467776112
0.285549979796
0.351717165491
0.238969874315
0.324289748224
0.335136031227
0.219895387498
0.326652261635
0.199226446347
0.336333726504
0.237976902168
0.308784125767
0.31835593287
0.330329548301
0.319168502978
0.37651105361
0.27910232321
0.316297525236
0.239907635758
0.26545316728
0.230412425361
0.44287059149
0.332808451693
0.278025333488
0.257169213903
0.291943493994
0.315405206619
0.329663295091
0.256352029542
0.35658853142
0.292578479753
0.310753198914
0.240511205368
0.32457015421
0.225315486243
0.236966885258
0.310485781009
0.33655766504
0.287732043889
0.305147788285
0.363873022891
0.215707671393
0.303696280374
0.303926261631
0.260529994304
0.238128986081
0.252760897604
0.211796365065
0.236563807071
0.273911757576
0.282934595404
0.19241717745
0.362078139358
0.269913730812
0.309345018411
0.259494879662
0.366065737703
0.328699755533
0.288347225356
0.196802296114
0.231739764593
0.286232841561
0.298598495509
0.304117255773
0.265916288896
0.267775929181
0.282271311337
0.27900253222
0.240255043253
0.234230959975
0.170749988502
0.309822023307
0.251561112542
0.345924219335
0.353038691869
0.255038106746
0.339799272057
0.251819946451
0.326726907096
0.390417605753
0.406745328397
0.370128608212
0.274567060653
0.252015002862
0.300938873106
0.26176322157
0.291211242758
0.224142272119
0.216306125463
0.269231164914
0.294836294812
0.282774449207
0.304393332056
0.209059085747
0.207243972436
0.161553251153
0.251009240466
0.240326715914
0.37124824059
0.239416457519
0.250527042954
0.253727794341
0.21772523501
0.25718120622
0.290774545575
0.295758127523
0.246893556198
0.35960956922
0.325563683248
0.338930096286
0.25832929476
0.25604241619
0.273113226225
0.228646669226
0.385529043194
0.185021584147
0.236874543569
0.227193296464
0.221652730269
0.318862712673
0.237188573412
0.215318107034
0.188809552548
0.2834725766
0.305389409672
0.199130002405
0.189713242549
0.407779366176
0.343827006798
0.196493041641
0.221806901587
0.374805504667
0.299275511886
0.271718955864
0.224171527475
0.259883312272
0.183681861735
0.195639113963
0.297740413159
0.341824917779
0.3022735643
0.301842899018
0.232163350994
0.366075107565
0.307065100831
0.222870917548
0.232560836242
0.361202153703
0.286316325997
0.28270929118
0.347343075205
0.254617721125
0.306205649295
0.256038683431
0.211587001805
0.221545976189
0.262487338756
0.258025896194
0.250282841669
0.372361098327
0.196747390517
0.364064306264
0.241897611908
0.270786903166
0.360509682637
0.265123881077
0.290214284958
0.349874862322
0.305139132272
0.261258107564
0.269609343351
0.278158080836
0.263375764026
0.270369134983
0.346338083389
0.320615531478
0.255505443629
0.323594396445
0.23680643255
0.357932631493
0.234411594064
0.300517381784
0.284619923782
0.308607192354
0.260072931041
0.392679820406
0.296133980646
0.317309080685
0.271799310145
0.221143436982
0.26088730425
0.322937772481
0.343170749326
0.293916249348
0.197101500353
0.206366087674
0.319584784665
0.21251252055
0.301583064248
0.232712624303
0.201822252008
0.293533314174
0.287140674694
0.454516901003
0.263158341413
0.270942229129
0.308105179978
0.220886242229
0.264254458772
0.275461170005
0.216926284172
0.275075951218
0.301411941121
0.252726883433
0.24004072347
0.278838554657
0.264027520161
0.327383550404
0.316979131121
0.447911962449
0.337953397224
0.27434156866
0.24109788598
0.273875782417
0.298729528593
0.320480935243
0.299418780461
0.302874827118
0.301747033606
0.373047137173
0.369833567174
0.289507190223
0.24371278983
0.271887284768
0.299976119567
0.26219393349
0.195681067448
0.36853939085
0.364897916035
0.341730429862
0.320869484538
0.306029532828
0.316427899817
0.252628840327
0.253209897528
0.263859619899
0.314521702163
0.196899315913
0.370079038451
0.260251123384
0.240450889558
0.214396021622
0.213687657872
0.316717444137
0.266146798668
0.283749503211
0.321429045312
0.302858641599
0.247595352929
0.237570274872
0.315629934682
0.293476481677
0.30901762604
0.280992744272
0.181506361078
0.270217276003
0.267780812465
0.368598799405
0.305533119602
0.307404158803
0.228947979261
0.318849368928
0.214464136489
0.3588500857
0.290321351286
0.296778924467
0.268068862038
0.262683826575
0.369427511998
0.339012285727
0.265521014294
0.276211794792
0.387413689507
0.204360537917
0.325506392402
0.317925722262
0.196210316844
0.349227045139
0.33027585443
0.264143014356
0.295469614669
0.287854188375
0.295987096437
0.283532330916
0.294743985129
0.252869998332
0.293896387331
0.286927232726
0.287429850065
0.301953987072
0.328428445251
0.268568984078
0.381797630107
0.371105290179
0.341818168234
0.315714396778
0.402146453548
0.262139382928
0.208762202246
0.344322021093
0.300436625449
0.279452577462
0.276614387783
0.318937236318
0.403533331321
0.374487873015
0.307984973644
0.377920917837
0.289355094174
0.226811555583
0.294494148218
0.252892607012
0.265654090724
0.337436571943
0.35126033018
0.348855771699
0.270989369746
0.273308549425
0.197779255366
0.330622293723
0.23564261787
0.442372084023
0.293550021497
0.335323662386
0.194699130669
0.377404416468
0.205236337059
0.21213587789
0.317438688166
0.241651545875
0.339910253582
0.234306626148
0.302171338006
0.344610641818
0.257575886327
0.246632089846
0.371130235473
0.269213082384
0.236268248734
0.207177151241
0.192906729918
0.295872937683
0.29371175151
0.27248656231
0.248707838037
0.377788050968
0.323862389867
0.287375140553
0.279404052641
0.290960492676
0.295593022933
0.196222786668
0.239535759836
0.205070651845
0.435873272584
0.20868796413
0.340098139579
0.290588454176
0.314431992184
0.247530871753
0.349614950361
0.356412902839
0.296703988227
0.273209338446
0.235105621622
0.249670839794
0.285738172257
0.361601796339
0.385333186653
0.273241346274
0.302550318795
0.292580670261
0.229525841032
0.333898141197
0.301750542112
0.263651648723
0.337196571999
0.328966645179
0.216156605479
0.310880576806
0.199642239239
0.301431134908
0.266836720506
0.284506216741
0.225177508183
0.449253347076
0.292559514884
0.356689423478
0.352413275169
0.271823549633
0.307953466382
0.236866844171
0.302221272136
0.316880311076
0.32639194722
0.262032251815
0.452983631361
0.236356640582
0.323761751912
0.234205780833
0.35223405665
0.30197915365
0.331368135377
0.380518639452
0.207571711399
0.348553603132
0.459012683151
0.279769454283
0.270049184798
0.34953013626
0.348080449072
0.268091527962
0.326879869271
0.357485826851
0.39021298803
0.347799884647
0.256809522879
0.335528065552
0.31651379495
0.355688827499
0.350803989437
0.297079600673
0.232048162359
0.280847812771
0.308469322607
0.291043882956
0.219942548727
0.246220141204
0.255058726433
0.301095550229
0.224958760346
0.358045895647
0.293887869876
0.329476268194
0.31081490477
0.228388185917
0.292750889134
0.28957798655
0.214842236984
0.246602634555
0.345898712429
0.267686082656
0.416722591135
0.267676029441
0.205931461872
0.278463629011
0.260030233493
0.370292050117
0.318709029691
0.327347903958
0.253882314187
0.368192308601
0.323064678199
0.193588819351
0.465697509134
0.293135346614
0.283881106329
0.277552857862
0.367358135875
0.287234573349
0.285753277725
0.363664925677
0.309358403355
0.290007449729
0.228163626073
0.3365829814
0.279443620664
0.280327070933
0.377332261894
0.185312066442
0.331922723683
0.291962485857
0.300594458994
0.385740976841
0.367328946683
0.271415591979
0.313268428387
0.34249489527
0.26267704823
0.330291291328
0.259893895428
0.259932877826
0.33277474081
0.270047350483
0.21271689421
0.273677537725
0.319004840886
0.265384061145
0.290060649826
0.307188504362
0.317930014543
0.311569296
0.305980103772
0.349668657394
0.269647830056
0.280294299574
0.17414394235
0.315826090031
0.292153043584
0.268029559018
0.25399553909
0.245507347401
0.319827617913
0.318544780851
0.29570340083
0.307239580133
0.190331191421
0.322541618755
0.221983795976
0.257014326973
0.306224809482
0.39528488517
0.29948723467
0.253351943455
0.236978506695
0.238635357191
0.370350762344
0.302325311842
0.23845072595
0.275768272924
0.242081987634
0.282097307891
0.342159518547
0.4285863571
0.338411207836
0.279810642312
0.302994215218
0.425157249517
0.315351080499
0.26277720603
0.352908746772
0.205740448984
0.244773826115
0.31173607289
0.214466502717
0.292119408038
0.232426447084
0.236707549545
0.244148249199
0.200947034553
0.208760272572
0.264980850598
0.280232782383
0.159467259193
0.290020889566
0.312966957933
0.24968538582
0.344887969614
0.291657551581
0.370959015098
0.323134125196
0.313124951131
0.248461051205
0.222478902774
0.314162259895
0.277765906661
0.299901944897
0.195572326428
0.313009409819
0.245200114193
0.270831272421
0.436047634656
0.29556198853
0.226957014126
0.309763550279
0.253130306911
0.28728669135
0.255241527867
0.310023858807
0.148097195246
0.203428317603
0.162508537344
0.364309322768
0.298003227779
0.242920460585
0.330919247728
0.362019550652
0.318106963854
0.280026414286
0.266298887944
0.337905901234
0.323417947307
0.335476657048
0.332346359078
0.267297116757
0.33586649945
0.301340570518
0.244610906837
0.334409667548
0.331164758008
0.236735919283
0.276649384148
0.252689414149
0.36349897871
0.384561160632
0.335277262867
0.222602703135
0.234404016888
0.330786824602
0.232925402088
0.254419200615
0.212592708638
0.262294751988
0.370985175735
0.283751261789
0.277220451485
0.242914527717
0.359119636423
0.2065643892
0.212299119917
0.304987178879
0.22298178224
0.338583671464
0.242510205962
0.254395127323
0.238307227617
0.279052897006
0.277613338314
0.251574782146
0.295276620154
0.338654839237
0.236650715061
0.336350254748
0.321395753991
0.277326156753
0.324574599064
0.213099546018
0.281365516736
0.340466147814
0.235596593512
0.24659160969
0.265005714972
0.297832481944
0.28240508782
0.297033266179
0.427395990426
0.329871927537
0.261601050372
0.296497998142
0.279484186415
0.319712533122
0.249053149379
0.305937408494
0.342359006075
0.337620442259
0.249066608583
0.351264430461
0.215093659037
0.335025076295
0.254802699785
0.256770918911
0.359727170198
0.328234638904
0.33833159256
0.308733357607
0.204250410799
0.318117341322
0.202499624707
0.274372705233
0.224454735941
0.381587590678
0.408432612426
0.367299371944
0.252298767778
0.293149169858
0.250353490937
0.335043261243
0.269677502413
0.282202517848
0.255054959944
0.227841654502
0.294193406755
0.297016522146
0.313145809106
0.278505593151
0.315701971148
0.257119226681
0.207214116479
0.23816024904
0.264182771118
0.225201988874
0.230758517053
0.242643883091
0.344411593106
0.232421161176
0.270655585567
0.395068683865
0.292231630623
0.177199403541
0.345344479894
0.233360129891
0.203314370168
0.274276293708
0.215530252743
0.39006463913
0.280474712322
0.294318816782
0.243575073237
0.332027877042
0.285128207317
0.364967097832
0.304808683005
0.245730782156
0.243355926121
0.352961308551
0.233878783098
0.304555988023
0.277682871019
0.168915739946
0.310180055635
0.307869831372
0.233477609463
0.321687615512
0.310828051188
0.267004647358
0.341185802302
0.304160855008
0.265088290041
0.349495235214
0.295879853666
0.256015399522
0.331788382361
0.207581141037
0.278315871448
0.311379918951
0.262643585447
0.292735142458
0.276340440386
0.268038622794
0.252073207099
0.313910238274
0.291994439464
0.414992444041
0.249945235007
0.35738672594
0.262203856902
0.317468867992
0.221261730548
0.250547527486
0.227217369893
0.337366146142
0.206059361217
0.331100896153
0.263224535942
0.212994182828
0.255822709002
0.21656393411
0.223020013298
0.300293977326
0.304824878761
0.327024237639
0.38824273174
0.261563385489
0.238242378917
0.266329278731
0.280086486088
0.335413555764
0.218918464064
0.267525638278
0.320003671103
0.369662944786
0.259258614079
0.321235331658
0.264648488483
0.303670152351
0.214893882902
0.264921922623
0.249758220515
0.274597468988
0.277431012262
0.294543852425
0.271698796859
0.253485858278
0.298816010577
0.300337069759
0.335108392464
0.352842949731
0.256828581121
0.330049699073
0.27826806526
0.261168834961
0.30567056696
0.26605013309
0.315010929034
0.326992279981
0.255645143346
0.271785173007
0.307578337551
0.348760223379
0.245217003359
0.275485196037
0.341847098067
0.228903949801
0.364863907021
0.341467579932
0.297453776053
0.183370568482
