0.21174949081
0.267375744714
0.412383342231
0.31478939045
0.251227415058
0.375286216772
0.315099483408
0.268682043168
0.333450772775
0.255555064141
0.293209327875
0.289222885374
0.343091094963
0.309590666355
0.323012382344
0.357579243542
0.246067889165
0.358953879777
0.289134592693
0.25443835301
0.320945266368
0.164328678626
0.25079444804
0.272309507231
0.280191232174
0.288214060907
0.292680707772
0.304528728382
0.282418732279
0.28843742559
0.317324875527
0.254878622636
0.234854357694
0.234056152799
0.299326516796
0.386960249636
0.344473317813
0.357959930229
0.357722084986
0.250229079186
0.303435298794
0.301565617879
0.287042521035
0.27716484507
0.30546166214
0.282544703582
0.308617605708
0.286256705249
0.374274196098
0.384523500953
0.285122642295
0.245203526824
0.360608197722
0.348782093877
0.344429341019
0.219561063671
0.23802220116
0.30728896031
0.239293486291
0.306885390073
0.333728194141
0.246142264538
0.272090631553
0.368395261928
0.388688135219
0.322733739844
0.334912890053
0.265356528263
0.280743985633
0.281694089071
0.336354477069
0.209654503942
0.219800048285
0.2386061251
0.20594759223
0.227108508011
0.25901923289
0.233071357621
0.336119561245
0.154373517761
0.313176212244
0.266698794345
0.247679567402
0.291755398056
0.180996136092
0.241923736637
0.254563700378
0.32658586083
0.232709094761
0.337201777415
0.300594029961
0.236692652473
0.292704818898
0.379424693311
0.314055753421
0.295525844538
0.446832149662
0.297227240837
0.274351410218
0.303510903468
0.299152193674
0.283695446824
0.294920219922
0.322941130276
0.402172166653
0.359406225045
0.375534560156
0.241563056954
0.31895090282
0.328937054676
0.360180649045
0.409446517036
0.431052924878
0.322155387584
0.330094229695
0.401404786067
0.29783922983
0.294829109901
0.348811618737
0.32128356884
0.329395402954
0.35154270861
0.229009442199
0.202541161603
0.333384202098
0.329100066098
0.293196548749
0.293621045268
0.31949135565
0.329063564978
0.257486942294
0.308143014096
0.341792416409
0.375256835725
0.255731572608
0.378840244234
0.195219353477
0.169125691894
0.310059207584
0.323968980535
0.266322148891
0.265250125078
0.31170870825
0.356671227895
0.35324302015
0.357120497539
0.168219044279
0.292834610904
0.266500317443
0.297876161325
0.266621014482
0.26291044207
0.267820834292
0.399982634529
0.194951613963
0.291881382093
0.295025501589
0.346578425933
0.332222913043
0.317639256772
0.335116787122
0.32231406456
0.362767030586
0.235624914809
0.3157932918
0.270610424452
0.317879683782
0.285948137814
0.333575576243
0.393988410666
0.186851314343
0.319956594326
0.284665151737
0.401381403842
0.390235885353
0.323943753363
0.329245986909
0.314906942073
0.287218098678
0.29026084463
0.402780056569
0.547298754829
0.260075435286
0.319696145094
0.199953102952
0.294658631981
0.366274083046
0.260599239492
0.289787050816
0.391798277288
0.277370824725
0.312933502106
0.421221270557
0.210834324611
0.380700739368
0.372540993314
0.227728631907
0.413663785292
0.278972611919
0.298276182293
0.273829080602
0.258125792896
0.19947160048
0.241928728441
0.242591894044
0.20132635656
0.186724914028
0.336091944676
0.267218851361
0.281273027062
0.261559895922
0.241424913307
0.314276390636
0.248108454517
0.457448839843
0.300526766763
0.284118553438
0.288184412676
0.200551474439
0.210303348595
0.372015948439
0.221899576612
0.302063087945
0.2939711815
0.250398658018
0.30486351363
0.425622566414
0.211006816857
0.191899680663
0.443771546402
0.312852698246
0.330868734396
0.22634228069
0.390121644379
0.394564689524
0.297063893587
0.201383174534
0.177496562922
0.136061290449
0.192630557543
0.246404073595
0.324895036011
0.354985576987
0.303386748787
0.182484399745
0.171188448113
0.150152103003
0.384006545492
0.276846811715
0.317875276164
0.251802315287
0.275821989796
0.342213156849
0.276004758049
0.43920684109
0.298627600971
0.312624054119
0.255714464398
0.299249728469
0.394565845241
0.25128030816
0.299043958261
0.375285052852
0.274841903431
0.166230405541
0.283412170429
0.349024365724
0.450959173476
0.192400263485
0.274188018072
0.264652571883
0.322146616362
0.311320010077
0.353457573266
0.208792110786
0.372866696129
0.335755540726
0.426492835517
0.215739700069
0.246542138325
0.481436874518
0.406587360657
0.244274420108
0.301345132273
0.380933874918
0.405006966828
0.263332895579
0.259367718581
0.305962572559
0.323692837096
0.24048464422
0.416117283529
0.215189142825
0.299336680704
0.237957133368
0.277822526266
0.409342130923
0.433948537019
0.278752270884
0.341735724792
0.286770637633
0.411323251838
0.287712950052
0.292954469878
0.216693289823
0.413058583801
0.435904248695
0.297217552346
0.42270917914
0.178072433436
0.297305995391
0.191562603388
0.343399485381
0.336296495481
0.264657230463
0.170756598102
0.217433617793
0.339620245849
0.40035146992
0.303108263786
0.24897447839
0.258363501564
0.385937158399
0.29806229512
0.129350394886
0.457860838041
0.435025254503
0.204705185432
0.355514465644
0.247596041755
0.389111435311
0.338799451006
0.28253105222
0.258992992977
0.370159223534
0.36836994925
0.326098138055
0.228452388457
0.236416750132
0.346269162117
0.284270715643
0.271088557438
0.316045249724
0.34452075381
0.132036905518
0.505871387946
0.394373850377
0.340174091284
0.304802054374
0.432605350529
0.341347307984
0.458959664813
0.197438296078
0.385637602219
0.417669074475
0.368351583665
0.326472955356
0.276323385558
0.2556147606
0.166520577804
0.34515276269
0.368268693018
0.309415690806
0.160474556752
0.354588562285
0.183435704703
0.294795505602
0.434838588381
0.163531044394
0.302877963143
0.167780787996
0.503209521561
0.308119967036
0.285327372059
0.180353893404
0.177921690431
0.285709860681
0.213281652227
0.298448033494
0.472778472173
0.1820703638
0.133708131962
0.317510153408
0.221006800674
0.189737001619
0.504607952063
0.297010119561
0.269330244914
0.192914004949
0.462069441801
0.381710902976
0.130215008024
0.193426751338
0.540870093103
0.251632134868
0.321816530382
0.352394776867
0.461206065165
0.207337334294
0.177352935292
0.490962792582
0.302328612351
0.187028266082
0.426640570927
0.400968513303
0.233959044178
0.223458675441
0.490320057894
0.258938477451
0.410810175951
0.242855366098
0.320365647814
0.378542499517
0.534199230169
0.325733273304
0.361302229792
0.351148994054
0.352605668057
0.32435415035
0.250870871954
0.368242116568
0.374046985564
0.354789528236
0.289491538476
0.38194494973
0.198757538061
0.431771631722
0.275592189427
0.338881523897
0.347954413595
0.281733439801
0.326777189129
0.320269428922
0.226081684267
0.330841634446
0.250242700371
0.337994317702
0.21494683527
0.165718791061
0.241064513424
0.205904950774
0.258248028457
0.419335660816
0.389720808361
0.248280175423
0.230496645398
0.43106602423
0.294933653773
0.211051820307
0.170616142268
0.439111412318
0.280708270429
0.33426821721
0.344436299825
0.335064377176
0.526204142659
0.322910103292
0.384760176574
0.437198193715
0.467686780468
0.24970041676
0.315680418607
0.423651587316
0.265363544181
0.271333432051
0.278747100066
0.398877180403
0.256818168339
0.421048152647
0.354756423704
0.204861685952
0.310688045981
0.319233509884
0.300818716228
0.287690248641
0.340116957126
0.431915743191
0.258743672487
0.346794135616
0.299517650184
0.399090364231
0.334046716578
0.315616788613
0.228348502949
0.286958671175
0.264100567271
0.3239597748
0.269428648845
0.362676120788
0.259976978913
0.299202646289
0.266005211269
0.34363781313
0.26362535836
0.322469579811
0.341683389952
0.324844705109
0.261144874244
0.318480859285
0.315863141978
0.276688494068
0.33873538193
0.323853000182
0.24922048017
0.299330540022
0.39843758573
0.342989074218
0.198931017893
0.306879477919
0.297652324547
0.273798801758
0.290334036211
0.329416825776
0.313220481108
0.364387915347
0.23227261761
0.327065555806
0.263854070119
0.193502588769
0.432915354541
0.260633380777
0.257499203854
0.316416746147
0.326617346606
0.32673595956
0.16384107743
0.240309609565
0.420695300697
0.366386590176
0.293495555812
0.259068178122
0.348849438146
0.346654783599
0.400759949413
0.243860972987
0.36082632161
0.532409950245
0.290823985565
0.242229301421
0.27844075269
0.35240531301
0.350537785203
0.289438717466
0.270764512302
0.278641060347
0.354362835419
0.208996681312
0.312834462477
0.249657489246
0.284075310333
0.401957255707
0.261024019431
0.227171950853
0.369291891708
0.373051426312
0.288125991353
0.253394019921
0.260394330226
0.333027345494
0.334298988741
0.393420175745
0.265624354553
0.298504695782
0.209799084625
0.26422027958
0.290215759501
0.347723945347
0.306138723083
0.345239640868
0.361785543831
0.14343819535
0.268087198436
0.246139092587
0.232722821366
0.474742135574
0.297118976878
0.321624706367
0.304525267824
0.296099557467
0.305219812387
0.418303756957
0.293499881643
0.29974221957
0.330484741241
0.286751243371
0.244226440254
0.338859338381
0.260094478558
0.308340142032
0.265702912328
0.295309945727
0.357336544544
0.445397579146
0.245626235776
0.17413588143
0.253453394621
0.357942306024
0.338790163828
0.258659361951
0.309152591256
0.259749789038
0.357968935246
0.309083685726
0.233236427948
0.226200120254
0.341909033363
0.241441779214
0.326269442332
0.255674687826
0.37662149435
0.298609611342
0.330666995625
0.283822799875
0.343343289682
0.360674582855
0.361469594998
0.416186408956
0.333102149033
0.290435333618
0.242209250759
0.295720823912
0.352258715945
0.313503239278
0.238936567074
0.34829007025
0.188147257158
0.403654828222
0.254629669314
0.262214201548
0.3134886449
0.28927814634
0.317421497975
0.375667931879
0.283703104791
0.277288551146
0.331832470596
0.326061902474
0.364673295998
0.229028636525
0.315149010027
0.376885116785
0.226963356641
0.206444817666
0.320941594165
0.167799043969
0.36425296541
0.27453190346
0.322759307239
0.420333712736
0.276256372996
0.206640733104
0.257018749882
0.161288713695
0.306440791195
0.308444419437
0.322773131694
0.535817371353
0.209628444009
0.306297556941
0.416422589678
0.425122404182
0.264258957829
0.300522818516
0.238856304357
0.19811837539
0.246353311234
0.279066115315
0.222490778528
0.174273442982
0.225322361138
0.32623587187
0.252591227033
0.37865763787
0.392160159693
0.267826050341
0.519725251833
0.258215967737
0.312559337494
0.299833955539
0.325040910042
0.295909446953
0.306489629477
0.344978460005
0.309818204962
0.252568618337
0.227249851086
0.486462303694
0.270823575478
0.180898506128
0.249201763942
0.224679641457
0.373412662206
0.421097681978
0.171180862158
0.304935764742
0.346419648129
0.302650960876
0.499328189252
0.566746846534
0.431945358263
0.433098317624
0.362575496264
0.318160449255
0.261560166726
0.292848380478
0.424693376165
0.475098843413
0.554761744757
0.277028228787
0.441610074813
0.210685486603
0.26990249572
0.31680960336
0.19539708666
0.565275062567
0.253664435136
0.163449095957
0.305676370688
0.332234152776
0.556872089657
0.48312134323
0.124863167745
0.196137218996
0.274900571523
0.22722435944
0.316346411721
0.360026259098
0.162877040535
0.178562647865
0.422244199713
0.326652810634
0.38202508316
0.318807021554
0.380459482863
0.146418115131
0.287868282221
0.367428935694
0.452918954737
0.263689920209
0.510685958602
0.465098780344
0.203596699522
0.180353982347
0.191736050026
0.295778804285
0.391669950534
0.573712369819
0.350248214011
0.517152636678
0.420190449894
0.497677197348
0.294247643209
0.126751782321
0.175745002152
0.387508163395
0.386946080476
0.40595593846
0.23102260411
0.176366812963
0.264472943607
0.34285990225
0.385744329479
0.28825443612
0.413624731544
0.259830235345
0.375877049389
0.360213269103
0.275745605108
0.24534070941
0.384030355648
0.236750749267
0.302320266367
0.330474750122
0.406770045399
0.31897266156
0.282018657714
0.282348049774
0.261724814471
0.44261856315
0.300081896701
0.232348552243
0.35962503196
0.326620287171
0.426239482542
0.234839372502
0.223792816087
0.319657677776
0.367556192981
0.39889810644
0.243181860235
0.28185748816
0.432484515184
0.224621684318
0.380367230891
0.306098483691
0.275882297838
0.322173554613
0.299565732809
0.304119032669
0.30481072336
0.294896056773
0.36446436599
0.37261686724
0.271087091478
0.318583871437
0.273124282146
0.320944974583
0.291697065643
0.386244341942
0.326507562524
0.372767484995
0.272431655225
0.269996789264
0.38847265945
0.311927518128
0.375738561741
0.441159688258
0.286242304075
0.300614215374
0.387959232763
0.305326319145
0.28531192089
0.239561138714
0.355312566355
0.380044525989
0.293017874757
0.243193257067
0.301202172942
0.280436540833
0.209931816818
0.338854004723
0.248739218273
0.299266350891
0.23843367081
0.251527045398
0.254070206333
0.345578566877
0.27834334183
0.31249448924
0.305904077464
0.258637252738
0.399823735035
0.298193455721
0.335390918658
0.341707688273
0.261294539701
0.343933249637
0.342036994219
0.324572099866
0.219409441145
0.236562490984
0.33783538471
0.33201242176
0.295659758389
0.268491654737
0.24701847813
0.419309788938
0.254777240326
0.267534627478
0.339357865278
0.37940228703
0.302091214784
0.351363128641
0.299058917832
0.266250147196
0.249738294818
0.176602531638
0.348120373473
0.245555191838
0.310536144881
0.379160403353
0.325456321316
0.167885350146
0.191339735167
0.547226672568
0.22282189936
0.247183251004
0.350127682672
0.309967034674
0.340589926033
0.286680193285
0.360190541384
0.371031185744
0.284053473494
0.333630309316
0.184714414763
0.175848901896
0.442833734005
0.329630649787
0.265385743874
0.217454092098
0.399795229788
0.30023275108
0.228712536866
0.386438578158
0.443032384673
0.48002054609
0.493609956448
0.276474323892
0.381461384877
0.156871723766
0.159432245783
0.334738254316
0.265639208347
0.499011966294
0.323959306912
0.15137946269
0.267022958933
0.176178297988
0.330014269951
0.316053663935
0.494286409533
0.537057853766
0.475690328565
0.130452010901
0.300531948861
0.215883764051
0.386156456577
0.335176902137
0.458454249883
0.536784169286
0.302316335147
0.316271638034
0.204490823708
0.356447998894
0.311640272786
0.443020783676
0.546542862747
0.378284019315
0.252972927951
0.249042399388
0.330261789374
0.360919229373
0.509547195159
0.275115978737
0.381343715002
0.234040998937
0.325192647791
0.341544316556
0.278489890562
0.18731327115
0.40327335832
0.349194423637
0.322331855709
0.198402917666
0.283086033888
0.28052584554
0.304832558913
0.211293085043
0.434439260525
0.491762528186
0.293003604904
0.267166666722
0.266258207802
0.274806215924
0.365869924843
0.491999979195
0.262637062613
0.278848255399
0.324877324412
0.208011765193
0.17497603076
0.343326177949
0.265798452996
0.461844061929
0.53835452075
0.33283427105
0.284969067159
0.30394283665
0.284657959732
0.522053921941
0.414985547585
0.432171683227
0.34158791966
0.275560844636
0.359586782708
0.281645681046
0.330807676502
0.362617696941
0.470765100798
0.392183830054
0.35333934651
0.295556363107
0.310999641929
0.296117693574
0.404087007433
0.344516253175
0.277193254271
0.24580552752
0.246726961798
0.279276387885
0.408361233089
0.229950258224
0.392414837048
0.196603827484
0.285130222312
0.295562814292
0.326096485707
0.379112506883
0.400287742097
0.327777403926
0.36373190513
0.264346916847
0.317800161038
0.28772889288
0.323424718682
0.549399684732
0.484463150637
0.291899416224
0.241324923186
0.310860983821
0.371881411
0.363502497889
0.320757075709
0.411098938366
0.304158427422
0.293814007099
0.26185309816
0.292094405875
0.33269693158
0.321059783524
0.380671414187
0.277922612015
0.323295481903
0.279028169494
0.368373441583
0.337739508942
0.330093211775
0.413861625625
0.29011767544
0.243511920476
0.241100766736
0.388390777628
0.348611625849
0.454984823967
0.40714021462
0.356308115393
0.389425467179
0.362258703482
0.179517829106
0.271503614171
0.354849395099
0.222183852929
0.33654311741
0.277566920474
0.376324750758
0.239725141909
0.341688540354
0.272106556865
0.265106988107
0.288792958622
0.205285743447
0.230807382267
0.259105297366
0.318921185482
0.303194763869
0.442148920198
0.299225401832
0.233049896791
0.245397181484
0.311761634797
0.226544328723
0.287762687828
0.361976907889
0.373209291053
0.159435424914
0.352854312385
0.315530152007
0.372647603291
0.359966058993
0.321988713357
0.330689920638
0.41688980599
0.437579572895
0.28119332067
0.319986421189
0.499814773778
0.292440783533
0.341187118705
0.321192723827
0.29150073759
0.301804420395
0.353684551864
0.357333004584
0.294526341107
0.383664165296
0.36138379367
0.440740195893
0.262542984442
0.239543365222
0.252607946723
0.450347635177
0.33305506778
0.28683225199
0.255615856617
0.251709954042
0.270705149504
0.260305702881
0.387785575962
0.365733849885
0.282406450801
0.294017698779
0.313622590096
0.211335127402
0.360605248088
0.307470454395
0.263922254823
0.230712435793
0.241926399457
0.386556341749
0.369664668312
0.269069809737
0.378422328939
0.329304816256
0.310120149888
0.238477612865
0.269335583024
0.345224997014
0.305693795994
0.253040021695
0.378349261073
0.370443427053
0.342059311559
0.437948713633
0.350233091904
0.205745891867
0.319514678406
0.226816357322
0.2812628244
0.388128439212
0.263775466939
0.214281621028
0.255021648675
0.347623303834
0.258050527919
0.319149008266
0.279608583763
0.360836403146
0.394890919187
0.343314790623
0.293180508433
0.277885658068
0.233516572131
0.315287370155
0.293420747284
0.298512837366
0.394675271649
0.474876940016
0.227588237911
0.376616178665
0.219884148972
0.259694333851
0.28638265968
0.274679653742
0.312323831391
0.306987543835
0.257106117047
0.215928821543
0.300505072934
0.357097430951
0.256015885617
0.324882880876
0.375991332232
0.319531763499
0.243269785299
0.336314620225
0.335166184331
0.286850978178
0.295640911963
0.209064005765
0.284594111673
0.366585812554
0.212932741337
0.300544058219
0.275449641825
0.351384365252
0.310372149888
0.238569017498
0.287161376824
0.323133232663
0.287072245327
0.207011531304
0.300041390643
0.323659584745
0.271939278509
0.399548650959
0.364322183617
0.371915216697
0.341638587155
0.243811976516
0.310645964984
0.28401112428
0.240326213927
0.256148975809
0.190235279644
0.239183828808
0.290586286287
0.231570940188
0.360733618703
0.249688866602
0.348405343878
0.321680311077
0.220822815984
0.447936389651
0.211623711562
0.272024106859
0.286228289737
0.333169272538
0.324618447022
0.189928230832
0.262773542231
0.260911424118
0.300237285618
0.33059338652
0.333019891004
0.33406410536
0.348725482861
0.360245245444
0.226260560642
0.349436798843
0.216531855057
0.186267247078
0.316642575015
0.376182912067
0.326841854155
0.331376921889
0.303611619878
0.386149976032
0.433059456994
0.379989252345
0.314738205362
0.275667205354
0.391359226034
0.286678843498
0.34472372743
0.415856198845
0.314123311076
0.322499314149
0.239780103677
0.341142691136
0.285431871898
0.322747074477
0.28659078713
0.279867460607
0.256540083345
0.329711986475
0.343299069766
0.295393745379
0.245481685636
0.276955754349
0.290238553176
0.328831114266
0.302214537983
0.292093730598
0.262302758614
0.35293451995
0.276628239382
0.31695020831
0.223400538687
0.334768833736
0.350064040912
0.285706716735
0.388011851208
0.251483133176
0.275572254609
0.360853308122
0.237413164622
0.213198176001
0.320734745897
0.387789748896
0.329540769991
0.283467057961
0.368940999486
0.312713787631
0.280110085316
0.350712639333
0.314774586164
0.317197772879
0.302522644909
0.352992890995
0.222109507049
0.334764857117
0.323448369488
0.250340274596
0.190623912492
0.290985460131
0.276515996457
0.300521510179
0.343402084982
0.337317629182
0.406204826419
0.324926122585
0.235713583387
0.276049776151
0.416885749002
0.290557100935
0.347151762847
0.255108947207
0.371197495682
0.329547107208
0.386173236451
0.284716238647
0.367085610564
0.371175753763
0.272618068357
0.231037685789
0.306585760416
0.281416254261
0.267564191943
0.411081943601
0.235532056337
0.252175538611
0.369961379339
0.252333764302
0.408862667845
0.252336999857
0.264057028878
0.201501427312
0.352682438537
0.296433757045
0.337301903733
0.33235063087
0.297833027255
0.236015022962
0.246085876385
0.292192680471
0.276013116677
0.224108803194
0.187392000937
0.323576122682
0.330186086806
0.266301754761
0.206325369509
0.313704095729
0.302664236875
0.266180355271
0.277959164666
0.335688402598
0.293234839079
0.335897145455
0.28665813666
0.264802054554
0.256203703615
0.385948392391
0.277092167443
0.22792985987
0.223398904769
0.3933467681
0.308436464461
0.240273925376
0.380928438063
0.261096066923
0.360306306457
0.339653916526
0.309843798624
0.23696490282
0.220050483772
0.37112802599
0.27582550965
0.384340838032
0.243765760235
0.284981061522
0.180085908028
0.241731694433
0.191769859445
0.310040609018
0.290660534097
0.285485757703
0.289746949085
0.413164789079
0.277267594008
0.240731230648
0.327942452419
0.34150682568
0.328115280449
0.190430352187
0.212301766447
0.337380355024
0.293498937607
0.243362732266
0.305431266766
0.287416716279
0.358020789598
0.215018547097
0.250005473937
0.216167497262
0.263549734216
0.382343593479
0.347227992602
0.264222572521
0.342853390919
0.343180947254
0.315029926718
0.279767191257
0.443219361107
0.261667956557
0.334788439559
0.325901330707
0.289601444017
0.31082056385
0.207416105479
0.394041542863
0.313943602725
0.331174859867
0.507701938725
0.369836373855
0.322506923593
0.254579937901
0.294034805763
0.298806679806
0.337200576226
0.325901237917
0.293469881023
0.30854540538
0.27705728657
0.372298291501
0.379693646899
0.26069057296
0.278868581902
0.283376855324
0.380535135673
0.273793296033
0.327774410153
0.386467474436
0.292857504535
0.230611439317
0.213671400995
0.250634764613
0.304440935442
0.353371208027
0.362191441005
0.293983596399
0.325051429489
0.190606224721
0.273263333322
0.310199086158
0.2636057268
0.277256983734
0.248972744481
0.316490468906
0.320728322902
0.339694504017
0.286242825633
0.226372827437
0.245534281425
0.384059097519
0.341377917896
0.368646409344
0.298677629208
0.216017924804
0.275169170754
0.219489948743
0.300046540213
0.303631909388
0.258246922104
0.303989148799
0.296364066785
0.318476425903
0.3271938568
0.239874859039
0.270143454136
0.343305466728
0.39766405636
0.383923669804
0.224354629143
0.310916698557
0.285914073097
0.345100936481
0.318320684537
0.219329438487
0.296000916499
0.269459662253
0.242999458607
0.376752066604
0.262718533768
0.263357706388
0.299610054096
0.275410134447
0.251893777176
0.470289481104
0.325829821689
0.452740390268
0.298200466028
0.309185775095
0.294002453401
0.287592060505
0.326553453578
0.334134062348
0.327535518463
0.353522090446
0.376454468308
0.259935274444
0.301292266083
0.381473018086
0.235248218438
0.269406804397
0.299256345846
0.387718212662
0.313093383005
0.375591850314
0.380152704793
0.328518924401
0.229399205426
0.337681439184
0.306030315137
0.297034744341
0.335531328624
0.260001067268
0.362252348388
0.350640923545
0.390474999647
0.317033141727
0.373508401235
0.313211335499
0.300867229679
0.277921077449
0.229212532815
0.399308534218
0.337002768519
0.394524857937
0.365687461714
0.361145471367
0.287327078272
0.250946565595
0.286537274585
0.321088818927
0.373662521199
0.25922395683
0.313070816981
0.319986645773
0.362908220546
0.400772777498
0.303056095714
0.352580070202
0.341576573096
0.268318256604
0.303866709933
0.340711568448
0.411378897197
0.341364831747
0.363657781259
0.356320153711
0.254021037775
0.423575722018
0.337557510808
0.233600557703
0.430580121156
0.330991473996
0.373590309882
0.316198848634
0.291507814265
0.309547484164
0.311688468295
0.279878185064
0.358439640572
0.368388852338
0.319162657864
0.299744503389
0.30083152601
0.29350344218
0.367389007143
0.231628252548
0.288406720421
0.352614888028
0.382118571865
0.317875456918
0.275100214765
0.354127743737
0.352281833199
0.374962740531
0.362677885444
0.300176763264
0.422173995775
0.323011570846
0.250537163003
0.347834800722
0.331527899434
0.299518803106
0.337791981408
0.37815616164
0.220070053299
0.217077633882
0.316307396203
0.240159593501
0.316815261421
0.283222138705
0.309970092979
0.26615191395
0.215811451191
0.341064748161
0.402030825987
0.312768335431
0.200516574203
0.428241523945
0.216527886932
0.42011088101
0.265749790764
0.252009412077
0.302257992571
0.304164817512
0.296352203479
0.334221920328
0.307300702186
0.298683605524
0.260063182756
0.334197781718
0.220503645331
0.247231412933
0.250463079663
0.272239616582
0.208669466558
0.390872983832
0.332663063415
0.344599287992
0.330067671398
0.355485352048
0.431478991398
0.324916083036
0.213675778738
0.314341694676
0.488117014745
0.45059544986
0.354074061454
0.390776603742
0.272590434381
0.438828249402
0.331600427538
0.450142810385
0.275399892914
0.369220849066
0.292378040117
0.607800679403
0.438455803789
0.381139249315
0.371750720685
0.291845951967
0.470249945788
0.370824820191
0.420725382223
0.387411880736
0.470626561962
0.378245290193
0.209086757593
0.410790986003
0.36017645445
0.408718362858
0.317723078406
0.344278489015
0.53370012969
0.522789745606
0.379104209482
0.333542843725
0.328339430346
0.288304762556
0.356982827904
0.291006707776
0.26495812205
0.410411286494
0.357911438099
0.397427342869
0.270707429853
0.296493647197
0.320098331421
0.266366753912
0.193851934385
0.245619658521
0.392727396869
0.357018871912
0.589493407598
0.488837377852
0.300664687468
0.343140153101
0.472694525706
0.194707171726
0.530073586936
0.289743754922
0.368430330306
0.356951249367
0.249315177077
0.463532751953
0.40693502868
0.410594886624
0.496884067219
0.239042185905
0.256554563961
0.410478148845
0.321482892634
0.401870310899
0.237636196927
0.356274822885
0.340870707071
0.321747601022
0.274857117595
0.438636564414
0.318358078652
0.380555663407
0.394189826301
0.460071118565
0.308399962541
0.280767416114
0.346630725897
0.34796653887
0.443591223306
0.343520596641
0.373315039055
0.320971455299
0.298663528936
0.333376649023
0.220026692546
0.307774388838
0.212642067383
0.469845276458
0.248848955707
0.302466821867
0.239541246563
0.466135547561
0.369223311585
0.337882862246
0.28381223615
0.357568884395
0.348355484339
0.387569274795
0.287325908809
0.30535194827
0.461927557049
0.311753458228
0.400767371815
0.289203518826
0.380819019671
0.219231521712
0.377150402823
0.371058119709
0.369961646633
0.39200776015
0.333395633744
0.273296011107
0.474663069891
0.476507781251
0.366051682393
0.340787930192
0.350914563011
0.272417364461
0.344508236588
0.403763463297
0.470817520845
0.287162132725
0.312411839233
0.231847152078
0.276836220139
0.518859610133
0.270387340354
0.434440013794
0.359872548818
0.189941878001
0.279475728051
0.403545069335
0.374140681331
0.385136787304
0.406547368375
0.387050571454
0.180334702787
0.371198155173
0.321347376522
0.281197921548
0.335991449423
0.374279843965
0.401826282792
0.388294684606
0.329159643265
0.417685144284
0.290485298855
0.318844002565
0.364030407599
0.291076725851
0.420944970195
0.423478478732
0.316985529651
0.370925135866
0.219857716261
0.323615178376
0.323381154699
0.404993123588
0.304462016292
0.399917480876
0.399325585855
0.320751446467
0.362135210753
0.338646783738
0.258514179937
0.308979850182
0.447416901493
0.312937210664
0.365226374686
0.335941002898
0.260639398143
0.236976625311
0.397261116057
0.23196990658
0.466639747989
0.284496928767
0.28896528234
0.315965696203
0.341451419322
0.462435487118
0.417157958979
0.280162294878
0.324765788906
0.22072572811
0.330088490968
0.343331137637
0.464754318791
0.344680565972
0.459036598244
0.390456274229
0.244041074941
0.29998817948
0.340247560808
0.367941255674
0.363804225189
0.299911361929
0.39603976141
0.295130519328
0.393734472861
0.383227920998
0.366925209012
0.358302642718
0.238647167909
0.403952607605
0.340541818901
0.401250168803
0.315875598244
0.415668437643
0.362741127482
0.391164255056
0.375757552363
0.543648173357
0.403638474196
0.473485605522
0.333593612029
0.252699611055
0.272604246986
0.327704658021
0.297740349869
0.369800346913
0.494528284062
0.223431184771
0.267222088867
0.367240563855
0.397803703214
0.315074442053
0.297551867056
0.275117950552
0.264839974813
0.366853463706
0.263965938038
0.187748994042
0.257652109499
0.362023483983
0.477500014534
0.250192520391
0.371338345384
0.36976566392
0.258718146882
0.274625443995
0.25673601693
0.360893405619
0.270879331316
0.248155676873
0.294464302249
0.277027200707
0.267859531498
0.245337424579
0.385214207292
0.26713835318
0.370431698874
0.414726739475
0.378616759476
0.43223661009
0.240509120723
0.239385941938
0.305828091365
0.265338100658
0.387966147674
0.353394973617
0.253528561584
0.219120181914
0.251816400899
0.268404057015
0.278530152701
0.285038662956
0.25924883821
0.237771843942
0.30982778862
0.279328230945
0.181437412728
0.343913708276
0.422588433477
0.284795073389
0.22937836796
0.333503152231
0.318970526537
0.33902296155
0.364212865567
0.232045747097
0.385505447619
0.37825573924
0.336144872641
0.331506674003
0.276306841646
0.30639700604
0.304138481526
0.472229147163
0.302658366644
0.322684867206
0.317545517609
0.336156412254
0.383849972893
0.360369239471
0.298634232627
0.347341528623
0.357497901703
0.438851265549
0.306698732681
0.32476422698
0.214890634197
0.226900351039
0.18883907961
0.418652612577
0.370861564213
0.271534600245
0.324188988962
0.204486727809
0.289464281435
0.369170650123
0.281126063664
0.240825862446
0.258036624832
0.234238763892
0.247246927401
0.430299798724
0.302695057632
0.300863343196
0.224707511614
0.30138917696
0.310830874562
0.300077812394
0.277771319279
0.216196157327
0.446562885142
0.283836910738
0.387242422801
0.260073485841
0.359543340188
0.287525117927
0.305119017706
0.224852900152
0.355314715775
0.279571471631
0.382755554876
0.233805296078
0.303460636478
0.349455228938
0.229732511961
0.396109471865
0.30213609696
0.290573294405
0.345143520305
0.271569891569
0.298852511701
0.383177661863
0.27859499317
0.332107505218
0.388297420724
0.393901674684
0.389202486782
0.401342031898
0.247611022464
0.25870139319
0.300403941506
0.40260814555
0.326261752909
0.326106781657
0.339229596903
0.26106120139
0.402437774799
0.333159177914
0.299384876477
0.274518811788
0.24919266869
0.334424058376
0.283241989358
0.351594895972
0.275451814851
0.282614788052
0.341746238474
0.183000135374
0.34310491785
0.300391329001
0.315696659409
0.271185384824
0.35022995904
0.290587349127
0.30315436132
0.284588112025
0.229951868109
0.329925094463
0.321576678405
0.304175418252
0.319799340516
0.239895492786
0.281839088061
0.295801668629
0.32889886927
0.340054901906
0.219784151643
0.338294301402
0.175975725514
0.233484397123
0.290734005175
0.232895027902
0.335246016024
0.339061749329
0.332344040619
0.301737387929
0.280259674714
0.362114994388
0.305281453302
0.262454188869
0.325862365444
0.252351730345
0.343973768371
0.204719297251
0.239251003293
0.20989085243
0.272963543066
0.249815750754
0.251436823962
0.296627332365
0.379904925745
0.317709637698
0.340225692311
0.266659902997
0.255332329981
0.250667791885
0.295897740505
0.286721768717
0.314156606883
0.250310772059
0.268105888057
0.224930615929
0.328952029145
0.271818669763
0.377276490733
0.3071170362
0.345105442767
0.350197630648
0.365111153699
0.441730468228
0.306057172599
0.289932688056
0.367057659336
0.249947820427
0.344578866772
0.345765460166
0.272214434358
0.393557772256
0.21234855017
0.2439260604
0.340075836393
0.308479031146
0.35032987759
0.326134583436
0.358069375398
0.348352659231
0.366963306533
0.286517479182
0.37621357269
0.335506614219
0.305011125794
0.244762153995
0.320927550841
0.329555937703
0.282833034757
0.245314804661
0.284699040552
0.283921821111
0.28841127653
0.455549919616
0.350279557027
0.35218474068
0.300288565337
0.264566725483
0.266316395063
0.261738709236
0.275644173277
0.315401338216
0.250850890783
0.267269149782
0.280144849365
0.374186922525
0.281561284762
0.366689665021
0.354886771754
0.320659114333
0.319429310555
0.316562117737
0.270620652992
0.480301166891
0.313983285472
0.366183034241
0.209365217503
0.344763864733
0.353391435901
0.310455088569
0.363658007344
0.314535725287
0.28593672459
0.221992585129
0.311527847531
0.260700761256
0.330391459874
0.196941244789
0.285466569917
0.274296970715
0.383684348019
0.253647754549
0.318101360643
0.300236879767
0.247892139126
0.386154689414
0.391657126892
0.162946704374
0.438979448396
0.227121141806
0.3544130746
0.261790738507
0.356298359873
0.254803358019
0.313029686422
0.330968185793
0.529531385104
0.297310121602
0.292065251857
0.29448288447
0.227770747429
0.322994520253
0.296261469191
0.357330347239
0.254235204988
0.372849381474
0.225846102642
0.27209951367
0.27158699447
0.340548028562
0.273878843121
0.224671116233
0.331918705087
0.310028297916
0.259240411041
0.426644499063
0.355395984984
0.337455743543
0.3608780831
0.346955801048
0.328062559468
0.318841826225
0.338264759339
0.359256797874
0.307377895387
0.224549894298
0.409959877614
0.290391704679
0.198452841344
0.344945774204
0.294596888451
0.32692306131
0.335268786987
0.276146319542
0.261914888552
0.344491446596
0.38478638582
0.214869636952
0.307002685081
0.362114573111
0.3916395899
0.272516281006
0.34581996325
0.342623696104
0.270489609288
0.284950760884
0.257715131026
0.240269168845
0.257353180508
0.393264472491
0.328546150858
0.339505810954
0.303607860854
0.247502178598
0.261302247649
0.2505929374
0.312522442548
0.335948877924
0.258392000098
0.275206406311
0.32677727751
0.295483824369
0.280858554109
0.302570688623
0.360261498613
0.300908247151
0.331615228799
0.452904946843
0.294925025578
0.303292680549
0.329645864565
0.252543982004
0.273689565643
0.2783808633
0.237735833926
0.2808664071
0.268169541375
0.357773494005
0.149525719693
0.272243025908
0.271437238238
0.22898696844
0.310605906702
0.233414095174
0.285412551255
0.295642834776
0.337354529453
0.330284279984
0.238164918141
0.240470768726
0.243419381812
0.376980918836
0.294325914955
0.241749043448
0.245229586662
0.350674022376
0.334401348928
0.331304117684
0.377299206432
0.31993894695
0.26544222991
0.461877462121
0.243980935047
0.184372741611
0.310809778151
0.307935706049
0.293169407794
0.263345157419
0.317003249159
0.218248132154
0.249920880241
0.356883208409
0.304712833724
0.333160649501
0.374900849074
0.270062541735
0.24827576384
0.318316565347
0.257233981632
0.337016889488
0.30220324469
0.355198859635
0.282177980616
0.317611980525
0.417321342252
0.315532082371
0.367261818557
0.336821047412
0.299879319754
0.303112786454
0.234252564771
0.389488713135
0.215412649995
0.308421074122
0.337097344013
0.37782468306
0.343651965448
0.28083881876
0.270250189873
0.214994423494
0.306021219435
0.300260139431
0.283850886861
0.414070942323
0.380561174193
0.365648260342
0.367842252977
0.242453899708
0.216567878152
0.265234402761
0.368033103801
0.326204850381
0.258282194055
0.248574205632
0.24132855735
0.321694180213
0.2121298157
0.310615273196
0.32776779093
0.258587739858
0.289597652162
0.285822405149
0.294645167066
0.361464203136
0.309223716057
0.265916981148
0.23353287932
0.262010049119
0.332375924342
0.308139466667
0.294841663012
0.456491207162
0.310084226094
0.310525820251
0.383055500265
0.230865121107
0.215108027973
0.311197935909
0.390958623102
0.23381682742
0.237934947418
0.32464232334
0.238554708173
0.265923302162
0.282251795816
0.241281071389
0.192078443344
0.213281178414
0.375098592596
0.278940462946
0.404053366611
0.283590007178
0.339941563416
0.264847554478
0.363536030077
0.399555061801
0.226009091742
0.383994698567
0.342197938833
0.348731774205
0.287814116167
0.277542103471
0.343002289317
0.313779794885
0.299657485862
0.274092485797
0.341414405333
0.2329212547
0.29106295184
0.326383770144
0.250819190801
0.343345498441
0.268770630544
0.330181015228
0.248391295581
0.257598171039
0.22472450162
0.319813685232
0.403843856155
0.266180326864
0.311753975751
0.309607719509
0.416091209074
0.375494415828
0.420526965233
0.306070752004
0.277576237475
0.340550811511
0.399052385368
0.245363923027
0.347907290063
0.344877979241
0.3527077941
0.352606527648
0.332066440183
0.189310889193
0.417502068538
0.16673907962
0.369246668694
0.314739405753
0.332648214971
0.270757954514
0.243099393342
0.276032607308
0.25908212731
0.232030419396
0.29638642873
0.326790841902
0.312433172902
0.2465725747
0.43487905442
0.206058623851
0.334986139907
0.371265637679
0.267974797702
0.280269909544
0.337668002122
0.223628958598
0.309530879583
0.230072627974
0.26413355227
0.297368041041
0.304946290054
0.191379879054
0.166301220919
0.301223980991
0.311766593489
0.257136452565
0.239255284944
0.29329729442
0.410413257207
0.385723481608
0.245673718468
0.268715813332
0.422381331319
0.347224213033
0.353337125047
0.363302399524
0.292550699922
0.237430073967
0.226009322552
0.297818869593
0.280807913662
0.316079726778
0.196870193459
0.251200627766
0.344345511725
0.296560093626
0.390607445798
0.24446111364
0.285140099649
0.233411294657
0.330812253889
0.383441582122
0.27970797713
0.254495263685
0.23726395329
0.33469114684
0.272359428264
0.412348353585
0.322069358151
0.434832947374
0.315354710581
0.328095255866
0.317251479464
0.384788586783
0.30897989716
0.401695317341
0.42222551343
0.293528043757
0.411741398736
0.257220024514
0.253250494864
0.342079697417
0.336134980058
0.320200458758
0.320634211101
0.408211696969
0.32022892101
0.311560201192
0.319561620055
0.312422533768
0.283608968252
0.407831580321
0.229240783922
0.305605487741
0.338114455807
0.395145447895
0.27863740728
0.338344621751
0.336900756656
0.335592024657
0.334598289893
0.291958166881
0.285516354706
0.421864196972
0.324198929166
0.220315013773
0.351215377985
0.422853130267
0.182145543199
0.254529393062
0.314318789331
0.342835021234
0.298805720672
0.37485628467
0.346063946682
0.325563678808
0.290500967727
0.281156527403
0.270488249539
0.305649979395
0.307306806835
0.249878811037
0.278147421209
0.397495908844
0.470295255176
0.2691138487
0.326968454741
0.259262890961
0.362015110106
0.335119664465
0.255735365101
0.259932906955
0.235626675077
0.401706309067
0.282745045982
0.295154453995
0.403218815118
0.295819416381
0.461626600318
0.344459231867
0.346614269795
0.292710152784
0.279638298725
0.277848268636
0.192630152966
0.258309559522
0.326938667177
0.298316401294
0.350965218765
0.305794210149
0.340253407354
0.273877692571
0.272495948134
0.32805141368
0.285494228433
0.243653534636
0.253759984244
0.3079447002
0.278525046221
0.327928410055
0.378144750848
0.291040974517
0.258534787749
0.339703498868
0.340948215758
0.276795078501
0.272949479676
0.26801086685
0.243603777695
0.344037911426
0.332402418825
0.314907450678
0.303583137069
0.315478005545
0.238711605334
0.313051859252
0.306849573351
0.270041395197
0.247213435156
0.369270262929
0.249278230745
0.296114261764
0.292384047346
0.275673218992
0.264504769898
0.372337818466
0.258253996567
0.298688190091
0.314952061966
0.28720382525
0.309373231922
0.233017031771
0.324992779693
0.294143591144
0.24930031405
0.339804999538
0.342688058534
0.251951469781
0.286668612162
0.166436784063
0.382050682611
0.225388645028
0.296563903903
0.283521156517
0.255950377877
0.317581816711
0.309961157702
0.280059079053
0.207215798911
0.404784081454
0.437354961452
0.265179533716
0.290071420204
0.248784548539
0.34318591261
0.291353899291
0.290417723779
0.398619128768
0.272414977594
0.415059977962
0.308500386475
0.288835087719
0.263357477603
0.302130769884
0.178671489834
0.339295078614
0.351022723296
0.330958095853
0.385145862698
0.323297277841
0.230711604168
0.304125397566
0.276563586216
0.302553119033
0.292797205661
0.300554956209
0.297243274807
0.292887061579
0.233425351539
0.332842375003
0.317939311385
0.24284669611
0.368184207701
0.267458894073
0.295696749783
0.327206219958
0.242415534971
0.260914590439
0.29779301701
0.198639582049
0.362511267475
0.262067977049
0.34679629624
0.32026339436
0.314936095752
0.386467649625
0.302047198302
0.181355319809
0.319921902033
0.37266048533
0.323504372969
0.279128414143
0.353205995013
0.35268441069
0.366276653637
0.250867833638
0.335915555397
0.171549486923
0.266078783324
0.286457330223
0.35928987668
0.349558462138
0.50345619019
0.267989933442
0.243862093109
0.30001331652
0.279636752573
0.45215734621
0.525457965173
0.261115504718
0.310250034225
0.244359648963
0.26462211535
0.325242656577
0.342269393931
0.334712144673
0.29604126154
0.278739075059
0.292120796914
0.294487952433
0.38296585973
0.364795620929
0.468051229212
0.329830357096
0.272318962868
0.321118249774
0.351005811101
0.221474446796
0.415974187098
0.359192394603
0.373523819638
0.290397644984
0.249564702739
0.368386596838
0.399506565317
0.346882580656
0.32187444851
0.289893697025
0.240962528978
0.399898525386
0.322223095385
0.280554592034
0.290487023955
0.262257240685
0.371802105741
0.413044731098
0.440614648485
0.341423758057
0.36491092636
0.249540013697
0.487436138753
0.241262025866
0.328168034341
0.330707901271
0.376694803148
0.270966103514
0.435079950138
0.238286059206
0.45087214978
0.33828029309
0.364587555914
0.447702231136
0.297038749169
0.344118635821
0.273295713158
0.333480421717
0.290901922551
0.257562792703
0.352952246158
0.539348504577
0.262695886633
0.316090061632
0.276507953977
0.299342189066
0.311317969421
0.29015308961
0.376930477045
0.276421293702
0.199691144743
0.391453688685
0.32687902095
0.290228505448
0.342680890514
0.524645633118
0.26201772467
0.348190915009
0.342963394104
0.3270651016
0.273634028736
0.331624094169
0.275394937331
0.418385293773
0.266853717325
0.407204684234
0.22153524702
0.314802868676
0.337761801225
0.27300928601
0.26689583862
0.288173960612
0.290362720942
0.338730065368
0.279228741915
0.292234209228
0.212734294303
0.281447815789
0.29799251975
0.287038993485
0.41871305568
0.271317385412
0.335158500776
0.308102435215
0.438497859158
0.373539353626
0.232587729406
0.230358448171
0.338785334035
0.307595983413
0.437016593471
0.342140873412
0.399199008367
0.289341417971
0.308180170911
0.278269253249
0.330000911203
0.406860237496
0.267254071804
0.29893558689
0.189116681101
0.351505678772
0.260803145253
0.247006148038
0.35826277845
0.345733280852
0.306744356847
0.28473386408
0.245096166862
0.277020178794
0.24289676565
0.366712300395
0.448210263472
0.332746747671
0.327564325297
0.454334616332
0.308493202733
0.234468650612
0.292469157582
0.313880816664
0.273125053376
0.200055295351
0.313128142417
0.327505007911
0.299891282249
0.332470176308
0.37577137353
0.350716797314
0.251064462679
0.380132393613
0.323619896081
0.26469263879
0.31436890633
0.215829763968
0.386610572407
0.23662999565
0.331914084324
0.248091567372
0.396865417929
0.262269302651
0.335611852505
0.283370471132
0.25384541117
0.235265990988
0.252667652783
0.38992670974
0.320311518966
0.287577484105
0.389605910615
0.263615668235
0.301895223409
0.33997317933
0.372156112242
0.442199940714
0.262564168995
0.283169483495
0.28998114573
0.32499750858
0.446113214286
0.420676699286
0.456736988451
0.297989848399
0.292621303327
0.364698174408
0.197038248792
0.383412257291
0.29310640526
0.289971020488
0.387784668035
0.413715219006
0.261175033027
0.282097321205
0.464613381074
0.394686438304
0.298506337562
0.324627626953
0.280550176985
0.313777892611
0.387362568667
0.263118141608
0.242286054321
0.451260231696
0.333811072813
0.350245789842
0.358287949399
0.387823214802
0.329180501845
0.207694150888
0.30000681607
0.373088524957
0.317258584386
0.324188343812
0.374600488862
0.338101927935
0.341015987348
0.294155180373
