0.426583072572
0.387361929969
0.61181917539
0.504062945385
0.283102694966
0.598791976699
0.420972011027
0.448044692228
0.389152216987
0.372790664888
0.468310599343
0.252548193978
0.468660799387
0.443772872958
0.489693370644
0.645207332961
0.487111228299
0.403132295396
0.377949353426
0.496626870165
0.410077869112
0.633107381115
0.541531548752
0.393392398059
0.368130615321
0.420288800784
0.620706124753
0.502423434872
0.44816012187
0.420041952439
0.314412993914
0.312570300878
0.487428717343
0.33675626667
0.411244787809
0.567337290805
0.46768906937
0.441421346318
0.427266854813
0.510672301706
0.652738188455
0.412688979586
0.462972988238
0.626754917866
0.679963553728
0.269509899045
0.561114306618
0.405920579429
0.493973547906
0.517817353474
0.439921781329
0.500456869461
0.449635668823
0.449571971536
0.434328752745
0.549418002678
0.694772843232
0.690858989073
0.464532157668
0.491923527998
0.399179593018
0.575088199967
0.529435421655
0.509694248772
0.521896664745
0.644504987482
0.419340894383
0.499730571065
0.4262873528
0.355951024537
0.556459746968
0.71584607161
0.568448996391
0.44543027125
0.398575863276
0.349377082979
0.519056659434
0.338470668885
0.493311667433
0.441790621204
0.398498272944
0.308990553885
0.376751987541
0.478994040363
0.404627895868
0.566730380463
0.458695898043
0.53353190379
0.589796471812
0.558880915598
0.445909470812
0.498450575088
0.488095873547
0.507655943
0.57905183635
0.45507619722
0.502705510028
0.472898296396
0.412129420263
0.343557932792
0.422239054949
0.422412788575
0.344745857374
0.480830482737
0.540606424922
0.494237107426
0.533796488466
0.536541372119
0.645081436032
0.556613215229
0.520865737369
0.372128574021
0.581207691315
0.535101537675
0.527813963578
0.463931817719
0.455355366093
0.594323868418
0.49730721645
0.453578594179
0.456629782134
0.649443886951
0.391865198803
0.480750431055
0.383239766313
0.44228664327
0.564165037176
0.550136293264
0.358727151298
0.693198318177
0.478779700016
0.516707479051
0.322399309478
0.340086039549
0.479687235456
0.408862697135
0.45442527304
0.4932044246
0.58172629934
0.416237953761
0.448356584151
0.424780525893
0.427810200029
0.358236685208
0.540242998077
0.427297478779
0.341783372093
0.353616805443
0.468777327177
0.370080940148
0.489020201931
0.507771418597
0.506311684369
0.423436093817
0.41760664567
0.521178774214
0.296472772169
0.448047064735
0.433957551956
0.514262585103
0.480470676944
0.416500665722
0.584256840533
0.581398673958
0.388470406955
0.369550558869
0.431198526539
0.480338239192
0.497540298426
0.481970732077
0.456695259105
0.495298842416
0.63046943167
0.64723856469
0.412932924234
0.631903255384
0.528565306166
0.493159926938
0.694795512447
0.338880052413
0.494224674079
0.500496056314
0.512628527524
0.649062944003
0.496438862071
0.43042692026
0.446380156557
0.51349845291
0.593368907211
0.580701753618
0.304867936384
0.456575436236
0.428269004785
0.458260086948
0.445101446426
0.552626008732
0.459449269241
0.402734691534
0.513757119857
0.57168221883
0.404690966853
0.485668749005
0.32918249223
0.461891334781
0.525515678417
0.577951713016
0.340111155931
0.397123599516
0.457467901809
0.588613804418
0.472020233907
0.456246416114
0.433459010353
0.502177133176
0.402000582208
0.408086445269
0.443124996627
0.501777072686
0.519638930804
0.48219457345
0.447319835964
0.403360181196
0.535600692101
0.510690213757
0.430517322384
0.644889619195
0.319102280976
0.565164054894
0.554666741015
0.486580306422
0.50107829206
0.423583078414
0.390271764945
0.413545712603
0.379794818626
0.415193319199
0.451829939816
0.53880874343
0.505639277487
0.380730801861
0.411290529471
0.352125017469
0.41090229267
0.493706882568
0.450176033793
0.546150303714
0.594589481065
0.340669397197
0.318578391984
0.458473591112
0.569346263093
0.323854308829
0.537937478899
0.627063096626
0.47874641986
0.384248639373
0.453102233413
0.590449603785
0.447231844516
0.521296921443
0.671527749216
0.439835108077
0.501367516163
0.474687757021
0.710463106083
0.509407306451
0.713636802547
0.619498937774
0.631223959221
0.417877150708
0.45195281997
0.438175540784
0.483558438812
0.568928397465
0.548987269038
0.57783984191
0.526587411421
0.63564010605
0.409864781717
0.401907193442
0.416419206522
0.605095416543
0.661727540742
0.494664517673
0.596841448789
0.40037551805
0.526343483232
0.518736746098
0.545039338641
0.393461095151
0.539104481528
0.506875225632
0.360730935365
0.446338976262
0.549706244254
0.469816942678
0.567855311013
0.669730905679
0.52793463874
0.466054699904
0.657617653659
0.557172172511
0.55009690368
0.434268425084
0.404826070525
0.499104143115
0.509984075306
0.391122173954
0.625043183173
0.63576697346
0.415187594878
0.61175930973
0.720837042499
0.306593580317
0.610064000926
0.429285653175
0.534420434796
0.45921432436
0.476654421029
0.467107057914
0.382342024756
0.521023354275
0.534540620227
0.352063096643
0.412901990145
0.54995454267
0.475511504805
0.578593521605
0.421507130767
0.525576800895
0.554866285447
0.439842490685
0.542265293692
0.569209630096
0.482812231661
0.346931086817
0.361549563303
0.384250956126
0.507213575572
0.716958764587
0.540866772444
0.542373981636
0.581678313068
0.620899603359
0.514507770289
0.484323612758
0.461349132873
0.580113276756
0.493813501505
0.484079242385
0.520515281162
0.567536820007
0.386833038073
0.56863951125
0.538293527178
0.535667010441
0.596471491455
0.511893091215
0.447114247983
0.525181825836
0.563895266441
0.359268867834
0.599745692917
0.597546335472
0.668506129113
0.589365319125
0.299807158066
0.560264996798
0.40540525612
0.258627057942
0.37296522159
0.532598955804
0.688556210389
0.508879259307
0.408409487021
0.342444631545
0.675830828361
0.48964435698
0.470428498667
0.545283287552
0.340890125435
0.491626205885
0.582922100962
0.547011623419
0.443356376035
0.64765728516
0.514294048134
0.489012973786
0.487494991283
0.448616469169
0.551614316931
0.41582077786
0.435826833488
0.553448025095
0.402418751673
0.3929987007
0.424576595906
0.437377066493
0.417480367308
0.487056382182
0.473181702019
0.455055569659
0.535634596759
0.513681763708
0.432390742754
0.483935916939
0.636587483083
0.345917130161
0.531147542798
0.427324241835
0.452884337237
0.317844693012
0.404932100137
0.513863608218
0.518942614721
0.63687771336
0.458993333926
0.354365436569
0.525956443077
0.521503500191
0.535861075138
0.471488771291
0.434236085293
0.289053814941
0.57252885634
0.446585830403
0.505386806262
0.502135081784
0.511164172548
0.494727236169
0.497402228943
0.515582721164
0.512221881194
0.354775850775
0.335372324931
0.504268018495
0.610698258491
0.384935993749
0.466768142016
0.518985934118
0.441345026779
0.337725927392
0.539671078332
0.510758066786
0.414132230666
0.449966197966
0.490636639477
0.518565873747
0.642988401012
0.396698458151
0.533523753404
0.597637603864
0.423413266262
0.553049017378
0.372906581633
0.263744875267
0.468236233779
0.459190054225
0.456107963354
0.474217747163
0.401299405224
0.489279374181
0.502636221254
0.356273404749
0.550904423689
0.438456758163
0.376449289038
0.512856520328
0.41232052381
0.53202720172
0.523503594564
0.523159824501
0.416304961749
0.545746698389
0.495845421029
0.460694331673
0.389154468281
0.500422161772
0.741747350995
0.352654825493
0.461628330485
0.249358109869
0.3424797326
0.35640648914
0.464840213463
0.49535002886
0.624325872225
0.500440523734
0.614240414176
0.538730110993
0.683744873763
0.558045399858
0.534408554979
0.525870767895
0.54378828254
0.527260740342
0.370277108043
0.639282334788
0.516691772198
0.645958152157
0.646370631272
0.664413271105
0.507378389909
0.440733197168
0.591183826807
0.590450505148
0.523423565972
0.504410884456
0.514706744713
0.613030603337
0.462180430671
0.413918010331
0.406927357497
0.5537759403
0.503141950648
0.322392467765
0.341481988869
0.408435254071
0.574781995042
0.583316601379
0.425487265224
0.426950969887
0.605200631614
0.440003262145
0.55836929194
0.486857336348
0.52748029269
0.445375553599
0.596932172244
0.603380522976
0.789419112282
0.467241141933
0.57367275813
0.456879645918
0.688197320885
0.504749942151
0.524877297509
0.533318849564
0.795022645936
0.639698036388
0.443344364061
0.543438547262
0.54698879552
0.644652429036
0.613374940059
0.492141966228
0.456724742823
0.509649446594
0.420738454117
0.600034585317
0.657242127039
0.553544850855
0.513222516735
0.29732749129
0.360595816952
0.493190609262
0.462057395494
0.542391741868
0.468256874943
0.621051838808
0.705506381118
0.365536326549
0.510351073929
0.614358239058
0.474938315098
0.681277914561
0.509885522622
0.477058100573
0.472016734533
0.472277621985
0.453496945543
0.339808331849
0.503122285658
0.438415065889
0.453362944845
0.543638357454
0.558683583042
0.512756953547
0.472635575568
0.43800670802
0.423611813622
0.50450478448
0.302907604906
0.468145223004
0.55048619634
0.633123125264
0.505111203622
0.572850065265
0.438887994797
0.629222013421
0.401477265274
0.621977732044
0.572274684522
0.397339810181
0.459896859558
0.497108445478
0.482905948351
0.50943531239
0.488340697545
0.594819009261
0.511876683739
0.581372479949
0.487921447899
0.487982760504
0.50647464158
0.694958304928
0.44472128265
0.563969291203
0.404407873825
0.412691987384
0.406981243037
0.492691456319
0.417320563912
0.611500231603
0.502459629123
0.36314541585
0.387696218686
0.539967960074
0.509795560386
0.393723827127
0.492135629325
0.57761586727
0.561288578571
0.611052796556
0.481930540424
0.403612523244
0.486337931957
0.536185682595
0.497469689905
0.520868732942
0.499441652793
0.644871354859
0.657928327766
0.588444962026
0.309799447276
0.577536138223
0.416854198778
0.488253246581
0.404705072113
0.553221239285
0.466315712743
0.469316450018
0.32199865406
0.370775811345
0.402261211502
0.524388085101
0.832953755569
0.449177326863
0.587281898553
0.532554600591
0.368094184408
0.506046420428
0.453669341816
0.671634462947
0.431910401776
0.478674280152
0.362191391088
0.450436922347
0.473017441928
0.660502178539
0.580085242969
0.527193803221
0.531578549826
0.60383456308
0.466469648268
0.364046101221
0.420687239874
0.346565852672
0.473391412009
0.670003022198
0.572042710349
0.521954317106
0.492360865165
0.600980365122
0.5412939356
0.367654320929
0.51484848474
0.4956363802
0.542267392241
0.540654222797
0.454944387901
0.452230471881
0.638996758981
0.561357797787
0.514735702129
0.495352596564
0.454449694483
0.488771823998
0.375419522228
0.557362247169
0.456173166377
0.466567620011
0.462764350517
0.49563807428
0.39625973157
0.47151882771
0.496070702835
0.544792445267
0.592915330738
0.517786956179
0.55683335862
0.516647688097
0.422020286595
0.613333917112
0.429304288407
0.501838084251
0.547047299692
0.607944144715
0.48713656512
0.451331234391
0.583696828589
0.556030325167
0.41990623207
0.54643014048
0.528704926741
0.599402295427
0.52801209623
0.535128100069
0.613042583616
0.497749738411
0.420229327772
0.450902371361
0.511489775246
0.446745364661
0.524264162164
0.476921503505
0.445143588364
0.472314760431
0.515012440634
0.556429607756
0.600439729864
0.469737800061
0.490639486215
0.316996722763
0.596114255202
0.401724159032
0.633041436308
0.543487893402
0.505841207743
0.391112229044
0.416837370628
0.560211520434
0.455975460069
0.417979118325
0.593436996446
0.538327519765
0.489039907101
0.512670704759
0.480454318305
0.580781810527
0.525447749734
0.480297662718
0.608925827281
0.508528337398
0.618595736031
0.608920318044
0.576568227145
0.483360390837
0.501331265126
0.510687357902
0.525141449361
0.384675239991
0.433621915195
0.466878134262
0.369570016231
0.498503665329
0.514462392011
0.633267859879
0.549407206312
0.42025922138
0.655379201009
0.532248326314
0.417572133511
0.657851327146
0.465772555719
0.701883944415
0.401469306403
0.46756312889
0.356386703889
0.548634587175
0.433489423359
0.512544327432
0.532512755952
0.441156257067
0.479907898528
0.438582852209
0.36973120605
0.507054704796
0.503913645676
0.769104769814
0.572499372136
0.484135911181
0.578077120754
0.437679913041
0.649927762932
0.613797299945
0.508555877077
0.52332941623
0.559652139398
0.629601441138
0.46326986997
0.473694061623
0.489891155688
0.6582001976
0.428737225366
0.481569956897
0.60307785756
0.563630123052
0.562545548952
0.481405637488
0.38535369347
0.441009919439
0.558951747013
0.410206733418
0.427183335327
0.545554505842
0.630111853024
0.580448841149
0.567882606882
0.560724789801
0.453575312956
0.623825876131
0.669691342891
0.467447136857
0.745336415708
0.496518420695
0.493572404064
0.404507283669
0.619668744569
0.518733804439
0.716865112264
0.530629071256
0.442611192018
0.543678711983
0.492374442881
0.545357300686
0.557226331268
0.531547563132
0.43932688866
0.541257734724
0.484817022803
0.494774500926
0.457679413563
0.548130143974
0.439338588194
0.407709567336
0.344200320241
0.56322757104
0.507289208369
0.505861066785
0.490759583231
0.440931489536
0.58243785638
0.363036843746
0.501723094733
0.489580763397
0.404098205912
0.392689017418
0.709106682285
0.581542889828
0.66447607126
0.516362354424
0.438070333169
0.653149841719
0.567319298989
0.659412094035
0.424850476053
0.64113494218
0.535416505114
0.590382885285
0.55408898484
0.346050262805
0.432349004075
0.45794080297
0.489208392995
0.448489576013
0.402628412618
0.415747441611
0.54581432107
0.608596480221
0.487133414725
0.546592832311
0.485236121238
0.355299723831
0.373244084455
0.555531516422
0.502382639967
0.386266089625
0.627246990925
0.464540028103
0.459876506193
0.506202717884
0.452051896924
0.454481359431
0.541208279918
0.46827730477
0.602069871637
0.550371093275
0.463200196786
0.602477158503
0.378767895345
0.374673317847
0.530838027521
0.545216692395
0.467694749727
0.37938882932
0.462866380592
0.303498396587
0.339368876136
0.480600164845
0.477174081921
0.508902641321
0.599320513231
0.507721207723
0.39832944532
0.500016848194
0.517274352779
0.618618684168
0.429790563158
0.470951412027
0.639169422853
0.372508837468
0.431320853124
0.482043358278
0.488459882345
0.582188596675
0.547721664656
0.288642772867
0.619157609506
0.591557644645
0.484063025134
0.438912030302
0.660128752044
0.545519276463
0.595803193093
0.465389507995
0.448461001496
0.375519455957
0.420471501122
0.533572151076
0.528886768344
0.425679269927
0.46052080961
0.619867241508
0.486855947066
0.567715427438
0.594522236202
0.569943854101
0.408925400273
0.328890331138
0.296361558973
0.37496241708
0.591964651769
0.549655139159
0.58690926796
0.401765779855
0.424338552058
0.313242035409
0.327489852378
0.337439945952
0.496052180169
0.482601830696
0.420942908767
0.458499151066
0.48139245788
0.36117779485
0.567572787267
0.507947683286
0.60402498214
0.390621704204
0.285107598635
0.561275346815
0.459877061228
0.588574268446
0.447821919584
0.403757140643
0.403029679017
0.423606849935
0.473940920517
0.464896717402
0.586113543364
0.516392795543
0.501447154557
0.477936575047
0.389926459441
0.4706458679
0.586289285359
0.426636942967
0.331802918903
0.48134475648
0.441670634329
0.641687534659
0.410270178167
0.606389852508
0.43120742625
0.458519849198
0.521527316975
0.615997377674
0.299690236592
0.412978938109
0.518557553006
0.358719938872
0.62079023692
0.472802862643
0.377507095162
0.53984454194
0.547555603178
0.579601081382
0.355134809767
0.475680105964
0.507904062418
0.453825878679
0.423292827121
0.460933061937
0.63072855062
0.633923915182
0.550642063489
0.499036159157
0.43624801624
0.476613649507
0.471225393994
0.521738182984
0.439815556351
0.550499917286
0.500265721523
0.376322627266
0.482984019732
0.603709193847
0.413358429416
0.534193516284
0.442885069574
0.693561552503
0.416814221715
0.424831743502
0.444499568414
0.578586951474
0.54363006721
0.727288055085
0.450206836509
0.557137817092
0.490014996525
0.280703894032
0.60409779132
0.505015469036
0.690709847231
0.488032162383
0.581799297613
0.523657274851
0.550042779594
0.605338901932
0.317153540162
0.51488346412
0.423360246157
0.489064990963
0.473991560796
0.613413637313
0.420223971767
0.450675836575
0.519680189481
0.445128136433
0.491622779049
0.396674119682
0.525840940647
0.544825485258
0.421852349072
0.497308992435
0.501179160196
0.559053962078
0.410964958381
0.381078241781
0.375031160964
0.534369592265
0.352196216245
0.586553324704
0.331815667153
0.660036078749
0.568687492142
0.477735699593
0.580368951757
0.46087354415
0.594490614673
0.405575108079
0.583973609678
0.616016168608
0.477597125383
0.615957954642
0.453485363783
0.52170104276
0.488296204066
0.363945890045
0.429866156389
0.514093700601
0.590715936471
0.514429923917
0.730567976925
0.489414167595
0.578217131627
0.477185502658
0.612536620094
0.47473736294
0.415041382099
0.334320574444
0.481173611811
0.706038578156
0.328278285097
0.596512117195
0.46510352831
0.74539536498
0.586437356004
0.572386982891
0.450845476432
0.428940559096
0.485138299998
0.491167950742
0.434293162432
0.687340323484
0.61876279234
0.4152178491
0.55428310407
0.477075010289
0.467958726161
0.550648842272
0.432854187085
0.47820114066
0.506282967399
0.657532341331
0.580947645037
0.453548139213
0.332141527052
0.579246667173
0.46396490511
0.526375654698
0.43133092251
0.543542779432
0.660273856709
0.39601860788
0.503098582734
0.619063192039
0.565077670415
0.368865890665
0.413346067781
0.458679739505
0.442437314859
0.374097376612
0.481611206627
0.320528829078
0.52646923062
0.438152691434
0.454246822412
0.53343912558
0.533473924899
0.560398683458
0.385081769181
0.472679138731
0.428182671828
0.453222855185
0.464580180487
0.557117636206
0.358402184005
0.541961013842
0.531266030904
0.512701620479
0.433956117031
0.480297382394
0.547341029305
0.484867495495
0.500659815975
0.496988430655
0.521062270655
0.485356055428
0.347819137113
0.414128185494
0.500130511449
0.517210098663
0.440178410907
0.524192143637
0.491364337619
0.602114022199
0.477189243225
0.489369830322
0.372355778699
0.298610858297
0.644801513444
0.534966855994
0.611969820246
0.454415247371
0.554871713202
0.552761928169
0.481501762617
0.538861398833
0.369432010777
0.588939079401
0.541398607925
0.45739827211
0.740678116912
0.705414733669
0.485096600865
0.503201898241
0.551155887925
0.406002519323
0.460846171759
0.425524805882
0.434387913669
0.368400784217
0.440604967192
0.500773044775
0.46755783468
0.490607402956
0.388497376904
0.565149716347
0.462636371981
0.465132848559
0.408136129067
0.549300018595
0.644397715972
0.401243456549
0.719614920328
0.497672190038
0.519177978362
0.445817340013
0.431450882014
0.520114198007
0.563563873693
0.537592092387
0.453233923058
0.336385840754
0.512679277544
0.455580618292
0.596933477964
0.642438475766
0.456225690013
0.513105378791
0.386857270274
0.628398872383
0.536275484039
0.484310243759
0.767658382622
0.56070877452
0.617769228583
0.303633967392
0.464765682966
0.480133781188
0.468978345667
0.469245126774
0.547266052091
0.575385463223
0.407963090452
0.498153856605
0.526196533416
0.587724552864
0.514956255592
0.564491470592
0.423217491549
0.554859468312
0.497060085107
0.604052611954
0.485953395954
0.550464085207
0.576317942547
0.450838104772
0.686841027646
0.566779252402
0.418441422689
0.588736192168
0.484968750423
0.367124812209
0.496027970915
0.505099217965
0.438251307487
0.473502769948
0.373062564132
0.610867752219
0.439464230297
0.603602747533
0.414303216901
0.551489583159
0.400672940271
0.671809911904
0.549126062411
0.517761748431
0.439436368277
0.439930032999
0.534896466694
0.600494332737
0.565648562015
0.445312619271
0.528480433699
0.368479026552
0.514955746776
0.497824194028
0.381909686169
0.600432227533
0.387589757329
0.445059949126
0.401031831893
0.506774843594
0.70531106999
0.482326277002
0.451477502837
0.438538229099
0.625170115758
0.514733346991
0.518693049112
0.417844105406
0.636949732232
0.535198285569
0.384289470979
0.513413407162
0.46861056295
0.613132163422
0.695561040139
0.563977029023
0.386336873532
0.51163582243
0.516286534871
0.660143305078
0.576280833463
0.49582506847
0.591353669535
0.426085838296
0.390385508099
0.481186823657
0.639807119413
0.305332550884
0.40172711386
0.527132994929
0.657699891544
0.459542703451
0.552264243952
0.442526901906
0.447409356944
0.527328374811
0.608695992325
0.396957490909
0.502538137186
0.519427434187
0.474078432435
0.386143827511
0.401141764296
0.551934515886
0.483516621133
0.401152123911
0.506219280792
0.416987099124
0.459899401126
0.384795880946
0.525253600249
0.432974415441
0.520618194927
0.444484021459
0.529364582616
0.547511105884
0.57951381
0.394701737977
0.526657599265
0.404245013847
0.437265032424
0.76308200464
0.580247195873
0.409422099968
0.458987898407
0.518200112186
0.716987063729
0.51978878354
0.515145719853
0.647796590701
0.477428044805
0.461087206076
0.594730193398
0.455605825296
0.436100731636
0.51994780065
0.310347491904
0.312444995829
0.439571383622
0.282291000874
0.467451979083
0.30636245949
0.454738746801
0.570666594873
0.29463329649
0.430791268172
0.384440855355
0.391777197731
0.525193513271
0.521784515885
0.656641886003
0.523902597387
0.474153349906
0.491153440066
0.470676433717
0.516382717999
0.367028711638
0.425013846062
0.381612464301
0.541080161096
0.435426520619
0.435314789837
0.544320971514
0.563693392476
0.640657415807
0.595294166859
0.311140424779
0.451679534443
0.519233646607
0.474957865643
0.416020611573
0.620992727019
0.621812037304
0.488408577075
0.515417788897
0.582086586367
0.568759160705
0.403835447316
0.59675230814
0.52256141678
0.451163146779
0.457264916697
0.578868820154
0.502929272378
0.471396976385
0.457419706957
0.419165739042
0.524160419246
0.558780832737
0.573995475511
0.482129086165
0.45236467232
0.274324085851
0.596216704662
0.392235410446
0.536312577143
0.625478549104
0.466997606621
0.725645031089
0.679812417823
0.398171640247
0.434784732116
0.489815348516
0.558515586531
0.521595820458
0.466587710564
0.721285188616
0.546895665584
0.624212616539
0.495127891739
0.492820399378
0.46276347816
0.508114690279
0.60221840384
0.67909744731
0.496925241328
0.533409467246
0.52981233874
0.375160963209
0.558933906816
0.317190001086
0.471723600381
0.487500925668
0.511365768475
0.528432989212
0.559373359503
0.352886701406
0.558411275221
0.492589195607
0.448804206116
0.536064425847
0.483046536089
0.660654076159
0.53515251604
0.348294015808
0.552239157026
0.403331384491
0.593188481526
0.496263444396
0.4730955758
0.500885778898
0.453317392811
0.566340204546
0.520128492547
0.619612357495
0.343162176347
0.569944893519
0.353759151365
0.457893804401
0.462542055491
0.356347706503
0.500957369595
0.475275921528
0.721208944991
0.517120318065
0.489287972447
0.460157963613
0.372198231076
0.513541953067
0.520608947343
0.551019349247
0.389673942213
0.486197901718
0.554493103193
0.537637857738
0.410634071312
0.408832772495
0.567548148446
0.458734814398
0.529392631859
0.40840461664
0.354945479692
0.466324753673
0.486187539268
0.527915953664
0.443465323596
0.5371954836
0.486818362904
0.360125346332
0.378569807473
0.550536603601
0.424746620118
0.582831183694
0.364989714208
0.618289496302
0.417665438002
0.491193418182
0.495364084653
0.597871023778
0.40253683554
0.584362887083
0.335866898182
0.459313200058
0.50807271984
0.480547141928
0.755472658897
0.694529122558
0.889362921093
0.586311386025
0.623608724711
0.423158767064
0.529158367386
0.493026074445
0.458590450891
0.525425185004
0.37493222613
0.602130532348
0.542968286681
0.408572235831
0.45191303954
0.562102376496
0.522593749464
0.599249558746
0.421963133264
0.508953802473
0.515210764815
0.546045573799
0.508144972205
0.40278085135
0.560259757925
0.505914551702
0.453087288562
0.48654324633
0.388538726253
0.396611685667
0.592097913973
0.513828331001
0.362794708659
0.517075809695
0.647575222019
0.683834808932
0.431547741165
0.484593950699
0.574770639544
0.514709961506
0.606092940419
0.41892981198
0.563647693932
0.695240514207
0.590661409866
0.527432298649
0.503043233559
0.572659498107
0.648869131768
0.477413945533
0.554821077631
0.401394111176
0.509650969224
0.549861211821
0.488053538086
0.867274685778
0.669896484047
0.632805374933
0.581107293491
0.394537742782
0.557670368462
0.543579191796
0.438438986627
0.388649587572
0.391506558083
0.713472108545
0.510189805381
0.437417736932
0.623566586071
0.427916336691
0.387515393655
0.455207400872
0.374580361659
0.774918262236
0.508511306091
0.456774075676
0.371023583291
0.574107025953
0.522245064073
0.412480082216
0.433960059791
0.591317776392
0.571557870409
0.578813211895
0.521819731303
0.503024597113
0.673986366849
0.46035182409
0.437634531739
0.528249432822
0.465574341487
0.63720647613
0.52254311932
0.357150397348
0.527180261188
0.550105040135
0.436041789209
0.434437135032
0.522007279057
0.694944981076
0.541299723429
0.480447501304
0.579154051144
0.583632061198
0.468241485566
0.578235391476
0.367631016139
0.639086385283
0.438025339585
0.402204859494
0.382113055042
0.409127896032
0.571060986553
0.513701947963
0.497092667218
0.500900259982
0.518329974817
0.559938728932
0.482605436061
0.607226009279
0.536848523716
0.405915636754
0.402728594408
0.605553526529
0.559641719883
0.523760209312
0.580753134651
0.494164039185
0.609409651212
0.48948320396
0.456043320755
0.585445308518
0.58816887242
0.474416435067
0.438957162744
0.565714200558
0.416556989456
0.442851846571
0.553882648416
0.580135833087
0.534295781543
0.392106013073
0.435919776662
0.546321705602
0.588995620386
0.415820933331
0.403165321185
0.38633683093
0.595950943964
0.702996673808
0.458392201405
0.622894240486
0.459756753114
0.609811592607
0.527405431391
0.380123959603
0.512413821675
0.546636557136
0.412089373407
0.769270497428
0.706642087988
0.412209991533
0.90874009305
0.638954235377
0.604524583619
0.383128528065
0.887209398315
0.691051161357
0.597686521181
0.609776063852
0.575560269263
0.358713407
0.46573131938
0.407769745951
0.501244233705
0.720936187726
0.354338501781
0.637520707159
0.571237053029
0.62079474276
0.618000790569
0.445503077317
0.475505201842
0.81282756603
0.642963640398
0.744815007738
0.384120441259
0.414912680776
0.651898768862
0.682127914673
0.682457909036
0.327076647398
0.432753750576
0.599490077833
0.424186808122
0.460541265294
0.723595484593
0.641080338335
0.882784749001
0.498675669126
0.432381287449
0.544499852297
0.699438126112
0.551713539646
0.748127267541
0.681820790453
0.812016167247
0.652783760349
0.314551328478
0.696994664816
0.565547829451
0.89988601986
0.689525012265
0.792437496534
0.526680639195
0.47279717844
0.737628969652
0.54758795168
0.673459673665
0.691904980471
0.408556226991
0.635402274023
0.580705066051
0.545426110713
0.555306439057
0.543195560011
0.723037990339
0.417487533933
0.899013373004
0.592550883567
0.442309420657
0.573051350801
0.609766070473
0.626216544425
0.66435132293
0.653269092108
0.45988986019
0.44287353058
0.62581413266
0.607728213053
0.516341022373
0.44987870732
0.578972919573
0.511052325888
0.479835476941
0.720334806819
0.667580336358
0.550813884093
0.594056759934
0.467190338947
0.776245120809
0.585498044504
0.599850788915
0.72927346473
0.501126298717
0.384235496968
0.591116540031
0.423969713215
0.423847131374
0.611498886428
0.791721546313
0.725018632683
0.545651601908
0.572838951575
0.529718030699
0.557929136673
0.824931689758
0.502226458469
0.573447220208
0.764224752563
0.442793800483
0.44923639367
0.690676166739
0.790855282954
0.696799236014
0.569193989166
0.673930213346
0.525152068925
0.287820040797
0.444195744521
0.678321614804
0.702900003547
0.676103507861
0.422384764992
0.465631656796
0.743658968201
0.480374217659
0.463071758313
0.459624180531
0.687763297645
0.342774805954
0.583112698045
0.380950976872
0.558286406941
0.483757446503
0.578526335482
0.719693165984
0.521171792991
0.406975192317
0.559664570369
0.633760945667
0.411059445772
0.63396928789
0.543782835
0.748120794112
0.46139472663
0.638989882535
0.751352919045
0.591528248436
0.529019087209
0.313172008662
0.520916625339
0.701730915171
0.769644333999
0.642074164747
0.51919188393
0.266299216908
0.441997457976
0.491136705591
0.448745364447
0.646931084478
0.585987153114
0.567641032734
0.467180041456
0.606137970489
0.571864353219
0.642767632224
0.632840424258
0.681200053256
0.542956579085
0.829634221939
0.597107726298
0.687814217631
0.631080059565
0.508738037784
0.518718093531
0.893708976133
0.421452674007
0.331374593577
0.623949669112
0.380357092642
0.650459677005
0.424309507822
0.545417223024
0.649658069799
0.703497564545
0.594802540246
0.509458206457
0.673705116067
0.552620942095
0.496301647257
0.623144308028
0.386356140396
0.828460384733
0.416589364242
0.49547256841
0.495681343434
0.446403423451
0.822569752606
0.615742006133
0.541575035839
0.727573314228
0.382185452224
0.594408897048
0.469581871838
0.518872402707
0.465647409151
0.573329408635
0.654716141316
0.491777431759
0.548965431888
0.507465990849
0.486175637984
0.637749890684
0.538263412151
0.368159083658
0.484537408391
0.739425003149
0.706214950685
0.595887556142
0.72775577686
0.463792017061
0.515005759071
0.508399531511
0.708568676412
0.626785721101
0.488457208345
0.591048404273
0.39072886836
0.605335253524
0.555376584254
0.512947467647
0.425044729008
0.579456377678
0.57212076957
0.480612328003
0.369144793793
0.434130727011
0.664225948666
0.643552147321
0.549952409111
0.613218153388
0.371784180349
0.459449155439
0.255649473362
0.584891797496
0.534252666008
0.418013266774
0.48714785091
0.527617406376
0.581649647101
0.534849981202
0.450282862158
0.597452954984
0.475575392062
0.479313647244
0.359060418096
0.459729738302
0.476512977275
0.447830356983
0.449897980113
0.439071397823
0.398912293338
0.571887482599
0.315936616969
0.642464373162
0.496266824074
0.488004390141
0.57437816206
0.571228614823
0.479901961429
0.416892810569
0.403350143161
0.478036076335
0.492466724794
0.514788067577
0.337069828193
0.477261590006
0.653335516702
0.406651143304
0.48651611682
0.557321879878
0.467734146898
0.458058027809
0.553600497122
0.505867247886
0.612233444916
0.357911929217
0.542495598193
0.353107257835
0.565761993579
0.599231623191
0.499172244832
0.516703118736
0.314814044944
0.652724859637
0.421432099663
0.421529476138
0.538077546852
0.437054730395
0.439012919999
0.6106624207
0.367740346628
0.379353924562
0.424497006409
0.477613082555
0.683149857477
0.548038323836
0.517541687027
0.594368209929
0.380157796751
0.508752849347
0.689299818577
0.316808580492
0.49570926235
0.328833026672
0.472379628266
0.485620044929
0.539244110104
0.44145534324
0.583144582393
0.577815796014
0.353785551591
0.460555658871
0.414872747225
0.575229339176
0.370082324522
0.390638495191
0.509932221645
0.604964374995
0.486125282915
0.528972876285
0.476600317269
0.474363742395
0.457674765256
0.398779308031
0.393927586126
0.549109478445
0.577403419305
0.445419781092
0.26784614781
0.454842201767
0.613247273018
0.495456955165
0.428049467718
0.57327564279
0.436614851908
0.512051315207
0.530772424998
0.518218028509
0.595035061199
0.573895284694
0.512058170502
0.478291628809
0.437710487017
0.568592767528
0.510073865819
0.570793636991
0.413664784078
0.419973221925
0.342017507022
0.441683030846
0.41254385997
0.506492065286
0.47112624578
0.768182780761
0.532108242485
0.561382620131
0.445701637348
0.537048781537
0.618770385694
0.429991949747
0.529373162873
0.403771770856
0.531817444931
0.380490024371
0.418110284041
0.533635908995
0.42121796014
0.509261012153
0.541091572348
0.61034061764
0.588659378341
0.549168757989
0.413506724583
0.451239988965
0.478785790545
0.558661506559
0.665851495023
0.444881591614
0.48927062023
0.591673301322
0.412651021662
0.52002591437
0.457883842377
0.629161342233
0.592398106242
0.352615635212
0.449388519848
0.42481075692
0.594650727648
0.445916533101
0.510433761593
0.401058871216
0.458712823744
0.626475873595
0.62040285329
0.591602230523
0.581384711511
0.628285806457
0.560627339692
0.539282938934
0.480833110329
0.517456200529
0.685122515705
0.385675007892
0.650234973687
0.512776965697
0.268225419838
0.422229114805
0.412477833399
0.429055198707
0.442987121441
0.353826020986
0.469797781303
0.415620830381
0.422172926157
0.382763354958
0.696088443184
0.320488827337
0.565437967738
0.368998944012
0.610678242076
0.478583555887
0.543892094168
0.454183059748
0.362658277724
0.468476313283
0.488616076451
0.564259365934
0.456956016951
0.379369517154
0.495595087687
0.464109378861
0.490440396093
0.407040495415
0.570104006074
0.438714575208
0.526349296548
0.356918881492
0.527270573387
0.501640657254
0.461133550098
0.528298190528
0.359939036401
0.533432793128
0.485940358302
0.467026929668
0.588573838574
0.488011269978
0.602372336069
0.571971046793
0.327700608587
0.567514068385
0.507382178936
0.299831572221
0.468382566242
0.374264109067
0.63869699145
0.442411238968
0.414049878905
0.51276136152
0.63525645296
0.496922457715
0.641138307677
0.567802928622
0.594333780733
0.352042183718
0.416217897071
0.633561422563
0.315058283599
0.49162000968
0.508831113312
0.384157421787
0.539359494313
0.486887334584
0.429095129415
0.512919724789
0.432472808188
0.368299426901
0.507526650538
0.382192337714
0.70097523631
0.580280247238
0.664735548151
0.507609937475
0.38938110288
0.47831363539
0.63180891157
0.541145747606
0.604705056949
0.654638398605
0.365012199051
0.48071235409
0.659087063809
0.704352081466
0.433346444508
0.533674294714
0.479502581133
0.437298417818
0.418936188654
0.518708183388
0.600104062019
0.433299619327
0.504208785303
0.48272946628
0.561194995396
0.482227892199
0.655382772521
0.469075419701
0.52606538951
0.386382684431
0.423414214796
0.551406865043
0.400692563473
0.4406241701
0.38961352242
0.521458130174
0.341489338845
0.5755024244
0.2698870686
0.471705905162
0.51315069875
0.559493610683
0.622264365292
0.488147176835
0.595795479567
0.402022867779
0.508601038523
0.506645861847
0.33691897257
0.279888275146
0.678597573851
0.583398593206
0.616211705181
0.500651388189
0.468431793037
0.750246496981
0.43838899967
0.468392604766
0.482908989915
0.36863253235
0.506945563179
0.564166486778
0.616657792763
0.388121191513
0.52095638608
0.464931400929
0.461157349916
0.588484773691
0.453325324607
0.489963142131
0.411422827803
0.556198425951
0.476649271843
0.719328271201
0.382379190835
0.636292539226
0.656570801253
0.451856478753
0.449222063887
0.487674277903
0.576622248527
0.587263848501
0.473405772771
0.525071427527
0.485311867489
0.383478220124
0.552258504363
0.47975726628
0.54538160684
0.628124986913
0.34908129272
0.550079367091
0.435513107467
0.591086904967
0.641809901708
0.553563582611
0.353529770594
0.451805730558
0.396075630627
0.620048903854
0.490068344385
0.363862970778
0.4216673004
0.41772873561
0.430950095642
0.387090491598
0.493965019172
0.453602798396
0.422693694227
0.63009286926
0.463068406194
0.397283316328
0.756440440431
0.486061887556
0.458568281391
0.683668058437
0.65867962028
0.469356691575
0.492381572942
0.663443847261
0.519110359737
0.383748467222
0.499539565443
0.35354550294
0.487307204244
0.317980218172
0.517964163816
0.520354274319
0.438297241882
0.587277365417
0.527608169924
0.39681760026
0.531962555394
0.381317074847
0.456146549356
0.572161786015
0.43722711286
0.589280919167
0.519934105147
0.532919657317
0.448112976979
0.417101319351
0.440276719076
0.536892023032
0.581292745152
0.401089631262
0.52579640391
0.555858282767
0.609220569945
0.537814324337
0.601193720358
0.451865504228
0.52612941533
0.525424520916
0.401074783544
0.519455008326
0.569782975539
0.359817387245
0.495763443128
0.646911059276
0.643742136883
0.524972062991
0.674344501886
0.422074583382
0.574040119673
0.577458463357
0.466726266309
0.468880915247
0.407776146429
0.463498710206
0.531789518446
0.533052739887
0.498620952118
0.543384109612
0.633670791594
0.378091219062
0.495095890094
0.424607235531
0.386835320504
0.478422014793
0.441539054038
0.436503262431
0.475779258755
0.487906924145
0.299929867363
0.367609505195
0.548616330096
0.509454964993
0.570009012543
0.481804529775
0.736605065263
0.499748471261
0.492498186898
0.470159808155
0.43889342097
0.649166626389
0.511028847893
0.517387183359
0.47103418384
0.470921826722
0.606886136379
0.62049961856
0.505641544469
0.356195467709
0.5715560887
0.425039110013
0.360810108465
0.575806912764
0.512824417918
0.494331913928
0.689272636854
0.378831035632
0.400032623717
0.562515276849
0.587061778186
0.589503401622
0.533519772567
0.588317664853
0.380233383399
0.651553726724
0.542880518473
0.437310617865
0.542272706727
0.449371803358
0.44581693685
0.470848615052
0.409300373721
0.605153898473
0.559824941422
0.563349891948
0.465880298654
0.309280400109
0.500429434623
0.572801605924
0.500368388696
0.305365860988
0.278565148366
0.459111667839
0.527950204905
0.516227313783
0.489890556638
0.461390215439
0.614989878696
0.423615761634
0.440230790107
0.322969123033
0.644686069921
0.573181770541
0.59513943444
0.584419284955
0.367733358399
0.463873600156
0.384125976039
0.532981966051
0.397915453305
0.548350747965
0.496335265084
0.424906548712
0.506336840202
0.452727954724
0.60427265183
0.386020988024
0.659976818526
0.420013995223
0.609563763266
0.564974958842
0.407584364313
0.563954025591
0.562197851779
0.449635030268
0.479622391447
0.484869853996
0.441224078347
0.439062732098
0.427738240304
0.680071207095
0.4754238239
0.4981402577
0.352089500952
0.536090135165
0.46547913134
0.582603460619
0.610824469602
0.542600154496
0.412004214379
0.472548970621
0.429543069576
0.480442099661
0.545613476768
0.457793232224
0.438801524786
0.40475495776
0.507239248225
0.398218097894
0.433409285783
0.461708459405
0.484526452265
0.72983609135
0.421056626656
0.503856221453
0.476964944153
0.403997477023
0.57806986697
0.698908111172
0.560367831992
0.509673292063
0.441750195891
0.491802682569
0.443122457995
0.6410950753
0.546851339684
0.39619464258
0.509489358579
0.341323367564
0.431494166499
0.593885629484
0.400778175883
0.456538343123
0.528928568533
0.570152386212
0.419763910854
0.487536293119
0.514963337774
0.441191682491
0.601820973284
0.478599519399
0.490025150032
0.670255855122
0.402384333698
0.395651896581
0.515140748085
0.431816016114
0.455221661228
0.451211816617
0.369674413064
0.517976348121
0.369697631342
0.400577083425
0.470199653543
0.569869977635
0.594692473653
0.504490039916
0.457282691996
0.593877652742
0.495546034785
0.51479903576
0.34920137188
0.444566401728
0.456491054205
0.466492832894
0.574043343526
0.509059478927
0.420290282201
0.382903939483
0.353763460487
0.441872868262
0.452354781847
0.484129860722
0.621496996394
0.519966239973
0.509351601896
0.542778829175
0.574628520775
0.576993834827
0.432204863213
0.487825923578
0.591298892073
0.671197299736
0.779993194474
0.424598349426
0.469181513594
0.283989097641
0.632295498945
0.507451094219
0.359250486245
0.399666028114
0.367167561048
0.475143125132
0.545958081999
0.542597731333
0.636335693824
0.548088590613
0.457086951632
0.543989991725
0.394761757362
0.589864684964
0.569303983228
0.509965379976
0.342371205187
0.500557953245
0.446460263028
0.523525302056
0.460023622615
0.510678308974
0.525261710858
0.419780369311
0.488820883409
0.615011798746
0.602175342439
0.43204178534
0.664756183348
0.457264816547
0.536757303514
0.503412230464
0.503306538833
0.640666944542
0.465093911494
0.442684090307
0.466975014352
0.555949602434
0.665272882498
0.388631843448
0.479766712749
0.478118279411
0.3220667789
0.599589636198
0.414869562135
0.575129867917
0.637460700216
0.486975030015
0.402378227704
0.529664817948
0.468731044995
0.318864094945
0.499308682826
0.41298678468
0.539790648292
0.465855786844
0.394462050246
0.383628305853
0.495927740165
0.547643076916
0.376239483375
0.663206396756
0.434275154536
0.417642169259
0.437685277317
0.338004946736
0.577211392457
0.330752886454
0.54118228591
0.570463068707
0.60029842111
0.649764457236
0.581098393719
0.45335098365
0.517520719485
0.383621581643
0.519646505741
0.476458807914
0.562060302438
0.432847896436
0.580017769561
0.479960459775
0.649761079242
0.641194964576
0.390724888581
0.619087725905
0.354512030077
0.620488766792
0.388286901231
0.564767081156
0.60679939024
0.51510102248
0.45511636516
0.748508907752
0.458539859883
0.539956603914
0.46616641132
0.430213464659
0.453816181136
0.650940630816
0.393129889362
0.394768461274
0.580886761149
0.567781930441
0.497982726007
0.453940506826
0.566778225399
0.426839866126
0.381790005938
0.487277549969
0.523920150002
0.549335354277
0.539289991463
0.382963045982
0.520389482059
0.556334623114
0.472022129686
0.446850794713
0.490160480502
0.663216735726
0.36094066236
0.467089367384
0.554633339111
0.489530568836
0.543077594974
0.46210646068
0.528091942832
0.469400369667
0.489770261345
0.519923211515
0.417531081794
0.467118706275
0.588182390626
0.512981117842
0.481779227937
0.534275744545
0.546264373265
0.437228263822
0.454880787523
0.515903795295
0.43763329918
0.460787300156
0.583574180512
0.541949172208
0.453537713816
0.455909629806
0.568733933648
0.387160138494
0.62250989011
0.482819274333
0.36737362035
0.595029026336
0.453255802
0.390665282224
0.515416682872
0.552563667777
0.369064010355
0.367547243047
0.681767737659
0.502141532748
0.427387721383
0.724380377536
0.553834620887
0.50440170804
0.485754989145
0.533308801185
0.463745260646
0.521902359767
0.615040228066
0.483172067396
0.436113065864
0.647220805737
0.523132053802
0.488879721836
0.553447299454
0.360738793425
0.541597428473
0.594237539511
0.491488977686
0.543978145591
0.33788120146
0.372370341719
0.677677894336
0.419829872779
0.443113016924
0.744999416697
0.475664789056
0.503199678421
0.52919235809
0.499580029751
0.511379459089
0.316853376885
0.499393307895
0.642563637659
0.561056966579
0.415025720453
0.479180208057
0.520467969032
0.502723602065
0.36700758998
0.552009600589
0.47735549154
0.544884177952
0.50209038831
0.458417987394
0.462902024512
0.569445013449
0.447248392104
0.495981820287
0.584842428184
0.459210937608
0.53479090352
0.524807324082
0.657428377954
0.287702808743
0.411887571201
0.530249998648
0.613882381833
0.381751290629
0.557594633029
0.539421297527
0.667681371378
0.581114658472
0.650232276319
0.52082627204
0.472881144774
0.601813571129
0.55611076674
0.546301016029
0.514265831049
0.628331459445
0.440545019409
0.454407781385
0.51340458533
0.604932797121
0.500169872381
0.423300395325
0.517028836796
0.660489498941
0.561572330623
0.512140975165
0.434355546311
0.496710237568
0.454878355374
0.508161184411
0.484492345064
0.452611913242
0.358112393745
0.486731344089
0.63156891574
0.511405540889
0.522756403046
0.446042927434
0.506993542362
0.59405063078
0.407141464604
0.451387570871
0.491710167763
0.357489946856
0.524583452653
0.576739987643
0.566430751417
0.439595478328
0.570036117466
0.475656917379
0.692142521098
0.405229493939
0.569405136209
0.585277267945
0.748492020926
0.39054342352
0.554492803938
0.434696292318
0.642751193321
0.394468859994
0.571666481523
0.418286225558
0.5595591261
0.418093593022
0.386088129667
0.373956184822
0.484848585025
0.534827446158
0.500529295739
0.596837641781
0.582524185935
0.694823405902
0.329580453544
0.558353754733
0.493988635981
0.615994034834
0.503951164369
0.575583034155
0.431190401283
0.606881113341
0.561338394676
0.472433902623
0.317627117694
0.500347915706
0.554755440438
0.452408137573
0.5301390922
0.552156347781
0.399841308272
0.350922014102
0.410313400616
0.545855758517
0.463822676313
0.424304378398
0.603923774876
0.552074959278
0.593846739017
0.544333592664
0.544400210801
0.577066154322
0.586805710374
0.435117328661
0.525651024356
0.602795445619
0.460561233705
0.440969274902
0.330674342099
0.316366617557
0.419582721932
0.387617896691
0.531512851666
0.481783423721
0.466922460772
0.58198277555
0.516139676386
0.478322948192
0.395295672312
0.552266256147
0.352366530149
0.392031255624
0.541894239798
0.610890441382
0.509098570858
0.587815026438
0.506006665521
0.469339486397
0.432014990479
0.576522706993
0.474162926026
0.549320913368
0.462820068146
0.613928813666
0.509854100319
0.444866531878
0.47881336943
0.542961642297
0.30199931425
0.481411805476
0.37275071627
0.452485825372
0.557852430426
0.472310714614
0.529165600748
0.46391453596
0.419118982568
0.571931881528
0.582329012623
0.441784817167
0.595340996484
0.543978363948
0.586519741469
0.407209165244
0.548171608772
0.572439956012
0.48103748061
0.469308839056
0.485412742376
0.598879996047
0.650325305749
0.555188657648
0.500376533006
0.58687234076
0.523602627199
0.491024405161
0.459976077534
0.56773799489
0.587490165966
0.632958453209
0.524296967827
0.547682184631
0.303474812502
0.526008451314
0.376712621642
0.496737299896
0.391743337145
0.382366995907
0.519407601537
0.369841291072
0.465915144872
0.594014978166
0.431964133568
0.438652985499
0.659130485439
0.500594712538
0.520989469215
0.50054364764
0.511604798002
0.61332532183
0.428549652839
0.516194310991
0.533241546502
0.535112158981
0.448005128748
0.5095234961
0.546897044804
0.3892060122
0.574546577812
0.689983658632
0.517626152401
0.602421550228
0.46080379287
0.413375717454
0.466496567073
0.488928263752
0.591367903323
0.612571835193
0.574709375918
0.419301898021
0.556238464803
0.471492204841
0.570368785275
0.612201645979
0.441627914406
0.514315186786
0.582830549828
0.623655430379
0.505670137625
0.457904900646
0.629273935101
0.34208059094
0.65743080067
0.692168697938
0.431524138671
0.581698937981
0.450835777685
0.446085287356
0.523204825178
0.607824960051
0.517037284757
0.553273879355
0.374747115455
0.510836428396
0.461911587051
0.508874112023
0.480176012973
0.374609456297
0.394100173766
0.398807041016
0.286699769478
0.336406380737
0.425241689394
0.485423273454
0.359206429556
0.521335944584
0.506882646578
0.53253407983
0.523792741172
0.201593533423
0.41161438445
0.622619420536
0.583769252813
0.506097740954
0.444773246046
0.47657846441
0.398241057796
0.611347334195
0.491945436883
0.558156342584
0.438435379444
0.572386724211
0.467993905614
0.407253354465
0.433055223635
0.59775344238
0.460109915053
0.511509970461
0.541286195711
0.610833294429
0.455498024155
0.670407988466
0.497644734103
0.528111189441
0.800010466126
0.468328342777
0.382313165117
0.70784352235
0.512438509408
0.43912844007
0.580997485293
0.525639312739
0.408710516147
0.454632674067
0.694999229631
0.485376155004
0.408137229901
0.529803192036
0.494759245149
0.434810612046
0.549485250764
0.619026515883
0.643898704052
0.523299556254
0.499988426046
0.506664335071
0.821766793572
0.589771103592
0.521946527156
0.563273536034
0.386377803897
0.481577820441
0.590885092361
0.546230590916
0.584998242882
0.47030004706
0.415600334257
0.445495085746
0.628967982868
0.46340824794
0.436538113218
0.594067139629
0.307976582574
0.385172106322
0.53764194097
0.421076221985
0.610882000469
0.396997968967
0.447306755593
0.514026078857
0.595449337496
0.516997048113
0.526591926299
0.415846014056
0.421257950675
0.554748362186
0.315735058916
0.673662909004
0.393276197096
0.47961402222
0.445152455871
0.477201284141
0.388254619094
0.40166358163
0.327565348941
0.462809398756
0.483421515024
0.580878309545
0.448481706367
0.393322144062
0.523841049136
0.428831676927
0.58303500058
0.378229275936
0.642439837887
0.558453774466
0.544188413969
0.444049619142
0.457343243114
0.461195678246
0.42789865115
0.704436398089
0.482946734277
0.35103979253
0.414703101131
0.501329225355
0.510996243123
0.590615718703
0.639976988722
0.627525810401
0.395802848083
0.459139407206
0.518217827988
0.4492949271
0.660082881548
0.533683333708
0.6593253905
0.464069108557
0.544093991675
0.346421349938
0.588552246497
