0.472160660931
0.399679884276
0.570104596587
0.612647484945
0.575057853492
0.593432129606
0.722162455712
0.535148530049
0.406005960975
0.406485288754
0.5094264699
0.600886935608
0.383018680333
0.554623271252
0.252891946565
0.517371439081
0.483238982895
0.492584370411
0.494464505851
0.425689683889
0.375464308244
0.628901453922
0.505251401457
0.425859932227
0.289206272371
0.399645175743
0.540927373138
0.551028081588
0.535484857618
0.497237537984
0.443384794214
0.541175774174
0.520126986393
0.463409261329
0.603625920405
0.574013209291
0.532671504391
0.47140009609
0.466930640143
0.665585625843
0.34632839407
0.624948487921
0.504220998191
0.582578368222
0.516452031684
0.46896113575
0.794199751555
0.669192417055
0.561777915885
0.494833250482
0.699624824988
0.518160417171
0.52541479359
0.446340195948
0.386267430159
0.521779633048
0.501199792068
0.589332807896
0.542744851805
0.514327466578
0.489566521723
0.321364065509
0.526275885475
0.580658061893
0.539747135409
0.536396044452
0.550227199071
0.610249212788
0.500696511344
0.512197722226
0.705537607756
0.653999523465
0.441010914415
0.64424953729
0.554135124339
0.471928274715
0.578319826261
0.479610038656
0.439915458891
0.458359792776
0.477952190763
0.68036558075
0.494646387932
0.48549202235
0.45897717755
0.559733890133
0.460410529327
0.673036531455
0.653129752515
0.429780763578
0.410384545419
0.603776025836
0.469757353199
0.43713623824
0.520871587217
0.55401725091
0.609115657957
0.455263516552
0.628357996241
0.402004712329
0.519651567734
0.29913295007
0.397057904436
0.380981659504
0.553731176792
0.454154631248
0.551534708479
0.508785446909
0.701211722357
0.578876262047
0.498381788653
0.398787916717
0.560685686507
0.43491642383
0.425177205704
0.447443816121
0.58732180331
0.500076321735
0.368256133707
0.546644535111
0.589251490983
0.616011477713
0.430452688036
0.968200165623
0.419912466813
0.518263832518
0.687130461142
0.414366978699
0.607563978384
0.681891161985
0.308130683936
0.50811291063
0.55026561963
0.826900474887
0.457686717537
0.293353917717
0.592168893286
0.473256687672
0.419669121016
0.499243060148
0.508979792993
0.584764505109
0.480306640662
0.490477219031
0.39690184745
0.431936339364
0.736889509079
0.56214137444
0.533555344156
0.543683178695
0.485160102311
0.498034645511
0.497968325922
0.561548516586
0.508922299974
0.495744420539
0.60730716016
0.540013960766
0.468204008502
0.464422742774
0.487965097138
0.732135310273
0.656546757768
0.622816847156
0.440822454522
0.688416997464
0.614160610444
0.617815001322
0.631663716955
0.554164488343
0.784834988193
0.535771244935
0.661644232024
0.805961068071
0.781608784311
0.395849372063
0.720133327429
0.409278464213
0.45703423106
0.451346668944
0.523606697938
0.526032675949
0.491995228655
0.564871529996
0.648661680488
0.42693935202
0.286510296929
0.528361882126
0.687746739355
0.469765261457
0.459140334558
0.494257031077
0.334444148798
0.496599265837
0.3059513945
0.558032165885
0.550036115766
0.499017731272
0.438182152617
0.423118092969
0.548289026377
0.705651345145
0.462306007957
0.651474540799
0.557483502956
0.439463926498
0.575037430268
0.362937842928
0.750882673349
0.740067218261
0.654599807581
0.456416310288
0.489989679798
0.345238258072
0.604213732299
0.476326145247
0.407086828355
0.457832715328
0.571902655815
0.653366455132
0.480590288783
0.691033633774
0.397155738828
0.552760684803
0.420758726803
0.460928547417
0.613938200362
0.702882931349
0.394162975797
0.497449486155
0.641756582903
0.46821771678
0.500861552226
0.580342724098
0.392084138019
0.456117178981
0.687386059876
0.493606436088
0.52343212545
0.47996579824
0.423982063581
0.40001881966
0.561860164618
0.705828440698
0.455895494726
0.514778131592
0.491067210783
0.607074842806
0.500637501147
0.458362275717
0.441943197704
0.481414654254
0.508861430662
0.446503602215
0.419310223228
0.459610740441
0.641697706403
0.819480312677
0.525476044477
0.59705970411
0.5432553543
0.60250632529
0.62996595228
0.506061926067
0.466263286483
0.51822612952
0.890308958349
0.567623967811
0.31510097898
0.752821336953
0.606787866573
0.688588796577
0.527735314724
0.510560156723
0.30339609078
0.625193655483
0.594744057544
0.681371942494
0.440238148156
0.541892935848
0.649397731568
0.662945385158
0.511118771337
0.490077737684
0.504818441496
0.725316213214
0.637637950653
0.587759724256
0.662004900089
0.477649011634
0.562783203421
0.404141638734
0.536971837874
0.543847949813
0.721710855921
0.714255072253
0.497252625997
0.466077281058
0.581295426243
0.667910710917
0.58688180832
0.461780171742
0.565838153823
0.370421196141
0.583004890359
0.583881055208
0.649689677728
0.471151773904
0.581579516628
0.633197337929
1.03132096562
0.482596340544
0.56890930445
0.515423246109
0.461727878606
0.52422542276
0.473079020645
0.624145632173
0.568928367685
0.565337233439
0.498258265657
0.496829593743
0.444251038499
0.498738737439
0.461598121663
0.655264789257
0.401880058176
0.415361154993
0.603034072307
0.411742954208
0.369677741628
0.517651873852
0.488518961879
0.395050352241
0.54965906457
0.728026997098
0.606507204862
0.645378014993
0.498847507912
0.724725795647
0.532133108006
0.544644040119
0.70491615953
0.647701701523
0.620150935983
0.602401422213
0.460091751879
0.599777993749
0.370425635485
0.535498542625
0.470765222054
0.420281993084
0.525247083412
0.440715735082
0.480323959166
0.390372819175
0.570407586224
0.52680501604
0.64321744121
0.57533992128
0.675223678291
0.631088687774
0.685568753246
0.416660963924
0.464709548824
0.734999092517
0.620111565412
0.427296670719
0.588718896054
0.55621259084
0.545844648666
0.445881020967
0.366081878003
0.539091817754
0.554472425422
0.524075868925
0.510390020242
0.613578341593
0.719131277804
0.621187784738
0.533416575219
0.459424252137
0.473169684796
0.50616726828
0.463433083935
0.458624932394
0.407163215054
0.63530336769
0.386402444369
0.424034441302
0.611427371386
0.373692935216
0.362256642329
0.5430482893
0.490215962307
0.525262356975
0.430834409748
0.623112007578
0.641315829308
0.540787818739
0.70120526464
0.490842456475
0.686283315912
0.604283109342
0.424987643464
0.54293389686
0.445517575037
0.431012262342
0.429199118413
0.517652905147
0.631763337697
0.391310473645
0.506437773072
0.567955793653
0.585733206204
0.301078134486
0.640500838797
0.373586060204
0.400501208039
0.466644038896
0.440335447073
0.552815596539
0.57528612351
0.668604094328
0.567624843215
0.448448850399
0.488910656686
0.518826095764
0.524829072418
0.499291460101
0.393357846121
0.420916182123
0.443886600794
0.626751250024
0.360928844663
0.623581824461
0.74873491729
0.608800168121
0.333344757832
0.411115273167
0.455132135202
0.62146468116
0.627584981828
0.655067622496
0.441029299916
0.61445453287
0.581662505735
0.515999608256
0.520547889273
0.567091387656
0.564073749252
0.460412247984
0.540805189144
0.577912071279
0.529277350499
0.796854580625
0.66764110209
0.518224265024
0.554185387962
0.667142144711
0.505879210679
0.518037327777
0.660478271678
0.443528924318
0.39899437669
0.662283198083
0.762274537923
0.345775684192
0.666525467175
0.538064679928
0.582805571416
0.593851825368
0.484649880295
0.558865294798
0.588172811757
0.509032099048
0.757609335627
0.435852577071
0.370371509385
0.44376195465
0.518140942468
0.577982211056
0.528346484688
0.510223059736
0.493611974184
0.434167158071
0.517534833997
0.569561844485
0.519722427867
0.499864672776
0.676460001595
0.738736653921
0.543088394076
0.389387072987
0.508404787864
0.499325747143
0.649087819649
0.386120598293
0.642258589527
0.532306296723
0.512802669653
0.464946161551
0.540649536395
0.495082390795
0.647596612058
0.650007438803
0.635298333769
0.517561047584
0.490776253236
0.580156504148
0.618802678291
0.635305393382
0.466978167988
0.465736219575
0.446210689539
0.583409009511
0.393292135884
0.474811556656
0.525969638277
0.536358146511
0.523046726234
0.457047266195
0.542664309297
0.394735806306
0.693573656244
0.65538718562
0.322182242568
0.589056039878
0.470658333442
0.44380367405
0.736693276796
0.661660711933
0.528631518333
0.531433884696
0.355506076091
0.583666641965
0.52949912658
0.440310289637
0.659272371286
0.509765631505
0.709229395528
0.502205923416
0.871057884658
0.446199460438
0.54117453698
0.647043029693
0.533153693524
0.52720474112
0.408476297838
0.540391858597
0.567854161998
0.398996353066
0.381074647594
0.699107998998
0.573845656848
0.627379452624
0.319708012712
0.620762048633
0.547527083953
0.553391253606
0.617239689137
0.701468133862
0.713399368704
0.662632266756
0.594285320644
0.665202971443
0.371946291695
0.651180889724
0.604420505781
0.445589394139
0.444954536861
0.451168932116
0.485892747772
0.658751790464
0.47780470855
0.608563508898
0.551375679101
0.580854702026
0.710344599397
0.455829922167
0.735713882553
0.569049186629
0.62511075127
0.490160217983
0.574119119445
0.442259906787
0.676125709919
0.546957164647
0.427939938653
0.369910462645
0.568632348334
0.614990258792
0.713297783449
0.46291063538
0.546631485971
0.556005056264
0.423821694518
0.545052120005
0.376783762318
0.502084109538
0.378236823744
0.400030039487
0.645276053475
0.544343456118
0.483585383134
0.439113027387
0.614644095358
0.596016771229
0.544150648016
0.559382309428
0.394210921979
0.740139636175
0.507796737468
0.539226752063
0.551387346022
0.556274081344
0.467891661406
0.498434742491
0.406778873286
0.39779581888
0.510781578024
0.405538005342
0.527618344238
0.486370063589
0.656093547808
0.706188361083
0.46630316832
0.554843895775
0.568460120749
0.426811642755
0.615179387148
0.834020442625
0.482865929498
0.466623368506
0.572329781025
0.611055289906
0.505550982898
0.670785649976
0.52997987172
0.424725806789
0.712415455098
0.649422224399
0.445103255764
0.455915410734
0.575435915975
0.58960466159
0.559194431465
0.580827964849
0.569401078972
0.477722424384
0.720204060821
0.580654870298
0.628447167624
0.862592642656
0.645019138452
0.522788167453
0.574769876373
0.580537487908
0.597047508484
0.578430348749
0.532794309875
0.468419965153
0.587932713791
0.717533805463
0.584046282703
0.682024197261
0.5149668513
0.52670984897
0.552626439715
0.444786045273
0.564744621173
0.521741819343
0.513269790019
0.446947551072
0.527709108463
0.464846120168
0.578577863589
0.571900591454
0.703293320635
0.486233461446
0.700832717798
0.36712173296
0.586748157384
0.642646611044
0.526509557151
0.498028162704
0.626332392045
0.481586546658
0.651954948397
0.667053134833
0.545326341232
0.417050523284
0.620372685231
0.674036243988
0.686026799046
0.473620074597
0.384778579304
0.331524358353
0.541699759975
0.478018419293
0.581596088819
0.449378795755
0.597173342184
0.41696351458
0.42521041977
0.527039901905
0.424378532703
0.47364850328
0.631542543334
0.6526350229
0.533750785395
0.548152094211
0.568536634735
0.667410915659
0.538344522126
0.452184550593
0.420786591405
0.605709587454
0.548131280198
0.55298062341
0.545766037617
0.467855730651
0.546861311115
0.778672511621
0.424260485585
0.428134557546
0.727351654324
0.46740587173
0.534699145115
0.61808085448
0.473313270675
0.570803087509
0.463730933591
0.535326073421
0.585869257382
0.574694818565
0.531479798804
0.292081186934
0.392941416051
0.645585909415
0.621823934118
0.569176807703
0.57659137009
0.579266120075
0.509517223251
0.537548004161
0.323871812835
0.381809382203
0.481793347797
0.433654164893
0.429837806733
0.648124422175
0.690416492766
0.495543788994
0.447019425155
0.472510387774
0.420281582818
0.466430160038
0.723175971845
0.648977755196
0.521432475697
0.632011799819
0.468064620956
0.6996381489
0.517739055512
0.486790546795
0.461956388666
0.508743006603
0.520029808925
0.604006922295
0.622583302522
0.647165202345
0.671936130574
0.405816144713
0.769012192546
0.727811092429
0.492414456616
0.453655937015
0.397751604432
0.755897235518
0.540149694186
0.564307865061
0.503254819912
0.436627868794
0.464100374787
0.556399467653
0.590345201019
0.671908276262
0.462184552619
0.482780099451
0.485358141799
0.646842919286
0.668336320929
0.429597100103
0.422834106914
0.651581905279
0.628407264229
0.630806993067
0.607225178861
0.521739216708
0.664948198524
0.42814474768
0.596201354018
0.453377890932
0.777012836451
0.957731725584
0.707617803815
0.869033765473
0.475658263297
0.697665663154
0.402353274717
0.35839028454
0.393141508951
0.554865827145
0.689116262893
0.55737199246
0.451091108217
0.438789365206
0.808606321709
0.739911640939
0.481852799399
0.721342932022
0.624194229115
0.674415708133
0.498749246095
0.536810142071
0.352117265505
0.449745247596
0.665908114972
0.402933688395
0.511490081086
1.01438968338
0.746664963757
0.590596301886
0.518671334666
0.562992616854
0.502265029217
0.701543416975
0.418456968827
0.412387993938
0.561384234152
0.696100197919
0.379928944153
0.720985403652
0.525521862205
0.580905702314
0.323452981236
0.633309722417
0.792562430672
0.78975806621
0.675688249149
0.500760946671
0.609454592315
0.559258083291
0.523772585577
0.581556669968
0.362685483791
0.663242624858
0.419660729147
0.660653503605
0.360843657037
0.517875240544
0.471676201919
0.55433403837
0.754985980916
0.511920374821
0.448430781673
0.555481732429
0.589769548286
0.486663918214
0.817793136848
0.625608455137
0.577351627959
0.575501090672
0.665877791591
0.821894189708
0.418569507376
0.506087223871
0.586095116817
0.692014818839
0.716057831501
0.666426005371
0.4718748641
0.485195218801
0.737163624602
0.585010646197
0.583027458106
0.484733372599
0.382795930621
0.412783239643
0.845691124216
0.32424637118
0.327541827587
0.584837464569
0.511221866054
0.488446001689
0.47805912049
0.420982683703
0.438862475427
0.586988485818
0.688193739285
0.463132513138
0.801581307384
0.648990805799
1.02909403577
0.611861326154
0.378471771294
0.680081677309
0.648460177625
0.600533486897
0.698234507056
0.639811015832
0.411298632703
0.23602169516
0.762799930699
0.665864351198
0.634770884559
0.639727253538
1.07072804957
0.548544551946
0.987202076572
0.587240892324
0.737260629027
0.510469791283
0.97773613895
0.555775959211
0.67065423332
0.693054080714
0.6373009035
0.465886949455
0.422510315908
0.656270157353
0.601880459721
0.480714027219
0.901009260736
0.567660617302
0.645510592849
0.67626848234
0.571608102818
0.571914315743
0.397669814549
0.981985015645
0.627443785462
0.398579519537
0.634032368651
0.501230126358
0.534373345964
0.593099627245
0.443462683183
0.598057053994
0.44091608732
0.782703681636
0.58062678971
0.483452372716
0.530657228338
0.524213187863
0.584395498323
0.60354428494
0.675631517932
0.27966947809
0.91874508069
0.589358004402
0.592048354682
0.616863912479
0.615978453204
0.590515255598
0.687332360175
0.576455244679
0.682097935141
0.436587468604
0.69007949989
0.391754857582
0.328461487433
0.826978748533
0.614387131663
0.47599334151
0.423427119961
0.565721413979
0.548216253887
0.536954412823
0.557245134673
0.978905456209
0.633095774863
0.364694568411
0.362012004584
0.446182693747
0.670184766449
0.674443616778
0.433835108984
0.445984083584
0.530265702878
0.491867545719
0.346216697594
0.541390777065
0.335838537604
0.608682550167
0.42208118057
0.301452663502
0.445550073574
0.47235026759
0.537322222891
0.603623592173
0.410742126433
0.629088190606
0.387032106764
0.483581077648
0.566128805284
0.484362569815
0.620089504443
0.623316927182
0.507677507407
0.64649940414
0.634589678996
0.541159236476
0.672867191338
0.46428708343
0.618743469689
0.620025717984
0.848521247811
0.560405907653
0.608924063517
0.649796926613
0.40607539395
0.537765943029
0.498930806355
0.620804575958
0.463303415197
0.661216038343
0.652571842455
0.502006495937
0.563343226122
0.428636588854
0.533070188272
0.386807164704
0.429654775282
0.484539157545
0.587420385959
0.528545892888
0.54235200392
0.486116296161
0.634911339153
0.415420936131
0.440699036918
0.646475048927
0.591329369028
0.816975395103
0.525242873568
0.642921921253
0.644824530225
0.546857252002
0.563600006192
0.620358278802
0.632407042387
0.544708990259
0.608353186159
0.424421571509
0.452303178785
0.303896612007
0.425061804033
0.343051415983
0.553784775557
0.516253684281
0.630660318824
0.417429661995
0.4819324472
0.582882923892
0.547293639403
0.405919348618
0.596492109528
0.527492750587
0.531866210074
0.456768751319
0.533675907446
0.599659269272
0.482069922071
0.632515710206
0.703882084153
0.538757936686
0.448261204199
0.47006605394
0.510718830869
0.496422941765
0.491594139246
0.643266945148
0.417496982512
0.523452689834
0.465814459837
0.579410055405
0.621824248066
0.62278421262
0.497104604857
0.432682871117
0.422021358759
0.730719416516
0.648754560925
0.440445294575
0.6014751695
0.583389798077
0.724904078247
0.412100402104
0.502565307558
0.675986588259
0.654720678377
0.532658317613
0.527467304629
0.487740900131
0.530584820608
0.539338167276
0.552739300933
0.5851819384
0.589173378007
0.484176909299
0.486785302138
0.501062769219
0.509336003339
0.485891650149
0.525258509475
0.327685235105
0.478670929891
0.599911176872
0.582063850841
0.55397825479
0.587318961153
0.434313882674
0.460671296844
0.686668328282
0.535478744291
0.365093742541
0.534176750991
0.575393892103
0.500943307367
0.487704026205
0.621056167383
0.492910489059
0.503321738926
0.54418236927
0.454228018742
0.58724809304
0.59447816469
0.563672211915
0.668648005888
0.612823343653
0.606168477188
0.375066625225
0.597720369753
0.509069997416
0.633405412114
0.692680970516
0.498793712745
0.52724882981
0.577618884736
0.568783974836
0.587369432643
0.552931047838
0.515730776783
0.670192729443
0.389570812607
0.529020651581
0.657326413332
0.387595376975
0.415518895141
0.439246931929
0.493753763198
0.583034326771
0.662051061817
0.61328692008
0.647376269531
0.613690182631
0.457622819641
0.506823440299
0.54493920477
0.562442402416
0.428691492772
0.495819832128
0.406879337825
0.541007349081
0.636266497359
0.73932398839
0.510421869194
0.493411661941
0.491928215695
0.384899525257
0.597054829296
0.546290288862
0.5730823069
0.522816612493
0.532589523654
0.548752176843
0.445809510257
0.592216502041
0.470058472506
0.530565415309
0.473140980468
0.493723532066
0.394424398407
0.451995422327
0.365673097947
0.681315240704
0.643773124155
0.595117165137
0.499648565939
0.304418884281
0.470947338198
0.708820212496
0.634287992731
0.693273942017
0.469998940799
0.5379251308
0.533678846792
0.321904922681
0.314237799752
0.497483815578
0.511487850771
0.456162258543
0.472617082521
0.616153265637
0.433359754942
0.607220579478
0.54797092495
0.737448040659
0.749180092608
0.596596360845
0.523080644958
0.584846500266
0.540858243067
0.446618919693
0.449530091684
0.456212165285
0.512242833936
0.546673082946
0.337809791267
0.63927897846
0.357390551783
0.519552459365
0.714905637446
0.759711039413
0.583595257017
0.732131383344
0.650165691809
0.728271142651
0.488474342856
0.574769131927
0.563440181828
0.794043131869
0.352861286332
0.689786628637
0.446379798875
0.587369314991
0.444291741258
0.414316100241
0.521204597137
0.506059306445
0.605249732983
0.42033890577
0.46879206438
0.680516044407
0.554108405684
0.592818894675
0.488520063706
0.514501944401
0.580936024016
0.542958605028
0.612283491153
0.490879865034
0.425259929445
0.444204886093
0.729245524244
0.485564815918
0.470062680166
0.53085363912
0.563427275305
0.455404971686
0.441690058728
0.613509332115
0.588707777775
0.595994100925
0.70876217249
0.642007057623
0.46804064505
0.473627980509
0.667441809847
0.610095698107
0.648336114369
0.451677700898
0.52781898067
0.707427966704
0.521504713679
0.44009368001
0.503644343132
0.819750701521
0.563111056611
0.328345326141
0.489441170195
0.644583084462
0.657318547399
0.510588698813
0.492226284398
0.508436611142
0.480665106843
0.39015985969
0.485686646779
0.653235922609
0.465442281324
0.46929415471
0.610160557028
0.485641607703
0.522090715373
0.716163080984
0.451279834983
0.599888431955
0.524490298237
0.442636255354
0.308892759505
0.519399115901
0.433405000837
0.422051532747
0.487305383768
0.486942146454
0.764973971735
0.2415780032
0.493072597612
0.557625522658
0.547046276774
0.336292444004
0.521345393093
0.512208211953
0.323614263198
0.558056024731
0.630562777213
0.594019401362
0.424270135344
0.48455234539
0.5113937687
0.624286819423
0.648369070138
0.515770479127
0.409759499466
0.580583555346
0.576868484429
0.723723929068
0.554404683264
0.588156686414
0.401703256777
0.544863447928
0.720670516347
0.554186109307
0.452396696001
0.507224884148
0.460242485136
0.666232880456
0.49273103177
0.434147369895
0.590087640749
0.642958094366
0.331526988291
0.819503042148
0.424797475496
0.596239661784
0.527763101956
0.59824741707
0.547928217261
0.486303941381
0.517514377496
0.392349724743
0.533537263437
0.698914794018
0.416370240937
0.495241310853
0.417344471995
0.580265982643
0.554152705111
0.448952604757
0.39459880553
0.535531911587
0.887694908338
0.535078413713
0.542103712849
0.601209154965
0.484337641222
0.45252053286
0.580306443842
0.655841925355
1.02762462404
0.36940285169
0.663097141494
0.69182220806
0.609696113605
0.630576683431
0.559011325342
0.749119300669
0.519685579643
0.632757056264
0.720315696315
0.459862656727
0.691109071024
0.447695303407
0.75500561169
0.528182724002
0.327642941925
0.443609988336
0.458614218758
0.436336235021
0.700980161092
0.549162303429
0.568388939945
0.488656205461
0.526822782707
0.586856683529
0.513323178799
0.670649896958
0.379930959757
0.830145398493
0.634172228092
0.523751844829
0.391931607386
0.657074796976
0.612271864854
0.634511030065
0.533771705696
0.797934826973
0.771127748952
0.611921353181
0.725277205815
0.445275949125
0.700244160353
0.784938495332
0.263406421155
0.819377211446
0.479131823854
0.601777704425
0.628456567683
0.497567972165
0.615502059115
0.516183274077
0.365475084318
0.556150814739
0.465139009032
0.681188459036
0.532134899925
0.403339285588
0.615344520125
0.4459145918
0.451013818204
0.530232180719
0.537501654089
0.408392559688
0.599555008976
0.615802537924
0.565379199922
0.405302209245
0.594987741609
0.557008830955
0.541731176279
0.597045086921
0.479195469901
0.520191093373
0.498149784198
0.70841373082
0.493321008393
0.582927196992
0.570240935423
0.464466161037
0.424537888165
0.604449262678
0.458296988946
0.564103951287
0.916225120702
0.421757896825
0.47510182496
0.346721495149
0.622100965456
0.595113251323
0.891176287467
0.518820125101
0.670547791098
0.48358255482
0.725300080918
0.578513626175
0.599999116576
0.455689047604
0.407183146349
0.873882122653
0.652101713142
0.534463390354
0.374708938094
0.626023070091
0.503637808415
0.522975009767
0.535792556769
0.544085310805
0.451856063054
0.496457555157
0.407558145539
0.481980414901
0.526841631399
0.63687986505
0.631145401522
0.508180912322
0.712254114197
0.608559527345
0.605680697732
0.532622774234
0.55966740721
0.51122991361
0.570851746747
0.579302811153
0.496239079806
0.469639112341
0.646104499788
0.323164714888
0.663402910983
0.515255158625
0.578529110086
0.655293856149
0.608817854514
0.607890143829
0.650215146934
0.355284011296
0.417698741498
0.429717949747
0.535550384176
0.591895065041
0.627796604393
0.635385345243
0.558949647205
0.492378116977
0.674141396066
0.674822705592
0.543925446193
0.540008855329
0.710634094478
0.695778610929
0.481252285559
0.504614014014
0.636116623301
0.694240725762
0.742012139748
0.650428795046
0.610770047075
0.373302085928
0.617454649962
0.643311423195
0.605099669526
0.519451761705
0.715581591892
0.577289282945
0.595460431052
0.34284218314
0.648296106072
0.521981066664
0.651769768645
0.847538329242
0.576061478604
0.779039047197
0.599127292284
0.565744202411
0.562544105005
0.748327630168
0.867066822065
0.625248077488
0.605133603675
0.65295934298
0.391062304004
0.521853758512
0.612849610842
0.462433209938
0.603611224301
0.788958582078
0.569727399972
0.360963905605
0.705311113641
0.481425998014
0.52736375934
0.458933973034
0.480607505317
0.660292486971
0.38606861906
0.627677185796
0.715715580388
0.520951487605
0.5893893239
0.553088674669
0.520813675635
0.875759929838
0.503923586323
0.59305679355
0.519619517472
0.564754674164
0.646402375528
0.538607181718
0.536249330098
0.485789929672
0.695617409417
0.496590307846
0.808346089796
0.664931367503
0.604230839306
0.419822262843
0.538426548358
0.489057179154
0.499015334519
0.455302919427
0.498967722494
0.491294868066
0.595159483996
0.577892847995
0.658751363513
0.579431454374
0.456094309739
0.578608241229
0.697569078589
0.446181919512
0.517297446194
0.601983930711
0.464023002053
0.315470603582
0.399847164549
0.481661238183
0.62509668069
0.66724615261
0.464628180671
0.41498591967
0.638121490762
0.497970917022
0.591663958176
0.744493329202
0.682353124392
0.551834074512
0.384530752708
0.55069726409
0.77767281253
0.543115764292
0.602507908329
0.572191863496
0.645650776324
0.616881238208
0.719665700333
0.467639307758
0.383390329171
0.754914990611
0.649047668907
0.624067924534
0.619478873907
0.672385763155
0.601442234149
0.469925363636
0.763264968885
0.543440012398
0.506784652752
0.823516808098
0.619834758677
0.602588503091
0.609152606651
0.625852041365
0.690383912912
0.695049465643
0.825985132649
0.581668773395
0.681592564823
0.500900078828
0.542313804617
0.600901959259
0.675667548143
0.768575931561
0.553936665263
0.52674115823
0.387953621517
0.465366630104
0.603247731024
0.487432635569
0.503717931263
0.437609796866
0.645205280672
0.652911122096
0.736689922671
0.617868936883
0.577442302999
0.710885818009
0.498950923393
0.521129573876
0.726244733808
0.412384989509
0.476791114485
0.729257113691
0.898388759656
0.6098091868
0.607603847517
0.674411701004
0.481378879987
0.673462481967
0.600199115426
0.530477893605
0.761577015365
0.357872685305
0.84405050856
0.622721260666
0.649312099421
0.412803422463
0.420528615463
0.491453762586
0.289284216381
0.610506168422
0.499964630922
0.64266000999
0.398980494954
0.645425352111
0.65843744039
0.56635469057
0.475585064242
0.504383377277
0.357503206566
0.637468024118
0.751283494354
0.607335953921
0.424327841016
0.710261340217
0.480144906481
0.710335531951
0.588923800497
0.626867497811
0.575205557511
0.776484514211
0.442254281616
0.654126725209
0.625343990092
0.523556042371
0.599280598169
0.669908382056
0.503570058187
0.453986267076
0.759326354736
0.41362047216
0.702777713667
0.574311145992
0.546427645426
0.530541225816
0.589489292764
0.710923818202
0.596431128873
0.491782722991
0.554984720029
0.473117418307
0.686599584319
0.639745294978
0.576985068648
0.553902181583
0.545849322823
0.399445827034
0.583776902226
0.852274669448
0.538584553971
0.551315933986
0.73200510301
0.611784305831
0.574179259272
0.562759792861
0.669617252197
0.493335773529
0.585014389721
0.483287044316
0.601424097603
0.531738538006
0.434360697803
0.411606256577
0.617993970526
0.547523026994
0.614324307432
0.63666691688
0.761781076872
0.439211540025
0.669849913205
0.402810915409
0.618205858798
0.596196789362
0.747837790155
0.635142097584
0.711052244734
0.563694442855
0.437007350537
0.615570075635
0.45882775638
0.890786568483
0.590344835173
0.369528196488
0.497476737008
0.657090614625
0.698763231626
0.499906437429
0.803848167345
0.715555826152
0.72006943593
0.445901098356
0.670877434594
0.794002171456
0.48473346267
0.670011535928
0.591689039349
0.580708411238
0.605474991554
0.74764840475
0.646750098098
0.4158859332
0.553871331897
0.87120182258
0.531039985704
0.430027623556
0.930077333144
0.649727162277
0.498197498843
0.38069903625
0.572394077634
0.380940086461
0.696958306639
0.587730317548
0.619070389659
0.715781054003
0.643454472166
0.601582966144
0.840904379322
0.49432560732
0.607189855515
0.481988497334
0.526012421636
0.58457579139
0.464754769536
0.717320210387
0.643631682092
0.568067205126
0.676626688428
0.600265716687
0.588029947006
0.595261297904
0.508679834327
0.753030402985
0.751071453531
0.703425128472
0.7629082645
0.632802913027
0.612513758988
0.504203483731
0.762319778102
0.968945490845
0.458814977835
0.684167203021
0.610048515804
0.616911985222
0.674003519863
0.417733783416
0.585990126607
0.598289598799
0.508040575021
0.571741600811
0.570786734901
0.737669354948
0.488026246021
0.653143657298
0.547337081107
0.713177474241
0.531724712781
0.651547456147
0.445709644496
0.512588878698
0.587900395782
0.577821144089
0.472057826411
0.607046444882
0.545148490192
0.620694422043
0.513331702349
0.493572858732
0.827868994516
0.525921701288
0.486954968362
0.519424004426
0.492892402745
0.610291297854
0.522718676133
0.460484774063
0.500918186328
0.542497936994
0.478896665657
0.666763743388
0.552202704938
0.435460345008
0.701542271324
0.643670268202
0.366127982267
0.679623545945
0.400622863808
0.823374338337
0.770347045076
0.56516101301
0.604392666991
0.46265836695
0.375939485177
0.459861614785
0.417027521039
0.531530952273
0.479237422831
0.244302462655
0.467046166633
0.50134052472
0.471899096431
0.582889409906
0.32224000139
0.438805403025
0.503327995233
0.467710799114
0.612416825245
0.521252592513
0.634999351402
0.449865724149
0.600766012992
0.504579163673
0.619656638213
0.656932337942
0.6174156918
0.384777746315
0.436776005457
0.674032736294
0.540168947324
0.743184342576
0.387816620208
0.804453376992
0.512936034718
0.374942320786
0.564093813835
0.504140039413
0.612751118253
0.579546550332
0.527876620523
0.530089434426
0.5932729135
0.435811724109
0.571445588354
0.568954352951
0.56266651333
0.496807843461
0.550158804956
0.45546895105
0.773301675578
0.531105493181
0.584129489824
0.590445768453
0.635309718929
0.411096064814
0.434507101308
0.470941099597
0.378213061004
0.450909713041
0.712108967738
0.53792427527
0.571896739502
0.383336614451
0.444433744419
0.60986953517
0.545037603324
0.567134367972
0.46743561024
0.731453332486
0.589198554391
0.506681188166
0.521583386751
0.479946041853
0.402455161355
0.726981863885
0.374544899606
0.544737811913
0.493459414185
0.602771813544
0.428804234157
0.512217936251
0.607820231919
0.444047822417
0.388229546466
0.596512195704
0.544212505799
0.450657914211
0.677415899717
0.557822418039
0.390047304071
0.610322981876
0.323112826622
0.519746676804
0.730337569342
0.61120938722
0.430366348915
0.401975791855
0.578853037115
0.370461338137
0.425445604589
0.588762612806
0.611811697168
0.575094984128
0.716996716259
0.508151451385
0.647903076893
0.47262975004
0.798041349708
0.594808926065
0.597209879103
0.488026491812
0.446218642902
0.493734868498
0.576269300477
0.551071645162
0.49386130777
0.29915274984
0.529311229449
0.63400736999
0.596847037217
0.635085503454
0.688391438476
0.441518257671
0.422116829298
0.378018464878
0.319478974195
0.413838834908
0.36719086262
0.535333626443
0.435138765037
0.521447240716
0.287311963368
0.501116805258
0.666636531143
0.476829654716
0.557768277385
0.482704357365
0.480612563756
0.479937398718
0.525036733029
0.492893068981
0.84810678426
0.759104610968
0.682747157271
0.562462463556
0.783496834603
0.487309829708
0.683136118638
0.496642147309
0.5389047746
0.503549190991
0.552551192354
0.336031249826
0.492243018164
0.528144991276
0.370435908349
0.601187025611
0.377630777078
0.30763230423
0.429674979689
0.473975845683
0.494826130912
0.425589456713
0.535606233751
0.455049157032
0.760198725578
0.607043771226
0.4447818499
0.517741477791
0.686979406041
0.611899548443
0.377275227834
0.503382128392
0.695455723034
0.623277456478
0.630848870335
0.490334630146
0.826173401765
0.584278957419
0.46749565938
0.499820327046
0.536043775384
0.445164276084
0.565850604403
0.646464388752
0.576422921991
0.428236683269
0.497110200442
0.462102928581
0.847749177348
0.623399914594
0.576848243773
0.4664050065
0.53670170135
0.701451611888
0.677290674544
0.476563574236
0.438707771803
0.638997489905
0.44760678488
0.567108633768
0.858021102845
0.700330315679
0.446903115033
0.514143328415
0.478807817258
0.489248126834
0.763893469904
0.672775070977
0.494264972137
0.718645206679
0.418321029721
0.468716468947
0.541255809291
0.552390547006
0.307222718786
0.567653918277
0.472805342709
0.62334902551
0.548042992923
0.666659226474
0.564120226954
0.67759387651
0.457413101041
0.493394556305
0.520944386648
0.448859256656
0.577074324491
0.597679104184
0.727832268325
0.413782524037
0.500037116607
0.519969673664
0.50242194852
0.453909520266
0.475131465288
0.457117540303
0.609127054094
0.491238164226
0.533789615593
0.662667122954
0.609944055088
0.699785726186
0.463145366035
0.476892064245
0.359256314578
0.49542843482
0.541732660382
0.438964194611
0.628194143693
0.749576969157
0.73571179494
0.681722813698
0.575716070496
0.481067187061
0.836022063722
0.563635573154
0.484891443022
0.593472751006
0.465024525663
0.357026593708
0.567262818002
0.663706465472
0.786929856833
0.466928223078
0.554456377133
0.372521988626
0.599829684762
0.485240661369
0.838096189454
0.517103992185
0.610152971917
0.550958912747
0.449874264553
0.439799582277
0.602509397313
0.682705556203
0.51096527273
0.44499492455
0.83727608821
0.720856014203
0.473192526781
0.493453149798
0.469693049321
0.453544080787
0.595042407849
0.281233204977
0.699831936613
0.575019662728
0.690962003695
0.547059825674
0.422181464427
0.493059459524
0.495101754101
0.540584801561
0.50214588863
0.483386368727
0.559589207026
0.49274548793
0.678379381598
0.562857643037
0.529239558057
0.573989199157
0.627361750535
0.385205330465
0.597992448358
0.520430334909
0.522017579202
0.630370964476
0.568700637394
0.642854995406
0.465048204813
0.624521913874
0.865284707919
0.674092926478
0.490069441584
0.479122016409
0.660506443527
0.53632473324
0.539943073173
0.374319299135
0.603018295379
0.391030070044
0.437232148403
0.741283399116
0.505026798107
0.688543365211
0.673000503245
0.457199113079
0.50744755372
0.420451281509
0.423683996845
0.480611429252
0.541487281447
0.617962507855
0.593544371846
0.50610058613
0.644162940786
0.647592463741
0.429924550269
0.358219224443
0.472616995959
0.58777452728
0.609026028006
0.529285755733
0.556261734795
0.423928567406
0.462511331954
0.461596719218
0.447551846669
0.615247540349
0.463384105073
0.550050269123
0.480186155432
0.590299745578
0.412976275869
0.515156093854
0.457008389412
0.527088153161
0.415022643182
0.463814089381
0.516963216685
0.511787402994
0.527342850453
0.44825587533
0.548090248266
0.370608828666
0.412516827417
0.635933701751
0.49736034892
0.403828509966
0.62201416751
0.54556851406
0.599787195023
0.46394785565
0.610902628852
0.568259544495
0.606004787584
0.686946590399
0.428666363998
0.400066491846
0.668501731635
0.482021734525
0.485904754715
0.430003708997
0.45355506968
0.502611402772
0.364123427698
0.489790818736
0.479511373885
0.45627102837
0.551339027632
0.403997152613
0.46816945196
0.384871622869
0.780193615452
0.511450478462
0.547457422555
0.563022035783
0.692603320324
0.515874197202
0.468226734265
0.827196982595
0.410888485792
0.600061511405
0.419717218949
0.378174355598
0.527053596635
0.560819169654
0.601071802008
0.591839459131
0.582751538327
0.492847968516
0.312788414931
0.435016702396
0.512855327736
0.524367340968
0.524539802443
0.694404759684
0.434900378508
0.50544457895
0.533267557804
0.60293935603
0.462497364804
0.470250409497
0.670612296411
0.520165149644
0.637038229373
0.587337264948
0.404434777221
0.442400943103
0.568369118585
0.463294608472
0.433088944047
0.491558734311
0.535310318078
0.445917558222
0.544193936204
0.531646310122
0.395914437563
0.480384938648
0.747084715464
0.531281813685
0.632893251474
0.579419083869
0.374511899538
0.471953916335
0.621451247475
0.470384346609
0.54137418866
0.526157610413
0.490787422079
0.560334269992
0.50233867565
0.578702628198
0.608695082863
0.594876312561
0.524874722801
0.664753798375
0.644038195521
0.646546041129
0.676908904808
0.504594662692
0.361012485243
0.630032281378
0.541805451327
0.451579192654
0.538912438712
0.74303880693
0.48412475977
0.402317528317
0.638501763945
0.489194196364
0.570945564347
0.383180317591
0.463597297762
0.433593313952
0.447689721222
0.534425538327
0.695476764954
0.606110956727
0.577608636983
0.614596092031
0.505881719141
0.650244983738
0.481158518347
0.542500771739
0.519433290066
0.498974582
0.385525214379
0.557711807992
0.502371818103
0.429266598396
0.59291550105
0.362503356838
0.616635448265
0.510774728682
0.517440857349
0.596322715811
0.551234824473
0.393872649563
0.547496967146
0.613031647666
0.572037159357
0.539531207135
0.457792807721
0.474731940103
0.57600957636
0.502851608626
0.602952589632
0.610763386472
0.675931314009
0.387874611779
0.501522618007
0.336581176468
0.379974145015
0.574660248423
0.568797303337
0.551897833721
0.544945107765
0.351267577853
0.64279428697
0.435035625441
0.467760720969
0.688087240565
0.573159176863
0.386904107241
0.448651401321
0.587327540998
0.427079235726
0.465823853488
0.624639361638
0.556286956023
0.584726687733
0.491947963709
0.772859701764
0.770667325994
0.44045417007
0.476694234388
0.517838059572
0.530155221885
0.58983970683
0.475755424078
0.391904751398
0.470849557929
0.501416009873
0.384986034799
0.497756455463
0.444708784274
0.493907078296
0.567789514427
0.471087229583
0.469714961752
0.593087038618
0.532761168775
0.443291693187
0.669547688399
0.5114088253
0.339336637781
0.393803864326
0.44953809745
0.41721976613
0.45607795
0.54454103358
0.475639679874
0.57761150851
0.727399119655
0.556995689083
0.418214482375
0.595821385492
0.474002340596
0.655614775877
0.653621763214
0.583492814471
0.483791048952
0.490227544331
0.427811565418
0.551148347219
0.658231516144
0.549723316361
0.375749846743
0.526069718365
0.551124117273
0.485684465982
0.571644263441
0.443992659785
0.381608150147
0.656782543578
0.529088518608
0.645662852331
0.716213543741
0.70414632615
0.520789813146
0.608451682271
0.517032549083
0.360921903312
0.383250944692
0.601635184341
0.429050833933
0.551758775314
0.555731569575
0.616660659216
0.504701856257
0.516200446664
0.354326517933
0.437554684273
0.567550205684
0.611039726315
0.441245107401
0.512387002018
0.430032660811
0.598546108133
0.615227565136
0.621395265688
0.59775024105
0.572025081644
0.56030596117
0.546100217231
0.414258001769
0.504764218781
0.733321226182
0.450848732663
0.429225469571
0.578476230141
0.47899637335
0.461161766942
0.636371757859
0.66506546458
0.625374292355
0.533672535183
0.44430364517
0.383653444656
0.666602313555
0.557737583952
0.693592869498
0.571898348999
0.505465485515
0.588349267565
0.64749347665
0.655992056248
0.631595447883
0.537724129892
0.487245012121
0.647324805455
0.420693155648
0.481776599442
0.349553520035
0.53191898241
0.638223230616
0.641422271005
0.594471471666
0.487712343352
0.626501288869
0.687485087236
0.332623599392
0.540572189961
0.557286520575
0.598433821257
0.612063373634
0.610492241416
0.555632032583
0.535906057321
0.539119045567
0.692167221718
0.544257142989
0.439759208196
0.547900839799
0.712803775587
0.378664285425
0.556839297001
0.508838086798
0.573148406611
0.615036386045
0.489423585705
0.695120734081
0.605580753031
0.466474456743
0.538750718962
0.436517311396
0.417165173522
0.699642463423
0.689760472639
0.420777611439
0.383656918496
0.659021814188
0.476775097272
0.491530759164
0.589577088931
0.556002049432
0.630567765891
0.506715008379
0.534896201065
0.608570516672
0.573070289869
0.497674708763
0.572637949969
0.544911554918
0.603936115132
0.538579554294
0.525464323984
0.371940080885
0.673097572461
0.865616698627
0.248438065196
0.605301936055
0.732440725959
0.585879269664
0.517951620483
0.563597557337
0.611083605555
0.571547086231
0.644620530845
0.596368774698
0.466695367743
0.516278542316
0.516059145747
0.673381170276
0.532621803262
0.568787935616
0.574788584733
0.59771094012
0.495034606424
0.535322165454
0.462211306378
0.689394507075
0.666608313025
0.39011016514
0.470403134618
0.540052596199
0.448749585075
0.669971641064
0.36851069944
0.74516570942
0.548475105857
0.587221748698
0.611620967591
0.50152507467
0.351843074931
0.621961920401
0.737517020053
0.632660127093
0.461548261945
0.71977202844
0.730231776522
0.484622008756
0.558942817649
0.640829090544
0.455507223361
0.619697413418
0.823137084761
0.685568486739
0.597255875661
0.671026473976
0.756757769669
0.7304936787
0.543593375928
0.53108085239
0.616525999401
0.799208391538
0.360751512413
0.763741738114
0.636649450636
0.58849279961
0.680190985947
0.689053058402
0.602228673824
0.722569879033
0.567525275503
0.524272879913
0.488744944847
0.560983068688
0.633394693136
0.629326369026
0.54598792095
0.588157034752
0.497043965534
0.491379998587
0.424550706163
0.592601900175
0.601250770801
0.55642136839
0.465010395181
0.501286193165
0.617563581733
0.568304474491
0.521559760964
0.758583747306
0.662834477037
0.584863089939
0.581024987112
0.377222880419
0.489552858542
0.467680298905
0.591965202682
0.683236715066
0.532679508019
0.554364198251
0.759728425593
0.771619336897
0.801448086209
0.433808173495
0.637135431192
0.725180462393
0.627406673497
0.400580835064
0.551425820697
0.624382796152
0.66520367768
0.43246072756
0.44017362719
0.643302891367
0.379540144486
0.651055550084
0.460506487597
0.531100887277
0.513569185006
0.441981979436
0.469629225105
0.561849949984
0.617333785352
0.561407385514
0.426545702536
0.507703593336
0.553462874042
0.62891722039
0.490616385524
0.434817123147
0.440715700299
0.566081262794
0.490656252428
0.532766998904
0.460627886169
0.490504173388
0.715862852958
0.660034319469
0.481045704955
0.426322910354
0.484709500072
0.417264223957
0.442406247023
0.596879067973
0.566369632329
0.555982028577
0.624936844126
0.484541704741
0.413023135055
0.657380154037
0.517950025679
0.757155652434
0.531954413835
0.442377317709
0.512257486717
0.559466454992
0.558915658642
0.698803146394
0.659421247641
0.480585796951
0.688776376017
0.54861022242
0.515863913269
0.372048276223
0.430536775102
0.488729250262
0.697091927233
0.547282985784
0.528478914777
0.70181332444
0.668396505453
0.425894650718
0.654025556055
0.571584906482
0.556490814569
0.357084027386
0.529040122094
0.660585400233
0.49637224772
0.615689837102
0.472507279164
0.596646912765
0.641783377219
0.642653312465
0.6339531068
0.665749029931
0.596926508129
0.671460754569
0.715397291561
0.419764238156
0.424945004389
0.519858939519
0.431585193677
0.561647346851
0.365695657197
0.357180241511
0.421105789627
0.565769124928
0.57034153876
0.541885077353
0.622554231741
0.454486239629
0.595940693614
0.546339569677
0.583224395141
0.541652180072
0.534838745416
0.621395674412
0.479954224972
0.791011239038
0.452433436048
0.576296356559
0.57674191135
0.336221136595
0.522811880046
0.693182858658
0.44899432785
0.472520612752
0.570909354082
0.497635245782
0.510937930593
0.517820975043
0.539893463917
0.623591251086
0.5256847651
0.688459547924
0.436621219366
0.498608381144
0.414626462713
0.636332159926
0.583542470128
0.40050413857
0.469849297749
0.633973042834
0.534644386104
0.350374685213
0.74863250968
0.665348448519
0.518013707947
0.62282167566
0.568697638075
0.421431045763
0.521935522652
0.669127887726
0.606647397219
0.421889253463
0.526656192332
0.468541090768
0.522429003777
0.611397402747
0.50925284646
0.524230411649
0.523574662903
0.441526551873
0.502343587124
0.522259489767
0.502249473
0.460292558945
0.655180613793
0.644210355727
0.616382559877
0.310461380212
0.512944870178
0.71565220863
0.473797596908
0.464138870272
0.528538942318
0.557260920955
0.479394025694
0.469343456727
0.388882643059
0.441219624557
0.521567107899
0.61095486983
0.407762144569
0.766163521614
0.487246783338
0.490555803757
0.617431481511
0.510247227218
0.354327769796
0.604278147588
0.401985617582
0.503864036096
0.572307933977
0.486817554223
0.44355188477
0.404571734202
0.442618750358
0.678500082869
0.476820168207
0.716607954856
0.566706439929
0.657052602084
0.446542715641
0.557518864544
0.482532263235
0.40079612453
0.531971731341
0.480102423203
0.43003834016
0.566218897964
0.443234422459
0.549262539712
0.379419364198
0.586549915446
0.563036639522
0.608757295252
0.388910961162
0.31352330374
0.552941540653
0.656663762855
0.551318356246
0.55515623907
0.610257174461
0.546919341107
0.581013639402
0.518808433323
0.631138571414
0.478695635845
0.573195991247
0.592712118433
0.421823950762
0.656201551075
0.721797873999
0.522763106609
0.559601488094
0.55327915745
0.388193231507
0.500656581122
0.460746526742
0.570998930184
0.46824817038
0.497614194468
0.544678953177
0.583504739052
0.778782991784
0.382359342149
0.706592980575
0.621917392028
0.534862976686
0.621143082732
0.713120697353
0.368629665231
0.479762642508
0.472681656168
0.50921296168
0.629289179
0.494128093006
0.56062371242
0.595195082729
0.300650531225
0.509894618296
0.630803759547
0.461910063054
0.417588203427
0.433531727677
0.637875127332
0.507709463338
0.53649660748
0.50148284334
0.47539679698
0.612492131964
0.43680240787
0.576115149975
0.726583335453
0.516956508045
0.665852989421
0.589963150247
0.672500272275
0.554653849465
0.453983181136
0.521838061316
0.533277266539
0.681945807176
0.415851780707
0.535620656922
0.532063147187
0.562536558878
0.479215109587
0.393330774251
0.508528385536
0.483091654108
0.502292584677
0.552044783621
0.551164925202
0.5406523962
0.460575431565
0.535604225519
0.6003513583
0.549280439835
0.552773824342
0.43133229132
0.491174334117
0.467947405528
0.544300294944
0.445310793389
0.438875985761
0.4458391746
0.561744931261
0.472684800761
0.582513372175
0.553454939361
0.366752393278
0.412800508715
0.572759631644
0.465869758636
0.495937729485
0.451893956613
0.50453705456
0.507660155357
0.471591195474
0.518262432678
0.497155549021
0.469057021478
0.4903484169
0.475505544055
0.584918323842
0.828285304806
0.681280160332
0.820742377381
0.455761760592
0.397828125937
0.77426553188
0.719430768264
0.577208204914
0.687293326816
0.582018196393
0.428627175566
0.464142809204
0.567645482773
0.460553264795
0.514091202103
0.615530915092
0.363706150508
0.490570904466
0.600644245955
