0.32194839717
0.429687057811
0.717046057602
0.465322266085
0.582684278415
0.400936742453
0.404270536336
0.477022738362
0.512608524029
0.496658856412
0.484761185745
0.414862940745
0.499930523732
0.437687032067
0.393191584545
0.600102668039
0.537614203752
0.337488136132
0.425410379549
0.78894828849
0.428553705948
0.65794440494
0.338788726317
0.454221097887
0.380691620335
0.459936006798
0.494787326054
0.313251054609
0.401792687445
0.433290933161
0.460281450868
0.37672232152
0.533486433529
0.574022398984
0.492933546838
0.474839798169
0.486650769829
0.426001130469
0.466033675368
0.356353503523
0.494205057892
0.665813640947
0.499700503565
0.410827293966
0.53457506243
0.498790096544
0.561427603871
0.520411121859
0.512287618318
0.279677045406
0.481976115357
0.482986980721
0.43065506626
0.326652040192
0.38453960783
0.541104791531
0.470648526644
0.51691118286
0.503029773688
0.386050960166
0.445220490011
0.496963103632
0.389508555383
0.519141649629
0.413814968772
0.669518882273
0.522761862141
0.513027142517
0.544685112729
0.587730376735
0.514879802691
0.550217921673
0.589316049998
0.294627756485
0.463549302973
0.474444986688
0.311435859142
0.69838250959
0.360531143896
0.450699425392
0.470253106314
0.481486223163
0.500563778019
0.477370756731
0.518844287305
0.483608324798
0.409093347917
0.577961076951
0.558810879202
0.451074168681
0.558296908586
0.341818334025
0.400394222869
0.556013176597
0.394718236863
0.552542985864
0.498770152778
0.500834456999
0.311904693551
0.494252092446
0.606077088786
0.425354952431
0.418938391025
0.423982475689
0.386795048971
0.505075746582
0.384909816263
0.559723450258
0.296886530454
0.35551004656
0.404562562573
0.543424814131
0.623481954461
0.702271679567
0.326377279114
0.404451185984
0.425800051553
0.486496473354
0.564133282253
0.276419396973
0.577887117243
0.334380971564
0.426680333318
0.422601540114
0.700287551833
0.499251046695
0.331807155832
0.481728017988
0.588140679651
0.422988342317
0.452766449376
0.53550027303
0.560826715601
0.584324966297
0.596304668537
0.440490034742
0.480742102978
0.483318619915
0.376981422246
0.538829012563
0.426755058248
0.50317470715
0.382464658065
0.461436408001
0.399188938005
0.334143013478
0.617808672527
0.372193889521
0.520368544871
0.423505318584
0.526439722753
0.38141523684
0.521016760186
0.717374284667
0.550768667288
0.434124085724
0.554861387163
0.415684018231
0.437103640265
0.512988311049
0.558000798322
0.381197866651
0.533995806154
0.326578233894
0.44894710765
0.326720548777
0.369736277061
0.589372270867
0.414021104257
0.498785448578
0.480997995288
0.472862828833
0.560843406944
0.551812003943
0.423309264529
0.493566321934
0.404458177111
0.340860248595
0.577925168441
0.483117372207
0.502086064983
0.468519401188
0.608676558075
0.623024615611
0.384836204704
0.370199904485
0.44837734664
0.3668599739
0.506680658151
0.586904044599
0.460695286905
0.505086018065
0.48480128599
0.326814246495
0.297172381886
0.401676795043
0.624692079213
0.369066292782
0.40477444246
0.396355340228
0.564618894195
0.366196918265
0.460186433992
0.448832752812
0.374709434717
0.426540137655
0.558779586403
0.420576835113
0.567356135985
0.437558463706
0.514902890985
0.446739923834
0.484587377622
0.405894709914
0.345059615351
0.543660051942
0.416385203492
0.384616526325
0.30964700707
0.531051549395
0.363063217272
0.571677431336
0.467680209454
0.398305695051
0.479538401727
0.558283982432
0.513188324218
0.568148160725
0.589824701218
0.332542548368
0.487426721912
0.409237786539
0.375410854533
0.619347382913
0.586818066946
0.540261934115
0.615571244444
0.502524845831
0.434211614353
0.315715517261
0.551669912442
0.462966949245
0.417551952423
0.446665377289
0.458543224583
0.628572616706
0.479839297613
0.476992318931
0.581939854362
0.317710650094
0.406970553196
0.49494314618
0.434229707309
0.43108654508
0.607525422374
0.481169513187
0.609800290687
0.453266700252
0.481056625523
0.386813112134
0.439205113709
0.390621329753
0.608554383305
0.516829720328
0.893516367834
0.481830955634
0.523589572154
0.576254950828
0.340087804569
0.544214662376
0.518772175424
0.508789317368
0.486341269506
0.516031152716
0.605614006508
0.502032884034
0.5548360941
0.700981523744
0.467129416732
0.464399761606
0.584123554851
0.547432812238
0.438360079477
0.436818037581
0.537756475355
0.491807751804
0.420571924958
0.356332135267
0.354897243203
0.552642746105
0.359039361679
0.520637429408
0.534233925778
0.415560359837
0.529608909428
0.521848172693
0.517175385185
0.567204256086
0.706378660851
0.458305175382
0.306899618738
0.399311584779
0.617844500073
0.702810385942
0.583540980454
0.446811953666
0.365685882327
0.440715809014
0.556722214471
0.561896870404
0.623058653865
0.470820945097
0.511080398841
0.321809148489
0.416924096083
0.647631833788
0.321033266302
0.438022021355
0.493686059564
0.586513517
0.537446364941
0.498732781836
0.318034472738
0.535523316986
0.470151129649
0.431505126973
0.540299394442
0.532536377193
0.540195912775
0.467157873489
0.426943044388
0.43779432965
0.440546071014
0.484789339584
0.520854162397
0.560307018762
0.541251058625
0.462939440529
0.472625153614
0.554284366277
0.538319321451
0.421086846512
0.457995186344
0.446911821802
0.498377188838
0.711136558926
0.545536853035
0.438106478882
0.595952098995
0.458018497357
0.613372604976
0.470284010782
0.630092437992
0.393373744056
0.572608413548
0.526685661556
0.723382164666
0.571117087701
0.432858248217
0.4475826702
0.683859066818
0.642081211644
0.394904325474
0.574788873952
0.634767747556
0.388870450919
0.265051143707
0.663290948231
0.652048616143
0.599510998562
0.347532077174
0.541897642963
0.515765184649
0.399926467145
0.357044257153
0.301597027174
0.457131323615
0.641278986993
0.43400790837
0.54941617536
0.481069794372
0.451331766944
0.408275920649
0.393120140854
0.380240055683
0.434845269037
0.595736960738
0.441788536385
0.333700600206
0.4396586464
0.426499553555
0.486201921734
0.424420946055
0.289278318009
0.527101234298
0.491423949735
0.50896683457
0.459302789889
0.513760613658
0.419517207532
0.46093533044
0.538817906682
0.39022908778
0.338716329952
0.422926355561
0.574891920761
0.374451552922
0.607893272834
0.60299033054
0.471942885006
0.397472079815
0.54514857812
0.382736608311
0.470614656663
0.606508805465
0.451228655686
0.58108334858
0.418818200491
0.513912190447
0.578765902483
0.523052359032
0.417365812562
0.588358190684
0.440329157135
0.390166587433
0.43846829653
0.530039307314
0.594205988494
0.473003865324
0.57790536403
0.461410203465
0.569383302394
0.512931780198
0.53793384147
0.582257072935
0.495033143058
0.430848371678
0.575382774302
0.390819777603
0.36528996197
0.385142189984
0.508355797017
0.407068602905
0.566127960829
0.370229273656
0.444683601807
0.450083778845
0.528793254751
0.438297248998
0.634718630076
0.484363382848
0.577386260174
0.330659176818
0.447665013223
0.584946792666
0.421931541069
0.390271412934
0.559280985513
0.537881952135
0.385510490491
0.435165298636
0.40267066112
0.405767612379
0.370776458619
0.491683134083
0.471730443801
0.767664614989
0.347480152
0.47222169883
0.33220447947
0.531732923146
0.640663766068
0.556373565623
0.725694472372
0.378290567898
0.588417122322
0.680361166902
0.438451275049
0.515649585739
0.501407716424
0.546383227553
0.421240636924
0.430534713887
0.65866009089
0.463346680817
0.479365271709
0.502022512498
0.400397566852
0.542634871112
0.460030931295
0.392263913739
0.534506278121
0.484411569769
0.368493342393
0.363035820178
0.6274543853
0.65212081207
0.490557618561
0.54889201278
0.6834621766
0.609972394191
0.48545442772
0.432493887933
0.470989142183
0.543717163307
0.577853532849
0.476260065917
0.535498603585
0.371122469676
0.431126451249
0.508169726441
0.371750601206
0.515005267545
0.576385300672
0.544816034141
0.40817596783
0.39448446499
0.355904046617
0.391519513624
0.514517965019
0.450870073725
0.439222140668
0.396748812211
0.474150603577
0.533032451651
0.570134744716
0.536575279245
0.394159220475
0.47155013418
0.563542427584
0.613103179137
0.487958456366
0.439958140734
0.820527934275
0.514648340911
0.598778917861
0.502085382126
0.368814497035
0.430957003411
0.593343025174
0.499649856907
0.481290567381
0.46231171494
0.472402272397
0.561271069804
0.461132736552
0.598227585469
0.536153672107
0.62083058747
0.532559131664
0.44400853095
0.458800197149
0.531797416641
0.64486526689
0.672071270457
0.410601859094
0.471615653696
0.640330530068
0.418635055859
0.594385613848
0.386516907616
0.433307958847
0.484181903964
0.423491486633
0.44636867463
0.598515520781
0.371099463473
0.398765937352
0.475984668488
0.482222780451
0.296293102238
0.615129698047
0.478579534563
0.380985317585
0.440561039645
0.625148224791
0.436267214301
0.602797011005
0.460065435866
0.825112617823
0.624695909164
0.755727069899
0.508008236688
0.409149633829
0.412298913456
0.526962379918
0.685501678854
0.428316989089
0.579201689173
0.475105095362
0.433417614176
0.466663846484
0.61906305169
0.532386200657
0.474617175554
0.481840755865
0.561427289878
0.44235364639
0.553345689196
0.546768880962
0.570624939985
0.407295977944
0.565766094125
0.381363473592
0.50614006977
0.420984651479
0.576122705902
0.505620655482
0.370868482977
0.60268749613
0.476922974231
0.478505625103
0.577324364604
0.463565330854
0.561593627012
0.451487572466
0.466707868865
0.546568150014
0.52907441588
0.501458942351
0.525180404618
0.439258895024
0.408599703764
0.462524534036
0.536978114904
0.522863591614
0.404632978078
0.544358281291
0.440635315388
0.502344042057
0.528303817051
0.328241915999
0.484556101259
0.460378119451
0.367782593336
0.453244145709
0.437587104518
0.449501645299
0.359543818331
0.518655131533
0.564488007342
0.461034337496
0.607900292901
0.643823679671
0.561892466537
0.496374733919
0.602612928396
0.513657236208
0.470397778781
0.445871211364
0.395661637088
0.474640415413
0.612131386566
0.426555852807
0.479292787721
0.547026039658
0.439765057427
0.436396329504
0.49613261916
0.367991167987
0.570656269548
0.25233492122
0.703325155802
0.478064903692
0.70543533069
0.509806034707
0.316494451738
0.60025451967
0.512388820403
0.57356617663
0.604961399033
0.710724520401
0.470639826837
0.521993326743
0.445674010119
0.560204659853
0.503257810544
0.568921862769
0.385194778742
0.352211353883
0.551682477674
0.720013486409
0.486769758642
0.528019067954
0.516238966523
0.61752274847
0.433210917397
0.531211176849
0.489803165898
0.621415224637
0.377047671039
0.593732015859
0.437050488159
0.435978859745
0.387825310735
0.399324540785
0.431930409955
0.459481940488
0.362278559467
0.459059368316
0.503499867378
0.609299969993
0.436138033324
0.419803300357
0.676049299137
0.702063005903
0.356813556234
0.387544885502
0.453034338832
0.444156983604
0.408921022693
0.460992926014
0.574730972272
0.491381384285
0.41775145168
0.506863126547
0.403725049453
0.394570672381
0.31588763429
0.367663530026
0.531128254675
0.512770530066
0.396102883483
0.351478589184
0.330513083457
0.445235916972
0.42559480283
0.349139114772
0.621007155325
0.339154134496
0.676661988562
0.604854956107
0.398345287584
0.509607031914
0.416345876251
0.445262691188
0.432261225825
0.506587048379
0.593387288099
0.502167325435
0.504982681891
0.455681262398
0.481094672989
0.384522958574
0.603899215737
0.673156894824
0.528220746427
0.592756422634
0.638736833261
0.438192383472
0.592501713943
0.638431043146
0.407604993179
0.540561211021
0.416068362679
0.523653098456
0.455697747611
0.433761410769
0.567447346228
0.563224342954
0.424426846637
0.413490259606
0.451598900595
0.499534761018
0.617227570902
0.493491409016
0.640076248138
0.501696500917
0.538144713679
0.512517458314
0.539219886079
0.390628865139
0.594103817489
0.543380001279
0.524241539284
0.710151193174
0.540755973847
0.238840133933
0.536906909668
0.520802341878
0.512395256588
0.588866020267
0.838143544209
0.661681082258
0.407967556369
0.620384956207
0.485272377818
0.564837128896
0.684304573146
0.530807222698
0.612187410708
0.424804625899
0.43327366408
0.581365255473
0.47773085147
0.365925579319
0.559574340817
0.368554168102
0.350040034029
0.584087353484
0.460006106183
0.749826551099
0.434138932698
0.397452409791
0.531930344961
0.459728685656
0.322004560964
0.582700165784
0.523489119182
0.59153311793
0.574446818572
0.584208831438
0.436038483134
0.506629943741
0.477661251911
0.447848440763
0.575264770119
0.666853975747
0.53769077346
0.45747296785
0.548353571512
0.303855249741
0.528737941203
0.772274563777
0.398330316476
0.546218918744
0.463869084875
0.369939559697
0.562126560216
0.559734471904
0.524049361863
0.561251961845
0.544627081497
0.607692752979
0.43429105983
0.4608064905
0.535201803762
0.341320964596
0.407845194945
0.577006435275
0.393746063328
0.483332908168
0.423409031294
0.639439086024
0.411334065452
0.537927742583
0.654224292936
0.697157902827
0.509117050138
0.384833589329
0.507845673001
0.538564650315
0.456141167982
0.593309679352
0.548028458204
0.402459677347
0.454173858241
0.519110882953
0.676303288584
0.315224775461
0.570259225267
0.407879044498
0.532505976095
0.514290553189
0.47719938512
0.528046588695
0.433815644414
0.506571795964
0.492504846012
0.561561257876
0.331355576787
0.525813690893
0.452716090199
0.443010234666
0.628310492632
0.503501887119
0.484995666722
0.458257034005
0.516535105929
0.296774106515
0.513028689612
0.675292261577
0.568128958627
0.468321004
0.538136798609
0.606691260833
0.585709388036
0.506719866277
0.632200998089
0.483231721382
0.484415753401
0.633801963409
0.554116934247
0.447899449095
0.440892495609
0.52021223831
0.581711843613
0.460377599668
0.4578387484
0.537092043151
0.420104609525
0.454545074456
0.606578667823
0.439545760329
0.594549521919
0.563635732613
0.54100999964
0.441315666284
0.354507023054
0.413572136127
0.572758637103
0.536805326267
0.554322837541
0.461984353924
0.369669813283
0.319699064073
0.585423980194
0.400410096109
0.62104757149
0.36272008164
0.508475594194
0.480002990831
0.604921574587
0.633674635427
0.46159902156
0.623467006947
0.580620614221
0.467711655298
0.518831247383
0.250227068635
0.583666958881
0.532662260984
0.370369002016
0.427795644052
0.50179349407
0.547252927569
0.405550687309
0.665200246774
0.698948541302
0.527947696837
0.37618676555
0.626603246447
0.44858101356
0.606646398124
0.576666451155
0.635728128689
0.704421639412
0.59439655
0.549692520961
0.594611325455
0.379943646635
0.331053734611
0.544005700519
0.468301421409
0.644106104682
0.498029620753
0.696821860091
0.650047154586
0.285421843213
0.447912285654
0.442610687135
0.571836537278
0.501449160212
0.667058961106
0.529049401173
0.560459302213
0.43457363714
0.385666209413
0.453609298197
0.522654236117
0.491225800745
0.406015887946
0.526030061032
0.540547992578
0.615979266323
0.549615586408
0.566455876924
0.564679185233
0.437086500573
0.319014033357
0.443009794837
0.407793800039
0.489978734653
0.573985976188
0.442328436008
0.441792944897
0.58925796485
0.518500676025
0.426097736347
0.47970047441
0.551075676572
0.63761053958
0.445468377562
0.37237546706
0.473388006592
0.296697531895
0.474645190064
0.560606471601
0.533353147678
0.527004695528
0.463489284304
0.775790177828
0.460858911739
0.387705909279
0.406555529632
0.439171871829
0.764943529722
0.701525285952
0.642384482858
0.491177788049
0.498533271399
0.564856708966
0.42368993716
0.426766290907
0.490027002619
0.425865405933
0.711014668895
0.483919899089
0.435548065721
0.365991322743
0.602410436627
0.525412159846
0.401452614303
0.845398950456
0.684866327651
0.611412140166
0.470265920989
0.580981086811
0.556999165513
0.631805088023
0.517910349634
0.434372289136
0.578693199829
0.768375202239
0.49005617823
0.500620853069
0.854993298508
0.862626921601
0.95431631798
0.683950372475
0.802788020984
0.39859761163
0.281023055522
0.760201830427
0.590308972905
0.462357119025
0.512464267015
0.551638983679
0.485011672048
0.710186800236
0.800772176378
0.449665916698
0.591762124306
0.644606591139
0.585729061926
0.441638755
0.439354606693
0.511174800051
0.61165085307
0.423964235138
0.461716946778
0.494150014404
0.411555900936
0.514039805406
0.570880287699
0.579329018098
0.591004922263
0.572463493309
0.51066094382
0.508237058416
0.662666249424
0.544861537952
0.913569805722
0.881218364895
0.709940743606
0.564321393355
0.836083703758
0.624854992379
0.355428313655
0.509766104022
0.666078267805
0.945144894375
0.41374775741
0.795073057693
0.490188798966
0.675373285685
0.675678276183
0.920863792851
0.846690971491
0.662070556322
0.516486339564
0.501444396472
0.443654962978
0.707435968594
0.387414746058
0.767306294069
0.46174272553
0.6038107539
0.524244348033
0.66546906732
0.502890415723
0.483486499262
0.527097505429
0.559863763788
0.758848757693
0.724025080971
0.66830060073
0.324030576037
0.890676268415
0.566490086053
0.705515164961
0.61726994478
0.582537527222
0.667147770577
0.956221694622
0.895701975535
0.912411821673
0.466334080722
0.406594034141
0.452871235054
0.515017816219
0.510337285908
0.544387055508
0.610352713886
0.610793065894
0.336585323729
0.647725331536
0.864298081069
0.778641677281
0.549374466489
0.47881309607
0.572722370821
0.709504225392
0.461272060646
0.492283070086
0.694004175615
0.611987201656
0.359133083834
0.764122605121
0.532518068798
0.587248695036
0.434181043228
0.690729157393
0.819984378094
0.473067294364
0.446170178582
0.524466428382
0.830562681561
0.548121869457
0.501666858186
0.507748722008
0.641067316525
0.536037592231
0.784854514939
0.651610739382
0.678865565294
0.494750630637
0.450956814612
0.649419653456
0.506163741375
0.424744912566
0.582234704327
0.854481288639
0.598745422218
0.54291993876
0.436881185636
0.800843892041
0.762039557801
0.467620000317
0.412500810247
0.93516313818
0.560175684196
0.386276843467
0.481193790057
0.775816960292
0.550403696653
0.676153041075
0.438783235648
0.422207941124
0.709514004326
0.698985100681
0.51453306501
0.641176459384
0.670040515314
0.739411740582
0.486456019551
0.578848325989
0.748459061527
0.295100223425
0.421341632088
0.628991873018
0.460809213989
0.627135976265
0.907800224912
0.606103458989
0.599256546287
0.605414521357
0.579588036726
0.625444192977
0.788257240265
0.752431018261
0.635179978064
0.474073534234
0.623998435868
0.502759077108
0.56558998018
0.582416330951
0.77193318255
0.579514433034
0.512132078788
0.556872336806
0.652470949624
0.722611040617
0.826190495902
0.639942235005
0.589636794675
0.461468871832
0.49094543863
0.56030116123
0.878849253917
0.829945992044
0.720840002468
0.323790815966
0.375692675222
0.738440790465
0.354723549022
0.692071091859
0.420682112734
0.861382468035
0.555151836529
0.759258427188
0.662600618332
0.55450110609
0.667584598929
0.429622679298
0.585876432506
0.555297479413
0.497405228552
0.884465666061
0.540246911565
0.488577112773
0.64512100329
0.436166644138
0.551165419968
0.686692837404
0.502262871516
0.509693646843
0.707136709683
0.456656516591
0.615460531676
0.55470284197
0.454386411099
0.672072872833
0.697445682672
0.815923141399
0.722207115579
0.581824453352
0.516079785043
0.490785835927
0.764393517622
0.721671530917
0.484519088205
0.416381679981
0.730896227822
0.420443777118
0.661300984378
0.667099018169
0.569065428659
0.901471944126
0.631993597672
0.52327033573
0.455374153077
0.625871242283
0.516286790131
0.574689847756
0.590044214883
0.592995895224
0.534878526742
0.645153503082
0.780883932066
0.659275229735
0.465587853786
0.665777274047
0.41447227089
0.553660007881
0.738832593851
0.611616731266
0.755289091405
0.688911574972
0.583557232195
0.610741885519
0.405345717276
0.479717592829
0.495461981127
0.333243427394
0.455935990885
0.723038417021
0.594320338421
0.795322247435
0.846318181391
0.606434885158
0.664817535436
0.761966292118
0.563241007616
0.598273942265
0.49546203669
0.538721338831
0.648405317652
0.60188988566
0.414779992857
0.634074142094
0.532275899486
0.671244611923
0.685521379237
0.454631688219
0.446561784463
0.637800212628
0.47008569519
0.62050266895
0.691066241613
0.524508138598
0.595125177997
0.667714886339
0.674379829853
0.473544125452
0.587886580074
0.690648501992
0.594111654511
0.46591892888
0.581026225379
0.533824545567
0.651143013618
0.845188129348
0.707661385188
0.551667450612
0.64005939754
0.644166632025
0.542764069673
0.510871609506
0.587847354796
0.966089885113
0.635860927462
0.506547491407
0.369746342807
0.714585465036
0.726355301203
0.735638322847
0.519483181986
0.501980562283
0.6082696162
0.614078218947
0.659309894461
0.611549690143
0.596469222425
0.431632480788
0.64013486163
0.422430567731
0.744809110923
0.478466974676
0.699390899502
0.424434284292
0.761475932827
0.640243445213
0.553555703985
0.66370588725
0.414554218927
0.538068544758
0.570612010413
0.761925158692
0.358099947958
0.623339348235
0.800034450786
0.627816947897
0.65915261732
0.504487458906
0.528768784719
0.693743410829
0.540528981898
0.785039213231
0.651518434212
0.496402914433
0.480306668029
0.433184913164
0.637063942924
0.628100899874
0.360620002923
0.510779511278
0.492581187661
0.528524963978
0.796185332703
0.522194137766
0.639559840304
0.504727188563
0.404460513554
0.653873212475
0.556942699934
0.502063790186
0.511238267173
0.580968198642
0.369609857598
0.353724474514
0.557184109662
0.564496124451
0.4463117959
0.632487894374
0.658570765667
0.493430338902
0.356591593679
0.346605409908
0.52403491765
0.385892682198
0.470591948714
0.714621037301
0.679127429055
0.473899874916
0.455033513067
0.623258331108
0.667044873119
0.548398884915
0.58054998632
0.506299902515
0.464878956978
0.487460550768
0.626241309114
0.702560030473
0.527409031012
0.753032310423
0.633700643857
0.541688556154
0.625202831431
0.701677164006
0.850950675097
0.992522148656
0.6989514461
0.598792014598
0.801512795204
0.670508739158
0.861093668649
0.544263128694
0.647633867846
0.559008156263
0.631533881194
0.641950982185
0.552916126184
0.565801464962
0.555214233239
0.436229476726
0.664948756176
0.596527056752
0.659834061538
0.490883231811
0.509730127835
0.553790484961
0.729837435321
0.614179152742
0.764483801286
0.655589570316
0.561279411543
0.67173981522
0.50905386874
0.566682553766
0.668413933124
0.415141860621
0.674376213287
0.446315820251
0.646564126476
0.608786079388
0.761476704704
0.448337712016
0.597539708836
0.617284638012
0.429980990104
0.534324094951
0.604586237785
0.614441295979
0.573807157045
0.363172087989
0.73800156206
0.482751086817
0.747835835135
0.543658736919
0.553524137782
0.572286417308
0.395522487083
0.424704637085
0.666892597214
0.505434231648
0.571904589997
0.568582207217
0.389470567919
0.575254772761
0.556069162952
0.780390754786
0.679102353991
0.459000076086
0.61044641538
0.422664322587
0.637544845193
0.637964163352
0.514279926492
0.623495262257
0.597520488029
0.450387977637
0.475944141076
0.464933720861
0.509099630021
0.598857780033
0.337319017115
0.557242445883
0.39093972498
0.654267241857
0.435053310917
0.471006229314
0.566055584723
0.662011359564
0.663724756211
0.629235126115
0.518608992413
0.475435434998
0.444803547288
0.440041390665
0.453050803471
0.507752165571
0.511025416559
0.553367921903
0.474682661121
0.472870420354
0.741005251761
0.522301716021
0.667097811388
0.462906595883
0.522910611665
0.666581897567
0.478251631055
0.444545286441
0.540716235405
0.519388281069
0.429836844685
0.393608587324
0.622780473551
0.361372973483
0.423067146366
0.589952357396
0.534776158569
0.573953100336
0.496344126891
0.585417516563
0.340459765989
0.582742034052
0.453406145444
0.542050523585
0.489996055937
0.47583192552
0.424129604136
0.625776684481
0.495877694181
0.492670331094
0.701706592643
0.58460351574
0.499090832011
0.464170370897
0.395261165662
0.452687337199
0.497171604554
0.456851171775
0.566027781631
0.543702755939
0.455898189766
0.50308811215
0.520407363297
0.593606203795
0.490618636332
0.394982682667
0.441125613356
0.638484326729
0.590297215426
0.415715913703
0.407396350269
0.437633017395
0.57045045293
0.638614507847
0.583943005863
0.882651089294
0.685045937674
0.744802928028
0.563228168409
0.593787161843
0.411802208154
0.452167438094
0.679139146145
0.699952813141
0.473882612537
0.564965388009
0.445983672103
0.452822379822
0.547865692277
0.577020178262
0.487137276589
0.450840560637
0.746462826021
0.559357769578
0.550010677707
0.434633956208
0.491725027816
0.467733412559
0.395230828218
0.40154019666
0.350176581339
0.533451192427
0.566767085426
0.478048783672
0.575117113239
0.468430730032
0.353993744933
0.694207588536
0.62204665561
0.444347773695
0.454911524127
0.65828690165
0.562356668822
0.418255667254
0.374406838952
0.309689714035
0.49215468904
0.505859226733
0.39144424596
0.561692917744
0.610463340747
0.625301226855
0.49204922984
0.558770504766
0.515383237922
0.570472413338
0.310218149842
0.604557149471
0.589258378964
0.576721495553
0.53919595876
0.759691634931
0.494659753417
0.402191320332
0.724626778611
0.580308471903
0.582887160417
0.529847175357
0.456288086311
0.438950958204
0.627201960955
0.609280506852
0.522513695937
0.665622448614
0.53994980168
0.549905999344
0.449187114817
0.61276689335
0.425825501179
0.483798307343
0.442849021504
0.586571891048
0.393081255769
0.411498684817
0.527147436023
0.425828896617
0.428345986628
0.490016447708
0.513663707047
0.420877714808
0.312969938873
0.501377393041
0.388759191944
0.513586550823
0.363787225763
0.5273687607
0.443583320344
0.512664556904
0.406839214529
0.710996262187
0.798601261796
0.521058539561
0.595807789005
0.538833958541
0.736259698216
0.695466225653
0.473704562919
0.556681486324
0.417767842974
0.537815375577
0.657553320876
0.712673233244
0.508467649654
0.530109683915
0.479494510807
0.383133624113
0.618670246618
0.497431364501
0.777879103556
0.635413095387
0.477952414312
0.62877909761
0.502413378057
0.658107178599
0.572176941145
0.555677459407
0.5744974128
0.570621841843
0.577629801306
0.546751506528
0.570775929561
0.432856299111
0.680587440647
0.482484025165
0.554791560746
0.573171086844
0.651197705915
0.341137502489
0.51488480784
0.5517678953
0.499967156257
0.560663516497
0.416347697196
0.421236271952
0.527650179698
0.390730162463
0.703587340407
0.618929765137
0.650981024148
0.555008542729
0.631441094209
0.538612305155
0.549339452996
0.701807662289
0.66524207091
0.414685386793
0.844819996049
0.438649259199
0.379066580232
0.450420863841
0.489866360205
0.622944595408
0.488478848818
0.61282023106
0.478449445659
0.5417628351
0.750844680643
0.456022502663
0.603647058164
0.835201002373
0.516118286961
0.67076415454
0.566112842527
0.623967010952
0.495080029394
0.637359686339
0.461544169115
0.37348919826
0.65745516642
0.475575007102
0.766303803776
0.568453242643
0.56358616978
0.366147086431
0.861147512396
0.586330477706
0.700093649757
0.423562226583
0.480062327459
0.703767046757
0.552276667463
0.613437657931
0.407989183402
0.579305180666
0.508070033745
0.899261353815
0.749638125706
0.527766414997
0.712675816411
0.777888339
0.608158582934
0.450890958299
0.599178677253
0.511849972004
0.511362848726
0.463141495751
0.495360799838
0.421269602063
0.820491268073
0.693769658299
0.901170567918
0.705110166643
0.555716889217
0.826713754618
0.492757636521
0.766016505985
0.706928134674
0.574912187655
0.600773094964
0.67140086609
0.680446876384
0.69208830625
0.601645310384
0.516756835949
0.768309565332
0.616161893321
0.498380118463
0.448475491745
0.856262210344
0.452719462083
0.486008631756
0.681659477867
0.737924690369
0.517414666267
0.49698604758
0.463135279397
1.14436030431
0.672279679856
0.551114198479
0.721628940337
0.619367801908
0.38205922341
0.739676555247
0.652075979303
0.63024216229
0.839418625529
0.755959789807
0.45239728641
0.743079331424
0.491307159449
0.625837195608
0.505050099587
0.705900932023
0.842721875728
0.720600305923
0.513700388651
0.706160513619
0.787235838956
0.375374878711
0.679828358513
0.691688678213
0.509086014401
0.537201956423
0.461367456541
0.621069265731
0.533517010091
0.791259335964
0.608917781439
0.489115339394
0.585063921697
0.546391334478
0.616573911792
0.568288636943
0.531902126167
0.640573190749
0.905363031457
0.743908243263
0.563958898765
0.466501237847
0.643407349215
0.563634629687
0.855885229401
0.522470589062
0.607726411501
0.654314083632
0.454383157122
0.555007635011
0.669565658793
0.79754235331
0.669096289716
0.585325371465
0.587419511822
0.660198416122
0.802026158717
0.573891359242
0.549745484708
0.851267038597
0.783714034247
0.63073215812
0.654961430611
0.653504154623
0.645592267082
0.628430412044
0.73257394036
0.448805757144
0.90715037186
0.632335815264
0.542751681807
0.71706300223
0.699125220387
0.677138857574
0.773911072487
0.90532468281
0.663280537789
0.739494290793
0.564801264833
0.47553167758
0.580880795601
0.661703180917
0.628515528348
0.64718114617
0.714678988587
0.680121194133
0.543860286647
0.791878703462
0.969645236277
0.609991111698
0.594670357957
0.554723751252
0.583762666275
0.756037679147
0.735203168217
0.672928408395
0.426879574491
0.544408388433
0.534271929756
0.585923619699
0.465781826414
0.394462270651
0.340970934917
0.514363147241
0.561238536323
0.694684613102
0.49050211603
0.517369159081
0.485849739117
0.399188414071
0.42550622593
0.58039586497
0.591338681914
0.681189604369
0.646421607278
0.783701304164
0.642940494505
0.687146056526
0.70058912573
0.748993216265
0.798801564147
0.65431498996
0.38780934913
0.534471626978
0.565619272162
0.483698863565
0.60520533855
0.544732280653
0.399427189422
0.746938542744
0.439303692765
0.738416962207
0.661946973085
0.65984968885
0.49093600196
0.670598377862
0.569151993466
0.529258924522
0.59607807178
0.61904088621
0.59323000284
0.551165984106
0.588834708643
0.479969547456
0.553521848713
0.444514092499
0.550265528012
0.735011139423
0.828021452852
0.463191865622
0.651255110804
0.42935457996
0.425041044887
0.472088905272
0.480997494321
0.548075315962
0.564621850022
0.536681855589
0.472320295927
0.475930583774
0.555861967291
0.613900657963
0.514612046098
0.637363531456
0.533072033514
0.528550323845
0.326793074929
0.554234132008
0.627010723292
0.456582890684
0.613013420681
0.582748704646
0.483918163198
0.532897757746
0.544361452875
0.426669090593
0.530409596257
0.363517214432
0.322596069665
0.435613234106
0.520917147616
0.572716726844
0.645716811187
0.488164919634
0.491864664553
0.512167084416
0.552873702022
0.454810730254
0.560233481122
0.332023196907
0.404451149075
0.554809945104
0.632001472156
0.487840662423
0.409234388683
0.420502671218
0.515179520717
0.497177208171
0.63605610942
0.488054726911
0.637071944541
0.458329591847
0.611258507877
0.648281666838
0.613743267893
0.426753307426
0.603729591521
0.634308148007
0.381054253244
0.396727023623
0.59946413176
0.40283382097
0.657204830282
0.590947937779
0.625865184171
0.335904250789
0.540473982021
0.376729574742
0.38132960538
0.601757045538
0.536927469783
0.414670440162
0.453459575001
0.479169002211
0.479039314283
0.528123482464
0.77106468872
0.610397547541
0.426970498793
0.517038952369
0.511521683941
0.582929518511
0.473173248409
0.596674076035
0.451303203675
0.511597330258
0.471677066536
0.522140713726
0.577951901658
0.682490302387
0.578967919739
0.702175850504
0.396284633305
0.451692558283
0.574645425591
0.600821429084
0.612911676214
0.46148855064
0.564281636013
0.475388324062
0.562458893591
0.633257456251
0.417381071439
0.514190086594
0.523145849303
0.690406659943
0.376985134987
0.512368586474
0.528539516479
0.550369157269
0.44042069754
0.518488697847
0.531284902491
0.54770728726
0.491876848342
0.667402348361
0.477823152509
0.692666584007
0.422598483512
0.400964780456
0.560849456305
0.481674982826
0.625049512396
0.429506131059
0.419544234902
0.451723077958
0.393565623521
0.539234124002
0.354781238391
0.386101929164
0.52699330491
0.512922310941
0.515758819275
0.646723728595
0.499315195332
0.535207745495
0.479801823734
0.463015374583
0.644461568898
0.555961957272
0.400306589294
0.607375541875
0.395795944991
0.415138745207
0.666590423941
0.501230655838
0.401474456122
0.498783050016
0.495017169398
0.505196570312
0.466950885174
0.355988487737
0.443649390836
0.388718415198
0.609908355211
0.608519298295
0.445296398199
0.477907168619
0.403656899703
0.5826678439
0.484284400635
0.719000433246
0.424764912591
0.305486298606
0.468021150986
0.541509821229
0.5841632003
0.484858251617
0.523343754773
0.51655460359
0.560170969002
0.341061891895
0.619701340211
0.507620465749
0.483484167172
0.521949674752
0.411675062074
0.489284619413
0.597657095945
0.544049097595
0.502705689633
0.476793538538
0.628864558012
0.518577135243
0.366113885159
0.796342533163
0.579316306348
0.455778876587
0.442185413224
0.317480869524
0.386533844268
0.370610680482
0.586422715756
0.43503611303
0.46852762954
0.602396192933
0.359931437101
0.597571307062
0.534863255227
0.421879468239
0.527199749324
0.515533109485
0.59925299012
0.417376380184
0.591951925047
0.661139836849
0.468200111471
0.496597952501
0.592673493953
0.517429206942
0.510654398948
0.423625418014
0.456281870349
0.520032734817
0.366619034134
0.60769016816
0.427850733574
0.537201385338
0.346784692384
0.655582043996
0.530863137854
0.500203562301
0.426633025865
0.393832568387
0.539461522632
0.384247836788
0.720246850851
0.42793153461
0.542477138431
0.396466139439
0.657325474221
0.411488029781
0.542401366516
0.314666260113
0.429669356365
0.529630475834
0.453366209752
0.319780039088
0.520129404116
0.534551613285
0.361002642968
0.494094449696
0.466009243432
0.59266720093
0.452249306602
0.450709093952
0.585105386578
0.564729939544
0.473827131219
0.408585189242
0.394347363832
0.514669384492
0.589945733412
0.705087057322
0.534034543518
0.591351258994
0.428342348445
0.383892631515
0.395794115289
0.498870070339
0.416249384925
0.503177239559
0.581507005712
0.585983467754
0.611411405649
0.45544029807
0.417688377739
0.412905325797
0.456034069168
0.556550246178
0.515720863618
0.370976103479
0.446093533006
0.458735370197
0.65672124743
0.432734668901
0.650691481455
0.391856123162
0.621405719178
0.513335116764
0.45500300231
0.506216690947
0.487773344378
0.471234531717
0.430250136195
0.559055523318
0.33554661872
0.417921359373
0.414457246672
0.373739193545
0.689091861695
0.388115917109
0.525758739178
0.579406256139
0.422442604198
0.55646571817
0.450143999353
0.496456367846
0.571939713168
0.40830236145
0.665459813479
0.412916974296
0.44949130151
0.375378649783
0.413203117082
0.570304403806
0.540653332179
0.383645765415
0.451694474022
0.485329880293
0.421296572135
0.411910175318
0.782427940009
0.43866469754
0.576790211523
0.580481016399
0.400544183052
0.476886272491
0.4875157813
0.589295577167
0.477804712361
0.373565908001
0.445347064639
0.510597696003
0.536341245446
0.487367827591
0.342316794582
0.555594475452
0.418195006188
0.714858866531
0.582362044505
0.614130876648
0.501850593357
0.395257462994
0.442320032049
0.432744816546
0.335043007085
0.474696561913
0.60907635035
0.527250965475
0.645938765476
0.392981141834
0.644418126724
0.478686988933
0.528139839817
0.366169309892
0.451260940926
0.478991780072
0.541361063739
0.570958403998
0.467968852943
0.616444915469
0.441100981959
0.419748858478
0.297526192748
0.506810992081
0.401898134661
0.665309821085
0.503066660421
0.359196421013
0.442993604235
0.66427966498
0.540504426917
0.353492250584
0.443441889206
0.622334228348
0.333929263429
0.350353944449
0.300883983725
0.531092081403
0.376351439241
0.491143173303
0.43895415908
0.570318550568
0.587038259283
0.476670271523
0.563347010323
0.355422957954
0.578087027244
0.485653214945
0.540678508744
0.488925069792
0.529479340855
0.402997466438
0.53703260904
0.688760140156
0.515637412905
0.550628792148
0.498699034563
0.445238546549
0.546209886628
0.354311508985
0.526145292879
0.694066032827
0.624240766267
0.601483635049
0.549658773606
0.608266934823
0.461216051337
0.418899282619
0.519840555873
0.59180982445
0.548237353016
0.323591091735
0.545151954922
0.45423969101
0.545097201207
0.604686335947
0.509818798395
0.437684660492
0.583146289271
0.432455017012
0.6278404476
0.564430301916
0.617018553876
0.49411141618
0.512351611593
0.477514285099
0.476422196898
0.746814441984
0.621635022004
0.376082344508
0.469364755028
0.607155456963
0.466736897448
0.321980885069
0.399495143724
0.431954305027
0.385783742173
0.405632042655
0.64530794141
0.430454993984
0.575679208879
0.445104025792
0.545919948762
0.507117316189
0.516937104393
0.398824150181
0.579687604821
0.486383454623
0.618113601129
0.418502992709
0.420288380804
0.57731746511
0.439831610668
0.640142086921
0.478577201683
0.589104303656
0.649479357293
0.364174659171
0.4917527309
0.590925621893
0.503778748527
0.356299912022
0.412427076806
0.509456281134
0.593522560224
0.473560716646
0.426876250582
0.422972189184
0.549794534228
0.636745757033
0.500345148609
0.484528428661
0.376332987053
0.685953798146
0.295081595731
0.590954892194
0.364253266273
0.43007493317
0.415184803521
0.487353564274
0.417544540241
0.779294100751
0.439504124278
0.573847774919
0.44354337549
0.661971343967
0.420173142593
0.450351986305
0.341982726368
0.638096156177
0.476858817032
0.382237955697
0.519595615442
0.409671448216
0.55833939024
0.325383323898
0.400473387425
0.480069879476
0.58904431564
0.542871613207
0.42686459914
0.54085536259
0.384863232742
0.524970773168
0.454137330358
0.435696166824
0.423881780592
0.583153020802
0.622194458925
0.542706194163
0.615642884347
0.537293423151
0.404013280986
0.453252048967
0.44141814336
0.520162269877
0.558761431411
0.536180831405
0.455791004309
0.430251213933
0.423618545641
0.508435801446
0.4019099212
0.350531194657
0.531202058259
0.465687337732
0.4383603397
0.457721703939
0.63379460312
0.489622056503
0.485883222445
0.441993686698
0.301221120068
0.720209717856
0.512411479174
0.563633496825
0.539135150215
0.611153659211
0.656700407036
0.384332419518
0.506542294924
0.508872705476
0.458502496869
0.344744256839
0.51794320693
0.593575720034
0.406947184952
0.324223242834
0.340572574011
0.48092469854
0.360808426031
0.50418128054
0.428209244854
0.43077541995
0.630226509047
0.489683713355
0.426773986674
0.463802540384
0.478871104629
0.410198011819
0.611734715942
0.463922522143
0.471531156945
0.624526435706
0.57154492447
0.495935527574
0.432478879613
0.429037692501
0.648115971601
0.466534658681
0.462369363429
0.383485209829
0.605513880543
0.627002734375
0.344555671382
0.517717095431
0.343002504871
0.412031529363
0.54514144139
0.460183238649
0.615791813555
0.641837370347
0.463886723137
0.330754116702
0.542859676738
0.678811761612
0.458119086378
0.291046041592
0.473547932031
0.579109882264
0.363573795239
0.545272401027
0.39695079489
0.60491117732
0.525116330258
0.502694711646
0.542654462949
0.548324380783
0.606876553262
0.455725831867
0.540326278499
0.56541904229
0.571777359794
0.563918095232
0.446971425452
0.423796459219
0.512224981918
0.525221819033
0.529882842661
0.416808572309
0.425792248689
0.464359011936
0.669886186417
0.310641415225
0.540103145318
0.53558464784
0.48676713491
0.548009120562
0.540798147713
0.56907733354
0.518697794597
0.493251513928
0.619145747499
0.626736137071
0.397393256125
0.442540593846
0.499739712457
0.414253679215
0.54602879487
0.350192120477
0.354168657478
0.627096162321
0.360004824619
0.372402530073
0.61346325265
0.337445663347
0.432728145308
0.440579104106
0.659255404119
0.498288742834
0.536820311661
0.452064204735
0.370710597036
0.582123665428
0.393526500241
0.671733731054
0.508347875366
0.551583146742
0.503096772302
0.624755457477
0.41933570121
0.381970093188
0.385475656746
0.400661441447
0.546353182267
0.417797939771
0.581830805592
0.643549688214
0.655683984782
0.427208582429
0.400844508124
0.574791363458
0.649418269656
0.294545029878
0.507551225003
0.394921661808
0.528292133812
0.357664463286
0.677543919464
0.497673408614
0.481892163912
0.48279491863
0.403382755841
0.68688260795
0.503578152347
0.512657803023
0.455890347749
0.613202893088
0.577466052551
0.525584185079
0.494372818515
0.313260595106
0.468075142352
0.47365536155
0.520328860195
0.400011007514
0.662797097582
0.576484941443
0.396568101636
0.331476039968
0.379578819566
0.395231567428
0.471349522161
0.608840921818
0.410109543425
0.533167935497
0.476760876772
0.4970461817
0.419155158486
0.441985169734
0.473645532838
0.39347315809
0.45406061325
0.46702150098
0.526958277448
0.56689145455
0.606760942681
0.494488566455
0.623071856148
0.596632408197
0.545802022368
0.544540673982
0.534129831399
0.451586233921
0.504452238951
0.578797616886
0.494107609161
0.555726170184
0.440146525611
0.441835015533
0.359829699794
0.583764456896
0.651572985517
0.577162515255
0.579766350775
0.360069772647
0.619090159976
0.530929207926
0.603353419911
0.455380134105
0.515907340875
0.401588649397
0.438385519758
0.532655081556
0.501067430851
0.447676701943
0.366642376227
0.575385940558
0.54118263043
0.557614703697
0.533564938013
0.593674587192
0.674909406115
0.44227410478
0.491375450659
0.51700136229
0.596000034923
0.482070287944
0.493508203335
0.471158888585
0.603754951426
0.541943804701
0.443306212977
0.454478229842
0.523851714765
0.484267745187
0.614971438174
0.452574928756
0.46567747673
0.581394344678
0.526193339006
0.53006574449
0.612160072564
0.5201621348
0.523151757369
0.542269159178
0.498171047456
0.44751995112
0.789787847016
0.455841181979
0.614650706773
0.4866822567
0.554983837545
0.602477177569
0.441914015086
0.309069372188
0.372782809205
0.442996491595
0.530285226534
0.593651186327
0.352817708253
0.640426961936
0.443988488001
0.433043569572
0.441626986713
0.617597015318
0.609506143869
0.567313510171
0.648795073427
0.476938907934
0.459155303109
0.585716483845
0.510274059562
0.567734804608
0.521780999995
0.543285896837
0.584577403346
0.368450307437
0.420309940009
0.516422693119
0.568944098459
0.522222895636
0.519942557172
0.499528199541
0.598442327758
0.573034155313
0.550417226782
0.476284810864
0.603568011251
0.529668262883
0.449817025966
0.550217831166
0.624253685833
0.428960413965
0.431796427941
0.598786798406
0.580291490926
0.379051774117
0.538636018708
0.582126762556
0.574967810032
0.508599231878
0.582811265346
0.375752399305
0.566952809919
0.340900570441
0.523015820456
0.525203242871
0.413342609389
0.451625270185
0.592096015514
0.503096190725
0.48556794661
0.467004376982
0.470039580075
0.390327031627
0.532052114245
0.328883666789
0.44681870481
0.662235404597
0.479915084417
0.549064665067
0.521960180972
0.36601072972
0.81450874689
0.495813664184
0.493020127945
0.401128885756
0.603945970241
0.485309408163
0.50373813088
0.612384492346
0.53939865109
0.453008590201
0.474569580364
0.490082716523
0.389238167316
0.438004498126
0.516138654539
0.589547127547
0.548363228131
0.491448059576
0.351854660245
0.333381700307
0.553003623611
0.717772128492
0.585587871244
0.53302843069
0.550576750958
0.48775437939
0.563550431749
0.57825030054
0.515745190691
0.667979442187
0.589795110479
0.607018558873
0.607911126861
0.648756495337
0.535878964664
0.538377432259
0.391046436745
0.470031358969
0.582932446014
0.382799898297
0.468766237887
0.456079086226
0.382048795866
0.551831234055
0.644781793189
0.426200948538
0.567606492048
0.410835713807
0.442289806768
0.425833325735
0.641877765712
0.51202837579
0.530475742741
0.549310491747
0.461269036068
0.5305026257
0.468793957367
0.578116281246
0.50111955436
0.467463162693
0.816863715133
0.457236144155
0.461882801066
0.382916862154
0.64903975085
0.530358370687
0.529012194454
0.589218580753
0.577720222603
0.501165757332
0.566395868786
0.548777834512
0.525124414463
0.49937039734
0.47934368312
0.399981114366
0.579752172798
0.610461901832
0.514315348103
0.526146799118
0.440983282032
0.494385340645
0.406272312299
0.610647622622
0.594619259339
0.65160995648
0.485121352577
0.402691659089
0.646149953228
0.421077149806
0.482711488461
0.581665839816
0.439593900715
0.515080390917
0.710540839978
0.522814631458
0.425763775861
0.625714648273
0.403285359431
0.472228286688
0.511656596556
0.517305089008
0.309202274158
0.6289398143
0.564527552263
0.562308642571
0.499881733101
0.399207108606
0.463695280451
0.437042562564
0.589498093197
0.459735447135
0.455395698429
0.400989961281
0.409032594928
0.48797305952
0.532595283028
0.51283347609
0.476135705929
0.451936674571
0.51367813766
0.479061353699
0.521985990482
0.368994645336
0.376951707054
0.582096672103
0.32249795216
0.513837609246
0.629334889181
0.475612866151
0.420383682033
0.621267103475
0.452306045263
0.571047015404
0.409426418096
0.530299865635
0.505234293552
0.525754345802
0.54338203397
0.403106388119
0.427431834758
0.564629971708
0.320791514713
0.44962462888
0.563953554399
0.468162812136
0.487584276528
0.59647386133
0.601333910408
0.403326915423
0.580924730234
0.510327446102
0.544919075434
0.499561040751
0.61066226523
0.450761095911
0.486204433148
0.587727029501
0.515796365434
0.608636109705
0.48832227771
0.540703301465
0.53428984709
0.469795466175
0.747122485328
0.563772386989
0.574662844074
0.553191053763
0.499700729912
0.538580488675
0.528937856765
0.471488863957
0.412334678147
0.45500968793
0.332067863068
0.403785856303
0.611531583214
0.485087910623
0.463728185567
0.586071859765
0.427314522852
0.461730948609
0.459335390292
0.371354002146
0.459930555015
0.478544054695
0.711581612982
0.550073702368
0.704731419364
0.457723392937
0.437223569748
0.519148130519
0.514249309915
0.476838550938
0.5030663355
0.437041390781
0.397058695565
0.460487881089
0.517084250876
0.516347828113
0.463271129319
0.518648912705
0.504886314509
0.574009016162
0.400875080457
0.613129735909
0.420460239046
0.629669213449
0.439351632557
0.508512655974
0.481705711028
0.606672998303
0.405081568553
0.506396035347
0.582219228457
0.42416225794
0.461982357009
0.500819462682
0.376719358901
0.497224749293
0.356251815072
0.423163293602
0.475444798922
0.478585062046
0.492896677296
0.528388164715
0.548872347761
0.379339428833
0.407670831303
0.514073426362
0.321302609542
0.578391091823
0.627726682072
0.376481405295
0.566828292954
0.500791063269
0.415228885093
0.526947290353
0.789077181481
0.594309997298
0.462050052031
0.559791194565
0.506847342568
0.446194673405
0.450858345692
0.619456364817
0.443559445733
0.508006191981
0.533691994957
0.596207626378
0.344347826621
0.484463969453
0.408905464363
0.660536489115
0.455819286249
0.492318175749
0.392286087439
0.605345217185
0.459793384274
0.279718577555
0.339309872205
0.438809535663
0.548998406168
0.362498474157
0.646740779986
0.399854040052
0.436345696138
0.410213007944
0.588072378936
0.388850961027
0.334562386089
0.502001300089
0.615391666217
0.5223008526
0.47638812116
0.498367521197
0.463006690511
0.523060967874
0.564184437325
0.530504350512
0.505612398611
0.507117295652
0.364691605655
0.566006240513
0.516554945107
0.365040257134
0.412203015537
0.436829623499
0.480035166471
0.569321281682
0.493112918417
0.442136942672
0.536050291816
0.426568839046
0.519684558312
0.732142980615
0.542712649248
0.556042365096
0.44142929037
0.533529993797
0.580196946665
0.539695321246
0.517597966219
0.497753915589
0.519551479825
0.542322592125
0.445555018655
0.541583397959
0.455466010465
0.349914684368
0.717399426652
0.376359814016
