0.585323346605
0.518329774091
0.633249267999
0.659281335692
0.660995568573
0.43003276041
0.591387199893
0.505864048156
0.681087225951
0.566090040893
0.390297590478
0.496806808817
0.679672168565
0.494553260865
0.59474374373
0.73722475585
0.507096862981
0.480597750061
0.562233785528
0.564278674768
0.554986002114
0.499908648225
0.591190491674
0.465673007222
0.454291969474
0.528080668889
0.658598190716
0.531953768662
0.380559147563
0.39042980567
0.428236740543
0.539205328004
0.469009404783
0.593799820045
0.580907683152
0.661968562698
0.66078193929
0.35920810284
0.52733748504
0.595869339502
0.398633415666
0.71980415857
0.7490255161
0.531320070598
0.47195774904
0.640582696426
0.489165282055
0.547557110107
0.55991855331
0.503747399573
0.403214679099
0.682821752393
0.483861445895
0.621524714609
0.577148411817
0.628156231771
0.623260837825
0.459964712302
0.290502415431
0.740177882058
0.735240852762
0.55626911314
0.524862488714
0.475708983877
0.714470004104
0.506015550692
0.458931960292
0.683873139694
0.380058061961
0.463426570821
0.549068655568
0.663800543938
0.537521197441
0.798815110434
0.910382121787
0.616962429408
0.558842948077
0.565333000429
0.480127596735
0.459070013662
0.49864733593
0.458294611042
0.736846998655
0.647526968868
0.396108697931
0.656281847901
0.447719769078
0.604573104126
0.583454365762
0.453675332311
0.507554204541
0.498068130673
0.526205544834
0.449365138622
0.660946038658
0.473233234994
0.412853804941
0.682969793331
0.534133429409
0.542259629486
0.667031482871
0.474000720281
0.433968757594
0.620245517662
0.454846978695
0.593071671726
0.515902148912
0.504691562713
0.472009703342
0.481572550985
0.389711028003
0.447013810433
0.737936480751
0.430028083903
0.405517935687
0.375318554307
0.641679222277
0.614639255958
0.384615042089
0.500486896
0.506766112131
0.728540991718
0.622876673527
0.57647959249
0.612428500885
0.623472977266
0.479867548272
0.572457280197
0.615399822157
0.761207351127
0.7998622313
0.741799246806
0.590306374661
0.508164539855
0.588197133028
0.501714076285
0.506952322645
0.795360090318
0.910402297247
0.524833355898
0.509210744991
0.940306390661
0.75316929559
0.411742053028
0.773169710562
0.490249560786
0.697808325026
0.724863171433
0.665294124611
0.524665154831
0.629623174848
0.404629357316
0.615652850339
0.671247431349
0.402025524605
0.54944778663
0.559347856473
0.625484940124
0.669531841224
0.834788389134
0.561556658669
0.540592746849
0.446097604251
0.468013830266
0.703959762996
0.728864577621
0.396471262295
0.527248603589
0.914592764116
0.441086934862
0.529116875082
0.627696367561
0.596963186908
0.345723391695
0.660681968139
0.532335950408
0.579754460854
0.756284610508
0.379600325542
0.550732547271
0.506057435892
0.727782787333
0.657157183999
0.393981907088
0.574401400769
0.543189826832
0.725512909155
0.465261064058
0.457858364366
0.61627661327
0.577527784072
0.673994197452
0.809670610904
0.674884065078
0.692992735892
0.718231808752
0.713988584196
0.626562107554
0.59784186752
0.538971461347
0.604165986597
0.579452075326
0.478501693107
0.639136171868
0.625489651573
0.564452939453
0.61323730586
0.5264156287
0.702075983097
0.788570434595
0.362440254605
0.63656704651
0.421742966125
0.506713855827
0.505047379713
0.692625055359
0.479960580526
0.578219468893
0.640983827631
0.433354571081
0.562362228217
0.543193054714
0.52631572937
0.737697754441
0.651553120339
0.803251155513
0.491565339916
0.56436372052
0.431878631072
0.501906553682
0.761786187328
0.373568115895
0.40366300165
0.52930190752
0.80443538736
0.84867738236
0.842568687389
0.739669663051
0.499993926243
0.628863293357
0.559189715082
0.458503223869
0.581735577806
0.591353937918
0.560009455338
0.876678223246
0.502460852006
0.587799735009
0.608532010903
0.540513863355
0.517155861643
0.638725928032
0.511564034214
0.359620123398
0.550274930988
0.721362397291
0.768614167253
0.622606273189
0.626910004319
0.850282959786
0.604864346042
0.643956576647
0.781400705719
0.466403031988
0.84130919848
0.600514302113
0.528526876245
0.469173185243
0.546201840853
0.739658787255
0.581797318207
0.497702329764
0.377895212479
0.533696131895
0.41169058073
0.479319927531
0.654519464427
0.941292557742
0.466321528454
0.618468455403
0.827970147541
0.455243253314
0.449138798086
0.359861939888
0.725342605487
0.496465786177
0.75266693079
0.395919490584
0.419695383518
0.632626509388
0.628704942492
0.576328068303
0.719073480643
0.529261483405
0.533687585178
0.665522893128
0.513926396299
0.313793031034
0.801219484411
0.696665717131
0.540823205486
0.763281058014
0.764393650459
0.631126413038
0.58459374031
0.648275058555
0.73170300358
0.53461625894
1.01453045393
0.638442548977
0.764021135061
0.452186258782
0.506771879428
0.860012338633
0.443242734657
0.760183669085
0.521665718568
0.38281372478
0.695518835517
0.442153130343
0.43120842526
0.370504764985
0.646729369528
0.465562841474
0.465758075992
0.534036702678
0.692127191521
0.318846393941
0.792229298061
0.468347988913
0.561451442051
0.558150186485
0.595655189743
0.873738453935
0.368673240358
0.577665908122
0.460499901916
0.465369432602
0.730687410315
0.519009267578
0.601124011221
0.509765983202
0.650767359578
0.510519196007
0.750059672077
0.667928357328
0.551750325755
0.525279064156
0.454780197143
0.607857197559
0.602421498151
0.500766368384
0.464884753652
0.639406981332
0.618921470848
0.61048955994
0.754661186842
0.558943091826
0.602735251716
0.774495677034
0.42024557277
0.648312594565
0.982266232354
0.680507509547
0.516138295013
0.544652612321
0.432310422448
0.550972634979
0.779532705056
0.612633770584
0.594848037565
0.732926347137
0.717801906435
0.456847010492
0.679270534608
0.663857469116
0.616855512291
0.792602180879
0.586352612774
0.580028064498
0.515614074708
0.664113413063
0.557483731907
0.355907922434
0.381941808867
0.363820071494
0.407550498556
0.616054522072
0.66318363267
0.455545657978
0.457747968537
0.584311304426
0.48312413874
0.373164253597
0.566028362201
0.374703765665
0.641307987701
0.718368342105
0.728100087073
0.767441840497
0.561071269258
0.352631653054
1.02682951158
0.564413804034
0.567887124295
0.829412475966
0.712321710766
0.407896756944
0.302631630314
0.465798213057
0.780992860912
0.589437774509
0.66744106023
0.565922630613
0.536324826818
0.482041140688
0.498680139926
0.621642118983
0.829297443808
0.512260123527
0.702587606392
0.837480389476
0.265385616337
0.714698043693
0.607665467091
0.788876220724
0.411227112866
0.42384349004
0.455992942822
0.476487032954
0.509799032946
0.328139273145
0.427582273575
0.482331877462
0.50752073583
0.511590115049
0.50267643882
0.401251426899
0.881145708688
0.423202975987
0.54034510801
0.49644752378
1.06842763576
0.654306881847
0.567292166617
0.366863282342
0.403926580398
0.911455903619
0.582907250777
0.332017099925
0.358496151299
0.568453465268
0.606888762655
0.500277931752
0.35181390737
0.674547456554
0.744587567053
0.364973243884
0.688019048597
0.77150139971
0.486307479718
0.318346768891
0.887452790268
0.575471201875
0.509378293055
0.481351464199
0.976250833907
0.556693828566
0.611058827523
0.791888430158
0.633634533375
0.531211180925
0.509910238487
0.568795226878
0.557997870802
0.574465484944
0.462002573469
0.817190761312
0.57994402973
0.48648955194
0.654889268798
0.577528107484
0.845181715646
0.495028718067
0.550567756863
0.73217775178
0.458136872044
0.546324867975
0.640318715831
0.615488640312
0.558369371515
0.537095373166
0.645961577371
0.319229197777
0.531337958695
0.800178656971
0.38501080132
0.352019366896
0.549974478143
0.376132226034
0.386307607795
0.421485067372
0.724322552189
0.688200011701
0.383768789538
0.37307036848
0.401694381238
0.507305543251
0.390226776879
0.612730455333
0.640807121217
0.505372920925
0.606355367868
0.682381392339
0.429718997422
0.6027966997
0.478045699144
0.845936221981
0.47142296829
0.644959773329
0.595171088793
0.442367652365
0.681882429097
0.514024309007
0.423384492325
0.811743550113
0.432135632772
0.812119740766
0.554927981314
0.463828302331
0.588977433127
0.395963775787
0.804854117855
0.667922981192
0.743807501691
0.532114190793
0.537115953346
0.623012903518
0.613295419111
0.61591206741
0.418751435517
0.467715564947
0.596012160314
0.494854079608
0.493083613016
0.564352843821
0.505684551232
0.474225983972
0.825102992858
0.505297784294
0.517407178063
0.691359664988
0.48688633644
0.544556143859
0.627631061027
0.362614581545
0.433106536239
0.584725192812
0.642277881311
0.599142896828
0.541473325015
0.681159321235
0.625499796736
0.579608439932
0.402286272524
0.457922523434
0.46300879039
0.351628071278
0.570905080848
0.557297075535
0.476889079117
0.599887357276
0.74206312318
0.666244001489
0.533347934489
0.46131246899
0.50672630746
0.444696814486
0.772876159827
0.540555050978
0.361683949461
0.670575667464
0.639454665898
0.648005001823
0.553445730167
0.51272812115
0.525229524897
0.755227385193
0.397342779513
0.496882359947
0.383464121446
0.581676136026
0.525871030222
0.648261093551
0.567615155638
0.761125128995
0.528446501157
0.571263371148
0.634061022668
0.445618203365
0.657377187781
0.563127853335
0.537076944778
0.4659431209
0.604759881626
0.469323696069
0.441809985331
0.632156074084
0.566758732061
0.567091240372
0.478546298458
0.581688145257
0.616820807818
0.544157699536
0.556723851753
0.637304062428
0.621873579837
0.366667326363
0.657494077142
0.610558058471
0.590077097811
0.498677250843
0.668146412353
0.495392925868
0.698428605873
0.559905234533
0.579608234727
0.45672479249
0.722683271178
0.642443312199
0.480680386236
0.631756299155
0.405112476882
0.556784159372
0.42623901239
0.717851151115
0.485928044918
0.800433780476
0.557273007231
0.508056393624
0.458998904887
0.606435694132
0.622669914743
0.585856499676
0.431128312296
0.638450144175
0.565914783345
0.55041405997
0.545735531883
0.677844594957
0.75474330057
0.602932676839
0.520996188014
0.558976502977
0.460073444494
0.649248987078
0.721543530486
0.440783599704
0.674059800894
0.349192095852
0.421281598606
0.438829203131
0.615800258027
0.699083675659
0.589494508577
0.616549648748
0.661536777597
0.583441447938
0.687278185
0.618060644134
0.727937105995
0.591621504821
0.482131167756
0.569577970444
0.452863168435
0.368083860062
0.522426898574
0.663002228851
0.61457005813
0.610517780044
0.468715489192
0.538214337121
0.652857591078
0.490315298276
0.644545527877
0.613382391117
0.70821655691
0.594356933501
0.526197732577
0.590297488544
0.510792697603
0.64114777703
0.459726976398
0.635510441185
0.551922341972
0.557730612786
0.528778068261
0.603638857844
0.507750326579
0.41525714519
0.63514984554
0.552720715613
0.429048558216
0.63967278285
0.54705753672
0.42665427058
0.571158500276
0.607846642118
0.562224024765
0.453229365189
0.467372989018
0.503190004069
0.433621922914
0.413439167966
0.812543885493
0.546882060159
0.578364199601
0.434600310853
0.517374775069
0.622036712296
0.623023578589
0.414908978242
0.423157942415
0.583282119338
0.879926516741
0.553736774017
0.39981146393
0.393179484089
0.525529360388
0.53536348542
0.699209570665
0.382937579702
0.547731144622
0.615945983901
0.695587060767
0.414421055994
0.609213128911
0.429794806873
0.60924507953
0.454419737773
0.764538143764
0.529986829068
0.73513297456
0.831293246514
0.972080994487
0.557923371155
0.584238225391
0.549509333385
0.499685356116
0.620243256235
0.934360680999
0.770973559863
0.254669115499
0.532292121651
0.467667512959
0.349603079638
0.426799355433
0.437497465051
0.275626778346
0.639248661823
0.751563622402
0.810258335465
0.517802019234
0.503284614913
0.265610520503
0.576359079821
0.624281088935
0.800498887498
0.580697114374
0.543751577747
0.568807607278
0.555410268834
0.414807754868
0.561444991675
0.528758189972
0.524877789237
0.459338019172
0.545428870981
0.83484516851
0.801229551242
0.436146342223
0.321704209079
0.533056335099
0.539406652802
0.394698316152
0.526644161202
0.845862658093
0.582811841318
0.399612721725
0.471867721641
0.742767230657
0.86597646904
0.916343239199
0.684965035693
0.613057053867
0.582355484457
0.366889008225
1.07467858371
0.422474797711
0.399469176606
0.844640745165
0.501533743678
0.703424981559
0.829878819345
0.507657724403
0.381326219821
0.322203315452
0.990411077613
0.415454836866
0.229192909486
0.664810842501
0.854922189154
0.861421265056
0.511158273255
0.334398125228
0.218683954592
0.202837917052
0.593571046806
0.706052750749
0.548809370704
0.543287261604
0.316800454531
0.485155150323
0.345747545703
0.535714848857
0.539572675078
0.625170808187
0.476441703611
0.771708379909
1.01839585496
0.429342501131
0.36424169697
0.661832912526
0.381881418442
0.923879690146
0.770561346287
0.436721923627
0.338885498702
0.42924265464
0.817888016108
0.45769974334
0.393667879649
0.623537289666
0.777416035555
0.905767151403
0.749825481399
1.01789368002
0.599614918618
0.479979745796
0.415203552766
1.01973878123
0.471904780258
0.453406538005
0.576680847956
0.386009188627
0.483377353074
0.446181193881
0.461711189831
0.613858904692
0.516192071281
0.532091858084
0.797970558407
0.548342057078
0.606817950052
0.696785256618
0.607251412907
0.561687694144
0.53206528702
0.478392446353
0.551603763404
0.61037314241
0.498659214381
0.541613896873
0.384669018354
0.496732565978
0.547692964859
0.538721121296
0.435872257405
0.427398240635
0.351569782072
0.461138585233
0.449524173599
0.715786819354
0.54022624653
0.514335242215
0.604063613118
0.421577018377
0.810080192019
0.598960108667
0.716490198656
0.658468250259
0.699754494171
0.456340171304
0.37589930689
0.386927780697
0.627500288048
0.577243630667
0.656375665924
0.566800367184
0.552174448933
0.492786891211
0.467836178207
0.603360092916
0.627422933037
0.645816012571
0.442019258174
0.51038061443
0.502868383202
0.510051307008
0.503353805808
0.595063621979
0.469842483789
0.483926807537
0.696741755114
0.428464098912
0.473204117957
0.540609470117
0.433149527887
0.705752036368
0.538333340971
0.517107101208
0.523798521584
0.656404306572
0.558443965868
0.631557644242
0.47683297224
0.870835057339
0.751537821056
0.487609250619
0.521999824479
0.697584135837
0.71734164303
0.330967951065
0.29297057057
0.913139985736
0.449875722841
0.50801172651
0.716363755376
0.637412627951
0.60368541365
0.609031340784
0.807886097122
0.749344725409
0.604344878072
0.750583775909
0.58081068913
0.450370053462
0.596658138492
0.548828556188
0.446403257355
0.460284033941
0.441195976182
0.574852896159
0.681090789944
0.66893571141
0.504089805584
0.804118495699
0.504923570769
0.677601375638
0.507888907639
0.592594532555
0.636641417563
0.650663725868
0.763148729188
0.361902728399
0.579687614239
0.785599902571
0.521021533521
0.555016210188
0.897028952468
0.611510154108
0.613217670864
0.660011113567
0.643382061976
0.744307808986
0.696606843047
0.675935210719
0.370649949203
0.646797484672
0.693354588751
0.727487242972
0.570411278074
0.644983638521
0.394341421518
0.391752007955
0.963691291411
1.01038215118
0.515533415084
0.431021068137
0.796745004634
0.618414183831
0.391870939875
0.624910030704
0.526840261778
0.4447253534
0.875172214113
0.745327519764
0.466304279363
0.640553662982
0.729893629424
0.688496904445
0.513719569744
0.371354311059
0.729773658107
0.686424510326
0.688332531253
0.715535051156
0.550040464082
0.718427074483
0.563292659192
0.71973915713
0.978522987353
0.52237177416
0.445852619157
0.790917790066
0.97483715915
0.801227514288
0.591270208526
0.75183678775
0.536206466015
0.462159600975
0.430372805145
0.905862299154
0.349827543472
0.925438870192
0.581766205911
0.397444777285
0.529524098609
0.383021025638
0.409285819096
0.653477567211
0.587215102107
0.611070346384
0.87053141332
0.652400101804
0.910580826926
0.61113735884
0.479502187274
0.766300915792
0.967428238059
0.399384392936
0.615567862315
0.782406639754
0.98375135023
0.566495031748
0.637368908144
0.990326596691
0.894745517507
0.40710082279
0.460855153548
0.38852964388
0.91608957146
0.575271015259
0.620989490804
0.781593481337
0.572317687163
0.709413413537
0.538701653618
0.477383260367
0.802368869651
0.772247259884
0.447444793943
0.735142015665
0.62365804672
0.354542101256
0.631752137779
0.686760039046
0.384906416299
0.867294156623
0.845136474075
0.682345695979
0.411036971064
0.505841507088
0.374844708122
0.879555089347
0.557249657808
0.691349123789
0.600342179291
0.867526698914
0.778167423306
0.642813338293
0.459818331424
0.872739996151
0.4490294929
0.58162648006
1.20047849916
0.353462086665
0.583369085109
0.630216945872
0.881415852764
0.910471902806
0.452469240673
0.54847141304
0.58074604437
0.861171955951
0.374719647573
0.884639161006
0.614354489365
0.714552220096
0.548122288083
0.803617803191
1.07548859217
0.641167118379
0.740855690437
0.953818137075
0.618103197645
0.645395406295
0.598376408458
0.601269469375
0.492791417113
0.567324065408
0.533237752005
0.667145364712
0.989848278069
0.413585484159
0.52401414395
0.506608269304
0.532433938156
0.456787879669
0.816020849883
0.958022039997
0.458569330538
0.428451320741
0.480304152715
0.447555840599
0.677653713641
0.749676027755
0.753975453034
0.614906132054
0.698065633827
0.406563452673
0.566107795017
0.538485842749
0.45702915763
0.587335808262
0.691866674408
0.538686344423
0.519680463674
0.570812523908
0.705763509291
0.476914584542
0.670858278168
0.710092246766
0.656644984555
0.816112100525
0.843625800126
0.42933326198
0.544458012498
0.698084751615
0.694662307842
0.694746543575
0.548650188497
0.782415956153
0.581412844732
0.49632434621
0.351225184956
0.469599677012
0.598763794066
0.579596932406
0.898324650892
0.729466273452
0.564107826411
0.755987623216
0.549404955288
0.604223639547
0.510326581745
0.551757992926
0.665131925817
0.699631053664
0.634200878346
0.58706907996
0.468629671382
0.533094578811
0.520841028453
0.701767681149
0.709362697887
0.50893872892
0.814543677179
0.74484942216
0.995886640568
0.499848393015
0.521566109298
0.599628624405
0.64878308687
0.402053961454
0.563866894864
0.519300403546
0.551779686231
0.699834045018
0.528938730922
0.570828675307
0.497915705089
0.510064226276
0.578166345102
0.698325242802
0.636447105922
0.588450466149
0.540332460578
0.647689264482
0.794310891413
0.717173603447
0.664687260971
0.522127212098
0.635887989896
0.54326801689
0.628895177049
0.614868845282
0.50601400129
0.748987569081
0.449885850344
0.556038168768
0.609996150884
0.586636359768
0.39542226645
0.566484425279
0.601412927625
0.64199816388
0.496618272805
0.761725154984
0.604479569579
0.674725803471
0.806360159348
0.576873002832
0.540262965458
0.477813509199
0.453133510993
0.617821788874
0.548835846114
0.533297542001
0.686017939233
0.638996346592
0.59130538672
0.599862024447
0.569552288976
0.619250158741
0.599530885279
0.551615652262
0.464089662235
0.621160270299
0.68443993684
0.427093471359
0.498675232035
0.600129720513
0.531936098503
0.596057678142
0.596503338421
0.649007280862
0.653676472753
0.439878892137
0.473281019579
0.457391557811
0.47995502767
0.455066702668
0.537645959553
0.722353128525
0.627951846723
0.340813968168
0.532798543487
0.535885351986
0.577041464986
0.518443695995
0.816285706893
0.544150991505
0.545767526129
0.58092210963
0.506867412574
0.557396269638
0.465320445961
0.432593069781
0.508358557374
0.673994371626
0.512215839758
0.702860292926
0.672342534961
0.675145980188
0.747142620685
0.650269558917
0.531048018057
0.494590117687
0.509639661263
0.478439503417
0.363932116903
0.611387455625
0.440214484823
0.395909808934
0.701146054191
0.596544764084
0.510035277218
0.658026014254
0.377218175056
0.609596221208
0.57299515062
0.631571588792
0.456416122927
0.503240532647
0.616540329928
0.533006331928
0.577214652837
0.570025015977
0.530053968482
0.700573414933
0.546748536687
0.649416711664
0.769561883812
0.384482392693
0.68454762542
0.564710024497
0.582846330867
0.547036683743
0.530118356823
0.619556855555
0.642725009484
0.387803586505
0.533091139635
0.528604670348
0.557959423673
0.575194887761
0.547013768437
0.64038363429
0.416625153312
0.490545595527
0.476359466421
0.551547662215
0.520749085232
0.423969338599
0.661318913736
0.585522205453
0.561582372414
0.562510123522
0.610128015838
0.687664138186
0.509850374814
0.599373839227
0.622961999095
0.393202794966
0.386921551914
0.716894861862
0.591406096226
0.548928180871
0.438902385913
0.625287065643
0.564757578506
0.618091637583
0.668252753742
0.571112427414
0.767911424386
0.561504599064
0.403514193977
0.495783477863
0.395720473224
0.587584301535
0.522580709102
0.6678992837
0.589018897423
0.596007378903
0.631569068365
0.450084322463
0.757758821376
0.677168233823
0.541317506637
0.612762780179
0.330687044595
0.6988397742
0.493627756946
0.457149574037
0.455967176
0.463715342237
0.565715441262
0.566558980159
0.397829355184
0.506040152087
0.575607483001
0.588506776913
0.42692664308
0.599779827845
0.571390447905
0.437750367652
0.64873358084
0.550121484723
0.63369941873
0.583666576288
0.530335972156
0.603583615669
0.557943919938
0.711562557496
0.455563491004
0.458857689953
0.545876658383
0.502919439499
0.620614219115
0.480512270536
0.526977272559
0.636700622346
0.575248022094
0.445174279983
0.553381173533
0.460199813896
0.583398510762
0.505066637522
0.527042988025
0.464838942242
0.605314149645
0.617442090757
0.507937979531
0.465896449917
0.444087670788
0.580515009056
0.545922152348
0.695599360589
0.751852856352
0.70435125264
0.535164337883
0.37257093661
0.53468706714
0.74895913002
0.707663515244
0.489872418942
0.561754436199
0.593027605468
0.587546100074
0.603903038376
0.406439558131
0.478117262852
0.435413161771
0.504107235298
0.577143943185
0.509859719937
0.515862501023
0.573190980571
0.603341845546
0.537298631436
0.589360983936
0.589401104787
0.477404717967
0.712796175149
0.468173900627
0.521916426985
0.413483698198
0.559757696456
0.684382789332
0.631078349904
0.653713153573
0.467949359453
0.479788460076
0.447161849393
0.53935917033
0.667919032595
0.518189413499
0.446773393754
0.481448141971
0.718647097126
0.674083586271
0.511955172912
0.501266010267
0.461157112325
0.698416560522
0.615959153394
0.400701111825
0.628837217122
0.713950531599
0.491078098255
0.66051328184
0.364420434487
0.563900408353
0.674417913328
0.549605296585
0.506843338922
0.670947872086
0.479837699515
0.65858468835
0.558604312988
0.698315004871
0.478908181137
0.572298276591
0.569221283115
0.552085409182
0.552900045525
0.362274422994
0.498320095646
0.785057548925
0.655725772991
0.459458421058
0.476670054001
0.661823744593
0.539178656181
0.572577351489
0.549886789696
0.620134190698
0.583938958
0.608993873172
0.576580545467
0.596590301263
0.519652133762
0.662085908844
0.538112007842
0.558503604812
0.47694887244
0.544366340723
0.627272748911
0.520577811659
0.381582970268
0.449214436136
0.708790723525
0.621624117665
0.669907608818
0.63037651881
0.574385705281
0.576457901055
0.545762955727
0.372695514519
0.598062164583
0.45775712949
0.574450991873
0.556435209301
0.708516972422
0.614204646478
0.743601806359
0.573363692567
0.609419707626
0.513122757525
0.58714041932
0.749460192609
0.742983627757
0.479714803338
0.540034026128
0.517262249016
0.496487027062
0.705562054639
0.593639769372
0.546735857327
0.635937395162
0.565870614193
0.503477183575
0.609408386327
0.514225566937
0.477964156673
0.581498767456
0.689397600641
0.679100141295
0.495093341119
0.336265570456
0.448391414231
0.742259263503
0.592711100189
0.602310090064
0.431536192267
0.508208991135
0.502277363219
0.560015150278
0.652210906518
0.520892393112
0.414436639607
0.613553149096
0.691440931653
0.53551816601
0.467996085822
0.559889358033
0.696237857242
0.567943023226
0.591492962331
0.733383504367
0.886276697943
0.517037571751
1.03184677953
1.02075695903
0.536614151747
0.596619641287
0.641213166216
0.674891569889
0.518274478656
0.729559462925
0.435365557858
0.574203491626
0.49700974364
0.552933865731
0.507306017642
0.492871031172
0.680845670215
0.605369631948
0.518291847458
0.472004916458
0.523248490101
0.594127154487
0.478722681946
0.556720218862
0.575822642394
0.674366898082
0.622084098209
0.485619877866
0.592179329301
0.629656971676
0.565713705222
0.602732415221
0.700828347589
0.531893931738
0.733968646789
0.41530656572
0.694953578041
0.50545627126
0.421919470419
0.610786171273
0.676633230162
0.519651490246
0.766757801958
0.737878385229
0.713853125191
0.643282321961
0.631349122103
0.503889179593
0.58027601003
0.647239716662
0.543164172862
0.78646105413
0.546676509062
0.694086295614
0.459525129949
0.498006740063
0.497334234579
0.473024775789
0.548818447249
0.675626479746
0.651444261048
0.562769923106
0.44301794973
0.482198980367
0.480414736001
0.669614301442
0.437486455015
0.471425453316
0.482824396519
0.748147075279
0.640995337839
0.586033818745
0.674321792026
0.444762532978
0.723348911717
0.76013217753
0.60414676378
0.52744366273
0.545338919029
0.604868761487
0.683507462872
0.647077809084
0.46398582787
0.701048557304
0.458712971196
0.602034572893
0.801543933781
0.502093038481
0.481994591636
0.588699956768
0.497512701118
0.738515943922
0.691592738119
0.702389256615
0.508567352086
0.444562133666
0.54844657518
0.51679284807
0.587286407347
0.580766313847
0.746989831997
0.449166196314
0.352975426446
0.620251279439
0.876959063852
0.740659974656
0.538746252688
0.482714102623
0.516125033409
0.729785691871
0.689606995806
0.661036354503
0.39111983
0.38034074993
0.781335557562
0.607719041013
0.517112650162
0.510814336424
0.623426869061
0.666680350345
0.599887309756
0.659650541195
0.649299883154
0.798377732258
0.514471603042
0.575209285178
0.611246031397
0.46633294755
0.58162308735
0.642552810206
0.415160087883
0.532556993496
0.827573075186
0.489629561499
0.701994743801
0.604566139972
0.622643171474
0.72646602554
0.549426998306
0.724242458688
0.508311209906
0.627941061958
0.587918315164
0.653572089358
0.524908144599
0.53977071775
0.651067086396
0.570663268555
0.384123902049
0.607204121363
0.45233386689
0.737306497911
0.703938822513
0.646487279502
0.53806909428
0.411580652383
0.511390487844
0.657758832959
0.484901175719
0.370228176665
0.579854086169
0.736186372312
0.576102940022
0.691577410903
0.557824623441
0.662437706813
0.569893924608
0.757996360365
0.810160681159
0.725878606393
0.492571126914
0.638165272841
0.555916526122
0.770226467397
0.607799093392
0.65538717985
0.6184431536
0.589854506614
0.478181123097
0.669796393332
0.621640776478
0.575120571537
0.60793529476
0.607300397367
0.551953620603
0.650170332941
0.554420125989
0.760697253814
0.641930635313
0.640214270655
0.644021062145
0.644526120984
0.772249173567
0.42883678337
0.634003868405
0.504625991071
0.514099038345
0.600736607572
0.69700013267
0.560507327061
0.433945611286
0.405080971058
0.723666420366
0.630298212737
0.726238386164
0.628430539055
0.785579341189
0.703954789269
0.674128381478
0.757685067829
0.592748524002
0.637076958593
0.578752289868
0.480642367802
0.651320790323
0.809068674043
0.533567284251
0.549715013466
0.471234169007
0.597029530297
0.65752053886
0.428846132705
0.572104326804
0.63306572768
0.579785982776
0.440399150703
0.450271008289
0.608882582701
0.60867964825
0.60994745142
0.832244585745
0.506051051303
0.734123046618
0.647358696468
0.437042334494
0.471462696513
0.479819155878
0.541418407599
0.369045230483
0.552330933313
0.496544358189
0.493618810461
0.708176609208
0.488968544973
0.667756021797
0.46174820522
0.669005862249
0.611929838065
0.386262247382
0.410875639144
0.451727534389
0.355243253851
0.691547910461
0.882712964755
0.746421020993
0.50763338883
0.476503402454
0.523957721887
0.570785515264
0.542462430038
0.620428099519
0.533122024706
0.68601601738
0.602028178047
0.347548468369
0.554965501065
0.731387605947
0.658528229615
0.504364957551
0.541408383187
0.553566618402
0.528939524688
0.522001857245
0.612786389983
0.875976477919
0.685204851705
0.429452716737
0.546290081751
0.593815017228
0.683318315646
0.858184377861
0.489735056464
0.665179931045
0.459996545499
0.518403155427
0.382233904103
0.536834744874
0.51738284781
0.841956732411
0.603521351001
0.66407264975
0.783936913565
0.784000685769
0.698275812031
0.615413345618
0.576513774667
0.436003113088
0.493179733823
0.602661331572
0.589512710898
0.442537294715
0.541746410501
0.537819577245
0.601420437863
0.377653243927
0.671401272074
0.742711119606
0.658517369337
0.586347581947
0.638197560016
0.464486188051
0.65362973027
0.593887954637
0.417761732172
0.468344425712
0.562917654921
0.572995022551
0.480737470498
0.432952937219
0.551284759881
0.448753821399
0.414714301699
0.707199426767
0.560087680179
0.450947947053
0.729325848133
0.517906554493
0.671949835725
0.559169356943
0.440287406269
0.552567852202
0.387109704916
0.549184017036
0.645799382714
0.409748790735
0.609005553021
0.453501682725
0.404338619287
0.546140835216
0.562086211788
0.382050963983
0.408664122498
0.574579505557
0.358326021325
0.421852724854
0.492324971323
0.591097242448
0.60841044643
0.692861118834
0.655351946253
0.700667502076
0.420442765193
0.721644500085
0.645547359528
0.488953948588
0.48747347327
0.450220752926
0.608418986445
0.45848192782
0.544977821099
0.703786995146
0.499365691948
0.605514871522
0.460960708053
0.5017448712
0.648314058773
0.45046367882
0.504547294948
0.751388147553
0.630738763612
0.713590707601
0.455422477604
0.64438344851
0.470085188382
0.411796498931
0.590456965749
0.347378453501
0.651054789899
0.448634531296
0.624666629622
0.668311753705
0.587589241021
0.529056357578
0.666348967743
0.496665345266
0.524806336324
0.567899941515
0.649866218253
0.606720036891
0.519136636736
0.706843782688
0.488638823889
0.410341599114
0.570353697594
0.534387171628
0.533259043301
0.334323728084
0.516240811653
0.566697173453
0.685228668754
0.665320012547
0.492611863846
0.640709550284
0.46666588659
0.483502414057
0.718170736578
0.453813919818
0.538698442094
0.618767010221
0.320333047677
0.650832935254
0.489918800951
0.512326212952
0.623204654556
0.589600280591
0.765298784678
0.386537135954
0.689587914609
0.528436380658
0.700030464818
0.549245108055
0.600227764581
0.571504080502
0.783333503008
0.599076037306
0.428218978522
0.601844020033
0.691733648932
0.609910447611
0.534108585638
0.428397016998
0.707835989506
0.574392600773
0.446673292888
0.557293057465
0.797610396628
0.509139711092
0.827598458558
0.45189568107
0.501990965386
0.526685415264
0.41623366891
0.57292817504
0.65455397081
0.647136982123
0.709354227064
0.752574556812
0.473544230745
0.492402993796
0.610054428955
0.506073515095
0.59466726272
0.616167261985
0.696237351338
0.603668158985
0.507010606724
0.627397961946
0.659350856488
0.47800586359
0.501160527576
0.643668408459
0.542774241723
0.760218131251
0.570370342327
0.587128585876
0.635247070183
0.46877822924
0.591691402712
0.579403859226
0.524396940498
0.780229215386
0.355976931211
0.666437294441
0.459809306075
0.555760095258
0.386796700587
0.464091469427
0.42187815146
0.498766128269
0.577887066174
0.607416058181
0.594934341512
0.517402553445
0.530683585191
0.526581085426
0.770350286222
0.671952054286
0.521119821248
0.526256885497
0.298181519276
0.558418080022
0.543961411536
0.545516488481
0.45938780084
0.590851756595
0.62006617815
0.584300770572
0.827444818627
0.661253356795
0.496621248162
0.43717102409
0.61790588058
0.465285917393
0.510578876872
0.438030378075
0.307771743101
0.65537520538
0.488014832893
0.472770206554
0.589046821777
0.827013894096
0.701337461827
0.757040466479
0.537598857683
0.538416380743
0.530186535737
0.537533790309
0.619810729099
0.541248158676
0.738456534039
0.527543044293
0.656060884923
0.424159740027
0.779435519749
0.533702675097
0.572250658192
0.481788527259
0.667309384163
0.595104053325
0.540787675712
0.732775075762
0.705988907657
0.578331547074
0.538635507603
0.623915333964
0.524811250186
0.627787282223
0.773205633299
0.55201701947
0.617396541945
0.537360186196
0.553214854881
0.766392548922
0.47401626486
0.450938039658
0.508127790684
0.470293927289
0.490843152984
0.417486808162
0.37697694089
0.48903983733
0.473209671126
0.548798079207
0.44691011262
0.811438245083
0.622295728237
0.595265798252
0.403464260782
0.425107031274
0.605872244558
0.543800648915
0.619226429795
0.459945475705
0.571865022739
0.615394990923
0.502268833631
0.465299714572
0.595879680023
0.654639299937
0.478949251069
0.354713673655
0.518171473756
0.48094338713
0.699006780105
0.557363743469
0.556046905426
0.502322939425
0.618752035168
0.610483984196
0.723266886711
0.655123091362
0.69854473295
0.592748633927
0.531443953346
0.664256236617
0.382801808317
0.546851589413
0.419416768015
0.420785987205
0.469786367629
0.754184539671
0.569207684824
0.611268999758
0.631442717687
0.576491624143
0.410018997834
0.489357935408
0.625349794433
0.484615092213
0.563528006476
0.436871517899
0.485653501449
0.739308647506
0.433763537713
0.476027008821
0.578039833575
0.570953905259
0.447021004831
0.401375441866
0.495370627573
0.66479599721
0.593322373212
0.58759433691
0.565477263338
0.378353212043
0.505187967824
0.645099801204
0.379341460298
0.600619275416
0.335285751889
0.609354468618
0.673099469669
0.535712392796
0.602690490155
0.421221639928
0.766921265714
0.60342684767
0.510495175262
0.739675371872
0.658424758785
0.35120300998
0.694192758745
0.46431927454
0.763704833044
0.441204616033
0.617577044962
0.479011456722
0.362215401158
0.639299856374
0.751803159966
0.705992725992
0.519656271589
0.662194385889
0.604253860028
0.542375223334
0.515775947905
0.718386685154
0.78647666088
0.620051246504
0.545454742373
0.36321802966
0.634150734472
0.830727726147
0.454776322549
0.601734351081
0.621933187935
0.473746648549
0.504850663342
0.558495365452
0.433367714834
0.607859072169
0.600732628886
0.607597704766
0.534620792276
0.566080858357
0.580052641936
0.518780155032
0.517805466589
0.423582307264
0.564052722564
0.618972373731
0.409649895598
0.500266344483
0.607550889418
0.387575740224
0.547881541493
0.500464779097
0.623521700885
0.621790314513
0.447458178281
0.411733663104
0.479606701281
0.725276846501
0.550862559714
0.518359879499
0.542587319739
0.579879107916
0.449577291471
0.469394546841
0.510186941342
0.576926861197
0.748640592023
0.662971880877
0.542176886614
0.510739273239
0.741474619937
0.624071402283
0.756301291906
0.436348567976
0.825630504477
0.58953920135
0.579553243161
0.560513450586
0.526405193365
0.481397555666
0.566966636772
0.52053678648
0.649678506105
0.404243567973
0.489058536521
0.55799543165
0.493144273495
0.506718534459
0.593169819554
0.648285734381
0.592254392546
0.497565886376
1.08816193117
0.551494523244
0.489118335763
0.566964363318
0.512944763717
0.627173218152
0.600719313334
0.64956151377
0.527017894367
0.678158135305
0.585273439133
0.598426728693
0.622531838411
0.818014994968
0.711717007559
0.549136936124
0.741333602292
0.575988525101
0.70248050307
0.573582832444
0.490015700864
0.452586187172
0.568850390981
0.457149300692
0.550971907761
0.994338022271
0.738795922448
0.663644310028
0.326586093667
0.520252676117
0.618466017408
0.750352814044
0.692270664852
0.446441126134
0.573870210323
0.444498444804
0.528017958666
0.589539308352
0.46347376074
0.54128498264
0.79250800784
0.510979736815
0.577678777887
0.648701757266
0.54289299533
0.796732913094
0.661645024173
0.473171756266
0.770271619358
0.579480309356
0.649431599195
0.513497445826
0.602698763035
0.539698297989
0.871900531607
0.548007483004
0.453864125314
0.655458522819
0.444712943972
0.460466445345
0.700334476996
0.787611910443
0.642967146101
0.465862681856
0.49520594985
0.447986217378
0.58732472758
0.684046014667
0.726546949038
0.442825451973
0.613212124183
0.708475773192
0.483000188816
0.518894136609
0.432259238511
0.812439293081
0.456478940273
0.48494451279
0.346230528069
0.575196089627
0.595713348082
0.741453447994
0.625192360452
0.702407637347
0.395539403888
0.548936110109
0.52327373655
0.410806213646
0.640725450264
0.400738410638
0.483701960252
0.905431371813
0.40514713434
0.621962880344
0.510309998087
0.597900023178
0.837098718625
0.537608671445
0.911111348831
0.473749027771
0.505840686984
0.586383522233
0.645326828253
0.547572632412
0.53032567812
0.629682930655
0.579406500997
0.786316481501
0.442417409799
0.623316738316
0.413142142732
0.940861891272
0.496247305548
0.926003059161
0.566067991942
0.545837722101
0.553574031816
0.459920924031
0.539058231496
0.474613504359
0.594123942531
0.527509300322
0.362036799059
0.496942311489
0.573994761169
0.6879637556
0.610012269371
0.522468865289
0.578241229775
0.613072108431
0.507104425186
0.433776201259
0.646961854439
0.461932676712
0.853744445647
0.457260651395
0.622075571103
0.679195401752
0.670574378736
0.767356600205
0.767584094057
0.559636556155
0.62839208807
0.743656131915
0.526557697036
0.583004842365
0.50596815169
0.762648697071
0.529321089668
0.620823627694
0.512804856555
0.510011007154
0.67248714966
0.638674975617
0.443622261325
0.632432058229
0.505817962539
0.657131259713
0.689819365697
0.375480179219
0.47120223313
0.664718240634
0.681331587971
0.680700430608
0.653237018178
0.620563817808
0.542905092603
0.566960637628
0.463692558204
0.594185627352
0.629715816287
0.534299057883
0.564572225198
0.40471428101
0.551750808882
0.57641326196
0.658213028951
0.627102451554
0.506154201742
0.359264805461
0.499261829036
0.573022332081
0.560944441092
0.669052128755
0.623302393249
0.632587823385
0.680741843132
0.738760215333
0.580127101127
0.490578420053
0.655625829216
0.672433796951
0.474763088359
0.476748298841
0.428798016904
0.534541250709
0.440690563571
0.440174431949
0.622394392945
0.497734513808
0.39994527437
0.501449696677
0.630402976931
0.572697308261
0.758106481536
0.544111149464
0.480418339538
0.392972950488
0.354853877106
0.630404236728
0.63544101036
0.531507675153
0.524218643594
0.51679019194
0.498744606859
0.499433596589
0.443733960185
0.630441188589
0.587323298112
0.599994464337
0.502801233854
0.559264214968
0.494273675887
0.603285060843
0.695148349356
0.72500452866
0.540474438947
0.514528124645
0.581551669752
0.487621662371
0.712035441069
0.756715955245
0.407452135773
0.515307593991
0.523530358559
0.644256349622
0.554913064773
0.48594703624
0.45684633357
0.700693184593
0.4954693732
0.468257951789
0.58438994595
0.612284814863
0.657702100174
0.663490435638
0.669054845485
0.382571142013
0.392454887533
0.798941905807
0.503820463041
0.587886939429
0.48199275151
0.467668125043
0.559988372342
0.508274945437
0.550717456743
0.65460662651
0.496814586451
0.567990824763
0.433400480718
0.416060278356
0.614960318233
0.631531109395
0.642719419828
0.614383447264
0.478515122148
0.479871696218
0.526449373349
0.63287638721
0.44785424511
0.607010013974
0.591905854436
0.636549522021
0.746243366641
0.518875154835
0.605838604065
0.48889905232
0.764132106082
0.560015204323
0.434459214631
0.602364451112
0.458613511089
0.439213393305
0.61397968722
0.650110770693
0.60679790473
0.460378390866
0.538015807955
0.444484338279
0.401961082419
0.647259636726
0.551867425005
0.485575320988
0.699763138039
0.739038255922
0.705975162943
0.370692299141
0.421565363673
0.659998041896
0.418278672151
0.536131416576
0.362389251642
0.600087466312
0.475003331956
0.681499849181
0.607737102748
0.601954889694
0.48869032411
0.693336146116
0.711356263314
0.428889999835
0.499576353639
0.662203539766
0.668931817695
0.538383961686
0.552287629362
0.576691682731
0.46846553451
0.639109169083
0.54647640936
0.665250703417
0.476176935027
0.421899535221
0.670983783343
0.708227566665
0.428361146628
0.388288212783
0.675988911493
0.714118979626
0.601465510998
0.625641762738
0.476192965018
0.465852462944
0.525525577393
0.450078499395
0.531450485978
0.551392388162
0.753391708104
0.637278425209
0.710915040609
0.639893300469
0.596451229328
0.480455235054
0.613148051777
0.541147569458
0.801694672702
0.703830568693
0.707897280718
0.478862184532
0.678920399661
0.518717406923
0.503676945346
0.64702546732
0.553205871692
0.589691252426
0.575478703658
0.420100186142
0.527972322646
0.593175827988
0.535758778478
0.71467345505
0.528968481169
0.682417065661
0.589616582449
0.405610454664
0.674511991032
0.550349533717
0.484914008999
0.590341228357
0.757407743964
0.600696211808
0.646786340617
0.528956572787
0.290242167628
0.520055334309
0.850730687414
0.45402037065
0.536199298532
0.475558882703
0.592030530627
0.501574826916
0.610750757108
0.455281867957
0.826480466507
0.514031392985
0.50614005095
0.555758319616
0.566893613429
0.653983736057
0.407497495165
0.519525774222
0.611830720957
0.709099080359
0.497270727756
0.66159822342
0.592156757964
0.462952819149
0.431488439371
0.697159151166
0.651799340904
0.554174820186
0.420139585713
0.684382919598
0.63150786603
0.604101937263
0.59114181619
0.647029165164
0.592985188872
0.684162346191
0.591048119275
0.708467655632
0.531453909574
0.550162399779
0.518368453055
0.499028194786
0.563448795383
0.462572828727
0.778729562281
0.441705677688
0.674950946075
0.591285231013
0.61156521335
0.762144482987
0.578874934335
0.649439626512
0.562253313352
0.516470558709
0.754631690625
0.46020781245
0.457834011947
0.551258038838
0.768201663038
0.53525928846
0.499054140307
0.538886029497
0.401602476823
0.492752121078
0.439192610514
0.711344179226
0.569908722604
0.654955307132
0.719019746769
0.540347792123
0.45490855101
0.499127144404
0.521721260964
0.590338709551
0.530776775443
0.35787851392
0.794667126538
0.516932859548
0.557917585833
0.669174990607
0.468083848653
0.669365979758
0.524423744761
0.445661301107
0.771926912858
0.608887983431
0.493600947031
0.689159400449
0.60954017625
0.557785944363
0.638759238764
0.649473952696
0.554796469351
0.356058108364
0.584589851808
0.406934833079
0.555900606971
0.607338755097
0.43156911011
0.531307935276
0.485258148104
0.601723693659
0.956524693427
0.530161204654
0.520138602463
0.689619694124
0.447715171835
0.551029638519
0.481536312453
0.639631638679
0.425337586739
0.583271588188
0.676629381628
0.303841818764
0.601319925057
0.586050221302
0.526116177649
0.719641486194
0.696730172139
0.717730226314
0.671488716088
0.619517778154
0.742081659903
0.738523245874
0.48319739653
0.454459619178
0.461629752687
0.506556767673
0.608435027215
0.372548787121
0.621742463603
0.719566408384
0.592756442531
0.663402131872
0.483297868379
0.480810343824
0.46484985808
0.572078779334
0.523255678333
0.497861642339
0.576925389358
0.555533040037
0.567237067546
0.508282453413
0.752180927215
0.452031226816
0.592320706501
0.446521062674
0.620649236252
0.713458549264
0.596848743778
0.583137042074
0.581103094737
0.671869732282
0.492313980091
0.438958603495
0.61584551447
0.601331307224
0.562592743499
0.588205854225
0.653132920751
0.545072511157
0.508290466058
0.625380234943
0.536338073301
0.705170244828
0.675361951626
0.518789826177
0.515732357989
0.84792534808
0.571844147276
0.598655338854
0.590237029923
0.465003356361
0.49447373987
0.613548072457
0.511394567834
0.662079982918
0.501516815108
0.505853525887
0.635323823116
0.383044680302
0.48113881557
0.50891613425
0.562242649409
0.62265211906
0.585286025258
0.46525264894
0.472226914626
0.557836944089
0.547172147407
0.442600436504
0.409435069792
0.519485914967
0.458929950011
0.443495918268
0.438680605706
0.564923846404
0.551104501347
0.68112148155
0.587730865045
0.536902749234
0.784830654307
0.748775114139
0.509522930727
0.584202840934
0.456923956392
0.522575180805
0.706948897478
0.501128864028
0.52933086555
0.73064772624
0.750509535792
0.527633676697
0.420477428471
0.512607386551
0.500459044481
0.587434302253
0.518973632547
0.499714106099
0.762120878285
0.534627696737
0.657234600398
0.601846868117
0.607089213945
0.696235614385
0.658993992426
0.557029901877
0.678116089056
0.615219859524
0.565948150434
0.604444116094
0.496847421089
0.585919190905
0.653972363181
0.519902164964
0.467985159699
0.661818213449
0.587747224441
0.424933685472
0.592546088202
0.459739844376
0.642304120309
0.656233458372
0.493124422719
0.382960270512
0.612407914731
0.249246623133
0.550788073097
0.64855163458
0.509583878944
0.646752358968
0.678151216836
0.537102255493
0.659030846691
0.551199766143
0.71608310515
0.645161215727
0.523226218281
0.590924467367
0.668454747844
0.513503748371
0.579090723404
0.684808926049
0.420335423745
0.561058093532
0.5476399685
0.576339867363
0.597428101574
0.698868901477
0.520602481003
0.465768921221
0.54623520189
0.351188362104
0.393702376617
0.541483041644
0.534602420675
0.580669529437
0.626912710747
0.59539945016
0.548770974023
0.654304329016
0.61787038596
0.806348399679
0.535340191305
0.439809239141
0.658835683376
0.498697103848
0.577817083799
0.615401807599
0.551112446346
0.418927127887
0.673203819335
0.671735132213
0.657877433705
0.670458647909
0.617329494521
0.415082779453
0.734029712903
0.503400059777
0.483797159634
0.544536515793
0.401467497626
0.732168777167
0.717676711793
0.659081925137
0.580845316559
0.654456289746
0.371568162777
0.528814445141
0.458789546887
0.633259675612
0.449349518989
0.595658769505
0.71138897788
0.627388843785
0.673362142929
0.581866606769
0.517054354077
0.704299576082
0.78765942154
0.791007339441
0.461749845632
0.694702150053
0.544896611376
0.606481229678
0.614264283722
0.517219575362
0.539656336771
0.652987536194
0.778190726651
0.624124850415
0.464134440149
0.498450007209
0.714087792998
0.515151404454
0.466240082625
0.508504263128
0.431492488955
0.543055008213
0.742313935343
0.49238664979
0.307021819896
0.584895380686
0.578537245656
0.474700618557
0.439832673716
0.454942830818
0.665665537152
0.673733397258
0.545911043491
0.798685968126
0.453389936676
0.745538559664
0.361651716716
0.740955331611
0.713266727655
0.516511534603
0.806064909745
0.99434605625
0.542252442637
0.381205073788
0.884073784733
0.831014926205
0.516362318535
0.510363123514
0.534083899868
0.780826292105
0.543826040802
0.782203411353
0.65382098844
0.499563168632
0.769331789254
0.35767877374
0.695945440735
0.412698459159
0.667938766122
0.7350319857
0.588428408563
0.97578801365
0.661851731244
0.553574657924
0.498601182962
0.501982957558
0.61390198966
0.540255301133
0.589542402132
0.711307337
0.508295068008
0.603416721899
0.603921735828
0.579374699797
0.540713729414
0.704166520933
0.421254578342
0.559485971795
0.554174840494
0.639610922844
0.610708119685
0.383998634099
0.63732772634
0.56417118578
0.728630472226
0.505346158028
0.444048273344
0.774798260387
0.763411100621
0.532610127815
0.399611659371
0.453301147083
0.783317147311
0.501746510776
0.736796603771
0.733176900844
0.643090691436
0.354738178681
0.6929771607
0.668162398175
0.604285789694
0.493625249154
0.488660467484
0.32532898104
0.497578496752
0.531643319897
0.433178249769
0.638423565651
0.599658386975
0.444124873624
0.827117448129
0.731195687574
0.604019216792
0.6322864942
0.699070231974
0.49202894505
0.404225130472
0.611938432007
0.780465970867
0.55781765338
0.616002731229
0.841135288256
0.365131486969
0.541137731496
0.402269459734
0.626484553712
0.368148956778
0.489547357136
0.651541547447
0.810456794485
0.430184887437
0.529489120898
0.440352560336
0.569204945332
0.433281471877
0.616823923396
0.603352816743
0.532462228266
0.428152771832
0.646716061035
0.927494782027
0.418639900066
0.663500416494
0.410798366175
0.411179441071
0.61790738854
0.641551113409
0.442745609458
0.471344143264
0.572368008179
0.631239142455
0.632009984929
0.42642339638
0.759994974114
0.576107022276
0.526528961019
0.812860435326
0.544012061971
0.657709107823
0.523283192057
0.598697389911
0.63591421309
0.393995589247
0.452886348103
0.494570100279
0.57897816593
0.42780316264
0.635136737302
0.59524753547
0.624145795883
0.437981771309
0.601885565419
0.650496991449
0.595475789817
0.532237281672
0.671466273807
0.583738262866
0.506944454205
0.634810987432
0.521574253686
0.562458067515
0.746548818368
0.658952957551
0.475236279203
0.564984485683
0.585420391277
0.728835517819
0.64381367945
0.561102282082
0.711894940115
0.579689041877
0.469452130414
0.695245405325
0.598872585711
0.515146423759
0.701213376984
0.639871069407
0.742188586674
0.667003299481
0.505246157632
0.620897275074
0.748804219228
0.648592765844
0.470020665543
0.613807545741
0.604010898536
0.510032727792
0.437376051904
0.490473309336
0.565333217298
0.599455942054
0.554702740927
0.734817850465
0.735645853265
0.643780299102
0.406161636956
0.543076331338
0.521334071504
0.59177089542
0.74382843289
0.661274131967
0.606575813912
0.648046037776
0.756916944786
0.71946614304
0.658638800895
0.692901139386
0.697128990998
0.616158865086
0.688152628393
0.653198476843
0.810559031411
0.856670450465
0.583413358157
0.700729466402
0.767978528263
0.569160425208
0.483393693903
0.455122366982
0.741246871542
0.454508085898
0.572219981752
0.527953636524
0.659413865867
