0.672243674412
0.41535825039
0.403880388692
0.433319176763
0.512752589298
0.66961455238
0.645395668805
0.406532949628
0.425374376231
0.630927423242
0.327680884729
0.427948149877
0.497143910002
0.681785947938
0.439587319913
0.772924994406
0.701837937293
0.635340903396
0.494458536529
0.55574832682
0.582828218855
0.500081120218
0.54617452532
0.498380341821
0.595785647461
0.472659532954
0.634026983415
0.362165355675
0.579203072315
0.451547273374
0.581069318244
0.416861611735
0.440699974213
0.60669126879
0.596616312755
0.628101933112
0.648494095409
0.657892020894
0.585308162934
0.412626002216
0.4353796268
0.463280579777
0.519868126872
0.69606453594
0.491706068241
0.476595497508
0.611424150381
0.518999896915
0.389716812039
0.48144967372
0.488529436203
0.619986264801
0.508041577524
0.37021446052
0.695064363611
0.441729032958
0.512825641964
0.534445305564
0.387973889573
0.605617412594
0.667327935173
0.370657659581
0.646080040848
0.498962010543
0.52828086848
0.450887919476
0.427485466971
0.611798434815
0.522350442702
0.525109527778
0.540452559167
0.654071689689
0.610251384955
0.734467682288
0.333403250628
0.520109027438
0.581317411512
0.547122340845
0.541873266734
0.588013584847
0.506449323091
0.694540003738
0.538490774485
0.484636854628
0.436404996633
0.60890004241
0.623841430705
0.540931331935
0.553431760751
0.340984886379
0.446515817525
0.470513545264
0.403850560821
0.71035261875
0.586684933473
0.514028230213
0.46452103948
0.488348636017
0.519436373477
0.542987482669
0.739048628376
0.571461352967
0.659480675348
0.521342574569
0.522337565832
0.680536805938
0.9545809063
0.571022615026
0.638531800049
0.711227171082
0.562870644839
0.685036349369
0.490420627458
0.380312997484
0.626663339095
0.67475172737
0.537351020364
0.584663639066
0.551330912903
0.617239434075
0.503031758099
0.627945707705
0.423781841869
0.68664076498
0.474007472634
0.563920652714
0.476720753537
0.341904382394
0.57922886809
0.553286187315
0.52849154102
0.525448228431
0.693026143309
0.478424020356
0.565542548508
0.599383752194
0.556137850686
0.500301690624
0.506097003574
0.497638674991
0.447752063979
0.46009608437
0.529560184232
0.65767517912
0.491423232785
0.452244430295
0.504833172115
0.408942394822
0.642772813289
0.39853739804
0.302245190191
0.644389031945
0.64770777351
0.601832201472
0.428727346452
0.519608320453
0.631075015166
0.655429308685
0.613637918319
0.503616035887
0.594445518012
0.492132571428
0.499658955175
0.596031738552
0.46495973193
0.306921858406
0.494889124114
0.534310420413
0.619674463078
0.547854684814
0.561424733098
0.514088445533
0.415797713367
0.71670388883
0.62557305387
0.611768461236
0.509344902368
0.34619840908
0.589590659054
0.525173507603
0.468933754288
0.373648620469
0.628613128974
0.584905048534
0.449049276321
0.646462147048
0.575051863749
0.528415742247
0.614110538433
0.467894383292
0.569839808933
0.610846159709
0.66207225503
0.487115207081
0.397048611694
0.780191494047
0.455027147639
0.52683399621
0.514833253241
0.576290889095
0.678994027239
0.778412194381
0.605526190046
0.550703818307
0.413800348879
0.603370056251
0.695049933985
0.64708965968
0.648897322258
0.531323345554
0.436218537472
0.450340785341
0.444412272358
0.462674227522
0.542642378435
0.489559120632
0.419006589471
0.598208739179
0.516871274462
0.776487672006
0.56888579792
0.53421895241
0.435942989464
0.365253481377
0.574732082415
0.359213721648
0.467973546724
0.561275799372
0.56032089292
0.634052957809
0.617101478329
0.839197078296
0.647335692913
0.546323878939
0.563929359531
0.564212937135
0.58764882617
0.494849181067
0.590710122887
0.458380586468
0.563986407103
0.54541037914
0.587925048869
0.570052935978
0.638137942812
0.574094565306
0.449592274505
0.617894416298
0.612290008762
0.374975002739
0.644587651855
0.666536670262
0.769489915446
0.715450910589
0.477423057195
0.511547809206
0.705711459069
0.534906066828
0.583703503509
0.391481260721
0.605445498641
0.614194365252
0.812675148269
0.609265916455
0.72619635399
0.552822318321
0.402117029956
0.670985639923
0.762920092918
0.779618703974
0.43556738809
0.471359267403
0.595710137797
0.426988747862
0.530182044765
0.614271549472
0.52040775445
0.564291744176
0.678859099414
0.553267441712
0.336198506657
0.627923959525
0.452306078964
0.492397310913
0.531154237861
0.455623995108
0.69156425384
0.488525980602
0.610217919403
0.591329513487
0.52871733585
0.584547224646
0.733065633504
0.599093999441
0.441007631753
0.436079582077
0.51647637568
0.611315813791
0.664820484454
0.583720752405
0.753469230655
0.523995083449
0.731002617135
0.590907284833
0.489401137382
0.615627641593
0.515913277059
0.435199893164
0.728301143159
0.690029696913
0.524400927466
0.587133936691
0.577849795113
0.624451050851
0.615624736879
0.669967021697
0.686502507602
0.554437862274
0.567272361375
0.46776460541
0.425884415318
0.637136133161
0.550867324247
0.616459391268
0.63380259762
0.51217953409
0.589983584052
0.493147872998
0.524603711468
0.507318232426
0.824788007057
0.703297812507
0.583718765757
0.669294652827
0.669886748243
0.740296651052
0.439343797721
0.578131825741
0.478923163476
0.467532335957
0.452627344465
0.648617242561
0.558464452445
0.568414547536
0.473722097222
0.49845672686
0.696200502687
0.530745828629
0.625254729295
0.44842848993
0.43188600276
0.505738104483
0.561152874208
0.524672348604
0.521228046084
0.797818829617
0.54501003927
0.610239967415
0.507600278317
0.506371392957
0.642538715861
0.440667698204
0.536546672441
0.585511942149
0.582460099394
0.524852751934
0.482883489325
0.551061621534
0.704826763151
0.436460621104
0.654042460382
0.363333283795
0.398628460097
0.574009084065
0.651703828958
0.494760226561
0.6587094568
0.491597733871
0.413348340983
0.611309378821
0.484972013797
0.609336942769
0.322683835598
0.648562891628
0.923372813915
0.641456166979
0.628886908367
0.420311773749
0.53836122051
0.561082230295
0.607797941509
0.453034945427
0.573893515287
0.266990641734
0.599998744463
0.526435326378
0.425374380436
0.630764397825
0.58482162864
0.455649665414
0.483939977335
0.426781110487
0.528518686115
0.440677823719
0.68491833112
0.648081286437
0.529620687027
0.643812583371
0.587468892407
0.691180771289
0.411357599806
0.686583912064
0.392578926665
0.487204818158
0.62064538786
0.571949525231
0.548624620063
0.487746477095
0.604719950753
0.464330932081
0.503606753158
0.681961919943
0.414641529245
0.648700574558
0.398703789781
0.573062883806
0.592951820767
0.548795379021
0.603710508514
0.664715693323
0.402475655071
0.417559257585
0.55067193676
0.627044091236
0.516905426498
0.604855071234
0.542692391543
0.530802315795
0.446504927285
0.579364701521
0.523103297405
0.518550170479
0.540406722617
0.613558296191
0.58456859351
0.448796216707
0.674265054515
0.625384934821
0.477051693338
0.525598450907
0.55768437465
0.396804238105
0.487942715041
0.671348747331
0.436607193429
0.491336831745
0.574008989847
0.411745124898
0.554821573367
0.643003250801
0.523726653793
0.735051869133
0.546262790471
0.637345814948
0.416804811561
0.53607760033
0.564333737266
0.72779210959
0.654233062187
0.377915880152
0.415309840132
0.545087895708
0.590455752992
0.392710123594
0.528310492331
0.546679613851
0.464355686403
0.645127601633
0.537893633327
0.5772352056
0.561972528182
0.394442092971
0.56774450743
0.603261098728
0.677398603382
0.478418508939
0.59380564128
0.615986738971
0.493936848563
0.588113127767
0.62494826271
0.5680161728
0.434936267888
0.649210388792
0.460238248832
0.673405614493
0.438646289532
0.535439235249
0.475669602712
0.369242364485
0.528598343348
0.635964291729
0.674495294895
0.516335549306
0.384318742564
0.442159657765
0.482525348214
0.562648427528
0.537177680195
0.515742124954
0.348875743586
0.548477116428
0.507192419666
0.559576098876
0.539249260587
0.54941251454
0.537692793042
0.507068406337
0.610366957597
0.725003547811
0.481431777536
0.381278187974
0.59685039403
0.580226559735
0.650647330682
0.403749691279
0.64057584681
0.47917016693
0.45683142693
0.682940206281
0.403774647056
0.639634328344
0.675591284087
0.515942351654
0.426649679158
0.654379453811
0.389810291543
0.492067531582
0.775173916423
0.312193483712
0.576736230204
0.564656406786
0.617318048647
0.432906037418
0.600728275408
0.652962911928
0.577391534179
0.512170288719
0.362747755879
0.64937464299
0.498415273973
0.595642099695
0.641023572675
0.596582001375
0.682220882835
0.491141203534
0.725591016513
0.490963911062
0.573324993379
0.689473693157
0.590845042561
0.555602160432
0.54531996083
0.75344276124
0.444923266176
0.704542031503
0.478535778259
0.685194806018
0.526456298736
0.48186597246
0.571426440696
0.566318534031
0.454575492787
0.604539506357
0.729377359964
0.615701419237
0.455238404737
0.478077924531
0.660559328426
0.519568255744
0.5187007316
0.450132239113
0.365737246832
0.545892199608
0.546751006836
0.622032876788
0.577282104319
0.511352589828
0.447937059051
0.844189866954
0.483123228968
0.563648097419
0.57571534148
0.508794319912
0.480126905202
0.579992454207
0.655257317922
0.617275361996
0.591849077681
0.335467439381
0.450648257409
0.547013232756
0.697148473326
0.717690565013
0.45936939395
0.57325468633
0.644474802555
0.734451228232
0.477882520496
0.758905879903
0.512633078093
0.758290361424
0.415090305875
0.721910816521
0.470228253002
0.50343181325
0.599830313338
0.505978130082
0.533383777887
0.544659741573
0.572152902982
0.537963753949
0.571967735054
0.589449897308
0.348899397335
0.597110602519
0.602447960254
0.345602681907
0.407672141703
0.451985809961
0.374029970377
0.681134652522
0.500882267357
0.589554983667
0.43113864149
0.491930152146
0.560220062183
0.520809042823
0.384173671618
0.577748216184
0.396769873125
0.437386663072
0.643950875977
0.473749249897
0.486785161062
0.699560831498
0.676147638999
0.484176681619
0.561521797357
0.52289538252
0.503881693031
0.571590441671
0.685975906897
0.707755371056
0.526549704745
0.624829733753
0.537538742917
0.575650816942
0.495707057713
0.396950163008
0.360142582945
0.784345683512
0.624117695573
0.847850682704
0.491241639567
0.644232993067
0.584585668486
0.562254288289
0.425608633077
0.37041425737
0.46444118265
0.528677527817
0.590891368491
0.640614618776
0.458246862392
0.577024823075
0.484226893463
0.463841994828
0.608891371018
0.656106894458
0.533308287127
0.601815196416
0.613409838292
0.598305392607
0.47462378996
0.600943291739
0.322126428983
0.699128691862
0.600265609931
0.754521517966
0.676818982047
0.480114076294
0.626667315703
0.527678132301
0.605047035712
0.499268868178
0.631773433443
0.5267133054
0.630608444584
0.480836914876
0.696346969218
0.432204862875
0.551898754042
0.482337112946
0.503679960638
0.617254309674
0.53085099702
0.467300115084
0.489941468345
0.69545470545
0.66166793123
0.514644055762
0.647549889572
0.474086621025
0.431737175114
0.607224721739
0.61329277209
0.583028155425
0.559206738257
0.68753663167
0.629027343074
0.600181117845
0.586020806038
0.591027955679
0.32474398565
0.629557134959
0.352106505029
0.515368528587
0.500031248668
0.578035831295
0.55280869834
0.67274620087
0.863557294117
0.685255004279
0.529443044423
0.533315076576
0.65379182496
0.551414028503
0.474666342351
0.575334476171
0.566837190828
0.682968311344
0.553353817761
0.584062527056
0.555734759193
0.506506382029
0.698256410048
0.653981966889
0.547606074944
0.602714640899
0.434088056463
0.647348453404
0.59033400236
0.636447559073
0.496231561673
0.678613353845
0.627273544866
0.477635148961
0.699449828882
0.59671490908
0.46904043528
0.40313631707
0.516867277846
0.475922165481
0.501631640032
0.485578428569
0.522833254622
0.771992242763
0.549125188839
0.541451818992
0.654343833938
0.533193807156
0.676354592133
0.608875389265
0.482482820327
0.43814022993
0.526533194057
0.445679064131
0.336523214291
0.576167076934
0.683797806836
0.530520041898
0.335648426254
0.524276007374
0.473238345046
0.496527845264
0.641217778313
0.481793714019
0.498106886786
0.828278095801
0.681263852619
0.603414979672
0.600076292838
0.55609112923
0.544246046734
0.516432333223
0.637076099355
0.529725044528
0.529476332308
0.607320059498
0.51421421384
0.489940850795
0.426999813294
0.476894420344
0.607730673688
0.508031358979
0.537303384552
0.62543540444
0.765288017204
0.715811528791
0.572149805359
0.483779604493
0.476823131053
0.471670247551
0.589734551358
0.49890546132
0.696044147838
0.597152305104
0.648930172511
0.597012537441
0.624280470545
0.786095979172
0.33925621895
0.552660118699
0.663849507029
0.576241944338
0.542161336609
0.416530229726
0.893158155324
0.433152521662
0.520257826994
0.581217504756
0.568274989054
0.66959722344
0.428493527054
0.53346505033
0.794948172917
0.589206696776
0.320189495633
0.491289954252
0.411081454438
0.494176369355
0.655459532591
0.449245351409
0.492412947265
0.661519785993
0.496186057825
0.523125205917
0.633350019609
0.647813101788
0.685616392502
0.584473866233
0.510923001519
0.55577383615
0.631226615185
0.580473374408
0.622248741897
0.55688909895
0.498817168126
0.501961986906
0.612169095332
0.662710557888
0.776214865131
0.397824111628
0.630021568176
0.47422160596
0.629615778681
0.615225949094
0.433217831618
0.470055606447
0.704587427833
0.396060357048
0.49435946746
0.496299038188
0.392960727669
0.554111449416
0.475231473805
0.597596251412
0.54866390548
0.518103211777
0.549850494834
0.523509294718
0.55984416309
0.533533053076
0.425762641328
0.54982590219
0.406017258927
0.548264860483
0.63285552958
0.614544518559
0.552688258211
0.505550316189
0.705974040596
0.413757542966
0.532564669394
0.624940427483
0.53885105909
0.537152759428
0.595451101559
0.545475024329
0.543295144084
0.482183112909
0.702152584122
0.510410147817
0.558279823023
0.440021820597
0.491479423815
0.423754866157
0.566842533348
0.605570118418
0.737368848747
0.433491860534
0.45790643483
0.519836952597
0.566375900432
0.543035481323
0.495046591796
0.538561448872
0.457184874849
0.504855178223
0.684643056237
0.51299822142
0.576923686108
0.411520959266
0.672436264056
0.706674945576
0.68366692204
0.605823780843
0.471611154706
0.554387866855
0.522132471187
0.555849999385
0.640560126953
0.4715434851
0.664073659762
0.414787402817
0.748902648842
0.430452413677
0.456501008118
0.393418694487
0.610332269894
0.441218604001
0.51117869345
0.443381677707
0.6262649184
0.499219705422
0.590893921982
0.442819895132
0.412739096393
0.454066431909
0.633393202614
0.690045471063
0.495713365537
0.714858853489
0.652770250398
0.689838224722
0.449902666401
0.536638219035
0.494645071691
0.457653735372
0.492951471263
0.671553466202
0.556771576201
0.710662255475
0.408490277076
0.527875803126
0.753916765966
0.63542862312
0.463348239958
0.63431639152
0.737348745682
0.66420711422
0.860754013081
0.641331095752
0.438729486744
0.643172805566
0.817629126903
0.644345559326
0.732731401435
0.769221889377
0.653632105361
0.479433265094
0.622015415189
0.595415575394
0.642929424355
0.540786946802
0.568725358649
0.669930827403
0.515320055646
0.434650316673
0.619897427451
0.698087784961
0.562235753414
0.596488006673
0.494840557571
0.7568890016
0.694336870402
0.575344825054
0.690388185929
0.476066005046
0.594416421672
0.567357796452
0.579179186591
1.06122389603
0.770377267562
0.90008771576
0.596793728995
0.610533976494
0.522309116269
0.723428624034
0.495312571909
0.455898541144
0.530280542277
0.458818141452
0.511839447975
0.54569721546
0.625408081411
0.400270181496
0.760119026769
0.606403156349
0.680471407551
0.534625649347
0.666409535325
0.499827295603
0.696254775021
0.674613728831
0.792846226002
0.580335885087
0.611703152394
0.613639105201
0.463047969749
0.454826396798
0.422681849024
0.5494749315
0.551183725439
0.621848177385
0.450759228906
0.672557054236
0.719056310573
0.453930742321
0.492355230058
0.882637760783
0.555053181061
0.612493664963
0.755097592117
0.659462934982
0.509959505805
0.398989899656
0.482799379375
0.541789044128
0.534746840912
0.587880762803
0.719251638947
0.515982556349
0.635596643482
0.509671341045
0.589233434201
0.697700268893
0.484681076285
0.418370507132
0.724349355727
0.655464249075
0.565998234473
0.875578555091
0.498140565935
0.523461152344
0.506727793937
0.570322689018
0.813704731551
0.657064828986
0.690637302418
0.617524181206
0.741986644737
0.567276756054
0.574045651484
0.686872064931
0.717869901223
0.864041572848
0.538733896986
0.570518808796
0.589264317127
0.487333195372
0.82534418512
0.673086039083
0.812383614073
0.654146293556
0.523031659458
0.891632633716
0.597138622423
0.597346751811
0.441725985734
0.568126789418
0.488107514573
0.644693468606
0.493896815799
0.736625143356
0.640082791207
0.654322185089
0.532607849954
0.583474371834
0.992625469931
0.481571255486
0.565681883572
0.589723010153
0.584380820197
0.634315517796
0.474793581131
0.767964758802
0.601108759516
0.587346935698
0.863252136934
0.71831455652
0.561871438118
0.663272080722
0.529257877813
0.422513745
0.719495965955
0.508485320388
0.798967577768
0.713973856678
0.89462133282
0.791145228037
0.698043198356
0.944696210006
0.523226871215
0.549522895195
0.562318914098
0.649821915947
0.587369684614
0.61630285779
0.459133224559
0.58666550676
0.477202268221
0.572354111517
0.602522082128
0.441088820007
0.388376312805
0.642544509409
0.606524360532
0.56158916967
0.815357645394
0.681594924923
0.488626476232
0.502479215032
0.456457584796
0.905008347118
0.428623200255
0.490659299558
0.60258353011
0.554684399694
0.536176135046
0.540021741601
0.611360456342
0.462852511169
0.749746889976
0.59000826047
0.508998114514
0.761256346272
0.731366988342
0.669785531465
0.686232906514
0.895802056582
0.439692133406
0.460551014235
0.616613682968
0.602851805938
0.643007214677
0.65657823302
0.558654319203
0.655340998108
0.772702972575
0.850807092971
0.722559035805
0.689329234171
0.648435742578
0.522631222363
0.776905534435
0.61898228099
0.541946709284
0.532450469405
0.575757912132
0.63017211283
0.495247983529
0.86381283262
0.5767378702
0.543682532808
0.485664626007
0.766884675372
0.638586087927
0.639787507156
0.575946536189
0.653154512673
0.597615420207
0.410534765944
0.526426112569
0.520430267299
0.435143216812
0.524379925205
0.529963414798
0.681301231876
0.483882721921
0.437508798491
0.429014610106
0.784339063321
0.483917238407
0.483493827394
0.673475841218
0.55652914627
0.468430484971
0.699786708047
0.737390897837
0.539869980588
0.819221878847
0.664337661907
0.611455485994
0.63501030662
0.480624427882
0.64474287776
0.537523280221
0.435197479718
0.41250044422
0.621505352105
0.544620414039
0.633794425576
0.838019653864
0.77662252623
0.621964792392
0.549137577471
0.801787618217
0.613137248679
0.656940874302
0.552948899484
0.596288465485
0.404667094798
0.76323500696
0.457214786055
0.55898010602
0.436743025436
0.555460002789
0.63488947272
0.609088711162
0.663402324401
0.62582180714
0.508614262046
0.604475915904
0.478044292986
0.629423023659
0.639745405136
0.431622817922
0.558269954874
0.375476054494
0.476247520282
0.548940235341
0.571948447784
0.499795525678
0.536985351567
0.43958298651
0.499367885775
0.704201245074
0.475433765506
0.753366261295
0.819186919326
0.548287537589
0.779256030256
0.667609358709
0.770473339734
0.592516367118
0.579950177198
0.507064512141
0.529893058077
0.457263680391
0.686964528088
0.626174507399
0.61092913073
0.63765808158
0.517866777751
0.673255482143
0.460094195487
0.880055882857
0.73175203903
0.648296947699
0.381678271944
0.461331019415
0.537128816262
0.826810446964
0.486888396127
0.50519254086
0.518625553716
0.708345154009
0.489598521363
0.424791229537
0.676318659178
0.64304702546
0.731368532671
0.517532018906
0.79417719754
0.684011682495
0.446353142944
0.494346934953
0.668299958974
0.59090294694
0.583495162738
0.535114397411
0.611625899699
0.593213270167
0.888289362525
0.523585566506
0.737076631558
0.505577263682
0.694151545894
0.623140043647
0.663694694383
0.781296428528
0.537955688988
0.647790115207
0.451815290526
0.680838569857
0.625302569322
0.526771646873
0.634678803456
0.746561890464
0.678370959143
0.464373146203
0.634580722126
0.724089873675
0.63022316463
0.612181272905
0.552875523005
0.457007101985
0.530849608216
0.628376415387
0.793253378198
0.681347851909
0.376381747988
0.503869127091
0.504312055409
0.513444075559
0.641373435179
0.518643582927
0.61848910125
0.432698660393
0.503181817455
0.713994287084
0.484856936185
0.781405242678
0.49583355909
0.542745971338
0.608568821371
0.660237148774
0.647270951897
0.473179296253
0.562586854854
0.414946003096
0.600671337314
0.44606739945
0.720203300992
0.552514444814
0.630128011355
0.649264025072
0.583729005249
0.624425933609
0.549624158786
0.67045020511
0.688534719736
0.494632170391
0.444090201108
0.608594424192
0.549345110803
0.408184424841
0.629615482375
0.486653514431
0.663786126695
0.701091369173
0.514312850724
0.711082369715
0.590695802968
0.699495854792
0.770920938905
0.597618888059
0.616573420214
0.453302818836
0.614874507457
0.470443834312
0.734642194963
0.716003795035
0.585536276771
0.602296514026
0.499866951398
0.431852051178
0.797556707523
0.61737024852
0.596093192181
0.761059585237
0.578791628102
0.384275883646
0.448305286708
0.484844681505
0.432612549354
0.396009047018
0.546467756252
0.565835667872
0.64672214316
0.633810753917
0.713810784614
0.482258044997
0.748615095661
0.559084478509
0.608594431546
0.644231269171
0.646078069051
0.568041768245
0.560908291042
0.584738504104
0.539248466303
0.593449089683
0.527610109205
0.486119438543
0.530086501124
0.670354226615
0.522515854363
0.631339444413
0.409119081861
0.631163680639
0.416594170043
0.658922039297
0.718376457445
0.532864811993
0.625772509029
0.721484337554
0.654145035442
0.678943771266
0.714968803883
0.571244019479
0.59028971606
0.495397948934
0.539147829993
0.623671297365
0.509516403365
0.655016326374
0.440044099198
0.552531822616
0.487124320677
0.668805321933
0.615696582151
0.550122306657
0.461772332985
0.581103746985
0.495256629383
0.683687739316
0.561433035916
0.786164453808
0.62522179148
0.596225265222
0.368757367064
0.591507614604
0.812268995174
0.671086746515
0.765823185915
0.544794845954
0.792179315223
0.761851918595
0.333999894264
0.685276295591
0.585228318901
0.389163986843
0.609477656114
0.524011973385
0.559458309876
0.476050036318
0.595847399183
0.825660841666
0.531118723033
0.61571822199
0.727177958287
0.579642230968
0.820504332165
0.5416914028
0.601846732497
0.472126687462
0.670592566317
0.664023626201
0.553566866956
0.551650532711
0.506131223394
0.492315559549
0.620530416857
0.50669817463
0.56098867453
0.523704866538
0.558506132136
0.724777181669
0.561414335438
0.859772418463
0.531363878044
0.669987909771
0.678170789326
0.577159343865
0.576917872029
0.600120640928
0.768943690841
0.529680210167
0.751916933839
0.52493079699
0.558565284896
0.433954488445
0.62708603813
0.523292438339
0.631180898875
0.703229049359
0.742703109628
0.631144329716
0.476056380391
0.460896191455
0.626507095491
0.650588351548
0.648159400199
0.826213426983
0.273226776301
0.832041389492
0.515346504482
0.674606983974
0.478046225367
0.70615373962
0.577726045465
0.513790275795
0.54745095553
0.551499047825
0.616615943936
0.611782272182
0.544847621942
0.582151593259
0.484286952388
0.591522384368
0.604849869971
0.454821703857
0.641918602292
0.620809077248
0.64226486056
0.618619075587
0.644037865086
0.652966799389
0.644738449245
0.618503150699
0.684245394753
0.526753651732
0.610718550332
0.564502096693
0.68443505519
0.691995683769
0.760161962386
0.490675267235
0.479172994069
0.582274770064
0.486150881444
0.631928127709
0.834471648153
0.815090610163
0.657912408064
0.583038193437
0.722141105138
0.562943011437
0.825659829318
0.62767274292
0.668279941401
0.794266837378
0.523092119286
0.476364177277
0.482248283554
0.571507014138
0.53178636003
0.687668601766
0.659517309078
0.497729394158
0.525568772155
0.488667814644
0.50297384354
0.579466552731
0.482648438076
0.776334418047
0.665643218076
0.545074239483
0.785446141988
0.592153685914
0.558469012422
0.529064872371
0.578441164236
0.64191220907
0.353417085628
0.371676341643
0.650809470922
0.742349301945
0.620659388198
0.398997444761
0.578087377264
0.462216104467
0.697155655282
0.650291361157
0.533987078665
0.681878372726
0.572863108104
0.560487676726
0.6822134912
0.535754774757
0.718214919125
0.720836296855
0.480260569736
0.621513997603
0.633779218088
0.315190113523
0.475387095566
0.469508652716
0.619543264246
0.587238910984
0.802559792105
0.756054437055
0.645564354352
0.529101819968
0.772446234909
0.597853580036
0.426751964268
0.654587151444
0.600454896737
0.554939117764
0.538630914203
0.61966927444
0.598577991301
0.623720584901
0.407486551375
0.499017125848
0.574522123404
0.628405793205
0.442302925877
0.513661246961
0.477462775393
0.634956609122
0.705204565062
0.73695104689
0.726509462626
0.590570112919
0.722925406016
0.641734394866
0.562681119673
0.588809306504
0.584513480569
0.706710738972
0.470698570231
0.43875956083
0.809778608119
0.670330914018
0.779796624816
0.538741477318
0.553421653585
0.439278306763
0.610287839144
0.506968924037
0.507184953455
0.60953250257
0.642269234389
0.626063200495
0.431471005221
0.768265054915
0.681644228173
0.576766639351
0.587308243977
0.453901061241
0.370469077107
0.634735685868
0.79923983411
0.76645421994
0.660283645862
0.359662800158
0.855858998682
0.814012100149
0.757078254427
0.63743834794
0.597384222179
0.445542509413
0.362651246745
0.54211734667
0.763918858676
0.60106655239
0.816318211602
0.587392478683
0.635157296041
0.48525284813
0.668950589258
0.704782274501
0.519960774598
0.617875166301
0.742513585316
0.549154268094
0.528691147418
0.459456371875
0.530922758881
0.60692917887
0.639858474882
0.743880216494
0.685785883347
0.642998071027
0.618650216519
0.747326280081
0.6121448237
0.611007458641
0.643601920263
1.00763042886
0.782734878704
0.710309391858
0.478781000263
0.637409355894
0.484107747854
0.777113854302
0.591286953845
0.587561066739
0.596555522945
0.568097246964
0.671553932674
0.794091080662
0.449618127555
0.548525063998
0.481685185049
0.55069584649
0.395504882951
0.507368344029
0.642740714636
0.680720618612
0.542940158068
0.596451526432
0.826883592376
0.598749935944
0.508777411793
0.473143327127
0.726301048376
0.712706973318
0.59388956732
0.449567219529
0.611558135981
0.708168646347
0.523760378217
0.520561869674
0.475611092089
0.492478406249
0.668461965876
0.643984911427
0.654793201943
0.460533367002
0.600738288016
0.670338881035
0.49297214207
0.648166433254
0.734083541368
0.657943333748
0.616534461404
0.582945818924
0.521491498296
0.540230040147
0.554050290184
0.650920152149
0.523110698549
0.451487967212
0.586464420326
0.481216782932
0.500522573431
0.528086160344
0.55411504109
0.561102316053
0.513905272799
0.412228640144
0.415685905007
0.705883195987
0.355645782775
0.645673157866
0.551391730708
0.495387477604
0.655870745577
0.606646428263
0.425700743289
0.630128934364
0.66763526944
0.810756510829
0.505858302114
0.505271478729
0.551628348398
0.696302981457
0.685747284639
0.518237401642
0.642962117509
0.477120000881
0.501611048226
0.618156601025
0.653371128039
0.468746085764
0.627661327235
0.642122879193
0.526956834467
0.433938476891
0.601660449818
0.717702682555
0.644054506363
0.460476573834
0.573777701811
0.69620824986
0.599958700004
0.727574634133
0.561264482717
0.786805699581
0.592515666784
0.443820965612
0.630550905143
0.752110716814
0.785335327155
0.489909460877
0.567914322745
0.581481883861
0.643944273831
0.581786128209
0.469742942316
0.558930914783
0.590141464323
0.531325097732
0.605150763705
0.6260814158
0.710915509267
0.469128546739
0.588040517091
0.416746022715
0.750882002478
0.561116803863
0.636927144386
0.579375999806
0.669025227202
0.502791266269
0.542871050689
0.556388839426
0.54068411038
0.471999142918
0.55211460471
0.512740477319
0.517642131467
0.567041103307
0.55339832358
0.97807465049
0.61345495174
0.632966405077
0.676700950771
0.507401964179
0.392765653909
0.687877447017
0.572398972275
0.563367243919
0.615968796171
0.322162327962
0.643021551908
0.546012219584
0.560877170847
0.397317136559
0.728383613935
0.599240981661
0.621199943564
0.654487511446
0.638886718814
0.624746015209
0.636011017094
0.461698571327
0.434083837875
0.511004856842
0.645146825476
0.631686248457
0.500071088339
0.507444613748
0.853156161616
0.491087766286
0.609729083476
0.707554357309
0.760114711559
0.67676866163
0.756738733871
0.614099391435
0.71160717337
0.622131344544
0.43342659292
0.375063159435
0.697717361054
0.682578753691
0.768595578589
0.555109522761
0.479378606839
0.470377419924
0.554931138855
0.514453053711
0.621801969649
0.477254681912
0.537138830312
0.522851655942
0.563533285761
0.597844417212
0.479876740667
0.488120085181
0.554706217345
0.404699120001
0.384663417597
0.556116939384
0.700629925552
0.623218136927
0.585987486372
0.594518703495
0.625467214796
0.712691948985
0.614400016813
0.728679746216
0.731018890387
0.630328942212
0.579373044394
0.49196349408
0.674930143883
0.462804061946
0.650089951378
0.572388526169
0.540969783307
0.505088073679
0.576527394436
0.422314012456
0.540882139356
0.471152125423
0.465056486993
0.482106106556
0.666825408735
0.618853699328
0.497148958795
0.730962328151
0.464408873539
0.624629914377
0.502989922904
0.521024706172
0.694378701881
0.502302912697
0.610391090244
0.525565037906
0.506076114294
0.467853497944
0.543961119934
0.40243948986
0.658486411941
0.706720464607
0.65060139023
0.492781979306
0.604265416459
0.72983780658
0.63720725969
0.678733531401
0.574859716799
0.618361951475
0.5513127432
0.646625530835
0.57076248378
0.6512049469
0.481089405663
0.567111860895
0.448040398387
0.485989626949
0.608946112976
0.562007126346
0.680863479876
0.639575071224
0.613947068084
0.46822630748
0.387880586394
0.590945891869
0.320153688779
0.545099516045
0.675183084843
0.515664016496
0.585004065188
0.410449499738
0.322325237321
0.554192125177
0.683444568573
0.531186997495
0.595084139051
0.38140573115
0.674674212314
0.629617953399
0.410371974512
0.559927373605
0.540660550064
0.576521344971
0.538062872908
0.690356052024
0.429464701528
0.585564146794
0.575437264688
0.569679495357
0.51584067053
0.312274923802
0.541485558736
0.660140478782
0.574491284051
0.493517813949
0.544341232822
0.427181537809
0.787301602024
0.502672951022
0.671315926487
0.630630169695
0.449911224927
0.739780900227
0.582011318095
0.511761990174
0.669862111739
0.588360522652
0.57343666583
0.530251973531
0.499485735006
0.742774720738
0.612841744346
0.608523126848
0.473248142354
0.61740880385
0.589429235621
0.763445164771
0.707897444466
0.446152174507
0.733057562964
0.549521302794
0.523880156797
0.609784355611
0.662350996202
0.637599091199
0.561651018882
0.563244548282
0.671371239284
0.651749972581
0.533778893378
0.51462215764
0.452459412839
0.466686791473
0.54816109175
0.672785566331
0.519919638841
0.459202875839
0.649099448387
0.637121918768
0.51345499545
0.630966841592
0.515538109387
0.608641189308
0.790265904
0.714943410134
0.576981189986
0.528744907795
0.490175860842
0.624776326822
0.50639085192
0.423868136972
0.583775754085
0.520919386363
0.739308659841
0.72602412189
0.523811279909
0.588368360655
0.592505675991
0.447544594533
0.612826948527
0.523039361801
0.624968632255
0.559390072468
0.507979178778
0.484411165876
0.327902165862
0.543454746161
0.792829639488
0.619916201585
0.587300880703
0.625864745474
0.783408458917
0.4625580094
0.55735167662
0.502356035717
0.664170039176
0.512815689442
0.636160067975
0.633081992555
0.542301391457
0.668556763943
0.335159779614
0.492991627378
0.62733412749
0.704765865423
0.358264222767
0.785835971695
0.568995576696
0.615371396442
0.609043064792
0.671427320687
0.803923521118
0.61228173476
0.671433421289
0.586844196815
0.659163636272
0.678427374304
0.516589645982
0.648438173447
0.491594255869
0.66499097219
0.525575137238
0.704577411393
0.561042485252
0.600649518219
0.609919450835
0.702739553071
0.533954798083
0.687614470744
0.452468352787
0.662620208577
0.507218388547
0.700923619319
0.357913517568
0.580809584526
0.589572216558
0.447390481534
0.481199044247
0.634187528989
0.646926609407
0.541992000146
0.400712166363
0.708290537073
0.743230476307
0.51270541781
0.501201716466
0.723113589963
0.59371908714
0.386161905917
0.570582079414
0.454363766231
0.447547220141
0.724552519234
0.63493418149
0.515500695885
0.595181043579
0.466011334998
0.627923277019
0.64361210839
0.748107446847
0.434994391309
0.501278797847
0.468925791737
0.606078717214
0.652372676289
0.535181643664
0.622058012812
0.722691870539
0.612084793133
0.654623591199
0.584153371433
0.58692512023
0.465313019874
0.667108677831
0.466166168725
0.61771445937
0.586910154428
0.529317127753
0.648233710498
0.576200499232
0.587229531561
0.771836142824
0.567716803363
0.68383735723
0.629650120924
0.478789318615
0.597830668609
0.571546929452
0.532207812655
0.692607822361
0.493105587861
0.706444808279
0.870647946092
0.821121825485
0.624939063083
0.66743825292
0.655452453848
0.674058095496
0.397764348398
0.628595005882
0.530437698263
0.793943078173
0.6703039998
0.837820550073
0.786547468962
0.563941764214
0.85529970827
0.607002994917
0.528027505811
0.644413856607
0.556902663129
0.698183853986
0.652762063665
0.672422474185
0.643635225038
0.872612859597
0.686584439562
0.812626230679
0.420960039438
0.50236531245
0.640443819363
0.657895860486
0.679834383944
0.57826898343
0.67532764539
0.631741201307
0.561178207061
0.793466589502
0.525927467559
0.499506511268
0.674671132563
0.452377300313
0.473149789129
0.437872194394
0.664794890532
0.806806314243
0.689909516058
0.65702891395
0.634810293799
0.579376166402
0.531715615531
0.649251688954
0.683471216474
0.49789949676
0.63523342636
0.448533029307
0.656204161096
0.650329116152
0.39380816673
0.597268222342
0.680213976551
0.6892254867
0.760769491633
0.851604522421
0.48527434735
0.676362876037
0.59349334127
0.734053548106
0.697551671313
0.668739945546
0.672131923064
0.643592372259
0.478993350295
0.667549938267
0.612239903099
0.60162390281
0.593148746113
0.472729224098
0.681655509206
0.515378920678
0.551307315201
0.658986572138
0.82822660105
0.681450259297
0.483667311042
0.540349918398
0.600742966087
0.47041822599
0.57739238819
0.55445348213
0.692775174274
0.595871812872
0.619560072347
0.613626751811
0.643460510665
0.426147453872
0.548418571636
0.561200043482
0.672855052654
0.57599078912
0.568798094035
0.545379958013
0.52890384275
0.590998034941
0.530316560999
0.415709829296
0.588646160931
0.543140886305
0.464402708554
0.395451648243
0.637633416169
0.662226945271
0.50658315921
0.574057146908
0.479873672013
0.5046616401
0.537027766074
0.52824270987
0.42106950091
0.61842961994
0.49152414071
0.721283397623
0.505351595852
0.584722118781
0.515590577775
0.598527664608
0.615265870707
0.616741277835
0.476986952232
0.399899232383
0.476443587706
0.564996973543
0.749113821904
0.446033324432
0.683545454209
0.541594941524
0.52726659161
0.583529405241
0.488167315268
0.559227846301
0.43652644198
0.55259095951
0.587714028194
0.57303383294
0.650874740658
0.533663767269
0.610399179781
0.499937459506
0.570086394456
0.497219581175
0.915060817219
0.587889714868
0.616297604125
0.499261353219
0.678652721161
0.545381784875
0.473716759149
0.555014272135
0.521121418555
0.517863109179
0.559409849139
0.464521101785
0.408153527204
0.494012578489
0.585521284856
0.574396355889
0.484144486291
0.470896827406
0.505020243325
0.613904167654
0.387270469659
0.534974167252
0.60660369805
0.721816612364
0.520740355218
0.670846154561
0.561431965512
0.661315358606
0.544838858965
0.550904452742
0.629213848259
0.403164806194
0.718324013584
0.591238846047
0.602035236939
0.57839248707
0.585598653567
0.551773236296
0.632743536328
0.556386794527
0.634958044668
0.557156874793
0.670974629893
0.716448491441
0.603228203184
0.487530542342
0.563187141584
0.609108799643
0.472702483296
0.436644985211
0.632157353446
0.559728691619
0.441967266753
0.70188994744
0.596570808115
0.532881283385
0.494983755786
0.510413369345
0.476481316484
0.604056277954
0.395897518521
0.586494071105
0.678983846934
0.740451749579
0.62573554774
0.423133804798
0.737794948183
0.575060535251
0.569880565631
0.497380038067
0.505864837446
0.483732791467
0.538312367273
0.513701137465
0.462524722018
0.481423190597
0.655885882434
0.640764054337
0.698594327574
0.552485048474
0.531582829618
0.487344352198
0.484670808392
0.445147696882
0.72394815146
0.54248396147
0.430405075217
0.671587797301
0.543078354051
0.504024691196
0.525181220723
0.502047975442
0.492468355847
0.64803053221
0.53066745809
0.429978793304
0.649640733778
0.459996244732
0.641205872327
0.51509082857
0.505495596259
0.383940533514
0.615493560848
0.667357965966
0.437259048566
0.573787774017
0.637586204787
0.517114341281
0.535261662986
0.488112581767
0.521707201271
0.484983195677
0.426802937296
0.646244519248
0.453184791369
0.510916233455
0.649475031701
0.728045106221
0.544742602711
0.505797549984
0.537791656073
0.468825664212
0.564701916802
0.573808702403
0.5135483535
0.628820272869
0.801331928399
0.539481874589
0.568641985663
0.586614567949
0.388245111357
0.721704673997
0.626752500268
0.465226658133
0.562930055083
0.486662311107
0.686806494869
0.638303914845
0.701918597173
0.451838110455
0.56017737951
0.80770518154
0.56988607602
0.509356946676
0.695147851677
0.720038804067
0.46479188732
0.822760851957
0.492133234708
0.581187835121
0.396136894866
0.500391370548
0.561672459434
0.5106811869
0.52634904592
0.455799028638
0.582871550681
0.545711291263
0.535714051653
0.680373592015
0.648776666304
0.335239399801
0.46620950084
0.569497158293
0.577008579934
0.819696383614
0.892574561721
0.632697418897
0.502453129868
0.461187405371
0.454977158708
0.591139107457
0.5010030955
0.532519641848
0.509094724985
0.493491943686
0.581852733117
0.595104267969
0.6426225243
0.65940571843
0.77922535723
0.659058063483
0.678269826781
0.575638284583
0.557913726539
0.624265073098
0.681007339614
0.54156905664
0.459420273385
0.522582489289
0.6044869698
0.58244983932
0.553455994995
0.574570635646
0.499452991189
0.640618501711
0.634948368473
0.545434498247
0.468964425005
0.477733402703
0.568573201422
0.424076977228
0.482663126868
0.451222121729
0.653911421082
0.587827141376
0.601908586641
0.429575192798
0.611744351717
0.437690339505
0.596764340439
0.588785579786
0.645566176193
0.657361723676
0.484183610723
0.529023938401
0.435820808867
0.591787668158
0.394683730392
0.52081693051
0.541901408282
0.701928200137
0.608109408673
0.6592120025
0.471387969278
0.71461565575
0.56334675893
0.715421710543
0.585094134648
0.445928286937
0.716020670671
0.47313917721
0.685946308823
0.61731218385
0.623076012503
0.578923830926
0.513096731341
0.558553662731
0.815016105443
0.701434343447
0.539806595427
0.581500809962
0.456131275037
0.5185177549
0.408021296552
0.634469465301
0.559741101132
0.88691033624
0.571037068613
0.660969299572
0.555240835475
0.568646636643
0.436300392524
0.422457570974
0.632411161232
0.702148016349
0.65991353075
0.546184154252
0.453766256234
0.627828989179
0.429804066043
0.660602744511
0.600907023399
0.352348518459
0.355651343905
0.586893116976
0.511399032506
0.466681870102
0.636260509269
0.393644238434
0.630075752371
0.518011617172
0.467303030509
0.420987376443
0.481778689686
0.622086272864
0.589990506498
0.769068716252
0.484516220295
0.609605908837
0.424641225319
0.403640918892
0.76568657171
0.665385534168
0.407154116325
0.684927882353
0.449908308538
0.509521948126
0.502748594803
0.661758510147
0.595198963506
0.585287115279
0.533010299392
0.509007033342
0.57323191237
0.600905177017
0.607660860078
0.439963067366
0.63515157958
0.566026116501
0.702199354525
0.554518383395
0.562928782864
0.371970708605
0.644627577214
0.559008793081
0.498189373368
0.453217861522
0.506200655352
0.461813128559
0.554952809667
0.540906604536
0.510858122092
0.412224030998
0.511632356934
0.520214722488
0.556323518717
0.74184086313
0.623468277864
0.450918167715
0.466145299707
0.460004527158
0.566752796425
0.620687269944
0.826200875014
0.468885395907
0.578153727578
0.539178477651
0.66199218171
0.519463437967
0.504826195953
0.462187897544
0.634964087508
0.3820969646
0.858788195541
0.539368834868
0.530475711613
0.50042796678
0.453911366444
0.544845601378
0.630394999727
0.565765920459
0.751205175407
0.398557234901
0.515245631486
0.566664485869
0.616381916838
0.536874053052
0.621725688471
0.496557230921
0.578566014981
0.492645881185
0.676520608849
0.601039347223
0.59785568994
0.358500821115
0.664562814492
0.631183209904
0.596368116206
0.504575173552
0.588562244304
0.482049266338
0.707195010582
0.48604617404
0.641411407868
0.519713971596
0.585672549689
0.506488555822
0.646995202305
0.554507141594
0.569747757101
0.622694715765
0.532580873563
0.631551299955
0.441496203566
0.647528948413
0.691280421077
0.627953021197
0.615205563633
0.648276727959
0.805406861373
0.507803182382
0.548669500102
0.60984749086
0.687314475409
0.534703809523
0.58215259224
0.519511682302
0.614953454961
0.574687637616
0.683108500596
0.435520957715
0.634964043478
0.631816864904
0.539257939944
0.573180251499
0.628696629531
0.437641761171
0.68914950334
0.393727762679
0.471225708921
0.781559316954
0.68451242332
0.422193396219
0.444520273525
0.738949116388
0.701482547597
0.651780020505
0.494259703132
0.701735061071
0.553646876504
0.688796884301
0.586846610976
0.4509793165
0.400101682643
0.647075952337
0.521684905258
0.457620739378
0.632018793918
0.512660705047
0.501989522724
0.545988116311
0.519915983901
0.531295371952
0.565374337318
0.694025032529
0.61022602235
0.630680614835
0.514702305442
0.496518870088
0.599743137174
0.426861159761
0.515815507043
0.506639092468
0.485213059754
0.522936112553
0.662213872895
0.42347190839
0.366465375782
0.43710947861
0.549690671156
0.507145250538
0.408978091741
0.488692990369
0.582154887496
0.493391429306
0.66754892973
0.501374831437
0.698701734186
0.600464820098
0.722353302656
0.526171040835
0.48409173583
0.544408653749
0.530116443922
0.477472898504
0.390367977483
0.742247943887
0.509090402315
0.488995966602
0.619530570557
0.307860583405
0.562532243613
0.699442530661
0.621758915019
0.651991533396
0.507218913771
0.540563518297
0.606290984146
0.376668918164
0.413623156683
0.608193052042
0.619430712312
0.608376670319
0.537345775197
0.507835516568
0.670253240708
0.605759905508
0.45565809895
0.694988029419
0.61071015023
0.558960999555
0.567510747129
0.474827340633
0.510152691697
0.503649959047
0.519096041636
0.49235495238
0.493681780753
0.555858824676
0.689128914395
0.355010073112
0.56697287409
0.615923915751
0.64562267982
0.368633781123
0.506916557145
0.453714758742
0.664761641188
0.623632568008
0.425883462258
0.503014819082
0.481210202827
0.434428417464
0.4866254998
0.593192411617
0.509426415812
0.44658603116
0.681125115746
0.779994028596
0.584367911686
0.602801421987
0.60350986078
0.600003850241
0.603288440151
0.605219437437
0.600928623528
0.541077055017
0.534077433348
0.658652038447
0.484078797277
0.552042778339
0.640972073127
0.551384352807
0.597432488271
0.49395453107
0.512621607323
0.811313705879
0.366100275753
0.548365324889
0.651178959371
0.636310892123
0.516811902199
0.674614164347
0.526069128376
0.43587087893
0.435513576381
0.60273189467
0.533729213577
0.636341214903
0.554989257529
0.617327061181
0.483312369242
0.647900995707
0.639208135416
0.676431676455
0.547743804237
0.451151510083
0.495941262893
0.555175673516
0.518742060281
0.533650980088
0.638351401516
0.493464389361
0.433196706525
0.686699424963
0.447500092529
0.511495428926
0.399105911887
0.647728420461
0.581971703771
0.439292923473
0.71311020502
0.43359918572
0.6278603732
0.598949391343
0.602078316552
0.637071358772
0.574295722979
0.475326804082
0.60770980799
0.581020403335
0.429255388422
0.612054059285
0.514031610037
0.400608046201
0.511845244043
0.559231041847
0.579466954684
0.713546564819
0.603610767841
0.566309613115
0.468506422224
0.55149775887
0.678774837305
0.432338077578
0.422822273898
0.657087623455
0.568414992051
0.535861383375
0.443420050289
0.492626725512
0.477693473909
0.511079778636
0.518526472352
0.605835169735
0.519577280471
0.573565304926
0.637501229673
0.419698150318
0.49590104905
0.604140214408
0.446544204767
0.554925395837
0.556887370112
0.435687278466
0.504131450787
0.622487284859
0.428153418452
0.541878185846
0.580608203952
0.60226640382
0.636512717909
0.598188289162
0.632355637057
0.542388579445
0.436341817422
0.552590999694
0.650777641552
0.596397566367
0.433986413411
0.506303875415
0.487322214316
0.528900035943
0.670411115188
0.550869197447
0.609761534084
0.37551463435
0.724110115953
0.420520975843
0.508170381248
0.44127375154
0.620971499091
0.401404190208
0.574084636504
0.524204346692
0.563750205228
0.429865046934
0.698168981314
0.585008757457
0.618722541667
0.327910152135
0.470949950137
0.543202135729
0.486474509394
0.582594832966
0.644274167683
0.751573957263
0.461733183374
0.54016272753
0.427064675344
0.675426439496
0.52240700754
0.58719076282
0.461939163423
0.507682703777
0.469862585834
0.537030613424
0.476914874272
0.553206006022
0.406278186584
0.57942310327
0.543639764001
0.404246986291
0.520692731627
0.511880704015
0.429817734287
0.5251396649
0.523057500055
0.547224545794
0.436545268769
0.47212714835
0.624508805338
0.631393613322
0.46125621563
0.67816414535
0.446914916682
0.431399502596
0.45160988755
0.703533116084
0.485910748041
0.45857631065
0.577569204239
0.621257722632
0.399328370399
0.520586007991
0.755701589439
0.700010858923
0.619900988344
0.632025142254
0.481040758497
0.498368402589
0.534010469839
0.539364362849
0.377713339161
0.413209023593
0.432127268311
0.533814890963
0.536998290873
0.606157849551
0.440867705272
0.546240017338
0.477291977511
0.596307422557
0.696431598917
0.640246330079
0.598638918047
0.617281288664
0.977944989632
0.609110486859
0.372887298822
0.588329738792
0.436532915485
0.545114160899
0.432016492465
0.623192132744
0.495883404196
0.427533705675
0.521293419381
0.582156316492
0.635167954132
0.48014021795
0.632776962685
0.56314306866
0.59959008473
0.451997868339
0.461007363585
0.422971848571
0.427829171097
0.416419084643
0.638207102124
0.648369653148
0.675243025566
0.505944041269
0.559553842245
0.636240334743
0.36677261794
0.530953853095
0.413447832384
0.809651278459
0.653134159077
0.572294744029
0.443237304447
0.419197261607
0.697237212277
0.502167421516
0.621285429889
0.546387212669
0.522321954936
0.534967501276
0.570863710967
0.522410324016
0.554178036295
0.660208195326
0.530672352032
0.542308593955
0.484444770263
0.610220536462
0.422008241804
0.554711573166
0.490908778817
0.460839986747
0.648534879012
0.650215129947
0.524715406295
0.516002728631
0.511186708809
0.495877717534
0.446841407968
0.526167152053
0.602035431158
0.461531133425
0.639462471248
0.475773001818
0.572352629244
0.504811496092
0.541461884343
0.707471277896
0.472186124696
0.576566558439
0.558981807709
0.395881671526
0.732171825396
0.67689863872
0.549701972743
0.705138562436
0.537332237151
0.431108657578
0.652950045721
0.537220941883
0.511643205484
0.533995788458
0.496454023586
0.849610066632
0.544995687256
0.513883447956
0.59755791455
0.688581693853
0.465265903684
0.602475129452
0.529179531449
0.447761126697
0.517989511176
0.617242272687
0.682956996063
0.523515194491
0.550910498823
0.553789492273
0.489924199487
0.682501386292
0.491627902771
0.653206435383
0.440868859768
0.57056637024
0.738316107306
0.570615908409
0.423259401156
0.679531192549
0.623230079392
0.572213236602
0.573698123712
0.722608339349
0.472878723051
0.574182053297
0.578549331387
0.643202948261
0.618717110915
0.59691213152
0.393411002457
0.616952862971
0.591107468213
0.59551066645
0.638014506536
0.455016898529
0.488296058795
0.637694188094
0.624067333125
0.407727879686
0.659830334862
0.575318866727
0.656575116839
0.553832672732
0.675511388837
0.642328063715
0.443883254519
0.491548380849
0.504491668535
0.536681592958
0.425605649422
0.519973967806
0.526065717683
0.746513715034
0.592378177688
0.455004227511
0.507537240599
0.592161797387
0.534660357042
0.485047403038
0.695644031772
0.60020932979
0.403224156286
0.590870561032
0.602912487446
0.47123432536
0.46416240075
0.693822381461
0.454296153115
0.469100339728
0.78703843796
0.753883427202
0.666116540094
0.523046773162
0.576437578611
0.50933379866
0.551204275372
0.547329817559
0.559144655069
0.529418640074
0.611370598188
0.54903719443
0.661189412142
0.616382375898
0.52990487796
0.505129018945
0.651577069672
0.612296609704
0.480301108791
0.531343753004
0.455713860602
0.349271416398
0.451103668301
0.726951247687
0.516190186574
0.402732530072
0.467139903431
0.65016595414
0.753957042793
0.520134983787
0.693830051116
0.438871889685
0.67979633917
0.529747610179
0.502458744006
0.624933815403
0.767766374671
0.533179803182
0.530032582004
0.747461573195
0.601660270611
0.569990380757
0.51621964155
0.57624357075
0.408558446203
0.572265662782
0.497189712769
0.488089373779
0.510947396834
0.678008104181
0.543820978109
0.46605718204
0.480532556981
0.419087486131
0.607773159111
0.660721345707
0.528627903957
0.707589039127
0.570058780024
0.678120113656
0.47066881901
0.60481368807
0.544508685761
0.630922300352
0.492603659505
0.481287164854
0.62060266921
0.609258089259
0.54721777603
0.614817848637
0.61280602881
0.645418843822
0.569538743424
0.76125820534
0.393124868253
0.674878983765
0.578058030205
0.484205739705
0.308881813664
0.568982423414
0.581508234727
0.527360907641
0.551634575565
0.556436987449
0.569815349491
0.453438047159
0.291490518798
0.579156823811
0.417829875147
0.610129728004
0.520553471904
0.453480463766
0.597229078817
0.338148366949
0.666833807724
0.683886527218
0.668574125289
0.405858679659
0.591060466041
0.621834972182
0.49105652559
0.428545902215
0.603673047634
0.547674223255
0.612532868531
0.510929360217
0.537106148829
0.48889821068
0.492654492126
0.567623814926
0.657344537776
0.675316405774
0.639097348654
0.445300248794
0.678118035091
0.579690478019
0.412927091993
0.543097885184
0.60025172922
0.542111346812
0.688755154821
0.574474233618
0.379981192566
0.446071880258
0.616796674994
0.444214881396
0.545046665366
0.598937424086
0.558911413816
0.530224584513
0.567109309101
0.511863484326
0.557766686584
0.392631332254
0.480145563448
0.465297191156
0.519846651261
0.633647495633
0.545441907477
0.761622477076
0.469276044822
0.500106790226
0.431474970789
0.569150986582
0.594412141736
0.445760080997
0.54593234783
0.597786946547
0.716087237489
0.651346893523
0.533470251855
0.593680859682
0.577158638958
0.492327004243
0.545370205347
0.504604877863
0.414829051494
1.08821444019
0.594118633325
0.515267527215
0.628432341125
0.456746209382
0.485640764188
0.569755710513
0.482974366802
0.486373776913
0.699178338988
0.573302635962
0.512794455926
0.529671257046
0.536517027185
0.620118007435
0.696988832085
0.324336768715
0.553376661694
0.587891151387
0.359262772613
0.642678660498
0.618060291147
0.422838777077
0.671837315603
0.610623947858
0.643231331388
0.635990188783
0.651927479303
0.563433285841
0.607891961455
0.548760320577
0.525289351466
0.454650807301
0.693325360977
0.547100316178
0.507436769399
0.556121078799
0.614216236846
0.693305714575
0.620661931335
0.562393520783
0.569221022385
0.601271768354
0.700503230101
0.483612114174
0.439745838277
0.493592058462
0.326351533716
0.653142764289
0.545539434552
0.597102587894
0.4116156022
0.483842324147
0.574568895787
0.343377015751
0.344747834032
0.411356459077
0.667119429712
0.5076319354
0.454360418536
0.538449948352
0.680726029183
0.670623789721
0.594854375972
0.485337487212
0.597904349052
0.448241606375
0.579995373537
0.565438586291
0.432334393668
0.589672752225
0.507185308054
0.384272281182
0.649321821486
0.530712848583
0.521602222823
0.479862156526
0.622707360256
0.573661362448
0.613616891114
0.748459559983
0.577458230481
0.645003852445
0.759027588784
0.467064078252
0.804699968269
0.656157820057
0.60107333829
0.409149180677
0.445450859351
0.513168636499
0.590582713093
0.676226680205
0.666158012943
0.446608985309
0.58063489467
0.615355809665
0.599222835075
0.416542951098
0.536199366013
0.587018857806
0.459757517534
0.529364950662
0.684905548439
0.66918504943
0.872934538369
0.57133742806
0.513803726864
0.5255766053
0.576087856874
0.447157309566
0.64517808642
0.481469736022
0.428915087457
0.566089410479
0.63403956596
0.584583060403
0.510050296801
0.640566418861
0.780760572453
0.597027745826
0.590990119613
0.491001358899
0.80327906734
0.609487036706
0.692675461631
0.438046190962
0.481918267145
0.513169699721
0.594533474516
0.612650285345
0.490581372454
0.643048484484
0.579711669545
0.442640087952
0.497340748554
0.63025305154
0.801802650216
0.491541352557
0.460006853189
0.65585826249
0.644013273525
0.508681692125
0.476888823299
0.554615168726
0.478759424416
0.586524444864
0.524443047393
0.503546999629
0.342120522242
0.509400789157
0.460486475164
0.499277189123
0.454067057621
0.489788583164
0.471572004841
0.434095487981
0.66762773122
0.482701099941
0.655741542305
0.444259498597
0.639595146222
0.575545523107
0.560569940383
0.581886697045
0.605718705291
0.588643975223
0.614283088823
0.392411864016
0.578115536359
0.355074299756
0.722572312077
0.514909341634
0.433734562518
0.565050311275
0.576843911884
0.39621074534
0.489466140938
0.583024859519
0.717845157783
0.391575663304
0.624059686564
0.500387022915
0.585948063433
0.496072029919
0.56596545102
0.680941948107
0.708599986731
0.57635229826
0.374107137162
0.642024524047
0.607961307367
0.566360471538
0.628544529637
0.716232066833
0.623957332824
0.412716278136
0.617818817222
0.487767013152
0.551707864597
0.528934263498
0.488784662874
0.393212484026
0.677709882109
0.630290770299
0.582534821599
0.452813581514
0.701142848495
0.593321060429
0.406699737057
0.423522111626
0.576780922057
0.477532296495
0.666625476526
0.454205159346
0.584241508268
0.419642898644
0.459452646962
0.693160959107
0.640342639258
0.710266607548
0.403600433755
0.533530856018
0.637183224146
0.515275302645
0.5749659939
0.571400932512
0.476759507367
0.543852348366
0.379420644832
0.498471020463
0.486280434665
0.517258450136
0.532104167875
0.447200594844
0.496875036
0.600434912106
0.504713442073
0.61378026661
0.556935598447
0.558062801084
0.509948617353
0.430059298963
0.370916894743
0.429759492757
0.53248365228
0.613925294826
0.636534037853
0.761760115649
0.426680304584
0.522537798336
0.555920199492
0.541894526219
0.766787450775
0.613011960985
0.589151165636
0.473337169936
0.477554219252
0.573265703104
0.483251408588
0.774031228319
0.639253210696
0.76357801406
0.700942393382
0.86923427749
0.548932265059
0.649845154555
0.640991984998
0.465417424823
0.413790398965
0.566037524474
0.467360422599
0.909308499163
0.583284125738
0.592743186654
0.517826509505
0.484906803002
0.580552252595
0.411059977671
0.788495604297
0.427383645622
0.4492162546
0.639192990018
0.373822913863
0.574926457889
0.538920570344
0.434477798283
0.349687202874
0.505493931988
0.717711286772
0.696387705602
0.50043451762
0.622118576831
0.513074016969
0.567665312264
0.586044872196
0.556055313045
0.424578978779
0.49658758211
0.464280834061
0.474145173102
0.782162858693
0.674153463031
0.7319079723
0.58911591991
0.603846192769
0.586982281755
0.519227243489
0.566882769114
0.495089766177
0.528695909006
0.509265374869
0.726511805438
0.51818465437
0.541629526197
0.62814809027
0.479396243773
0.617597522162
0.570634262149
0.556306439353
0.675760103644
0.695474904907
0.541298893824
0.590914632044
0.462702861684
0.502916731517
0.77490703984
0.606654872814
0.613197558576
0.544539374157
0.801700588979
0.852110904682
0.716811689927
0.479276575803
0.586056655046
0.576828474798
0.710078073767
0.52143698986
0.496958906718
0.68552344366
0.66045917156
0.361767316341
0.606810623177
0.559259962353
0.720677820012
0.376555909193
0.430887649247
0.51390858921
0.546878395357
0.695748304635
0.638302515755
0.721940438327
0.513910321654
0.66978108694
0.651312557164
0.754674320307
0.656858122505
0.659720849764
0.504557321754
0.440537620413
0.406730780849
0.491825183036
0.540284358798
0.645541040231
0.444406815442
0.576747469331
0.586968900352
0.394834275458
0.694492877312
0.779341216371
0.503062627195
0.478293317704
0.608866564468
0.602661299621
0.72571485283
0.385109085172
0.456764206785
0.562576114206
0.457243001834
0.58563437194
0.621753391224
0.549407423888
0.618061008129
0.567627828557
0.556779998293
0.701431234837
0.459379944229
0.614434984721
0.740818841817
0.655134963351
0.413512075453
0.516898123083
0.929326226116
0.380579826105
0.462334518846
0.613206012213
0.593625691138
0.57675673517
0.64682542534
0.513004029229
0.693943290971
0.570174317281
0.704127017364
0.532937814189
0.626757687082
0.533156298545
0.619199066404
0.79888293538
0.488184681276
0.528955292783
0.489816819747
0.788842298947
0.404151643737
0.324847466517
0.726744382645
0.70934311201
0.538353033713
0.554853027764
0.677139173562
0.573242863507
0.505364308552
0.634307103457
0.613027533889
0.465722548157
0.393492642376
0.615251521083
0.695992350373
0.408066163486
0.541762523421
0.624076536263
0.526947052791
0.381544519031
0.406606655659
0.764608810432
0.349595092207
0.608582624239
0.645144778658
0.787204043001
0.713694475434
0.698618201804
0.388867926055
0.548191956619
0.676081558
0.783063724757
0.567576988648
0.328275479206
0.762400247169
0.594899812042
0.520554597422
0.57661339197
0.435069025923
0.60983868044
0.883136971481
0.749341576612
0.520303602149
0.768598135652
0.475691552521
0.691084462192
0.676241814175
0.683163569389
0.949573140776
0.442084864467
0.650831612182
0.46789823666
0.789172683788
0.539792428769
0.731494030722
0.626778150543
0.511221959303
0.833577112838
0.427702227044
0.612280911204
0.491451316185
0.792565410693
0.636275611725
0.644833016737
0.327710849265
0.982139530191
0.666445292536
0.705277033966
0.687458595825
0.559504508798
0.486136027812
0.857965640071
0.875666129939
0.591924690895
0.487486953284
0.508863382588
0.456273098325
0.471692786732
0.992981325771
0.478076882842
0.783472722697
0.814673672487
0.643418524557
0.34195531248
0.641895266882
0.749058154785
0.427087352535
0.64197917668
0.78488085877
0.588826836777
0.475039983354
0.393743950385
0.612196043557
0.623442309045
0.64777808724
0.668222148841
0.50572638848
0.772269945032
0.694626328393
0.624723990963
0.722108008103
0.552990203293
0.751696016793
0.584255345066
0.430079000867
0.813006060604
0.583375530677
0.524639559962
0.521726988226
0.532074616948
0.510231023017
0.571160124164
0.422117668262
1.04607086067
0.494543913998
0.775057252737
0.677131660389
0.813360004151
0.447194764551
0.601551719589
0.540933781326
0.437823840188
0.713380495248
0.672041110682
0.649480623034
0.58182753099
0.465105159216
0.421376281825
0.632165672922
0.534855314264
0.575886770732
0.470503146055
0.447009168319
0.566490181835
0.561146813583
0.488581630975
0.583478101886
0.67754183186
0.629086917971
0.860138922223
0.818785836125
0.411891618323
0.497089537021
0.801975497238
0.686762097372
0.442710578679
0.792346640069
0.609615676398
0.574713650857
0.506500347574
0.76209544424
0.504329751023
0.663463715082
1.00212805882
0.496054706384
0.61115434589
0.827286296912
0.658677397123
0.546893848986
0.430426907353
0.534728203303
0.353552209328
0.62089935391
0.895318550443
0.690586556169
0.391141927138
0.58203377764
0.714527667978
0.519901386587
0.579991252435
0.443591435004
0.673714270202
0.63324923134
0.681248145833
0.674376717555
0.581623197482
0.596807950714
0.696422426862
0.762418396181
0.482377132774
0.820099601853
0.658536671065
0.395083532735
0.626596362328
0.479746537647
0.412684942641
0.506001164474
0.780332819237
0.551543206978
0.622790913968
0.593551149604
0.513849154765
0.53997099028
0.839480990566
1.08374405735
0.671066228441
0.82560280591
0.470681445463
0.574862480157
0.712300323207
0.894059481052
0.431786077016
0.531654817761
0.581726000052
0.600864925737
0.599656515467
0.44802712152
0.579780709572
0.426710553343
0.507914101596
0.539160454715
0.686759559569
0.403606987684
0.990800625528
0.621727505238
0.492833295426
0.655727961836
0.959388445285
0.273921378268
0.558844156347
0.777235780182
0.744603434037
0.453976258557
0.45700087656
0.652523085847
0.655695562989
0.629148950826
0.670069574863
0.467303211029
0.530598420131
0.526050480731
0.50591909284
0.535744978425
0.536219115165
0.625525691371
0.645984844296
0.561555037391
0.568043382966
0.596170528478
0.505367462053
0.599325380075
0.478048432784
0.341682597366
0.5778327093
0.423055389132
0.542198010755
0.625455143356
0.474857542339
0.585486409415
0.656561857176
0.565032600558
0.608129483972
0.441157486624
0.533522824507
0.566935808334
0.683645283654
0.631380781825
0.522224216151
0.577241465014
0.613843577981
0.503732911941
0.663869008063
0.530727241421
0.480768370141
0.646675071522
0.520254133216
0.375349590751
0.571030317389
0.468830880755
0.413230631726
0.483240210717
0.505337986011
0.467568810487
0.427318289428
0.775645670335
0.678991602761
0.452720813297
0.608172885911
0.821216411421
0.645717234186
0.492414665844
0.603206162146
0.478702052433
0.607238679938
0.575281531138
0.588308331781
0.511390886862
0.35177650225
0.401129439142
0.465135099153
0.544180316174
0.637589298497
0.515998828986
0.507369376144
0.322805240604
0.66568999799
0.451061325767
0.590126572905
0.540102349565
0.435651506411
0.510408324311
0.442679194157
0.606739273109
0.512172154154
0.69190967395
0.485732682318
0.780071010629
0.628917166592
0.628176469973
0.562369100193
0.590861105942
0.521142210239
0.608045397701
0.589469403109
0.658750767504
0.654588795939
0.400303318845
0.33843392932
0.465497444604
0.500919183011
0.394554305581
0.644098838477
0.530503328418
0.634432726649
0.526613086893
0.589186105816
0.683656746698
0.664021779852
0.56945356445
0.566871720317
0.567062889401
0.57575280707
0.53312916129
0.575427030305
0.541695614441
0.586361618941
0.628910732597
0.647135128146
0.612316775226
0.727745137143
0.400125993698
0.506104775752
0.365716968807
0.68715435896
0.54717939116
0.43846310344
0.523780056303
0.588411168601
0.660315977865
0.497020491271
0.591851801103
0.397942602395
0.405150795884
0.568952475637
0.511101519072
0.779326900914
0.530459466014
0.685507496448
0.755125519342
0.460753280623
0.533593560726
0.595258695531
0.596216918352
0.561698467085
0.545306545034
0.516160400553
0.671096992777
0.752064081202
0.648005163373
0.745810252923
0.639572106176
0.406661058179
0.677656359782
0.56806330042
0.734119814556
0.650891910775
0.556711681267
0.684306050365
0.656689323853
0.661288613387
0.507229280023
0.550852448408
0.482113255916
0.589745023269
0.448804508182
0.61657354597
0.639420997366
0.464124426993
0.575718616234
0.654059571424
0.603710338364
0.643264227487
0.560455321306
0.705195113448
0.493120920142
0.471263820983
0.399540295097
0.600011579553
0.49581117887
0.465578659004
0.337230518018
0.570578709733
0.50184992608
0.526802438741
0.735100850082
0.724598303505
0.759322194936
0.560380519443
0.734063188398
0.606301542164
0.571334818563
0.482714566556
0.522823213537
0.74344102965
0.524770292193
0.536349493291
0.672354983374
0.690139135702
0.576294912587
0.560135533071
0.611692691099
0.394487833899
0.460983378197
0.65804466122
0.583868389661
0.528704796465
0.411999753887
0.600126665729
0.512887863806
0.47988464107
0.524497569821
0.363463995216
0.679062249498
0.535153047875
0.465788961605
0.484319180507
0.48667716138
0.369579772377
0.522060469216
0.667321515122
0.645229361662
0.59823264506
0.46816308741
0.699213081103
0.578158678523
0.522769237491
0.596834376418
0.634720044232
0.624708228748
0.658834491541
0.509221856543
0.777758356258
0.690926601444
0.490232171427
0.657201817855
0.492361109652
0.683298358508
0.56635419909
0.711151316751
0.397413261345
0.599527740852
0.746844252136
0.808196927426
0.436163835521
0.503581635653
0.448170308742
