0.193902467077
0.326316820531
0.25863019638
0.439947727986
0.222389627168
0.366451975994
0.317121514724
0.302034105143
0.304081244137
0.263691684113
0.223238741141
0.274976593118
0.325086002899
0.347187518918
0.278066766751
0.402489745799
0.162130727656
0.241648133272
0.277277262507
0.351072348139
0.242640409219
0.39513620107
0.287716348503
0.25321973928
0.197442376913
0.273760713606
0.315042127348
0.320011474474
0.231359673225
0.236435939296
0.340396159911
0.30271894251
0.259634120867
0.258681092085
0.30402351671
0.230508812471
0.360281942259
0.269270130358
0.291167784298
0.314100784872
0.359732682124
0.20282785622
0.361851325791
0.279069124926
0.281602584432
0.260365032957
0.365637320784
0.250059245555
0.214191547511
0.273094753024
0.299538582833
0.324647861992
0.275885214869
0.197145443491
0.312705460666
0.424037249415
0.285643370219
0.416216626485
0.329246224282
0.279984096333
0.183617888531
0.289859586243
0.237449378619
0.301733511764
0.269301780854
0.242145789274
0.241918951717
0.248523539742
0.335539794438
0.355752082761
0.358300347805
0.284663674611
0.279807525861
0.331542473181
0.292921213533
0.265625649114
0.176873001606
0.221979451804
0.172373841815
0.37953869094
0.297254032312
0.307188386287
0.308160667196
0.157431644115
0.357410739772
0.325505902093
0.251886465716
0.272243487572
0.356651095041
0.282293779868
0.31751536642
0.256221112036
0.277007796155
0.25956969116
0.27552871937
0.243630556545
0.283797304268
0.239103415522
0.311282648636
0.315988538216
0.347150732176
0.345382085544
0.286715590569
0.338167183931
0.329860347345
0.267986847809
0.248630748829
0.33540393901
0.24194319227
0.275221593976
0.301617023861
0.276634611267
0.319564690347
0.384626018241
0.328537234812
0.428477467142
0.361711512169
0.2684469958
0.343561561956
0.287877703832
0.317303284555
0.283968880801
0.25831621201
0.271085655501
0.27938358318
0.20828353373
0.314545626111
0.280512311307
0.265098811939
0.34916481512
0.335079248029
0.29433347832
0.278330396512
0.379837374704
0.383983605748
0.330519052735
0.330790102021
0.23145616642
0.291559078002
0.295331999184
0.250734612498
0.412774127632
0.513319061099
0.414747210108
0.266300482311
0.274615622351
0.309086779946
0.323613605549
0.446210038718
0.41688733573
0.300270745079
0.302654752473
0.384261038699
0.317668745666
0.339410519408
0.303294485269
0.302180695521
0.381806011269
0.310591295659
0.352041607121
0.383789148555
0.283211228025
0.516044022952
0.299841729529
0.220722797718
0.298652362581
0.305955168742
0.431581962796
0.412967714136
0.221471433734
0.360332992347
0.299811604127
0.288320604172
0.296841167785
0.523920270398
0.270843485489
0.279886903256
0.406051317607
0.369376642686
0.317696453481
0.251472447797
0.311997149937
0.374090536728
0.349915906445
0.24199723611
0.45777974166
0.298998442305
0.314529146562
0.31186107992
0.320466295552
0.375946799324
0.308407294406
0.440323799139
0.36308617508
0.288660615773
0.329151390453
0.367306655015
0.410772698687
0.28627971518
0.23447074314
0.306482349166
0.416167457146
0.41392552449
0.309101705958
0.137691316706
0.394699220796
0.233431656798
0.399211092734
0.350339094658
0.286340790593
0.272281630752
0.240400315752
0.262713465613
0.301112750976
0.375507263528
0.504909642872
0.212048826677
0.369136196423
0.411194792447
0.390650748006
0.176401006905
0.293049886037
0.275937043217
0.278596732171
0.263858718277
0.303495190081
0.344405410847
0.238254704229
0.309881065967
0.280993382885
0.373810373899
0.302642790281
0.363260633725
0.422779909104
0.206226939831
0.231705998121
0.475936440602
0.352820061437
0.293291951339
0.278498970317
0.525874480021
0.48179218047
0.259214126513
0.563211041991
0.259361623055
0.288396212249
0.24867896817
0.44141005517
0.4698302075
0.334415674296
0.29809142848
0.338781043492
0.424034098211
0.327464879649
0.419705984823
0.248409777722
0.297282993534
0.326738558609
0.28541561857
0.332642774679
0.206718852672
0.263082791532
0.220454587239
0.338523472277
0.219912607978
0.397028383386
0.35004302959
0.281217537921
0.359456361217
0.306805811207
0.500437490325
0.264398071768
0.324902022237
0.291866043321
0.358879513713
0.228117590153
0.47942622875
0.232648332506
0.432939590135
0.329926793271
0.331599906139
0.370636392377
0.299463208296
0.255483937702
0.175127661829
0.231634971751
0.313045739896
0.527553042594
0.328750262293
0.369604811135
0.458800065583
0.254015095479
0.282437643864
0.32867595013
0.335011121081
0.304322025123
0.37461192356
0.148378852879
0.446132294833
0.262245206427
0.348026661138
0.227417911294
0.303261956303
0.383034429461
0.27199219606
0.314565308114
0.327281185628
0.251308439301
0.34752331766
0.282520287242
0.520202111762
0.24633265723
0.36963371314
0.311395925218
0.398102763556
0.288232419022
0.335559814202
0.403692817668
0.301265357887
0.469541875588
0.225485564478
0.410427742773
0.232720005109
0.20251131403
0.327167986215
0.247788307534
0.430457446139
0.32250982344
0.337980028709
0.395507061979
0.286946548153
0.233185181749
0.515097776363
0.244947949963
0.293227611672
0.293047947411
0.330159696653
0.281251724583
0.485871335474
0.219129796411
0.344337181206
0.238493407251
0.29675872393
0.322007045945
0.271899190377
0.468275940707
0.215587234286
0.372662720724
0.257358557449
0.245679654865
0.331148455642
0.425552782916
0.413142924161
0.279169150386
0.304158997126
0.390773416996
0.318927147666
0.246713003071
0.349315847208
0.225296669431
0.262378485655
0.379524007112
0.313416435143
0.375212623412
0.306427741576
0.289097212614
0.272143794853
0.236266126434
0.288351259001
0.421597615807
0.291187249081
0.278070187418
0.262340615294
0.188908051232
0.250099702496
0.426642356513
0.361703450207
0.299471874149
0.271040274683
0.242724291223
0.231947067313
0.254758194657
0.232908127563
0.330596085382
0.199283833818
0.332265368706
0.389256672885
0.268115679467
0.378296699951
0.406516500945
0.305167452993
0.348434428198
0.397744645525
0.280422345681
0.294722964413
0.241684695109
0.364775924275
0.295228170466
0.246244153965
0.173481977053
0.192947688787
0.415769979181
0.22641194712
0.314561903941
0.327686038332
0.307555658621
0.250246378127
0.158615897618
0.342079900016
0.383533481979
0.273267131937
0.274541357296
0.366470319255
0.32297404504
0.363989465898
0.500745316596
0.271646021762
0.328407210329
0.410889896682
0.320011981778
0.397360990134
0.357622920982
0.273576278343
0.169743126104
0.209146106414
0.313884819467
0.348903884187
0.343553571549
0.325994434943
0.286355268395
0.274368689737
0.266154021895
0.353732731893
0.368971637242
0.137059504353
0.432466116548
0.49220783106
0.32859041784
0.429191779525
0.357531847584
0.25510177774
0.381264094548
0.2412618935
0.264979566826
0.57640985069
0.282885552596
0.297767399372
0.48434519768
0.209177001872
0.237235150841
0.283350720214
0.286722370846
0.200934453547
0.238660610904
0.472326450765
0.27914398419
0.372467898354
0.282976668348
0.256080181983
0.313064870186
0.466277687526
0.216655038562
0.258197272814
0.430945539511
0.219261635936
0.226051651761
0.365120207396
0.305624042178
0.40456011975
0.289399028767
0.184491041281
0.482521245721
0.372651898966
0.222821537395
0.500152308576
0.372311843967
0.281487700264
0.265187450836
0.202452755273
0.491534655604
0.190397414206
0.355660279798
0.308721094071
0.434172503375
0.403400604559
0.404731966533
0.559597525016
0.376666056612
0.378432095338
0.306138579678
0.333978174471
0.242588727656
0.268577346776
0.305242939887
0.402849884707
0.354460616503
0.252631826782
0.327423382044
0.224742702054
0.324345816048
0.170835252345
0.463295761514
0.303899729525
0.296104867372
0.270602769927
0.287874811208
0.304440560072
0.341332227699
0.272228003577
0.262503166601
0.268122120789
0.317435482264
0.307953450622
0.422010020202
0.192769928642
0.228087330781
0.262365653636
0.257531089829
0.191674597515
0.31738647392
0.226799847824
0.44473605422
0.256034664349
0.229444388472
0.303667233463
0.333169992127
0.314723900369
0.363756568794
0.183925425831
0.497948947473
0.291070301358
0.239205306426
0.38600020738
0.340622196058
0.247863276071
0.527052585252
0.362450085776
0.485556110636
0.536778538158
0.236601766093
0.297692252185
0.443248309677
0.287692452833
0.393903784302
0.221840848283
0.260165357452
0.278777667221
0.295809961805
0.355372001343
0.225833495458
0.443173722879
0.381006757798
0.301991715935
0.372135035322
0.351184144723
0.360829352221
0.31249029032
0.236918020191
0.303700502968
0.302372420738
0.252483713972
0.255934282713
0.345976843139
0.37455198486
0.438873320795
0.33048349574
0.247213258062
0.342968520809
0.263211691976
0.324755105397
0.310066930947
0.255075777141
0.35602110004
0.230824071885
0.303075630063
0.317733642063
0.289991846204
0.317358248711
0.366246732974
0.308316928684
0.363643485458
0.372464962918
0.230421584007
0.306763514126
0.256399969442
0.311954959878
0.252238294547
0.2583782338
0.339078972329
0.215519319309
0.248742423479
0.338471749848
0.251629508816
0.37720970799
0.290415031445
0.380543274523
0.284832501961
0.295910493997
0.221604989928
0.278988476121
0.312525906771
0.215932841741
0.226635393723
0.341280370522
0.263354988381
0.296282429813
0.346628174644
0.276466168321
0.328665998599
0.385910387056
0.258420492236
0.22101843003
0.351565830578
0.336880690365
0.286130889502
0.274227460348
0.375499248648
0.252737453565
0.320314541866
0.321969696576
0.260407293785
0.401668848099
0.337018461327
0.256849652057
0.294068017869
0.30657963201
0.282905543205
0.256755351616
0.400474124115
0.288986735987
0.328475002096
0.254291985799
0.319292952075
0.396048343522
0.282866882374
0.286668990269
0.31331493449
0.180279516934
0.33176970048
0.307736940992
0.334884041712
0.247161386568
0.254580442565
0.349446123556
0.255727259202
0.268839427969
0.391388696675
0.277460814966
0.313754063485
0.392115215665
0.321167484644
0.311326295103
0.332598061172
0.319446102313
0.34872486949
0.21865121075
0.35671428522
0.402237947656
0.270540461664
0.333872542934
0.348988783574
0.240484419255
0.227564251401
0.26674310909
0.34817364561
0.355003130411
0.249935898519
0.294237331538
0.327676272646
0.293435174352
0.318625854004
0.316110595229
0.307060047514
0.21755980789
0.333043738748
0.206299685917
0.216924064276
0.375662416285
0.360841384459
0.282825316451
0.323756872629
0.222368466898
0.224289801936
0.365039669964
0.264639854131
0.228092155664
0.222225698091
0.314564694583
0.217190940899
0.400867685366
0.255660680757
0.289349632128
0.279108427093
0.349304310558
0.383100263881
0.348110318702
0.346385077193
0.29477981687
0.362174210398
0.360673441325
0.36056043435
0.30887339975
0.344764737103
0.289090838136
0.238790119338
0.22110583031
0.356591146334
0.303102468098
0.233833765908
0.348054167837
0.232663151549
0.245283682783
0.383261145793
0.308143014946
0.266075008329
0.278296516502
0.361791792115
0.311200797372
0.415118359989
0.199918305272
0.269960251119
0.342108278001
0.343929890686
0.346882738629
0.324146132065
0.312739430376
0.439997251144
0.281100156653
0.315671541758
0.264679970993
0.400308613143
0.234832842488
0.196454216558
0.25132966685
0.208347088954
0.279819697774
0.33426982241
0.341518948519
0.304917847461
0.315938605144
0.31209176009
0.453646434655
0.285960011354
0.338679043173
0.331160717139
0.281256394553
0.407270698163
0.265523654755
0.276539555416
0.398801573294
0.266406883726
0.247855567703
0.201815917622
0.471057448261
0.405059063517
0.479376632685
0.291100066914
0.359558137333
0.306427060452
0.426086534962
0.266080733354
0.196858068249
0.335541660421
0.330665898798
0.526934743743
0.31297204746
0.38061314545
0.443760657761
0.554782874883
0.215340815887
0.388695346346
0.225065730462
0.264474375953
0.383180653508
0.245778328775
0.385142009589
0.414543171349
0.155069957965
0.276741946424
0.205942978973
0.239412295056
0.230999223334
0.183760553106
0.258992286404
0.333897506258
0.402656198434
0.480986848888
0.318562234316
0.288024849551
0.163183296903
0.454794589336
0.373160131419
0.28031458665
0.362802280496
0.295659293947
0.534338708245
0.259259368409
0.325417314236
0.297592365846
0.262687884219
0.384252489685
0.273246026604
0.192896884889
0.296394296998
0.522263093534
0.343955551496
0.299810203263
0.249659274559
0.286970249225
0.262191081906
0.21697736051
0.239849117101
0.482650314683
0.335158976605
0.25664128122
0.490986148563
0.382898774305
0.321960573539
0.339780451724
0.405080606013
0.28952505988
0.316956931019
0.231197156398
0.21179320531
0.518263786391
0.221595202462
0.201631782817
0.370252675516
0.238685998891
0.311978001197
0.197561041454
0.313852613192
0.41795157797
0.209354501203
0.173426159026
0.405422818267
0.421154812087
0.484051659452
0.303986417375
0.369600031881
0.495558312519
0.41378926926
0.188216126659
0.212141768419
0.160863246813
0.360815262344
0.232598808216
0.277443426371
0.429809399703
0.303582796726
0.209399999701
0.211426104993
0.375522965273
0.287057401651
0.407212444338
0.40434239774
0.277690220604
0.189410954954
0.391092046961
0.259062400267
0.266137825844
0.328191784713
0.34473751847
0.527131535595
0.478107495708
0.297133132891
0.192981234027
0.155967038912
0.508005078709
0.286572866345
0.173516718384
0.477004673558
0.321452740975
0.51893688083
0.389955145362
0.332372495945
0.295657543608
0.503903952826
0.236472001766
0.272554808967
0.243334562576
0.3425490773
0.432932717759
0.236921402975
0.209446924707
0.311972108729
0.543073916771
0.244891000958
0.305031014306
0.25758434892
0.39088683424
0.295978312139
0.208343627211
0.326765833467
0.360080510109
0.253407878856
0.348389314052
0.330611831231
0.27141541072
0.343403440372
0.210026913019
0.336807993812
0.32113243284
0.260758160918
0.213138342766
0.30675573888
0.333779105553
0.235586537156
0.194688071377
0.242448176692
0.284932420723
0.258382831305
0.258209951541
0.292835987428
0.323616547852
0.293195160322
0.242548775678
0.276703475964
0.25030733202
0.406461070761
0.290427726873
0.291992482378
0.323805420428
0.27915688452
0.215878927783
0.241496851633
0.301927339484
0.311777843106
0.309217422584
0.362368557467
0.329166886721
0.340202184802
0.351914218121
0.208731686753
0.281275541404
0.336893396611
0.25132729599
0.297963557878
0.28160861042
0.34472345374
0.326963332454
0.248727859672
0.396742377138
0.25028370411
0.232973454356
0.311298536801
0.293603262515
0.24481582995
0.268762377287
0.274241008213
0.287008940302
0.341609581904
0.290493362839
0.411578780851
0.310592178783
0.416653499123
0.317863400408
0.290879576403
0.391214938676
0.297978560897
0.325312300844
0.274745790119
0.281472362413
0.20489833258
0.37410291531
0.215740446008
0.1872942182
0.324345037805
0.317373620295
0.327186167139
0.280935310041
0.31676864065
0.281665736898
0.230341382232
0.315500915877
0.357258818403
0.251988923149
0.222179368318
0.370209313164
0.195081099038
0.260221417144
0.289415947972
0.254995577561
0.310319532733
0.249196261378
0.272830956324
0.376180632985
0.208639892171
0.352007457828
0.396713192614
0.37020163467
0.309818467313
0.222411975559
0.269002739502
0.353633280846
0.327051711407
0.273107884293
0.434145549367
0.252174397187
0.342225207672
0.296736522142
0.278721998451
0.177473855822
0.2604487133
0.235727138735
0.283802311136
0.298983629572
0.262156797467
0.18949137911
0.21511913667
0.308078259768
0.320267516821
0.364041896826
0.395284088449
0.301330251474
0.256173214544
0.424452305571
0.198047343521
0.231907182802
0.282782182611
0.425640245474
0.298185448385
0.273599163824
0.236604484846
0.190006443569
0.187825832019
0.38369369944
0.194960595209
0.340318584484
0.273320321603
0.320676481836
0.271809697152
0.33236211186
0.208471300802
0.419833602924
0.266895159649
0.260321761973
0.311456530671
0.317344670277
0.382267408325
0.32017812937
0.2402568282
0.282520199571
0.25060193444
0.407408153646
0.482731759216
0.211478534724
0.343769942509
0.298252307569
0.444472360105
0.364056933139
0.246779337501
0.275897731674
0.302386046766
0.472015440631
0.234190282271
0.324623325592
0.274052455525
0.277679792312
0.247901512671
0.239040702508
0.277607319317
0.416340266435
0.219647161764
0.28684340313
0.35684637658
0.544574289319
0.348050791351
0.275816511254
0.39789583881
0.255373228898
0.334931093178
0.29600744282
0.416037886213
0.264333635028
0.326541604119
0.175563176055
0.347015276096
0.377939827668
0.380175979675
0.217930849955
0.417833009868
0.410899130902
0.252585729367
0.31876640188
0.425113478631
0.481714683429
0.376874967078
0.254443795037
0.208679840671
0.497764292777
0.303377887105
0.298029520152
0.256100159118
0.363095262341
0.2887326386
0.255292312927
0.433643999444
0.491978092423
0.402821042006
0.247082952926
0.240923090807
0.27376046472
0.269038973211
0.255463388698
0.208425422058
0.430408518841
0.475115607368
0.310145846611
0.323650084784
0.187176339625
0.518112157123
0.31364536699
0.25895141591
0.433753282228
0.252148935403
0.168683098449
0.312019127842
0.340804038564
0.300022026155
0.428585502511
0.300044301835
0.322045794826
0.467585109647
0.372757381482
0.241620326983
0.272354570662
0.333056000061
0.466808303447
0.286891696824
0.333268582528
0.501566843666
0.298717584501
0.394278462958
0.433542184868
0.17935516432
0.242856165229
0.238243594686
0.340989141518
0.341149502113
0.350547645722
0.18439405912
0.369120654564
0.367476662892
0.255718708241
0.411819072234
0.358140746888
0.485284601918
0.299960531836
0.372605736807
0.215557465786
0.358389542712
0.32223732645
0.300913037291
0.416717236427
0.363094485313
0.257558245939
0.303662727862
0.243184413678
0.382928429335
0.432236978139
0.313199530574
0.409486941773
0.41467436327
0.212941103387
0.306442688198
0.391480574576
0.297795798217
0.297380017923
0.424358914023
0.365250289693
0.302924932402
0.330363374549
0.453860696392
0.322313167099
0.194183057599
0.226153113054
0.457411222493
0.265383879097
0.386433379045
0.346109519832
0.276980026219
0.330203342105
0.316233132663
0.188191368106
0.187117036884
0.267572287853
0.229500861264
0.387940751557
0.323709524993
0.245725117441
0.422761778939
0.334620459727
0.399809929284
0.313359179245
0.383837254307
0.368852208905
0.363459712052
0.253175845539
0.347248864145
0.302866686297
0.294614629022
0.227339393018
0.262416107323
0.390700411625
0.351950686577
0.376717969463
0.307371684052
0.359188386827
0.50741057511
0.3559959749
0.275914557733
0.347018796628
0.289188264324
0.353785599144
0.313344253269
0.268020606661
0.368114159569
0.349356611975
0.304728777653
0.333586663922
0.356335262514
0.31498876506
0.413744295664
0.378291128867
0.297500742044
0.320093904148
0.228783713978
0.401187755156
0.229543555954
0.315955864505
0.417702353402
0.245216612107
0.259642376015
0.351636830181
0.290709849079
0.419040995231
0.285184230318
0.35564849282
0.276272581438
0.292998808334
0.310938074755
0.398557907215
0.337537799785
0.340234166769
0.254124196851
0.348090159212
0.413920898139
0.333512499382
0.336414453825
0.421291564764
0.336998877374
0.267330030458
0.326533978505
0.327159823047
0.291671184779
0.289301372649
0.387101925115
0.328259516258
0.330143029191
0.446964689325
0.326675303402
0.195515928501
0.298748600462
0.304124641726
0.321848796324
0.317248627844
0.372827372919
0.22940280835
0.28130522809
0.31440987081
0.352099186711
0.295145993081
0.306501827377
0.251775469426
0.273633960633
0.222299128063
0.347241516144
0.256708276243
0.293558321308
0.257739947837
0.229447736551
0.281864104917
0.307595097541
0.286055955433
0.360484053755
0.205069352296
0.293192012364
0.274632723435
0.193239274784
0.285662221067
0.268267505374
0.356567403389
0.220507759177
0.366969207917
0.33137425019
0.357936947527
0.347317781442
0.201670212569
0.314250979046
0.295233546215
0.310929289895
0.268863254203
0.293812529007
0.364806948984
0.240387488983
0.321930036768
0.331700478795
0.270801388928
0.309230031379
0.361909270053
0.370032473811
0.264521208101
0.36967907381
0.347321473126
0.245497552585
0.278141355694
0.179432655728
0.330813918116
0.290932244704
0.288058444367
0.283704433629
0.2008852563
0.284698048016
0.34785650321
0.229006414144
0.345540029233
0.244280516325
0.257999102796
0.340162647097
0.326238426953
0.26305241884
0.251433756737
0.292197248611
0.251123676826
0.365740981011
0.277770086029
0.28145071405
0.332248841968
0.346714778242
0.424862656507
0.372587667046
0.285670790772
0.373101972915
0.213662785602
0.260977654027
0.333352280521
0.216591639087
0.285426710071
0.315414901847
0.253180220968
0.317077496487
0.28975183743
0.293262433891
0.391500381428
0.363884879568
0.356775751794
0.235788548625
0.249094402661
0.22651762928
0.302671667475
0.312092360259
0.357734453104
0.393108399042
0.265188713424
0.380274601955
0.2809397977
0.267166055119
0.282464646417
0.273999665406
0.250286461872
0.277713688424
0.265464046463
0.223659078559
0.258743439729
0.203665625151
0.360105696576
0.276324597662
0.339954566412
0.245896375717
0.218734222017
0.279670603056
0.304470629026
0.319546037844
0.275696671927
0.376586419341
0.276944251382
0.313761947067
0.259586330394
0.33254325208
0.348353671046
0.251741462981
0.298488956701
0.357968111212
0.252801834199
0.307681239967
0.251812062637
0.354002302766
0.372614442352
0.323621689547
0.387866653549
0.307720746671
0.328163247523
0.259895505053
0.340015183262
0.277699416386
0.251362656898
0.243396170551
0.38968663174
0.361557909693
0.303222912599
0.295853119844
0.312674752644
0.396843744543
0.253048038866
0.345845879998
0.338783760669
0.247567125865
0.335998842033
0.34009039993
0.266322781415
0.318497971294
0.279056728803
0.398056548595
0.369166463238
0.300514076782
0.228139147337
0.239772206272
0.304846303802
0.341784136654
0.344057766453
0.234748976914
0.37767358875
0.441281522529
0.335408388473
0.276706005144
0.222517143971
0.281016841719
0.368791572679
0.277008975888
0.348621272174
0.211555048653
0.360387482486
0.379021342491
0.317473647235
0.283901480692
0.312758723186
0.283775217569
0.25322024259
0.279815629521
0.35452688818
0.248007599824
0.274555604593
0.336294078897
0.369647767584
0.284561788228
0.31728283136
0.293375856602
0.27771915469
0.294692660609
0.27735829414
0.353679777472
0.205575989464
0.301085959844
0.279007263485
0.359552150683
0.34342594521
0.321391510002
0.307914503265
0.307800986206
0.245799256802
0.345581849144
0.386076997656
0.216392375507
0.333530229989
0.330869321751
0.142168343273
0.234387110311
0.309958994512
0.304974726648
0.243640419097
0.318420833833
0.322804866455
0.325311028879
0.318207066778
0.327377324678
0.396582678973
0.261720765835
0.266284209417
0.237455020084
0.295692260224
0.28317555677
0.348368288389
0.26963935723
0.206634900466
0.289965349296
0.234662211213
0.153408297877
0.294994223425
0.385790307352
0.260973270049
0.314453368132
0.324516467315
0.332762872007
0.320487180302
0.222518511036
0.348910060983
0.187779170956
0.249612480785
0.302459277175
0.306010205478
0.326164115043
0.161492243834
0.26776111378
0.348342460078
0.327333874795
0.335760290838
0.265086273213
0.377277021873
0.230955081714
0.236279169316
0.236047637057
0.297671654678
0.354967251618
0.305801531843
0.322728312551
0.197376708043
0.253175286588
0.338823830963
0.296439627229
0.318774034114
0.282511830559
0.300359583873
0.40843543167
0.334570300564
0.336300901616
0.320569831105
0.252456511776
0.270684560193
0.315866231694
0.240506448874
0.263075690221
0.267470087337
0.254373255453
0.213540659466
0.314014576052
0.30705764861
0.270950783167
0.261946493506
0.329489976427
0.400045936183
0.25724800334
0.29742210697
0.268474456827
0.217249255589
0.207934297565
0.345275576102
0.292533192449
0.338028843101
0.367889343152
0.216025633032
0.349871267005
0.303452806718
0.398983446929
0.244103380024
0.315843004737
0.324398207572
0.422104913272
0.372575113915
0.301650955185
0.331747989745
0.331226311232
0.28917701944
0.353883508762
0.323142926894
0.220718705299
0.349335009778
0.280687463342
0.346634238596
0.322814568713
0.351442374871
0.343991431984
0.321873289127
0.308023016892
0.279801039309
0.350878854261
0.192798482925
0.282033801338
0.197124499847
0.357679910654
0.331009987843
0.281622953709
0.228487391512
0.328083627209
0.291911794384
0.3529753433
0.249363845001
0.273039932439
0.21855486739
0.402926366064
0.293766380272
0.226995499168
0.360124052475
0.277467937836
0.307610105523
0.284433733604
0.29634263596
0.280847438382
0.283012995913
0.23752115143
0.28107802872
0.318598323652
0.362716051008
0.353606864976
0.228046552369
0.301383720268
0.271071758181
0.28973696942
0.305044290375
0.338706262738
0.279165137082
0.276345555079
0.415124235993
0.310890498393
0.283543796994
0.417887594272
0.265752978169
0.29279008213
0.263640702698
0.372787415101
0.319014780797
0.338066159769
0.305335626254
0.286943878491
0.342425546688
0.327716474364
0.34144075284
0.321503109841
0.239277386977
0.219957851957
0.409071525626
0.318635602812
0.204591036625
0.325370041548
0.326228008369
0.342247260729
0.309387529478
0.369991325406
0.353333882382
0.280007422933
0.271656998093
0.246031090044
0.295065030163
0.27029097646
0.307098554117
0.276679469699
0.325223335046
0.25468905789
0.349405631988
0.291628120229
0.305792224016
0.275170858948
0.306473285484
0.350757095681
0.376260015688
0.426328212545
0.362939670221
0.332511492637
0.35324310814
0.250226447003
0.28640986796
0.266932911424
0.318649358787
0.279084317849
0.308129762776
0.272667466699
0.356455249678
0.294972519931
0.461094880706
0.261210726431
0.274559928326
0.37501437324
0.32306412207
0.336341012939
0.432412007589
0.25607318614
0.305566028482
0.316265971383
0.368271145089
0.296754943297
0.392979678095
0.366521567283
0.292778420357
0.371806828196
0.283670663787
0.306561510258
0.357138281394
0.237574712424
0.314945160434
0.328356269929
0.310028777341
0.361211517059
0.329104972112
0.363741384945
0.312149668301
0.249547450346
0.265865715569
0.317817928169
0.256413932122
0.359797277537
0.227765373885
0.24058922599
0.198756321071
0.308777866363
0.297805495916
0.273303075083
0.283109703704
0.24342415278
0.316816862219
0.235892807835
0.30653464689
0.295669654394
0.380661647565
0.263711653527
0.305547173817
0.35544338062
0.33328632299
0.362082053687
0.243376452394
0.344209375884
0.269019844315
0.267324199782
0.302711535626
0.242266797463
0.342112418663
0.310990041834
0.303663198012
0.210177911467
0.248674446814
0.230740962902
0.309018666558
0.270376240983
0.34815611263
0.383665546266
0.313680854289
0.28125395013
0.342672121365
0.366138315234
0.288473235539
0.210356389718
0.342958980268
0.265848950147
0.229861230475
0.314530125907
0.283695411775
0.210157006328
0.35739635945
0.302038451379
0.247424091448
0.192327724274
0.3747950071
0.289253172281
0.296301044792
0.400319543983
0.277670704308
0.345642933316
0.245571854802
0.299375106692
0.316170875359
0.390249314773
0.249706319465
0.241815700852
0.245549471544
0.334322564178
0.348387188909
0.355368749632
0.30804330635
0.259087920311
0.309755306088
0.28700330506
0.312800000261
0.276861507414
0.371265882674
0.372398738136
0.362339643369
0.339165224281
0.251102327525
0.344961665965
0.396914271165
0.370097671649
0.352142612402
0.305969371508
0.257741900186
0.259118921847
0.414385382803
0.274159911873
0.347367600563
0.270838176853
0.437366661368
0.273079622019
0.329505793698
0.422566891879
0.262899242713
0.353316741141
0.221018459683
0.23599405111
0.281547285039
0.349176178277
0.220295120976
0.304306761679
0.242443731746
0.298516145466
0.250350026642
0.344901757486
0.242362697909
0.336510450902
0.338451916772
0.477073985297
0.401753823279
0.260179968415
0.319123460233
0.300830467068
0.376142137642
0.415818288357
0.333629476891
0.312462180751
0.289072247147
0.345114752523
0.218861320884
0.341435824682
0.325873352738
0.3254023795
0.343513529177
0.341375115942
0.382495425195
0.373257420229
0.343941361288
0.307282719294
0.339248343309
0.338890015493
0.350568463915
0.22250540057
0.271927846982
0.237844971652
0.458695901275
0.367934953889
0.289148494858
0.470808227338
0.248259687002
0.277828172415
0.213017009588
0.308841882072
0.195070851776
0.332631276821
0.40685728117
0.36402307003
0.270276932964
0.259153896539
0.296347180821
0.236508419645
0.349464849646
0.346284678964
0.280462586934
0.38630363845
0.374432973078
0.347566970767
0.243631422527
0.293135281159
0.437870096322
0.44642656936
0.30365342175
0.355677543099
0.331849642847
0.240894092029
0.347744130183
0.288652334736
0.319712697199
0.211685691202
0.334310306745
0.209350574177
0.286594447305
0.34768061516
0.433481989884
0.404408951684
0.242819928581
0.366646972674
0.331678211826
0.249561273732
0.379651958653
0.335109807639
0.482479191066
0.354456217171
0.405233347221
0.319833478821
0.349909934415
0.506867972633
0.322838997117
0.238571238077
0.25932792747
0.357985881863
0.273093309995
0.266737472006
0.291907616801
0.334101372684
0.405659937058
0.434084872584
0.3074491407
0.254030423625
0.333249705008
0.23977994814
0.343132244755
0.306991058375
0.257716709917
0.272326304589
0.33471240385
0.310297243939
0.358299585203
0.352007069933
0.328944646451
0.267956864966
0.322429501191
0.308540498175
0.448641981196
0.248848967073
0.408632100017
0.253293620939
0.285709527292
0.27471140154
0.203237186166
0.290579045044
0.32446446937
0.263041519116
0.265224106541
0.332494420537
0.406262710263
0.35967245268
0.293886464504
0.376876805701
0.395095675596
0.246986860401
0.336568996833
0.379131182398
0.334883383624
0.242800441738
0.379713993265
0.326941450496
0.175741421389
0.344376793161
0.248809512596
0.280020516876
0.173657261533
0.258343979007
0.366663847826
0.215352648282
0.241100091683
0.298222031229
0.356006952211
0.319954553224
0.389744873837
0.345229503839
0.344824167222
0.299654895602
0.316668063863
0.279625163622
0.349960768607
0.263843835002
0.349710065456
0.303457762884
0.397134131632
0.269441114559
0.266306550267
0.239127998233
0.278073421458
0.319976584659
0.262949381264
0.259585461846
0.254621375402
0.276786472734
0.272124243683
0.258798428833
0.300225777512
0.330383012077
0.262462293123
0.288759552177
0.303016649998
0.336280456098
0.348333500626
0.366528707042
0.216240388388
0.261361747116
0.281602304526
0.341201672139
0.313356522763
0.312230058054
0.389392866264
0.249243546671
0.356339700376
0.285947891024
0.224875042752
0.357828724276
0.306666186859
0.294221478028
0.280789449412
0.224107642864
0.236080688805
0.33529868691
0.263740023632
0.269987062193
0.306358450015
0.32292206802
0.353956158671
0.357138000685
0.312938524791
0.268922753568
0.31101415843
0.31145587905
0.368332734738
0.261942331278
0.215272979725
0.292829231492
0.346968143295
0.288060326006
0.3739194126
0.345089579665
0.317584968976
0.193024946573
0.271766377034
0.289364204985
0.383742740489
0.298211668106
0.255941505812
0.25048766323
0.378488504808
0.303728622206
0.322509497618
0.329104518316
0.325178987382
0.345605599565
0.367708868238
0.250549918025
0.315996070087
0.27619736881
0.326824386303
0.348904274889
0.28301293405
0.323457008159
0.28822869551
0.341967415703
0.317680241363
0.318552173698
0.250378143357
0.3386574445
0.308612815439
0.193543289416
0.359743227623
0.327739564818
0.416334710308
0.290572915395
0.250731173362
0.437588910981
0.377594227068
0.284692388289
0.190374252099
0.307506511722
0.278689137094
0.34427153608
0.332767572101
0.238513626821
0.311917370735
0.33623359433
0.301476358524
0.245911218522
0.210075414498
0.309012954806
0.295507351757
0.187686162048
0.25611609766
0.328947819395
0.372830317333
0.280806276387
0.35066112347
0.297555947846
0.318381342362
0.333001571153
0.298434125952
0.280685731857
0.282660191248
0.31664038383
0.331904388039
0.25549569406
0.365785845828
0.266755793758
0.258388333313
0.325032459117
0.299024696998
0.300878737444
0.335446765797
0.267651798519
0.274803284716
0.35329488408
0.310037754863
0.258834336528
0.358744881498
0.228833735665
0.30443085771
0.329436865987
0.349641267514
0.340137258952
0.260729096799
0.34841865252
0.337063781119
0.310829779172
0.283626748773
0.314518349267
0.338453663172
0.284984452778
0.244803757365
0.277388495092
0.245980327342
0.365475060293
0.282513333857
0.212879291765
0.349515054537
0.306079514297
0.260960055099
0.329454997408
0.246435792814
0.300882458583
0.313591694272
0.305942137191
0.298946794878
0.279147745015
0.347244684527
0.274260043508
0.291553980386
0.307063957531
0.277832733604
0.238050488389
0.466117848763
0.47273935699
0.247326253579
0.339354681805
0.384955907324
0.338998051757
0.237453388674
0.292095828097
0.29621015764
0.376023976444
0.301743098286
0.265260984184
0.350112057083
0.268034497166
0.398766101082
0.226500747834
0.166038132525
0.290062788642
0.291782415179
0.305106144466
0.361433093495
0.288372847569
0.3897315448
0.28671872596
0.306367766897
0.337134048639
0.213792944927
0.309944305013
0.26422880562
0.333851837662
0.4504075608
0.271074194417
0.297292183963
0.349267606508
0.294023027182
0.182063040074
0.322102085898
0.242503943928
0.256855586175
0.244602599934
0.345880122537
0.276908448142
0.273639373886
0.423204327569
0.251594160189
0.387109593594
0.241224930313
0.243067079216
0.273308831691
0.291173754417
0.333999377674
0.32917493466
0.355718920429
0.234608177416
0.354370165172
0.279944546385
0.399289755026
0.405624519072
0.320924788716
0.327763524573
0.386947354563
0.407970865067
0.277848562227
0.346986493511
0.236289129574
0.274849669546
0.350382236694
0.364872079433
0.296877161935
0.289992426893
0.294701671542
0.338990872843
0.237215938962
0.382885072355
0.255199328394
0.324609719725
0.355991606656
0.304854644443
0.314425965479
0.232819476089
0.324197539314
0.3154168359
0.251150472448
0.263519114375
0.40506609391
0.201372891631
0.3407271791
0.268162342569
0.387687712662
0.250338047543
0.375052904917
0.283670800516
0.2373157772
0.292419575401
0.284862347678
0.328913351722
0.305158449772
0.278910229433
0.355099507449
0.236762010571
0.408700863173
0.230654237676
0.278810995492
0.247422352486
0.23649193358
0.447724890005
0.281428049488
0.327419670907
0.28486405372
0.277137929305
0.346750707525
0.258347385773
0.358069771708
0.306190680737
0.343751210453
0.37402039984
0.286289129069
0.243555592671
0.215221776899
0.296279203478
0.315723265223
0.198661328458
0.362910628265
0.278922288563
0.334191366048
0.269392566182
0.261002552911
0.369418997225
0.310191735916
0.255291199105
0.39494971488
0.315761345168
0.366599716343
0.253585767182
0.15818930052
0.261725781265
0.361671718706
0.326314427571
0.299337534909
0.196942798605
0.222224594336
0.175016896909
0.416309343903
0.258696357406
0.318489692841
0.30081889562
0.317063946272
0.368283675678
0.299034026996
0.325967990973
0.241332870086
0.260231410482
0.305740088212
0.265565035381
0.353486009827
0.226037164686
0.349654930947
0.350072748672
0.293230575265
0.367411805482
0.218598573575
0.274690653348
0.183045116008
0.254639859972
0.330388787571
0.286740770114
0.394674167999
0.307935151999
0.339383808084
0.276796903589
0.32263584737
0.294837936646
0.273324353737
0.325200413384
0.226226145737
0.32818077147
0.353971484135
0.222277573902
0.24493500292
0.242739917194
0.320521612652
0.388069122617
0.303421160083
0.353725290187
0.281012429836
0.290794267173
0.248288905514
0.336699594914
0.258019850435
0.377247822607
0.271548356886
0.2839546756
0.347017953015
0.299399367136
0.212570874576
0.286012184714
0.39679637343
0.23725651421
0.262412493102
0.242930934294
0.328992002143
0.253476515893
0.263209756889
0.238289290377
0.256736014843
0.345144357336
0.306288746008
0.246880590082
0.291422219903
0.297892881166
0.334495827858
0.35316215606
0.37722520381
0.312875808609
0.325826410565
0.317687156042
0.367385232911
0.272960956387
0.324137364365
0.191882637319
0.269800758047
0.313094727849
0.275799167827
0.211845254199
0.247446076279
0.315999623339
0.352506177293
0.337472280814
0.271680067699
0.402226265954
0.362144311302
0.322313407822
0.292175858994
0.320571639725
0.278426923047
0.225204554115
0.272972584535
0.226968071877
0.253455649587
0.348269347022
0.353384037646
0.418043495081
0.352267843182
0.280026675748
0.236498916676
0.350101982911
0.269455996447
0.306406883343
0.304973937288
0.261862383435
0.30365486085
0.26780152474
0.274717679594
0.288367146749
0.297427181326
0.334837854975
0.205626822976
0.305723282896
0.267363807273
0.276597154828
0.316589793386
0.244859515279
0.245213497263
0.281936362787
0.280026889876
0.272127799837
0.362114667425
0.246563880728
0.308067829764
0.270761800382
0.282147485209
0.355085923292
0.232064322474
0.219665741561
0.251938499124
0.260600068523
0.236878996281
0.279166654655
0.418676788712
0.266265151886
0.349128676652
0.353610342805
0.253258119766
0.281474855749
0.404379367917
0.307315286578
0.292782060648
0.359917483594
0.251981656916
0.272570570814
0.46493659097
0.291136721777
0.312095054385
0.299896091912
0.283339356291
0.296336637807
0.304101957296
0.303872113244
0.304369670404
0.229775140837
0.267823030869
0.277134030171
0.359983147811
0.395821881492
0.203850835374
0.24971950577
0.221989770288
0.323235720145
0.330455708303
0.239967705725
0.428456312669
0.329553559802
0.30954367405
0.289783392753
0.323694592316
0.257773612708
0.29868842371
0.435265440992
0.331060099667
0.328889900462
0.267904830333
0.351614488414
0.277348921162
0.253365073837
0.262255476497
0.300624045376
0.311842643072
0.22604976568
0.403373286301
0.258586579565
0.271166948354
0.41889262864
0.301792484364
0.226430417235
0.381978157237
0.380199449122
0.349061326329
0.213660045542
0.218890136616
0.203519162843
0.335894547696
0.367959249348
0.26875257383
0.22695336354
0.217929769525
0.215049920172
0.292038280172
0.215744855639
0.249657163456
0.331339393796
0.234666601885
0.382338972293
0.321324766427
0.302345705958
0.384969940842
0.284631000676
0.332401553648
0.311413280885
0.34965790475
0.342446781055
0.263864099521
0.272784028273
0.247950611555
0.44269622727
0.327737894081
0.412093289179
0.346514614523
0.277570469853
0.354375158744
0.347834539959
0.4354819913
0.272309308468
0.333924328416
0.255103103591
0.242157844454
0.281588635871
0.278510811142
0.316451289741
0.375287084458
0.349791613629
0.313021484486
0.222535472993
0.247095790876
0.268970610085
0.271998854833
0.345257391063
0.295870481447
0.263265515798
0.330287193237
0.210211599385
0.260673967158
0.335282158587
0.306723613791
0.27414741684
0.271129980977
0.229000574858
0.309835745191
0.276171576091
0.388389610166
0.38729783946
0.266958059152
0.27357236942
0.306702709542
0.341105763132
0.353337576209
0.321131653263
0.36177221487
0.330498244855
0.396390995276
0.259881786557
0.247686985496
0.281575075636
0.299063726421
0.325153101682
0.320117219901
0.325234697764
0.270044490542
0.243487238455
0.280796374793
0.233474978234
0.355242932588
0.369928335532
0.31946583252
0.259015741694
0.363699066614
0.316069834817
0.270949644234
0.333259390297
0.272674645169
0.322468856755
0.303206847182
0.382248786834
0.250488460901
0.34947448253
0.36672284386
0.298748669012
0.308239988145
0.270615428622
0.270111682655
0.226797080364
0.325234772622
0.18795941912
0.288444746067
0.272917353892
0.39228145178
0.377288994137
0.343145964488
0.258510984003
0.267698885413
0.260940298515
0.416332171673
0.304775778997
0.323083837537
0.212482194844
0.284305328427
0.274717631394
0.321218536554
0.285963603622
0.313808066368
0.421463692842
0.247066938385
0.244788589548
0.307220531117
0.213873947804
0.310172643279
0.331902413499
0.316984828509
0.2165557275
0.316220322513
0.332201343412
0.186495929208
0.274850590174
0.318348702612
0.298229339621
0.230392092561
0.29995083774
0.220772108477
0.34096251351
0.30698689171
0.272525612703
0.370038377707
0.269899882584
0.278355139351
0.34845520737
0.247291324878
0.311893717534
0.334282054702
0.328208659745
0.302246160126
0.243157842696
0.30208620291
0.229739842551
0.296973876458
0.266619862001
0.282575515726
0.229066212228
0.275267102674
0.298443552033
0.395786333195
0.418363568086
0.240738557757
0.269300139802
0.237532633987
0.213965694809
0.289787058949
0.280850544271
0.297511304943
0.302053606697
0.320382110887
0.332929729694
0.339487424879
0.264665808044
0.303886273086
0.307470838835
0.21527862921
0.271617697121
0.348653258049
0.335082441654
0.306396125836
0.364639625185
0.387811454818
0.372814670775
0.266986633833
0.238884562716
0.252851283823
0.483028149981
0.263264173471
0.353806331164
0.355865725115
0.226299354297
0.308423591369
0.319685364509
0.39711377509
0.392226173417
0.265512376044
0.352340793309
0.276108476917
0.188542106459
0.281354815911
0.307267106428
0.429046952405
0.265084017542
0.293787013733
0.305138627051
0.360863780421
0.324137602831
0.314918320856
0.325025089432
0.345181220826
0.18027093437
0.254502414899
0.27498886253
0.290634618073
0.367665441608
0.3606121856
0.247073786246
0.258258629847
0.207662860514
0.300952949855
0.183773730128
0.273150292791
0.379815181694
0.203693689637
0.382252716466
0.315895208183
0.253844849011
0.251091530881
0.332788453445
0.267596681351
0.289488135613
0.250161183395
0.357541005883
0.270165264483
0.239853253884
0.280769071572
0.33930754128
0.34063714376
0.239075892659
0.310485439706
0.310981244261
0.305068934158
0.238438158425
0.247777043666
0.208047407541
0.231434880572
0.337304543605
0.30021488629
0.293673062619
0.315892818737
0.250396428168
0.352229330746
0.335146239227
0.342391646065
0.299933499451
0.362335779839
0.306905831442
0.239388518933
0.312882855261
0.29962673565
0.109350687805
0.314107138064
0.275378447009
0.307730378715
0.287285317874
0.249709002605
0.349203751671
0.250212670515
0.325898863246
0.288852533811
0.297833427572
0.293653166181
0.318925437946
0.321763623196
0.327713613442
0.297367831242
0.311263977609
0.204160788033
0.364440618692
0.237366421139
0.329663861217
0.289783442393
0.301849508807
0.197065922072
0.270170697643
0.264036717172
0.314205361856
0.411889364206
0.297389151404
0.26346050578
0.239691193306
0.344766465584
0.300519044606
0.267812747692
0.284569420428
0.299983860203
0.180343774268
0.326960536239
0.245358601995
0.288542578949
0.265875164449
0.269033326995
0.203145530661
0.266575511576
0.324783980979
0.342200276371
0.458526436336
0.324869082174
0.400428225861
0.357619082044
0.231450361956
0.343714447698
0.291325534303
0.213571753666
0.409624184158
0.352826841563
0.420209376427
0.289149669283
0.294530196084
0.275972556643
0.329082177124
0.214858508748
0.237479551211
0.30109614069
0.29202152095
0.341648123624
0.228282137458
0.284795088213
0.310655158322
0.291745980049
0.334684018923
0.487030904443
0.222695644415
0.293800256502
0.225211568116
0.278725700161
0.331674772177
0.290459405216
0.291655028701
0.328737337864
0.302780857729
0.366222594507
0.258280961421
0.279342390377
0.290035737591
0.314311827466
0.334970939448
0.328558450551
0.446979481975
0.385105177525
0.251166695843
0.223799852021
0.288289833404
0.390481113972
0.319387226361
0.298110852458
0.272678931756
0.293133357989
0.322173398897
0.207297273001
0.311756872544
0.282374728365
0.341519418742
0.391404582772
0.281889782
0.332250310805
0.240472210555
0.350861135395
0.314529351578
0.280336305451
0.318250329742
0.390905702408
0.343987377937
0.257721503365
0.393895295883
0.298543363806
0.364755436418
0.391856713807
0.287774185979
0.229668607844
0.317172790554
0.26667486378
0.258461012643
0.312988573724
0.203374928259
0.356033900653
0.253413977866
0.26223975206
0.38915580104
0.358715161377
0.38502824583
0.329598454821
0.372347988313
0.284710306928
0.44047054944
0.307034638825
0.319733012611
0.322968759897
0.327625108729
0.181796221565
0.314113804731
0.273724565641
0.357597541469
0.328669335493
0.292078097868
0.308275549524
0.306437385081
0.28137351515
0.27941626301
0.314199520872
0.342818010173
0.286636901465
0.329051988673
0.334501239455
0.491405024071
0.435027591064
0.262701019984
0.227016476441
0.283847967314
0.268328329645
0.226158024428
0.322682784609
0.378712585977
0.301634537024
0.309577518948
0.294871597113
0.313745756435
0.277871007115
0.188137613184
0.251166200456
0.284865032639
0.248671535868
0.420588948345
0.337792605358
0.288496440799
0.281751048566
0.284930242243
0.290313110301
0.25323688423
0.318081491558
0.309260656732
0.381528563758
0.23944534012
0.3587785977
0.313550687303
0.418945344443
0.341809931735
0.324076158748
0.368973527699
0.282999036923
0.358661265316
0.330335371718
0.30537446485
0.296597863244
0.347317398981
0.297097830263
0.20582559668
0.224608667006
0.315582143323
0.315949387907
0.232225563161
0.412788106372
0.23655120351
0.243697315683
0.307675475484
0.322598883295
0.198201594765
0.300352187628
0.295520623524
0.315371862828
0.277964920239
0.387606857053
0.329812360955
0.36154614653
0.285901814097
0.324435072209
0.363899748302
0.279932494891
0.198669086464
0.279814708956
0.394852591081
0.260438696803
0.335351812285
0.32197833596
0.433184804418
0.279344557268
0.234724334057
0.217095362408
0.25995593023
0.300049188009
0.261353778607
0.311527632035
0.247201662541
0.315837879387
0.311864645719
0.306115194414
0.323707968259
0.310442292635
0.346808432369
0.261570044032
0.265697984565
0.317496197255
0.285363598729
0.287714839507
0.235839116708
0.232550778098
0.319612296068
0.23726668663
0.417928816759
0.353979208055
0.391804570416
0.282946541108
0.29997065576
0.295995792632
0.267377014777
0.317604761623
0.381908089699
0.242809466276
0.219313507486
0.311212534218
0.313809512699
0.200567257609
0.364951123528
0.307430330828
0.378396327235
0.300014099949
0.364883566159
0.345854024952
0.318101874801
0.287728992346
0.382856895638
0.198666227615
0.337339879174
0.275716864386
0.294805356558
0.287751044758
0.262332886069
0.269565371333
0.235444788437
0.22030308767
0.286996925297
0.369697225812
0.302065731737
0.281295777902
0.393011542509
0.259838227722
0.297444761459
0.319437138984
0.250971950887
0.378584260263
0.439637007476
0.271107681152
0.339304157193
0.232306646953
0.2490689067
0.266546041539
0.349179501111
0.319266813915
0.300211161273
0.205394135955
0.299357338423
0.293896829589
0.330014044227
0.307071247238
0.406178445517
0.319754045157
0.32152436187
0.259039694768
0.260016226538
0.322549554148
0.274464256357
0.331706240366
0.25006566604
0.256276788192
0.369823583679
0.260259910717
0.387481475626
0.393127758626
0.313459971974
0.335946091463
0.318476719487
0.296791411599
0.241240108464
0.28969244862
0.268481244917
0.241061266694
0.316547887112
0.259125197024
0.391049242319
0.341425978923
0.336204394758
0.305342088529
0.329719429467
0.486735519629
0.132251212884
0.206407150986
0.311175100423
0.255065777752
0.283702729674
0.220505185641
0.400727002853
0.366188321369
0.2312242323
0.295447263015
0.304212099325
0.33126961585
0.291195513735
0.204454478695
0.321377566106
0.268682859727
0.296838015716
0.41036489945
0.283545281696
0.253872094654
0.270779258094
0.409717178773
0.282878821555
0.310398084789
0.238957326782
0.249848065739
0.366966469576
0.290758456817
0.228781440304
0.284381513074
0.270460253006
0.239264979105
0.527612731993
0.363279821811
0.348634358444
0.264298498175
0.357286324116
0.304143967937
0.274399206231
0.259553326116
0.512125713636
0.336423861658
0.257133778019
0.317461736941
0.389404157622
0.349082843179
0.257921265273
0.317091542793
0.385824007968
0.493472987832
0.334574839707
0.312241617671
0.25245129555
0.321541484498
0.408879182705
0.369104881473
0.443513739402
0.328462718247
0.360694558261
0.378930126116
0.347993158385
0.505718526154
0.450917712816
0.289268003107
0.35169121248
0.309831426662
0.306087924735
0.336039798419
0.36712602861
0.305565820073
0.330081841641
0.515463961571
0.373200694553
0.233697236583
0.374324121511
0.289938304088
0.317293350917
0.159599408423
0.412230765137
0.327546436601
0.327149519147
0.444235531968
0.43291787006
0.35490452538
0.284928928164
0.299694975425
0.300032531944
0.433820014265
0.277255916912
0.367726433278
0.25919279915
0.321110223816
0.366742338872
0.32340091363
0.327583238435
0.322380591018
0.355938726729
0.372437446437
0.249646924758
0.359630123333
0.286805133935
0.382811042644
0.264649478489
0.232678903726
0.300956154983
0.304540273861
0.350738505532
0.304306289434
0.362146790004
0.27486109531
0.284971827609
0.289438450665
0.38792432889
0.273570136656
0.327674326876
0.279881779673
0.421846728045
0.26849287201
0.294556890448
0.204223606543
0.393620104734
0.288520319903
0.35031224313
0.345316225999
0.310035307412
0.369593411097
0.289855070108
0.302494152008
0.322478099765
0.323050328099
0.448313089935
0.314757998717
0.384816775474
0.251104923794
0.273979375953
0.33295271865
0.326072815056
0.29556139394
0.313335145043
0.265003629827
0.348605380294
0.329389074238
0.373437941392
0.414843941804
0.290339412876
0.295321761265
0.283232123907
0.266267336184
0.287291312252
0.374564226836
0.27298374343
0.257903924836
0.397057818859
0.408791803091
0.346704566792
0.279713305598
0.317502317316
0.258046544856
0.245988194295
0.26413443797
0.335226626208
0.298588989952
0.300786104757
0.233092207843
0.402168655616
0.346641745244
0.260654448617
0.294684609707
0.258989978328
0.256295541137
0.320382273405
0.314486966112
0.429565425487
0.295027192702
0.339792485955
0.287883157945
0.272415649793
0.324839702328
0.416615753696
0.287512955195
0.297266674445
0.22167633227
0.341178847624
0.266796299721
0.2676850018
0.348565838182
0.335690816635
0.230793840473
0.317229781711
0.308166985917
0.34553128236
0.452286742866
0.284780099694
0.286356209721
0.485911138888
0.358219420394
0.276808188615
0.338149178056
0.389182213958
0.344792823
0.35247344319
0.289205736919
0.3897254255
0.221768337843
0.360263933268
0.291704228959
0.449012699701
0.260438131781
0.410718742429
0.335196705519
0.34573221282
0.303209346568
0.275880882177
0.337012926287
0.40058598872
0.357615627649
0.375369393937
0.36144144186
0.401613172956
0.368841571047
0.314387760642
0.263157550081
0.247495757752
0.265947522354
0.307427605343
0.198443404445
0.285756059176
0.267048725909
0.302206754933
0.310371850159
0.364904912896
0.338464549935
0.32189353378
0.418773646272
0.337749230266
0.230934833421
0.455465317602
0.467288044416
0.469186585713
0.375127833131
0.29770112839
0.280678964012
0.337756056832
0.298074569127
0.322586356332
0.383721290589
0.237712572446
0.294097876286
0.328184786347
0.247497352994
0.258034884049
