0.479133586552
0.473130739442
0.452083739504
0.510002695758
0.558439034206
0.731659368798
0.426157381388
0.554072844574
0.60402492933
0.754380634262
0.559723351748
0.616771668937
0.509965266383
0.639891391733
0.855454700102
0.616239034659
0.486355041949
0.617051770395
0.592889112314
0.375937407996
0.649516957637
0.581288068264
0.609657594195
0.653510157159
0.636440941876
0.581970446453
0.505129372888
0.548951024518
0.603115058963
0.630298435174
0.546501920524
0.450367359648
0.624070675317
0.604805679581
0.539684824866
0.490628414539
0.578115444926
0.640147952032
0.648155341186
0.469688656906
0.739450901081
0.655630152801
0.461618102736
0.481888089503
0.387260409164
0.631860674223
0.488095379092
0.670019114009
0.549807135425
0.526249864988
0.508915478306
0.543958710901
0.513770628468
0.55630456901
0.574352997963
0.514184762839
0.501469462775
0.68284864011
0.591813287424
0.561377360268
0.662232922788
0.45893075109
0.50763343296
0.615012077684
0.675865517101
0.461615945388
0.637156811531
0.470718129917
0.632763418919
0.579828977242
0.434281456808
0.706005097095
0.630623097663
0.506934312969
0.502562486994
0.489212589826
0.606714373607
0.48661032839
0.481878507664
0.525704056999
0.487394505218
0.460694893784
0.645846373213
0.398667037092
0.538932325837
0.353047097151
0.716278264039
0.440162486383
0.574912520971
0.554050675354
0.603422790586
0.580322833428
0.500942953726
0.441506910275
0.515494737848
0.551045437544
0.480552480538
0.454143246765
0.556375111936
0.490081543629
0.579336553738
0.425403377716
0.572357689222
0.560691068802
0.554309580978
0.585454781557
0.677522160697
0.484413864491
0.479543579753
0.429481224397
0.668528254706
0.580319648034
0.602748146754
0.622354133889
0.570055862288
0.589383746031
0.543707823983
0.54631399414
0.525350497153
0.459563483382
0.662107527595
0.570362407763
0.404701225831
0.57808134184
0.511629969265
0.613192924977
0.66014359942
0.516743138481
0.620091007141
0.815392314851
0.522540868677
0.661696010423
0.476855520654
0.663742485764
0.675056370968
0.549197271665
0.486565140355
0.542749177793
0.49529910857
0.59599037337
0.457106856445
0.550417216512
0.581591223041
0.520970878487
0.689781110057
0.549225739544
0.378040124788
0.570199786194
0.58679969329
0.523685025555
0.581305555204
0.781316588521
0.635880857858
0.6842865634
0.509377337156
0.810736183971
0.660849854836
0.512310613081
0.620974477933
0.484950115826
0.447351150726
0.528592797207
0.610462967477
0.509805706658
0.671694818788
0.618609116073
0.46065998512
0.608811088594
0.575633465426
0.625526397548
0.579468146338
0.513059619038
0.569904790093
0.569788351587
0.676227478962
0.426411647515
0.636386120105
0.475905545818
0.629653012182
0.4355213788
0.599111451476
0.819735249735
0.473835744838
0.509202049108
0.569664644527
0.47980941651
0.664006117424
0.473416566634
0.550581606566
0.712504683606
0.782655212546
0.608292180829
0.508186369834
0.5139314626
0.673058951869
0.522318329247
0.54923266097
0.637376883279
0.388674850547
0.527959638641
0.694255927867
0.531924337205
0.603765022865
0.516196935375
0.418491076413
0.660382045402
0.656455161289
0.749005177661
0.690979839766
0.601443036099
0.487724588244
0.611471361034
0.504754648882
0.526101096884
0.582793874617
0.594584108468
0.57269428912
0.709658629183
0.505124245038
0.689453424811
0.607065382472
0.690685190896
0.834543579127
0.582714248668
0.52697425352
0.624641251319
0.565859965979
0.569816571762
0.655178915603
0.740789942005
0.464167664114
0.638078330562
0.553753924967
0.719437934266
0.571527098911
0.648120634492
0.677619665549
0.578235106041
0.619123728445
0.455420103262
0.568027729362
0.662858156977
0.575933554279
0.534166365203
0.687730800075
0.597315075893
0.730286191703
0.655260957252
0.689825663828
0.720453788134
0.548748366601
0.512164006505
0.950973458335
0.628475935712
0.74758163072
0.472429080797
0.724597093831
0.477265778337
0.701255807497
0.618787102718
0.755291582899
0.565925809566
0.645418417679
0.590273858421
0.652242135862
0.552965270714
0.669820392857
0.679442464154
0.60858950888
0.709235400256
0.804449256673
0.774002872821
0.497496742459
0.621252314177
0.58960699365
0.592626814127
0.759299337216
0.65247358505
0.617509500106
0.5640545663
0.539176117799
0.536676922159
0.584179943581
0.536631139145
0.554919748524
0.467640813425
0.572921908801
0.672582695306
0.557975140959
0.514925656541
0.538568483107
0.685280758526
0.737885869907
0.670007444448
0.765921149394
0.528410668615
0.49148809264
0.755081923479
0.520989899993
0.684510681253
0.641765716233
0.496080164363
0.529723480016
0.583640132294
0.561196103575
0.457583393018
0.646778206428
0.697608979718
0.569273343751
0.530525898104
0.529961820673
0.38518406668
0.565855858928
0.706110907918
0.636263975316
0.678385229822
0.566721694499
0.591412989381
0.68225280312
0.66968065963
0.524693809044
0.446766143513
0.558364209775
0.581463122202
0.632621312829
0.542161498013
0.673472472441
0.627220991762
0.697704944727
0.694023406172
0.537159434849
0.705169536047
0.507372253217
0.51009294594
0.400255943777
0.728402632709
0.502340134831
0.732891392374
0.672897239102
0.786046919786
0.582164204373
0.489201439372
0.551472042135
0.486980389686
0.566409381385
0.492963065124
0.654901256938
0.537072138274
0.684800550203
0.607689854144
0.632431808105
0.659106050648
0.711289835007
0.639207882247
0.717273100024
0.678069131477
0.593271209514
0.601878623551
0.542631884718
0.843476442019
0.580411414349
0.48106286074
0.729134835178
0.632921895681
0.522274387177
0.566645442435
0.409626190002
0.658750981112
0.456472120848
0.426576219053
0.567824532121
0.437019525319
0.490513510952
0.87475602077
0.642069957943
0.528307654742
0.844661413856
0.573845822909
0.640900489292
0.7093457126
0.552139117163
0.444557586971
0.708185075704
0.576161142688
0.488428840463
0.383804896072
0.366643633925
0.645486122518
0.671823012169
0.588600963002
0.484236035389
0.425965597091
0.458529856958
0.316574844733
0.523550780819
0.405383345772
0.516585591328
0.504125210182
0.543535705735
0.472633918143
0.624639901438
0.38057712025
0.452199200644
0.408375938282
0.515655816364
0.378416605226
0.471055817758
0.723957288445
0.593282241353
0.65345648703
0.431695027793
0.470672379252
0.484000364882
0.41698940057
0.706841660589
0.742390472193
0.65426216462
0.82010212185
0.519233183284
0.83231738872
0.576279905929
0.387284919099
0.581026596572
0.51939783899
0.610715313561
0.819109716453
0.923494723032
0.578404463547
0.474964705302
0.525608364888
0.606186765786
0.393820034896
0.315706051985
0.638375704794
0.673529660094
0.549691724508
0.482389402725
0.871558357739
0.467702803912
0.494328110416
0.657945822134
0.655854936895
0.445906811751
0.526366796539
0.428137414103
0.762974956375
0.481938508413
0.446906053032
0.471071050847
0.575593016807
0.576700056716
0.74671299155
0.839557895838
0.664160678345
0.694798530072
0.739969574623
0.454744229319
0.823590517912
0.46656589801
0.429505242763
0.534921492435
0.70435337735
0.557842067465
0.432318681921
0.716116514988
0.502300090176
0.804484561169
0.509258524283
0.600173128669
0.518889951534
0.82054027856
0.608052307667
0.525344618024
0.517417840489
0.496697442034
0.41646855516
0.442787074758
0.405435094033
0.554074945241
0.439304419562
0.570233490044
0.584296627188
0.679229315979
0.673199896075
0.535571354096
0.619924935579
0.4620610484
0.533183177136
0.50649029843
0.68021339888
0.704254796076
0.759880710881
0.447116622434
0.462971750759
0.501299272853
0.457270666922
0.667606091071
0.585098630177
0.48817421384
0.64250666495
0.72887018206
0.473668564326
0.624438976354
0.550958512451
0.514528636869
0.552994103208
0.694855936327
0.518203823981
0.674773258263
0.469848918018
0.557182356053
0.509310359538
0.440147721679
0.651427687619
0.572057546747
0.695221918682
0.639774515134
0.652719132724
0.600696148565
0.490210188534
0.679894459109
0.39762771594
0.737113095033
0.709142463297
0.536776791113
0.518107571216
0.716211879734
0.558122416905
0.514737488353
0.521334197116
0.446383498585
0.513101751572
0.721608814332
0.544520657438
0.554729379186
0.484368332569
0.752395923232
0.623466390719
0.669704308917
0.64861923447
0.455918903522
0.480187645003
0.554120357505
0.646055631907
0.601483397695
0.436357300682
0.492796880191
0.437246608177
0.549022725685
0.458910920857
0.559629837046
0.447361943557
0.618911182343
0.555399198926
0.482337272326
0.742676999623
0.585545294262
0.502575400076
0.651851950393
0.660094399513
0.631494181556
0.687387799965
0.525703396699
0.56963929178
0.473962446175
0.588571366932
0.458817169079
0.553182660174
0.469101826128
0.638684293814
0.713348913783
0.512729606285
0.445979941241
0.451728843643
0.642595075584
0.658738832599
0.66301370445
0.659552937751
0.52151679652
0.480897128072
0.341165960602
0.687299389142
0.511352449287
0.539434239166
0.650017900792
0.507114446343
0.55112840588
0.638354697163
0.581919395886
0.579883110948
0.465801363744
0.4513975967
0.463490157946
0.404242343374
0.50865103189
0.724802054808
0.576426734373
0.469836407047
0.475664886684
0.380382218933
0.59034576903
0.82323874414
0.47758367262
0.581649611286
0.699204032952
0.623377144112
0.513705057641
0.477838636847
0.544657160758
0.5745419556
0.484763846025
0.333394997693
0.469636957013
0.551357557225
0.523137088906
0.730747869454
0.640703212117
0.679159687177
0.474361326856
0.543262823287
0.727361913213
0.620863454851
0.701810542886
0.49988762904
0.670072074277
0.5783735728
0.584341545996
0.599184577445
0.640628476848
0.529679502893
0.382996096147
0.47839156061
0.451393397167
0.554247596459
0.468134019284
0.524695293283
0.457907662504
0.470026160428
0.444444343019
0.765052176241
0.483692061949
0.558174509987
0.541339545582
0.430263927353
0.595053683169
0.667467315057
0.591536326558
0.518107476748
0.418547404965
0.448500393596
0.5102708565
0.565351900308
0.611513793873
0.625077297622
0.564695784628
0.469368883696
0.706295962434
0.686937290471
0.576522027669
0.403317864002
0.4276174949
0.661750870002
0.646857333429
0.456577746142
0.601864682382
0.5552192168
0.515540132128
0.431841173414
0.46496660716
0.454971081474
0.445283191158
0.44832103304
0.663006967638
0.543579181684
0.595143847534
0.574687130798
0.429311721659
0.510339890374
0.531659128248
0.594585112606
0.660985613295
0.656908832824
0.449521539711
0.518361472629
0.527246669462
0.403307181852
0.387591849441
0.487433210897
0.446671318926
0.47146819033
0.611764316759
0.602748627181
0.614183244724
0.432539506426
0.480293088561
0.423046982739
0.631095660355
0.564027317983
0.537577400576
0.533764670904
0.578673111738
0.325174580271
0.562620620637
0.504074605689
0.643637651931
0.591453831433
0.626260088451
0.736957984168
0.702366836819
0.612805281604
0.540829460127
0.602598441257
0.349244901961
0.693832412537
0.547231377385
0.450231353558
0.532221670966
0.61829281585
0.643110969615
0.499102550732
0.520025961412
0.571299725006
0.50556390902
0.552573904828
0.653147927003
0.587398098477
0.669811024755
0.58467267738
0.543828662755
0.710119279958
0.471864099034
0.511267812908
0.497423456374
0.637151387157
0.552128735576
0.64072900926
0.514746699883
0.53665615374
0.899325955483
0.659126520955
0.581404168679
0.581913225147
0.59025243634
0.58654087244
0.485744594696
0.501123431564
0.716032211155
0.511727724409
0.446301487978
0.568684930314
0.476707726988
0.449096316477
0.423228033502
0.50745510612
0.348158980582
0.56893150964
0.497392868594
0.522785681432
0.614905558828
0.495754496888
0.640327579403
0.446512952533
0.607541147447
0.692485141242
0.624078585631
0.500681953258
0.370902770957
0.561693868319
0.761633560224
0.590666321743
0.684277372795
0.5745120512
0.646275431872
0.585606382824
0.669740936332
0.595404655927
0.664161198112
0.570138310023
0.601411436123
0.53737508244
0.494024695052
0.4433982884
0.558484318238
0.507773428617
0.298796056279
0.392773985641
0.642764304196
0.463687822722
0.370565066321
0.615360147355
0.643120615877
0.622021386608
0.507241519654
0.610127637149
0.388113555872
0.510469093052
0.502888406802
0.69265632288
0.575436554836
0.633026772468
0.630948204019
0.425866371218
0.702236910286
0.652010224998
0.53759098429
0.634162460625
0.494380047484
0.442343050363
0.443946474423
0.482015897326
0.568860687848
0.480858850986
0.673203363879
0.540002462023
0.476832503091
0.637747133979
0.723718119108
0.628572955309
0.660572705053
0.429207944819
0.492941341494
0.594749790232
0.673369094708
0.420978053024
0.588585143992
0.602918407887
0.576402938649
0.596085613565
0.530357914008
0.47446474801
0.550392571827
0.627849991476
0.578068780954
0.556513241672
0.508859833903
0.409472637591
0.529203083844
0.536853870147
0.552400711272
0.647877242588
0.479473519084
0.645459987999
0.612692458501
0.799732696314
0.545843398041
0.503483954438
0.521408842316
0.645136458068
0.636288475447
0.403840243023
0.983100870862
0.552067859899
0.479896265653
0.69049430493
0.709160872287
0.637364490018
0.495471298741
0.421062498917
0.539490883732
0.572266835124
0.550800960627
0.531158400988
0.53725003803
0.487331851188
0.561812299177
0.617507722076
0.584308381597
0.715448188703
0.472567800716
0.491359858832
0.403323670869
0.710446706677
0.619704462268
0.533743559864
0.703558947491
0.58801118598
0.616836033149
0.687781853866
0.406481442918
0.597094695709
0.5658673855
0.617688673222
0.915649396914
0.895635155842
0.781363482379
0.444227281841
0.528002432939
0.490760634509
0.689662081214
0.528705437695
0.719261769052
0.602061832811
0.740586822787
0.611571717439
0.709807376739
0.590416302252
0.458790976888
0.603289799548
0.477993203161
0.383215067976
0.60242869721
0.65336165597
0.517740491952
0.514889149017
0.71912880296
0.69142444985
0.615491525563
0.604972598965
0.859936424138
0.636485751014
0.662474122543
0.522677236875
0.657194537355
0.562318748081
0.604342034866
0.686913033898
0.716459129323
0.623848831894
0.471707640781
0.601576435687
0.681072867708
0.642804357848
0.486600871723
0.688591219453
0.607793706988
0.411943981478
0.430910228243
0.674767895654
0.655865623961
0.385213425812
0.645291657923
0.517916094046
0.775027752766
0.562487754852
0.445574705732
0.4045546507
0.815737954019
0.484048090639
0.429034233198
0.685645173524
0.474854226896
0.699545219093
0.421835001258
0.778645354238
0.681620814752
0.518781756214
0.355642803621
0.41105626713
0.48752836635
0.51713988819
0.771060307804
0.419727897418
0.622058787666
0.706127647533
0.520489404363
0.452898589263
0.742301987165
0.450912636231
0.481232198838
0.768371031738
0.576842935248
0.59617696177
0.502311661384
0.438625296616
0.695127741564
0.607806474818
0.633675448799
0.607590910773
0.477182690619
0.678756765819
0.716314504793
0.571889241362
0.55602670723
0.50617968872
0.567416791973
0.718658697912
0.513495160884
0.561473123511
0.564720625355
0.542671912129
0.608377723522
0.514827940114
0.499723500445
0.496218705864
0.552323715127
0.510451356589
0.385926657797
0.594704308286
0.825392291217
0.422090934924
0.564950982235
0.495498631676
0.487614994995
0.476370484262
0.438022141302
0.640249662806
0.52266468855
0.58107614235
0.506741699174
0.479964904426
0.658984468898
0.488513422701
0.543508288934
0.552032606777
0.50737038966
0.520399201862
0.602933368871
0.803323790429
0.526522910839
0.804508036821
0.639136879854
0.551584769442
0.474129057866
0.62856055624
0.500970103701
0.507190026744
0.626062048597
0.688004042289
0.506091351982
0.506154253864
0.412725968795
0.656026591161
0.840451395582
0.649851700796
0.888929319539
0.712245884753
0.560867056327
0.523707443712
0.636576474683
0.625549394795
0.610304522744
0.54756523523
0.599665370557
0.88511144774
0.425208663122
0.60027212208
0.448510379687
0.618422113404
0.516557642896
0.792936995189
0.608563934768
0.553374596223
0.665622542943
0.690173625881
0.695097607466
0.59340578103
0.616211523012
0.394375661743
0.584873791099
0.687263394705
0.424824911869
0.829517565136
0.853221946261
0.472534552762
0.542419290993
0.681092087886
0.564713535062
0.479201237428
0.799091773094
0.621302271205
0.601939743814
0.816624239236
0.720754234062
0.577999736142
0.438509140393
0.588591118161
0.478656270852
0.494838497032
0.681461632816
0.805083596384
0.649260803722
0.517473166012
0.779830915284
0.622794462781
0.423060615176
0.695456204566
0.709221266484
0.636763901398
0.618250972881
0.574173779803
0.588544238609
0.606153388799
0.607110128092
0.879490473279
0.589832041538
0.492820600024
0.4881148271
0.508730735296
0.577226049171
0.439536367807
0.706645994809
0.578988140656
0.466758318748
0.458971201622
0.639890851974
0.375777061255
0.54755211156
0.500218019927
0.573065116238
0.728835735399
0.529936330954
0.616732679621
0.499528693882
0.590565211607
0.693477006527
0.714364109721
0.675455359659
0.43265468802
0.502489721245
0.583681678449
0.496872967171
0.687224199294
0.682068133348
0.524402022843
0.366093248152
0.76684251843
0.577697582309
0.599994462908
0.584860422746
0.686684624904
0.625249290878
0.494173058275
0.685030290375
0.533164053154
0.708192222645
0.539658531253
0.512297192427
0.507997235314
0.794776005492
0.519283912802
0.730599593557
0.664223601333
0.664793994823
0.627557532606
0.664018778296
0.734572266742
0.49419322638
0.751824121545
0.596835826319
0.469013072176
0.60333483659
0.468376506403
0.656751364457
0.728050020512
0.42222523202
0.573537506689
0.597297234895
0.51148160723
0.510015089786
0.468945399861
0.504947751142
0.587200711733
0.648706264246
0.55082107183
0.552520808343
0.607178372533
0.665524700763
0.569309767951
0.474472869967
0.56298709829
0.662276186927
0.536204237753
0.515330004933
0.68464417877
0.604538961584
0.586758523211
0.657513294057
0.541966674299
0.576174517385
0.620998523434
0.634425217568
0.596438226511
0.412116836261
0.636789537187
0.699777620204
0.38784241526
0.543775209249
0.513213324299
0.416091605168
0.706010161345
0.503506520405
0.573105227731
0.705285775887
0.66233742703
0.534881385533
0.727296220726
0.664615337949
0.737023433961
0.53120829162
0.632522555353
0.607676475247
0.606724861865
0.547166605558
0.605109008265
0.594048487182
0.738667950414
0.423661894824
0.574338128867
0.604231048773
0.66673528811
0.70828016486
0.583717142562
0.716814804994
0.580734463118
0.47748548354
0.542080175266
0.578540208664
0.451841209351
0.385066925541
0.49538976208
0.53170090668
0.666719991131
0.593136564569
0.57842655514
0.549857268902
0.562150217942
0.714533138344
0.596202709723
0.419647994334
0.644279936839
0.59363185715
0.532836496957
0.804899370927
0.62623102907
0.748382279172
0.505368561763
0.586952713286
0.631037668435
0.861500742365
0.631668880832
0.48337098971
0.519202618193
0.598502229088
0.562233441499
0.564816428536
0.528186079491
0.605867687307
0.484534141519
0.538983825261
0.54268282209
0.475740784063
0.343679874022
0.721647734279
0.492731917639
0.566462537448
0.53411516249
0.622008791238
0.620820517004
0.476249891811
0.575718159009
0.647559796472
0.59045367446
0.604090367078
0.502893554919
0.536451119901
0.671989153515
0.538193911209
0.589919005809
0.630416589796
0.662667124432
0.632769803411
0.516899849019
0.639845567306
0.574439751395
0.552554261905
0.63495490882
0.595085664672
0.495183069021
0.685804972219
0.459735290374
0.558117221591
0.702172304842
0.694344091537
0.522363111209
0.660598572152
0.419108349676
0.49202045644
0.447114548918
0.596586855285
0.686806409584
0.559507336605
0.530005733946
0.643761802932
0.656019996865
0.51053683782
0.630510372186
0.549211308969
0.441807088894
0.564723018718
0.534162857314
0.501035511108
0.706208031543
0.608619357885
0.452041810846
0.64951685542
0.632952240619
0.48613592096
0.553308037763
0.521436697552
0.54345071575
0.46743873098
0.652385756032
0.624992038303
0.564989544787
0.448732835271
0.391916684525
0.759401816024
0.468921896438
0.616209277435
0.610229128778
0.756779730701
0.786201300567
0.520190919253
0.566077685731
0.505685975173
0.540907565581
0.549885585928
0.526177471939
0.690120244584
0.424441306969
0.567700593614
0.576756716412
0.62433643661
0.463104668243
0.633077427168
0.478456027982
0.517487672131
0.525924032281
0.659966991151
0.587231289438
0.653999422308
0.684565347665
0.485830095279
0.432982771478
0.466298399474
0.646257897525
0.463753925449
0.556646092194
0.467244678906
0.605480936894
0.469380738778
0.476582864995
0.516286940175
0.684096824958
0.559781248534
0.642662713791
0.524642119469
0.538526238076
0.541103896597
0.480449971437
0.66535044749
0.710371370649
0.598412562962
0.494711649464
0.50723668691
0.642026545352
0.500222138016
0.735959896222
0.442767271721
0.621676223014
0.560491780536
0.464552259812
0.73452792528
0.506490461341
0.390559156683
0.462527104161
0.451383602337
0.689149325885
0.377692904929
0.573259496033
0.527638292188
0.493047612428
0.509478745311
0.640057955204
0.647080672378
0.520071980117
0.494454227554
0.70012331272
0.62047424291
0.515902999612
0.643171695036
0.521073667387
0.522418422454
0.372183654426
0.654490296791
0.627192515087
0.473847554616
0.611081724963
0.418546526813
0.605649965877
0.624863196621
0.537668689972
0.463861472576
0.505795267015
0.680182448757
0.605375025559
0.576975166803
0.566114749701
0.676854696689
0.639073085568
0.85968028894
0.638309093375
0.43301708964
0.727164749507
0.529469888902
0.611702699448
0.599768652883
0.451051697069
0.687180340603
0.691576404654
0.738447324037
0.713994694271
0.490468668963
0.515025244665
0.606619777972
0.645453454702
0.536024653188
0.579788931479
0.558816845772
0.783531665673
0.598564264074
0.680849301685
0.586429368572
0.544649505024
0.42583559734
0.695709368289
0.536172261395
0.819610375802
0.575127818132
0.714707475243
0.653551340733
0.566745694607
0.545148221626
0.445643175399
0.691543596847
0.373683363657
0.466198229913
0.509900630254
0.544099392895
0.844522192741
0.50393915378
0.737396901728
0.58369020922
0.53973452211
0.729838073298
0.710718643833
0.582082775491
0.591997211989
0.595197807741
0.619949336176
0.585046965785
0.735807866025
0.653259952581
0.473364110119
0.727237277077
0.642055930462
0.400744099128
0.643311540768
0.661095539468
0.59652139775
0.398126200952
0.695527293233
0.548740546748
0.521605883658
0.583262362863
0.595222131631
0.638839197892
0.545828607336
0.526519467835
0.645077191308
0.556879130871
0.462991892901
0.654657474624
0.708102364581
0.773008333793
0.543308571378
0.713764304961
0.420824536848
0.843934579623
0.486727132238
0.647842629429
0.630639622482
0.50015916263
0.647867641135
0.581232334522
0.66316189045
0.537606002563
0.48370362601
0.456785033928
0.574346124466
0.384423861386
0.555761205597
0.734894747301
0.634470498207
0.664427980104
0.469002902188
0.472981808263
0.497076180765
0.523246493286
0.766499330923
0.554343208854
0.466403660905
0.561423196568
0.476061776715
0.583727803657
0.479689850334
0.724958935679
0.512943512918
0.467135133635
0.596850268224
0.457885591241
0.575603714568
0.468250706683
0.438206550273
0.544972859402
0.56351008956
0.589943186416
0.504260889783
0.459321651474
0.530444944837
0.482048331476
0.6811662518
0.58188266569
0.721256596913
0.624603422023
0.461488858807
0.575720282405
0.517406565124
0.574275012073
0.668982857524
0.754292333476
0.672811307315
0.587713055606
0.708767300524
0.540526767219
0.439382447362
0.818318549134
0.589382694488
0.492616618085
0.727058571031
0.524170183543
0.54351313102
0.571684230609
0.577175331657
0.635907184705
0.510358658716
0.583320599736
0.662738300598
0.670206610428
0.450619367345
0.60501115763
0.599680196167
0.576540428696
0.418076730463
0.564248365425
0.635433722749
0.556418047254
0.839391842898
0.543781476474
0.694067542455
0.744954280962
0.369408585628
0.437485637624
0.720207932128
0.468862959488
0.5054210754
0.536955642039
0.423788129515
0.57716556443
0.560769624823
0.728937189554
0.62322994067
0.440129250955
0.434586226393
0.661559014569
0.569322926082
0.472957368109
0.637673088482
0.587013639869
0.483934871524
0.549258463605
0.599544281221
0.567172125845
0.541994615806
0.567589972465
0.618002431916
0.816255242754
0.623142490182
0.565076835181
0.545851584669
0.599152328309
0.569723271858
0.740123643509
0.50772807332
0.769695147811
0.477097591675
0.525958514159
0.623048361654
0.364977430653
0.545434521012
0.43975143345
0.634129185851
0.621487854924
0.564709344349
0.507965281326
0.711047701669
0.455877896316
0.493631251723
0.79700381181
0.599916009377
0.662431212189
0.470463630589
0.57629024231
0.509235822383
0.615772993506
0.614437367702
0.613003801462
0.505088987449
0.539890434958
0.504273148224
0.519694153402
0.358378745328
0.668812836953
0.626697047007
0.594054818015
0.664146926041
0.534682228192
0.456806920297
0.471904304536
0.698984186703
0.565696907953
0.513753803747
0.6666747634
0.611846178817
0.620570626975
0.593752714767
0.858448544404
0.56724887021
0.663014436282
0.588020895835
0.516094097298
0.342726403336
0.661573101769
0.569535719051
0.657453685489
0.690969732399
0.445169052435
0.693322195326
0.537035913964
0.479261586521
0.613288731617
0.517880223341
0.541074334176
0.451104326663
0.460731268347
0.5749651725
0.718608983881
0.776839574394
0.694214234865
0.577530969094
0.563671816371
0.458129169808
0.502713212659
0.644048091033
0.816085066668
0.391222886976
0.418564308144
0.602848518632
0.55182579409
0.53455711578
0.475976697467
0.630674309793
0.443049281495
0.624995410734
0.577025123371
0.622080645477
0.571004727557
0.445190750845
0.544768291477
0.53968316046
0.436354892378
0.495350314515
0.669578085826
0.477231246035
0.597153879455
0.46838659585
0.542527883772
0.552836090567
0.631137954197
0.537168422773
0.498312527938
0.51999478718
0.468080197185
0.717547309168
0.37583452171
0.494747337385
0.645469862935
0.445174540026
0.39224990891
0.500910673278
0.777953392545
0.642854381063
0.617932216593
0.512266440572
0.845792813915
0.405801449453
0.74425649044
0.680177044726
0.503144008899
0.634648198264
0.547786155404
0.497942207207
0.606539869729
0.360011609013
0.528859241729
0.625815252888
0.622531904054
0.577546993514
0.508758011675
0.677359722054
0.549899737742
0.412982594418
0.518485540616
0.345656333647
0.547291981834
0.614166733993
0.554220961549
0.500318602871
0.589330322002
0.59407210814
0.647398019246
0.471454156602
0.638111983076
0.654403612733
0.628155439884
0.459528204764
0.548893569474
0.556919705058
0.748613872716
0.461038510799
0.827280661472
0.747576164876
0.831070421864
0.522697269934
0.685772805304
0.6167876238
0.643308701886
0.641746797489
0.633427387733
0.472391944958
0.609110605425
0.665239474942
0.534753457871
0.459253272447
0.646544430739
0.507752287905
0.82358688087
0.550992937479
0.544593117843
0.534400168185
0.464702302198
0.476649496951
0.619526671813
0.564494820965
0.437100495348
0.588425064723
0.540687154588
0.599800667487
0.795017642967
0.677184867851
0.748375865475
0.68170637893
0.485876860323
