0.614511610092
0.547992631375
0.413896764777
0.464677294731
0.547922055932
0.53607025811
0.433880253164
0.593857804664
0.722496705899
0.716515160232
0.475255718257
0.634502703219
0.593904173922
0.478706382019
0.678336470173
0.70673003229
0.703519555489
0.559340037947
0.585713894865
0.54159174175
0.49544184602
0.510502900287
0.467615449935
0.584014230488
0.376973927641
0.605985430092
0.444674947314
0.483430849059
0.6197299862
0.665418639225
0.597504161827
0.613387502034
0.579680985167
0.467388094467
0.726090249121
0.569362428629
0.553004410769
0.514883935808
0.405343468269
0.410668493853
0.551758566066
0.62628836273
0.388930681582
0.700887892228
0.504681751827
0.455003157085
0.581872719427
0.651593401856
0.804736181371
0.655307242059
0.543059654372
0.647200125702
0.510344369066
0.702280922231
0.574234004561
0.736175888818
0.509623200903
0.380490392763
0.662228005606
0.662756298529
0.519292813765
0.556074842047
0.643840943643
0.597188575029
0.554118099387
0.564273392396
0.687860388214
0.605179416245
0.510650854365
0.601416481101
0.436543419951
0.536731743955
0.441846391481
0.507463253055
0.584467757367
0.576867368241
0.636000084891
0.606220848802
0.515946915572
0.597903280804
0.539412577517
0.474163405699
0.642500027255
0.535486633458
0.511148579434
0.459853921573
0.522105890222
0.627334566743
0.544082824222
0.588864483715
0.681727111175
0.549989046679
0.458424688803
0.59847858607
0.559367569359
0.521192749762
0.424612725596
0.453079089513
0.569046528223
0.783080918212
0.494144664992
0.607081923166
0.449214445722
0.65067397119
0.663590208009
0.616258759569
0.594560943873
0.677757659169
0.672028966534
0.613678954746
0.502917509204
0.525814188974
0.438919774021
0.610432796353
0.725674879079
0.698120058976
0.560177485811
0.655571551526
0.533396535773
0.611210858068
0.739272773902
0.512534794477
0.537761524438
0.57104045825
0.627479186428
0.544294003573
0.679961211741
0.650943882073
0.695711755968
0.89907068458
0.634185340236
0.614660391859
0.590632538512
0.439014102054
0.560785940585
0.473168217198
0.501072035212
0.731516897219
0.504591922286
0.531599048186
0.520503317823
0.524665695707
0.513843717488
0.368068958151
0.579167259999
0.499215989816
0.562217542608
0.630716920601
0.513351522907
0.449762410687
0.5387339611
0.638167119434
0.50483178649
0.685111913151
0.523363414695
0.596149186775
0.686426508623
0.359232939367
0.614297412948
0.584437579389
0.558014239692
0.690484897419
0.557222801409
0.569649465667
0.594229006396
0.502860805977
0.46855292843
0.636712392781
0.798072302208
0.640440344448
0.711153811794
0.53297976951
0.551199831172
0.567816049519
0.601555836737
0.576178584505
0.446807190819
0.669635557213
0.7574851536
0.676895570408
0.584127531367
0.577143967341
0.544067192977
0.74241906343
0.601925284803
0.501895968262
0.558385321751
0.621675813946
0.544397613094
0.509215558227
0.641696535763
0.72028908174
0.557804148429
0.584208269593
0.597418045578
0.430441279935
0.387268921709
0.471985191734
0.569289767698
0.608679551449
0.772277472549
0.727889326008
0.431741338937
0.479664648369
0.518775626552
0.583649476243
0.446086377754
0.45356696913
0.668517243519
0.682537840562
0.597262761231
0.667979852519
0.62549123683
0.624111561486
0.473442212837
0.496962502221
0.483431608974
0.519340046386
0.549137408085
0.43661007409
0.766944851581
0.560710148716
0.477498441868
0.615607312606
0.58186701694
0.47086896563
0.44365226052
0.505598996426
0.607173921797
0.759151663812
0.613026087682
0.57171397816
0.571045496879
0.45650323462
0.447170574734
0.49609855019
0.723203165634
0.593680204672
0.646844572301
0.503071916058
0.788985164464
0.697279989772
0.768564490365
0.811787918784
0.658711629162
0.505480771722
0.646100797758
0.459646593114
0.539992600606
0.58434840642
0.638851801902
0.529879778092
0.833858854882
1.06303492176
0.61675696083
0.422989237657
0.509886198688
0.529277462816
0.482440053545
0.444163536516
0.463673171758
0.947613534895
0.430809422771
0.396214742246
0.701183065511
0.672922295049
0.425410816417
0.575988428876
0.71906142917
0.835452542537
0.528476297912
0.607703469035
0.771810338829
0.877998014118
0.508320191263
0.603826505108
0.493519589734
0.619091463341
0.51492445062
0.581659460414
0.68539504628
0.48712682261
0.789606527128
0.767395792937
0.535536956138
0.471743144825
0.719698574732
0.782730665502
0.654623735636
0.559207953399
0.380460575058
0.547464248666
0.439922087765
0.680509137214
0.725803677795
0.597977740337
1.08466767413
0.546500304688
0.745055371609
0.614302690413
0.623404349836
0.475845971746
0.706006182715
0.539657515927
0.500127630262
0.650283184518
0.639383381003
0.61366287831
0.644524938924
0.538173421511
0.764611933329
0.567128034487
0.614684429453
0.589350699306
0.309056196068
0.577970486185
0.96706216226
0.526276610606
0.462296506941
0.445012777253
0.586159777594
0.621985128115
0.747196986545
0.63540838492
0.616756734135
0.725027904904
1.00012996599
0.686472711635
0.528813420553
0.605703184867
0.578396301306
0.525618335743
0.616856569289
0.451535465472
0.680713326209
0.815563424336
0.565846726587
0.518795801597
0.570683367597
0.519432860485
0.614189277612
0.378882659602
0.607042527505
0.559258692766
0.852274059015
0.863288259483
0.657781368917
0.414930701627
0.529247848795
0.566942640483
0.709748142957
0.647632134048
0.68137959588
0.620059571087
0.549176960906
0.597850068123
0.793538029503
0.378632926249
0.43203534709
1.04875284877
0.529725968828
0.562695207605
0.566963794275
0.718270764819
0.601680818404
0.544398347257
0.696169556381
0.655397491798
1.06497346744
0.58369612812
0.694323187228
0.731321018789
0.654193736543
0.353750324592
1.02873449523
0.487274538257
0.621117573962
0.492010944336
0.709329868572
0.577743425388
0.562940941208
0.615284115188
0.617421537221
0.509249179865
0.817462357858
0.708650688947
0.767481951684
0.535769405155
0.540866709396
0.50603009744
0.558640601228
0.645088003155
0.558952776438
0.512206583625
0.650779073334
0.522976435954
1.08064524424
0.501053178229
0.480489991903
0.549775225403
0.450164504414
0.875992940742
0.851048787446
0.765441857051
0.526844806193
0.612419495243
0.565167754408
0.767031932054
0.365732083306
0.633778305128
0.512861329032
0.653758865878
0.75846940681
0.555043207468
0.502782067491
0.810096835071
0.680201434126
0.489505707881
0.544583078932
0.605011910974
0.765704308138
0.480564246838
0.629781307644
0.442276653232
0.480895577008
0.487923348935
0.604385303388
0.660393129399
0.939048893014
0.909055884346
0.450840333993
0.684572989449
0.436977334686
0.395144125964
0.629037212729
0.929544659514
0.560887124586
0.705068627284
0.48089610134
0.547471569183
0.620216441161
0.526187139069
0.655751996762
0.371186520005
0.672318545642
0.590656141727
0.561258996253
0.840572417497
0.431462478526
0.707417603241
0.520791054173
0.665573438584
0.403212589109
0.892110263224
0.574749564001
0.524870852495
0.567352177147
0.752375009703
0.51159129052
0.642380451591
0.629231293681
0.647095376493
0.541247391599
0.591592400006
0.593387963288
0.654787315012
0.559813142402
0.497944952541
0.539932486963
0.634268138238
0.579197796578
0.604559227859
0.450982774912
0.770002955035
1.11782918661
0.694647845291
0.440024663154
0.509684018582
0.677398111103
0.569894637651
0.482856782356
0.409360249786
0.653952674512
0.703277426725
0.405716697045
0.539102328622
0.680046357348
0.420181776934
0.526500371318
0.610484546615
0.676311296702
0.694287351948
0.525894544005
0.458590970063
0.503983616179
0.542357719823
0.596282376126
0.65342062338
0.508798206083
0.628913189491
0.611189044439
0.640826616501
0.694188408837
0.653576371598
0.361961198379
0.612164177784
0.396678855349
0.523388439235
0.617022254746
0.588775423349
0.441697129116
0.605738080905
0.574307947336
0.834995403785
0.483533948492
0.639622643706
0.632136235425
0.665054717375
0.621115923896
0.773797505547
0.610518794246
0.85752042326
0.4798879048
0.607357497465
0.417387762704
0.546488001641
0.608212395381
0.657667445781
0.537527921268
0.778647602949
0.394161902518
0.531813338557
0.522779556771
0.688363706527
0.639222429133
0.350196907838
0.416105079561
0.506154604958
0.794602047923
0.554217612326
0.463748063231
0.71872635558
0.443679298307
0.666403781572
0.439946295402
0.71239497373
0.64956107966
0.620244482702
0.696826124648
0.692599245604
0.677567540541
0.582642826247
0.530045588388
0.604879465779
0.520606617237
0.577469067851
0.5447183996
0.441882215757
0.692983947513
0.59336525937
0.606300836465
0.4735769791
0.46835925919
0.449703713081
0.512818917494
0.659923309196
0.519092494634
0.801899964325
0.473317631442
0.691817541372
0.734098722647
1.19947974372
0.561461235721
0.445217076917
0.756103190612
0.423154998428
0.561231410653
0.632079547581
0.46579094905
0.695055449759
0.49435894452
0.577798120823
0.561748442614
0.65247211789
0.427815757182
0.494094848587
0.321662458632
0.666939377693
0.503124438183
0.639411591349
0.628650585199
0.426306930496
0.657957590989
0.537968777341
0.525760757038
0.531818231282
0.613251249038
0.835834544462
0.354102928915
0.636370631854
0.387863362378
0.404599675024
0.599239536513
0.371390631569
0.612894539503
0.647506553047
0.561278621676
0.450245008472
0.560158162369
0.620398489984
0.682969822364
0.427405707583
0.593079287645
0.457072232465
0.47170879645
0.860841432173
0.686509395728
0.588350629608
0.670268295812
0.644277554657
0.693542648766
0.516994945734
0.452990322207
0.660632825899
0.64517814383
0.54429497973
0.562062751525
0.535866409544
0.769570816602
0.740275412911
0.427914894817
0.420275829436
0.57112249002
0.653590474377
0.608984733534
0.699856884751
0.725451096824
0.448541731695
0.437198814102
0.52932661572
0.367966486508
0.569073938223
0.52359342653
0.461268125551
0.699261234419
0.397619891806
0.614250744826
0.603310877349
0.55539955322
0.572262800606
0.433024646194
0.60472319493
0.718054925666
0.704159725829
0.533855962396
0.434054589728
0.646526480411
0.680865764794
0.761702687167
0.599911861397
0.587886473464
0.724136521373
0.827053736948
0.506928883371
0.613733396234
0.801187131661
0.662362686422
0.617301321124
0.65554963044
0.452834261862
0.509729198184
0.392111466118
0.513479253868
0.529606183605
0.567662088346
0.694165554018
0.583903547833
0.75385872165
0.622235417126
0.642324325156
0.67041974779
0.432677779335
0.52638956637
0.572137280694
0.568637870213
0.740436238878
0.618552224255
0.67573075697
0.50363120383
0.547697479327
0.540269161203
0.561654924177
0.689500975023
0.513359618332
0.519742272857
0.59806552072
0.456230097406
0.649677311546
0.449869475783
0.508550660093
0.756973455345
0.651291578734
0.417824795944
0.763980947726
0.624923303099
0.614097046557
0.519702827732
0.691651102752
0.758298562154
0.596370108247
0.927054439967
0.55482113165
0.719447587031
0.562560872795
0.580333634639
0.560483117118
0.5414573973
0.522527219958
0.655858082097
0.630991938963
0.778499572268
0.46220195444
0.698101959753
0.655270638474
0.57531421579
0.487863386625
0.486418735548
0.668126496164
0.634163674506
0.531736230685
0.576822925618
0.541848245017
0.490611570061
0.532154708762
0.753784824741
0.669819405448
0.647922565141
0.612894765898
0.471727319377
0.666541648057
0.7327449141
0.502848878221
0.518181469043
0.687253643285
0.753301616519
0.732093135034
0.689934116233
0.477562582937
0.490632275926
0.557042535498
0.669086289014
0.543436891381
0.637010818746
0.454159362929
0.759686536285
0.608774828916
0.545815958453
0.626355651393
0.62248674227
0.267007623291
0.69184746538
0.502739321088
0.815254012101
0.713875368691
0.457058118427
0.680264226462
0.479989483182
0.645175192034
0.508981522179
0.562714885575
0.545367349219
0.553959011106
0.818174689328
0.464350545869
0.595479194229
0.589830701805
0.362222609424
0.761096334705
0.6720669613
0.543412245454
0.612069669943
0.458123677101
0.576408879728
0.559196394817
0.549328937038
0.597769581284
0.735738359958
0.590529236543
0.499580721871
0.83843552643
0.625436749632
0.542710309272
0.544170758798
0.496803692424
0.562216960517
0.660348390442
0.56176993721
0.482447107732
0.728652595431
0.376360895563
0.620517533981
0.55150523305
0.534229489507
0.692572690845
0.559825422424
0.564875822676
0.797870697745
0.619413810952
0.569587899749
0.863667156571
0.816809822559
0.454628951843
0.723013592405
0.580686183954
0.486586484965
0.557756062948
0.584670701231
0.741740996199
0.723681936467
0.686849954678
0.645031346434
0.756632854185
0.574707985508
0.464668312871
0.616326328783
0.540933272976
0.645104765588
0.621796523852
0.571369583692
0.477633631556
0.540011938731
0.560654932412
0.511525806451
0.493191049325
0.492165331348
0.462433524925
0.680001092161
0.744215603399
0.679401203319
0.620094899557
0.571637550752
0.753009817059
0.553146369798
0.671491073799
0.449456150082
0.547395356443
0.396984396656
0.463706002498
0.554002011101
0.688067154459
0.412850404558
0.620931684289
0.772938422741
0.642646758752
0.572375148414
0.582114423239
0.557264683293
0.537176107584
0.553775373128
0.634364472234
0.635307624185
0.630397915614
0.530642072511
0.68641209358
0.811634240693
0.727761174342
0.450515611143
0.554713479168
0.635591355536
0.509330959072
0.585410755665
0.791633210698
0.467299478227
0.429040994153
0.588834891984
0.469765643635
0.532814019956
0.517710766837
0.438573984225
0.596474320302
0.678014533185
0.574564535724
0.701315982169
0.878744953206
0.59801335296
0.514260506788
0.781734968752
0.628068788188
0.553666703623
0.502254215387
0.52630501462
0.733439970672
0.530439435125
0.580252084725
0.587309760829
0.573711821435
0.405909340868
0.58297410719
0.512381677415
0.363103650675
0.635272353076
0.524524151424
0.822483664628
0.467723142109
0.512786558287
0.651162877352
0.53157980624
0.598233788605
0.478086200855
0.519730213905
0.602045990289
0.458459164584
0.524045325439
0.52861154623
0.566373724519
0.721067835443
0.509723122965
0.593426848172
0.622028964414
0.543363467815
0.47428184471
0.585784984792
0.420570105378
0.697049878312
0.510388184906
0.693540959952
0.471935533396
0.38832590832
0.479146369782
0.57735327685
0.527639369315
0.511963694569
0.656881162908
0.533662299383
0.673418188517
0.645399408908
0.486485425789
0.443451454741
0.596770527323
0.731902015003
0.552426329818
0.595097165845
0.703522929991
0.648888414693
0.710402144425
0.493096171517
0.517832870693
0.598245407596
0.575566337998
0.477336803045
0.49660356641
0.625056607002
0.529499586786
0.428618707189
0.466073802442
0.534040983531
0.441401570033
0.572268459925
0.572005072323
0.423782356994
0.596999236307
0.604975822689
0.472225608885
0.470449511582
0.510165394009
0.608902147932
0.618399339235
0.438051229831
0.525859157369
0.558807780606
0.524527445333
0.591935034796
0.672262850126
0.701692003253
0.579380875
0.745439383097
0.524261056041
0.57630239824
0.622294931917
0.463736582377
0.501328605154
0.573740597433
0.577944506206
0.530308855281
0.563422201094
0.713582851198
0.579379484106
0.751564787937
0.792001908911
0.831287836016
0.490211873371
0.547835533687
0.523826940171
0.85064202724
0.638812292067
0.476868515193
0.475372271454
0.501660591292
0.537728824163
0.606750535995
0.468496473519
0.483937998811
0.654944188092
0.618627332104
0.593416644675
0.794579451552
0.98947272644
0.761327615801
0.609176040791
0.55159795339
0.743355140222
0.507565708605
0.434469039842
0.955022526752
0.517049538675
0.432306023116
0.58570253542
0.902715108471
0.324114324419
0.695292656599
0.387844417419
0.430982970503
0.580065575794
0.643761051476
0.684614376117
0.559597943204
0.894239904853
0.570972089797
0.505683296357
0.978034240843
0.563695054052
0.802786660718
0.51461931156
0.618976332641
0.608889969224
0.606088950321
0.502988616142
0.873983571446
0.689648350467
0.768293634826
0.540322326182
0.490817708015
0.569112674383
0.491464797215
0.505208063813
0.66371844431
0.802427091762
0.631118334445
0.517258421338
0.56973897473
0.564046751534
0.859278634083
0.562845492095
0.783305460307
0.637169492364
0.789173955396
0.544216588803
0.581997101182
0.510980886457
0.677341975732
0.927372855106
0.846507403109
0.587186667819
0.737151276356
0.60097007552
0.860127670331
0.531286612683
0.663884253293
0.444212115809
0.577853445856
0.531374770085
0.792003887229
1.06202869656
0.559805756169
0.834826314623
0.608853501775
0.661128421596
0.540829426883
0.679465788052
0.409902580359
0.58327241931
0.390767493982
0.534016017315
0.505955042391
0.609565497304
0.485944189026
0.528865034476
0.567060579976
0.546480740117
0.35925370843
0.63320852685
0.473722921954
0.493208560408
0.709606142555
0.614659989681
0.531651184812
0.495857861991
0.434805939653
0.501230425034
0.506490257977
0.430949769621
0.545105619425
0.641898259895
0.491254230977
0.597196818911
0.79031819567
0.470063833322
0.262546596633
0.558741015525
0.487881139162
0.389764577184
0.642322426564
0.437214289701
0.687468444481
0.403446839436
0.471915356658
0.555039289051
0.637552382953
0.594630687477
0.721875523913
0.526062215951
0.594352693469
0.63184902962
0.519386323007
0.621887091315
0.488373733949
0.538063381033
0.409422741393
0.703581896912
0.615952760893
0.493973443635
0.461458620354
0.654421292868
0.357309807084
0.502255244452
0.493762177749
0.517610784947
0.769503050084
0.63491215039
0.49773856456
0.585928510119
0.43811463347
0.578404134023
0.59210724368
0.494059705413
0.671033338202
0.532272127048
0.673717426468
0.633207561835
0.585983703127
0.730616890375
0.446394933362
0.416348836168
0.445724528347
0.620128519744
0.593635536795
0.593770382643
0.487045566304
0.571740000741
0.611684080414
0.818726656875
0.544303293288
0.578800395308
0.698808362188
0.586978738593
0.798317298854
0.496304919616
0.575660544815
0.465066586233
0.656471593782
0.607267707287
0.60650650543
0.455385022864
0.426350668068
0.474106116569
0.471197610795
0.32491404723
0.86101113909
0.698289379858
0.567693522806
0.563968186154
0.530758388444
0.488348327155
0.800224114728
0.587390893121
0.458886797337
0.68869042821
0.670143497742
0.455412816772
0.460720257753
0.62580401593
0.559721903805
0.656551670672
0.431202923735
0.46502724209
0.812191597037
0.918399894274
0.511193858202
0.373071342768
0.658242739786
0.613398196506
0.69208793677
0.663954073363
0.571200484551
0.53080468696
0.581268560329
0.550351357709
0.55613702493
0.51828496174
0.504631375853
0.619937978911
0.531946284062
0.585222888442
0.361442913958
0.510361513328
0.504900706651
0.690117833441
0.440925595234
0.692316233416
0.53925595186
0.675272146194
0.634997896852
0.425846466067
0.488172850797
0.641625608105
0.639082735755
0.910564529114
0.579873117678
0.614200746641
0.624009505992
0.530731331419
0.674365295521
0.615140134281
0.626330963931
0.669719629823
0.511422751517
0.820492520976
0.398789111215
0.627247714476
0.456485987445
0.726212595332
0.810278105603
0.550156196306
0.563318817334
0.550493774597
0.655986875361
0.399182912489
0.637027690209
0.639838889493
0.618875072553
0.419168861481
0.924221830453
0.440213191759
0.532514815722
0.621130088287
0.446734047374
0.324401123142
0.479789244096
0.479651118592
0.476229833444
0.56733170753
0.722509351439
0.52121160472
0.413230352123
0.552341688438
0.534313002432
0.725446500257
0.6992298726
0.447958645126
0.529236481123
0.527582509399
0.729881872585
0.470717008423
0.608231556495
0.544638673023
0.500210731013
0.60862424621
0.651930829545
0.702901717107
0.781360942429
0.463112057556
0.531142458135
1.00718721321
0.787558659864
0.503805821755
0.598997606264
0.598935478017
0.470051186366
0.527498833096
0.482337725243
0.590398201232
0.517663819394
0.637357942116
0.45850410591
0.557206372721
0.473637535359
0.564136611489
0.528789403409
0.484487904684
1.01601521477
0.719778496174
0.482407389416
0.743422274078
0.470992102736
0.606113842364
0.745418878586
0.674432183045
0.582603231832
0.62284737637
0.692874202758
0.548463569482
