0.525436160574
0.593849448627
0.586638080598
0.594084549295
0.619192752286
0.561375100432
0.542609837038
0.517228408533
0.400113182727
0.447035903565
0.346300587393
0.64325955755
0.525025544269
0.558463893876
0.810914689973
0.523384352832
0.40637857986
0.436957976824
0.465064964196
0.5461498278
0.570185419349
0.502200169732
0.744311146507
0.63268316975
0.589012842091
0.481164384289
0.444689242719
0.50801520906
0.506496218996
0.529293599998
0.56216307531
0.565525610532
0.461264114615
0.437650012087
0.463563520084
0.561720158273
0.589126063454
0.512204820412
0.419005719527
0.739206650009
0.382242648679
0.555339495368
0.41162038559
0.500600239626
0.475632799213
0.520408427216
0.418397636399
0.581808202245
0.664034239187
0.699330367762
0.479767062216
0.550955535612
0.568637565905
0.669038534319
0.567130070298
0.453764739312
0.376564464069
0.568096515321
0.594088632815
0.434262747669
0.722043644708
0.518372928044
0.444936405395
0.588066745673
0.491946264371
0.604242606087
0.503340933314
0.523258802765
0.449090385895
0.620372321495
0.57670773797
0.630859827474
0.480945100726
0.591218543113
0.507568031989
0.616536592337
0.550146643766
0.34766708315
0.650656358107
0.579475397232
0.606896431935
0.560912141332
0.386429693469
0.47941652947
0.471868188002
0.6252848805
0.515014826491
0.535343305887
0.348089990114
0.649491129794
0.519501992357
0.718238498657
0.511204903
0.508275571205
0.614930845084
0.646246328587
0.552817374111
0.516100919563
0.705159251778
0.432280319461
0.553880072164
0.496163792138
0.512670238511
0.52936787085
0.595804472714
0.577257482209
0.434720625697
0.567645930112
0.634009946636
0.503150692043
0.531631551113
0.505439296763
0.706476277033
0.836309718306
0.639643268705
0.676578281148
0.533304439242
0.547431770979
0.333671175101
0.691205471551
0.464899124167
0.553368072687
0.487918280599
0.634154170075
0.575173034332
0.554866297287
0.597674469949
0.61647891041
0.506096712178
0.592572614575
0.538183520755
0.554333627609
0.529025569037
0.539651659351
0.530007906443
0.410005151931
0.597887865691
0.543968829512
0.570464546542
0.460084691694
0.443398233878
0.549438247167
0.494898350712
0.514737881045
0.591702255226
0.53366301967
0.52707140873
0.693090455968
0.686778183004
0.755256823992
0.600719307442
0.483891460327
0.586008680927
0.653606855385
0.619609846649
0.577394656863
0.690623469318
0.54866420835
0.729189557245
0.504842809746
0.44980842662
0.619781181338
0.467700358419
0.559580828198
0.455530332044
0.436244483284
0.545220984965
0.385765312724
0.556085638202
0.618419907837
0.544731115397
0.559445210986
0.832866099298
0.453055817556
0.409061274431
0.660907022571
0.544482099778
0.549166530212
0.700122080707
0.548623866792
0.586869041724
0.527027757669
0.544181295002
0.578231094937
0.570259648484
0.631894173246
0.456309341983
0.424837896877
0.500637035729
0.459554761688
0.648935730849
0.58523863927
0.70252625873
0.566542658125
0.596618143944
0.44513623023
0.552001134593
0.540519642188
0.592654894328
0.588234733764
0.400429348563
0.555499906842
0.435262165934
0.596815428297
0.620031208615
0.618506700531
0.541087160592
0.424044195802
0.59196277128
0.530112981
0.641150406626
0.353000364279
0.612323002635
0.496532046411
0.530848761964
0.678316003596
0.455304354631
0.610455750295
0.766259653483
0.482859617656
0.738539065705
0.520573818977
0.6065648433
0.735060411003
0.672198180377
0.466395322664
0.49662290789
0.580110930831
0.643377190336
0.589004050844
0.49621648913
0.572686723968
0.690960767458
0.583921583649
0.46493333874
0.67054927345
0.640330872018
0.569059154188
0.551861090249
0.655091458509
0.476282798974
0.540190391726
0.711812860463
0.666017607126
0.659817207427
0.626691354866
0.667508547504
0.527938544247
0.551391432641
0.561018621519
0.485381405009
0.763099045874
0.466659421199
0.592810217007
0.545209086632
0.528573186774
0.428784386013
0.511041964452
0.629179643444
0.604383109821
0.657341098552
0.570662048862
0.548650495694
0.744078226666
0.63286399648
0.522212177427
0.609524022054
0.436151150528
0.609519088169
0.619973349406
0.560670974736
0.61246685213
0.500084908962
0.510053390983
0.573430451116
0.644020011859
0.497452352324
0.517871901498
0.428089922491
0.457366098098
0.671867298353
0.583898320695
0.618258236379
0.557707517149
0.533754988785
0.388650957723
0.448868718698
0.669621124134
0.468068271051
0.551778788196
0.680917232198
0.439152365929
0.493131407603
0.585267126587
0.59463055445
0.552164040615
0.688503136949
0.517839735393
0.554017338289
0.580750567377
0.730086294486
0.492538361518
0.641335643347
0.61466085207
0.709412726148
0.759064355488
0.558613299831
0.486800493328
0.521330307993
0.547687359437
0.551902870555
0.545851041144
0.545684868064
0.553060017029
0.501173585775
0.765735280862
0.435911079839
0.819032161844
0.619110144607
0.463007336876
0.663913199359
0.666414808263
0.747097853501
0.524338283061
0.42607655345
0.798146670191
0.5661437376
0.448824631829
0.644519380388
0.580244179216
0.475379788461
0.701726088093
0.531045206511
0.644790615465
0.524651259403
0.487321285471
0.574999754842
0.562206755643
0.647536824123
0.483152977982
0.63019303197
0.464408699052
0.598848178469
0.515482313427
0.803497926115
0.759973786729
0.690137149119
0.640800940847
0.560552223063
0.602306903891
0.53630171789
0.64627830618
0.512967989589
0.529645358079
0.495001147165
0.738781009503
0.50129824773
0.53208765352
0.565091971853
0.605995753766
0.68253985727
0.34026961767
0.493325757831
0.598065026157
0.460597006741
0.609053960501
0.668725387615
0.555526861572
0.763936531197
0.569366001649
0.528394869567
0.565107626678
0.550768772767
0.551180717563
0.685587116992
0.616234722277
0.610119442198
0.679704263531
0.722694297509
0.483143006239
0.457925808759
0.647647563615
0.687409544593
0.679483050539
0.399947984674
0.619432688007
0.538382146506
0.419964505671
0.524542945944
0.477749112271
0.402098431177
0.593466185827
0.661154641104
0.676204478642
0.470441376885
0.599940275351
0.492785590868
0.430412394758
0.800826239648
0.688698871105
0.659831092911
0.645264900999
0.390621654006
0.62081316035
0.647360924749
0.681624258479
0.759889574364
0.52803810157
0.506463227117
0.571639374889
0.640596500022
0.765647814978
0.643934094692
0.611967225886
0.629187601136
0.524222442835
0.694258658236
0.535919683987
0.540675457499
0.713772260483
0.541207585908
0.666863769871
0.516249610436
0.62599325827
0.555565745258
0.415279467445
0.464169655704
0.598235625012
0.442934568575
0.633319775187
0.462987069907
0.651583689159
0.567224059205
0.544047613817
0.453087999168
0.58708070996
0.673191459866
0.519380597456
0.716176285174
0.454732858647
0.699013313304
0.674459729889
0.596442389055
0.525524384888
0.687767203172
0.613018280218
0.548392764089
0.570260196581
0.686900423816
0.475472935985
0.415164815145
0.50940028123
0.854662439277
0.572029594417
0.558874713008
0.656431540303
0.578280082856
0.65203205205
0.57284400329
0.669197246787
0.530576199916
0.516720104392
0.628275360488
0.464150356593
0.635077196354
0.847930368119
0.860776693918
0.441508321618
0.458678516794
0.585052414627
0.390251927539
0.679402792695
0.55700637687
0.541007711031
0.576750609588
0.664105135587
0.59543710351
0.47069708614
0.463210779765
0.582488437476
0.866291854889
0.561768530694
0.546521383611
0.57809224394
0.600212704275
0.632150916741
0.516308388709
0.626274997741
0.293962951217
0.483584062785
0.708035296526
0.549430480556
0.475298339628
0.605020203748
0.658634799057
0.620523025612
0.433811526109
0.581124492521
0.531044382988
0.679337533137
0.657595891624
0.453402773109
0.567019209235
0.548763835136
0.36941200149
0.576306705063
0.467724755397
0.599242445314
0.490451982334
0.53983830017
0.569999516806
0.397472219029
0.458781623731
0.486034822004
0.466498570975
0.516980595612
0.50238127383
0.568880679527
0.615804412537
0.580314082083
0.519671194595
0.374905237937
0.494302430716
0.494427462586
0.412498495329
0.579801702797
0.715510129557
0.473630697826
0.628638812926
0.58799123227
0.562521507893
0.605397802528
0.411800279683
0.580770743478
0.755839412882
0.50145130455
0.606375673128
0.807057244351
0.747314057163
0.41325389277
0.547539720581
0.466600815059
0.491318581157
0.587960350491
0.615523110403
0.55380947338
0.591003607376
0.625813380564
0.553830573987
0.538702344399
0.57311221667
0.536414430809
0.742255004979
0.686315636141
0.472639397722
0.639999531385
0.585034258367
0.700442627744
0.811267398343
0.618618803169
0.679701991812
0.79510856646
0.543589197429
0.54717515805
0.561426139521
0.501376404604
0.58644128532
0.805495061052
0.627888701648
0.544196328311
0.490962640799
0.606049283226
0.731646030508
0.559338280969
0.677562067699
0.468897513314
0.771274150877
0.646688520541
0.595525016379
0.584925693768
0.575381591662
0.832204166992
0.491798419133
0.402496824792
0.525653025234
0.720373167969
0.563654282554
0.729581657086
0.549427474882
0.53158302251
0.677255110415
0.500844089853
0.467642181495
0.464026276989
0.596651067614
0.672654030051
0.731620841122
0.520647573536
0.606945917878
0.525049791479
0.463921603119
0.728503964882
0.585671419397
0.652728130455
0.602882079367
0.581004715281
0.649930398372
0.499614136096
0.800468665117
0.714453487998
0.390410104087
0.837610661583
0.832695314639
0.57866488712
0.611069629915
0.609490919164
0.508947581697
0.567564100404
0.653956018656
0.530067039398
0.46245450135
0.628174227369
0.370899643948
0.554176934373
0.544249094295
0.515898441164
0.601445432919
0.655457535868
0.541166836087
0.730114919718
0.51047176567
0.520464754233
0.501758291272
0.697010374929
0.60296370926
0.669077269892
0.661225558621
0.523688611859
0.576578882784
0.534769816473
0.678063952552
0.487106359291
0.783532984122
0.827214951579
0.507080109002
0.438551675248
0.632280332679
0.572707599313
0.579142211469
0.378572314177
0.672698286934
0.457116343838
0.504769303773
0.452627134453
0.647136166302
0.584791922946
0.544646690606
0.570803276591
0.679365088882
0.575221094317
0.552530195299
0.60851180375
0.475928103102
0.686229305426
0.493963404008
0.495462317085
0.798820810888
0.540704281974
0.54774103404
0.464832175094
0.704122877852
0.541661897181
0.610197800808
0.706874016811
0.615348228809
0.571160389659
0.619308614781
0.690199100636
0.553277641241
0.823908430172
0.664680489079
0.578452827101
0.475451943915
0.677215725643
0.569885125861
0.449779376085
0.956189599235
0.829918582128
0.58605230138
0.409409291394
0.625804528201
0.721647954811
0.627904173363
0.449129990492
0.634356002476
0.433092799157
0.476302386335
0.648500155748
0.421793840972
0.355420944977
0.590620815649
0.389396462673
0.710133788513
0.46995293872
0.626202832264
0.519128769931
0.495994121318
0.473885095432
0.513045791949
0.492667197858
0.685236084642
0.483819482768
0.755306355927
0.566217440966
0.556875798507
0.559792939076
0.544877090467
0.701181729853
0.541246688681
0.398663089929
0.482398380039
0.493869755118
0.520313165469
0.547078280847
0.724953115167
0.558020635929
0.799241224881
0.696472654893
0.474020154376
0.645920289511
0.583561438702
0.466558605149
0.612029391776
0.613486863124
0.416297157198
0.573083424829
0.580103200793
0.613802390092
0.579197528316
0.447442705799
0.604838408229
0.390624165688
0.54690866312
0.701859397905
0.486965009881
0.632661974752
0.59388813531
0.703678669628
0.609327876158
0.42920347617
0.559895133546
0.663897751233
0.354665284068
0.528261541882
0.545309351821
0.673821979612
0.596089947372
0.751024065105
0.459029910254
0.772630629617
0.465055024505
0.453412416829
0.528004935495
0.550342594801
0.514171357651
0.455973311541
0.54577640611
0.557961249555
0.35406944096
0.56821507943
0.668990952175
0.791805703286
0.497868775311
0.470050113119
0.674965566374
0.697606428301
0.708131648442
0.490042000537
0.449019061997
0.884975312317
0.850094272828
0.331302788852
0.573524184646
0.64826181733
0.596856177267
0.5817184881
0.616564115879
0.469933182849
0.598700347468
0.745060519194
0.531275587843
0.457685950148
0.521476147459
0.648668452331
0.565742980593
0.55645973786
0.433988915808
0.454571376296
0.3139036846
0.370488799199
0.611082602904
0.454663162791
1.01646794157
0.683810124939
0.671385321416
0.414222912095
0.769344655109
0.732172430805
0.660390412587
0.537127048267
0.549547651074
0.472008162919
0.634575679013
0.609223221513
0.834044611703
0.625315046614
0.707902488244
0.695458331897
0.693311442522
0.586560563415
0.372681314745
0.675251224304
0.540181115112
0.527775894909
0.454304283169
0.572458301092
0.621980467303
0.621007263876
0.493708040904
0.5407199337
0.674896600801
0.439459933683
0.547299313613
0.507542172699
0.748890931786
0.376594768694
0.570766598397
0.578141264115
0.754289235514
0.622161883192
0.647916834431
0.424240227235
0.588177492393
0.54796507239
0.574380957466
0.613028230984
0.440792303342
0.684551648799
0.528087485748
0.741120112676
0.46272012086
0.495358227562
0.594330882521
0.577607833626
0.461692342256
0.509747484963
0.486102171587
0.453338335233
0.576505431029
0.564610673554
0.380348722504
0.54600885196
0.456590008044
0.510443644972
0.49200889477
0.532915407297
0.58093300019
0.43870065898
0.795493741016
0.735756827472
0.466689330791
0.423409882358
0.409028659041
0.533980100208
0.565976526637
0.555879836753
0.774282069902
0.494989560141
0.480726658651
0.471510120907
0.590318255197
0.455213194815
0.470089566644
0.629893267451
0.516255147834
0.615062011318
0.653244820968
0.366137541555
0.621470433353
0.491071786187
0.477909631003
0.404703876499
0.706404047468
0.622946310509
0.473197193913
0.383848694472
0.606434713876
0.550695303824
0.602124729761
0.61291288331
0.584877664516
0.579007302075
0.529337676282
0.629806590037
0.419453510112
0.478450564958
0.478905715653
0.479025284947
0.477590329156
0.468465181301
0.514796666359
0.459462525433
0.591936980678
0.649892544847
0.542418341438
0.618696091406
0.664265017208
0.782465703324
0.530690794938
0.673443986625
0.546938499595
0.502012519446
0.567800399643
0.651200482103
0.666189410951
0.544349479009
0.496618707069
0.422049268717
0.718228697599
0.519876157298
0.56262291635
0.626987978289
0.494874858193
0.483823515412
0.507610752587
0.513368892271
0.600008854172
0.501693426839
0.45012911063
0.531074090667
0.852528920557
0.647325627115
0.701283438045
0.456093799867
0.561469480119
0.696124032057
0.630731596638
0.547579364437
0.483751427737
0.525130957023
0.75122763253
0.428065819009
0.661614587484
0.53685126758
0.561159783758
0.748627114629
0.475503574181
0.495011619878
0.526881760779
0.65544154563
0.497476765863
0.471411738329
0.364020242373
0.545495050779
0.68177229736
0.483107149136
0.473839065299
0.499982793004
0.558441843347
0.601461858764
0.629255795514
0.524807959742
0.523020549629
0.74319823179
0.554806880736
0.550691203408
0.658916782561
0.653225283974
0.479663656288
0.55151333418
0.53401872706
0.557111880008
0.802559570674
0.585731681239
0.606855149492
0.595658706859
0.661803848073
0.584176745884
0.540468885456
0.570453612087
0.517879565914
0.555675880463
0.584192561212
0.578208548367
0.564516631497
0.551271037402
0.489899662113
0.481905005932
0.656025447507
0.491920567543
0.648979186459
0.405717055929
0.639150270461
0.443163807061
0.769801775395
0.606942286493
0.463951415986
0.604545582983
0.598696686112
0.660032067498
0.536197181125
0.426548378179
0.555016533497
0.552314690381
0.488700190382
0.679204672923
0.368484957804
0.600635256207
0.496395783941
0.559846433052
0.729584700108
0.670202223673
0.776607112318
0.366555436606
0.53698699873
0.377468294032
0.718432497145
0.553832514991
0.629901634299
0.597446540271
0.57236088335
0.635455422823
0.846697432072
0.643120107346
0.506384417781
0.463835642966
0.508712358649
0.431741645171
0.45545489485
0.504924324636
0.609958512143
0.42315781598
0.62361703849
0.532264853769
0.602138556152
0.725073588943
0.459227316044
0.444751874803
0.60597328914
0.596385659553
0.465928121565
0.654684466068
0.631828892811
0.494310583079
0.557531579338
0.589284112571
0.673066677362
0.514813785691
0.473779367884
0.508998458867
0.603944226727
0.43783216866
0.589832470908
0.544955623417
0.39997440011
0.641138135863
0.428493098912
0.569980809477
0.534628942229
0.657703539628
0.564658028796
0.642469814784
0.614437964213
0.568715903337
0.640349715683
0.462989472894
0.723533220433
0.547484113227
0.46027290758
0.693050611296
0.387878270721
0.800182900713
0.528966610983
0.566759504676
0.493770289727
0.56893214637
0.59805931366
0.372556166265
0.512406802585
0.743571719373
0.454476343215
0.749577457127
0.565055380037
0.879213521637
0.460533893491
0.410462428996
0.461848207249
0.558658546413
0.604044559664
0.459026064695
0.589662802087
0.626922384551
0.402134364454
0.639956887198
0.467629160302
0.544313295212
0.688834930975
0.517494489218
0.629994705071
0.500446209202
0.468448262651
0.478414100675
0.793454008479
0.58030900299
0.567068134491
0.374644655539
0.332965338704
0.689049583317
0.519184927473
0.473375235976
0.602751476024
0.629866868775
0.558807641017
0.472090890693
0.398163476437
0.434767093394
0.430613025356
0.457328977287
0.581171978268
0.489262939765
0.438539249927
0.609556245713
0.658330253735
0.6432357734
0.516060673248
0.439672393873
0.60946327677
0.611279862234
0.497602942008
0.764811557168
0.521678497029
0.539525418575
0.622848432233
0.398248445
0.616550972797
0.491762347365
0.685205614022
0.635149467337
0.422834519675
0.454963969576
0.45246600507
0.431021389666
0.682832664522
0.401603945223
0.573925895747
0.372736514261
0.58598071875
0.551947877565
0.514351651442
0.615116226859
0.524355856833
0.613049112976
0.569493948112
0.620738484884
0.496747206531
0.57135744958
0.411335639514
0.571461439067
0.533435822743
0.650062230777
0.660213821657
0.61006108918
0.486361066097
0.470452761444
0.394401690767
0.471629613113
0.586187447363
0.824160782886
0.656342309138
0.406847150208
0.557007243904
0.618660572959
0.458010492488
0.661797131972
0.569665875046
0.523040414492
0.453008351891
0.45971522382
0.434595165476
0.509019108956
0.629123917767
0.399001802562
0.66656329916
0.556597960714
0.457213399777
0.441434307644
0.543491379509
0.670905283385
0.664914015861
0.585907768382
0.413112000532
0.681545309797
0.669708703158
0.727405265045
0.713683650033
0.563928425992
0.670347919634
0.496235146789
0.520434570444
0.55635177471
0.532213767053
0.772667310308
0.554712190387
0.61347213907
0.679025927348
0.611861929513
0.615719130232
0.4505316361
0.570269166385
0.386712536532
0.497957830153
0.505495041131
0.622826769047
0.73549642286
0.696799322185
0.552937104919
0.627200401611
0.563905205715
0.401964811832
0.667842660947
0.491304543745
0.509492140415
0.612365327403
0.535332533485
0.614790075083
0.503458468689
0.384069406276
0.722647989778
0.589438591482
0.490328545586
0.629850695949
0.665729696588
0.608734723437
0.536540831388
0.567210663053
0.478270538337
0.468435618952
0.614552868401
0.773286402226
0.482554583634
0.50934314602
0.669517498781
0.49347666079
0.402791314519
0.538128167117
0.550171006548
0.586293221896
0.589275954677
0.547049658148
0.697352803295
0.371780608705
0.661602011012
0.524883046019
0.629558952493
0.4161232353
0.531777892163
0.628208357036
0.691111515795
0.484370288699
0.612695461497
0.503131427539
0.473917275703
0.544512034504
0.559713987785
0.425907818492
0.738360263072
0.510958574692
0.584466755275
0.537130431494
0.39538572306
0.627609113658
0.532911544964
0.622912826084
0.525189000449
0.543750672511
0.524193420132
0.5526328401
0.558001695341
0.508133346637
0.536193404213
0.620241357346
0.634334636633
0.569541895509
0.790972790492
0.607613458039
0.747089427551
0.551149979398
0.661871092535
0.689271973382
0.5835754614
0.611984009843
0.544048505699
0.544005507714
0.589819250694
0.532912004801
0.620497197328
0.607913694388
0.510035087302
0.658988180818
0.473159822689
0.626389268092
0.38343959314
0.508722352217
0.632594965682
0.65387633465
0.650931281195
0.595400710861
0.690797116486
0.371061554102
0.52340991717
0.444944913144
0.507757055334
0.645699944188
0.543238337299
0.643194519547
0.546797323062
0.610524486333
0.455889837518
0.590252881708
0.753468586749
0.698294733639
0.493675318123
0.49049991132
0.558889839343
0.529746759896
0.614714831657
0.469630803642
0.476132393302
0.468757440088
0.51868499589
0.569130559541
0.403891972135
0.443341683495
0.38426195593
0.549608615477
0.484519861287
0.480219471575
0.467891147696
0.702404767751
0.485084264903
0.574695977843
0.447508956048
0.632930180959
0.616336616847
0.574891685445
0.688297911442
0.655487363336
0.445391375476
0.481575739973
0.517256665628
0.598755333479
0.712588337428
0.62781253672
0.478804241536
0.447682550545
0.569686374858
0.51057161736
0.625046025037
0.474721745513
0.542676553143
0.484875193089
0.398447606314
0.431248861843
0.652667631011
0.595335532337
0.488194973395
0.545127504469
0.590933030121
0.58874667462
0.530947372142
0.393139025719
0.528636498265
0.370432403994
0.526894972415
0.419913890741
0.656951802349
0.53811822862
0.581283063459
0.599956361439
0.465177805036
0.650850149029
0.587642020837
0.665303941126
0.522529812287
0.569376327324
0.608994021906
0.661735327442
0.533843009245
0.681135959438
0.449999699841
0.479759118545
0.58900062924
0.614316118362
0.607868575461
0.472712851338
0.475865736436
0.685364078921
0.433851648672
0.602609173305
0.582742066291
0.512742657559
0.493005569527
0.700061355822
0.654507877633
0.675599457363
0.655390746556
0.624681790131
0.549135481699
0.40260290641
0.682802300836
0.683011879876
0.457047726893
0.64709480724
0.601196622593
0.709037916255
0.777100556366
0.584254503841
0.558381511561
0.640060925778
0.607477181156
0.324852256093
0.540162238986
0.37234876467
0.549100690991
0.491327008536
0.652895846434
0.528114585779
0.627826271271
0.46228005813
0.517271917237
0.575534788681
0.357490610293
0.444732747803
0.44283093484
0.500503062844
0.464724014701
0.577755627183
0.693194807271
0.431377182771
0.506543581022
0.547203487232
0.432911880281
0.617809408286
0.565787878601
0.400008112691
0.661691461032
0.548412137742
0.448655859312
0.525280717143
0.69243280938
0.564385683292
0.601457488101
0.429853304325
0.392160136005
0.591550636272
0.496972910697
0.600958622957
0.514701339293
0.445112838695
0.438778404381
0.547810055266
0.502325169676
0.468321222162
0.634692455903
0.745448407229
0.509615083092
0.500431974551
0.684302131446
0.846516048648
0.770065526417
0.329299557771
0.87394729677
0.482191972669
0.622800958132
0.58914292921
0.452488292299
0.385872250815
0.762234282469
0.605672300626
0.528478203079
0.596388057185
0.557627121498
0.825819280359
0.470484179388
0.558863900612
0.521399050022
0.459282736427
0.604894359217
0.756063353072
0.55320427398
0.603913582534
0.367404854828
0.445129294276
0.6437463302
0.546630337029
0.666443799838
0.440987154154
0.575020400085
0.667066715702
0.500615595883
0.618412056637
0.625800797652
0.450390024936
0.612584195215
0.628875021008
0.699633433751
0.564843445693
0.676269347713
0.620812082503
0.836634004218
0.656603556647
0.673086813615
0.716765637431
0.726545080606
0.423653046647
0.479325881982
0.616443417446
0.678360174559
0.55887045022
0.492429908503
0.574756995658
0.533769653146
0.404812613391
0.56283242071
0.660267339622
0.564371319821
0.640707287642
0.632546022937
0.567175659426
0.501455586312
0.833735532419
0.654272010727
0.561465492448
0.446344848918
0.472566337657
0.648560875455
0.443087478633
0.661661790163
0.697304795109
0.55241391686
0.619608294103
0.425017080609
0.546055733629
0.57617901915
0.612156814342
0.625023951305
0.675633096441
0.553917751829
0.45653587173
0.563104918853
0.544793870263
0.465634986374
0.679050911375
0.579681813409
0.542252648629
0.687252683856
0.508745932871
0.553710635612
0.545804065384
0.584760979543
0.614539902719
0.614384268327
0.709355172151
0.623537284807
0.658444162591
0.442038412301
0.915627397639
0.628423326118
0.827317794586
0.686842015063
0.589811122054
0.560702923322
0.489711988299
0.569863682362
0.601004740643
0.640450745653
0.842317625408
0.452404514864
0.493900049047
0.51365224316
0.560959431575
0.564886366534
0.59211893869
0.530467248815
0.671983735243
0.486782676981
0.73610622384
0.500023445928
0.469255336705
0.75539220289
0.509455035573
0.555891330298
0.250125265682
0.550293684708
0.477855225551
0.632771979911
0.565956142688
0.317475020605
0.608834727766
0.673955009199
0.590352445815
0.420329983841
0.620386239236
0.541880070796
0.65109807251
0.530548441119
0.500557244503
0.580914817593
0.536590393412
0.699730310674
0.509901636359
0.502877839814
0.436866207843
0.520082242553
0.486298750304
0.443471230808
0.58250568566
0.622083910013
0.610593937749
0.591389865655
0.70643337083
0.602748895863
0.648881104458
0.653988724269
0.636010723873
0.670484626573
0.583347768388
0.456239801529
0.525211275831
0.714014919213
0.539700662753
0.667398989166
0.461748153814
0.52157479754
0.51737868842
0.507772835339
0.554534310805
0.463779539693
0.468583768253
0.613381002414
0.590358022417
0.443424746136
0.429309396553
0.518562391809
0.567761838214
0.512816666774
0.497664092049
0.523093217599
0.488246500184
0.550144145214
0.531924356863
0.442910232176
0.685065372699
0.449088151817
0.372247635318
0.609268780428
0.469636138191
0.524618533508
0.537205626094
0.609024102832
0.47137710472
0.470896963919
0.390822317601
0.59121440567
0.70586018476
0.336860358209
0.615633458461
0.562548123569
0.49677834097
0.492930445725
0.528732449297
0.499741976427
0.443623866716
0.462118981599
0.726300928867
0.603119248285
0.503577406742
0.775740183561
0.485756481322
0.480438683546
0.435013806478
0.542681782665
0.650641961855
0.54978294802
0.561803759809
0.505527728187
0.479964025571
0.615795709011
0.612259085506
0.649898236641
0.585461684677
0.406448433646
0.576499042502
0.420809288661
0.706123051137
0.629715741387
0.521844080136
0.590985432948
0.616690131479
0.529555790258
0.520836348501
0.523982456166
0.542981038224
0.62458693192
0.512101556559
0.582143309976
0.623210368353
0.709317483417
0.305619182646
0.407619938735
0.504683270998
0.55806151593
0.637129920038
0.563533301014
0.54245828057
0.463943143199
0.637531083355
0.592570613713
0.548460671086
0.548512474799
0.422964856261
0.667243008142
0.516505291651
0.724568038961
0.592631051476
0.780295880848
0.566087355329
0.462069725489
0.57061250555
0.397289495085
0.586583327997
0.384187815315
0.527776672367
0.494949993501
0.581915637368
0.623407309786
0.456796342019
0.619083369737
0.428154172957
0.557334731616
0.665366147331
0.492215997188
0.745338989679
0.58873740917
0.615702500642
0.559964350825
0.49898528135
0.504143408607
0.648417331415
0.600380890481
0.535383263489
0.490665045069
0.840843853214
0.475294291325
0.533838361513
0.735557025779
0.711847186161
0.460249208315
0.606064496913
0.608672212189
0.530682619706
0.439395736098
0.629196401115
0.456951991345
0.36878061758
0.604156201447
0.717142058491
0.563050873031
0.637663224508
0.554083609664
0.718841858854
0.547002187606
0.694945978793
0.577705630935
0.559160734919
0.426777883892
0.595247949779
0.506865994354
0.55563870199
0.390938466482
0.524806077527
0.432162770601
0.491296672435
0.440283081532
0.703217865775
0.535276240945
0.576535645144
0.49317938495
0.571593398975
0.356774686644
0.59136896654
0.558740455917
0.631064106332
0.449348034574
0.512376025411
0.57173157362
0.690759944534
0.52868594662
0.516656104169
0.658874029971
0.66291637369
0.614625532772
0.565293150758
0.744790553962
0.503004960144
0.542725844646
0.464340904904
0.612631323402
0.693581378778
0.512157791794
0.472609058347
0.474112812023
0.596073862841
0.700099757305
0.391837186721
0.731077339505
0.568245941004
0.653055604127
0.488554091518
0.698168045098
0.754747455187
0.477017216459
0.696730926168
0.561678989631
0.576470025006
0.586029248627
0.611765756738
0.572623863899
0.611826856743
0.665899933188
0.58749725388
0.568694341146
0.50555311886
0.680401280673
0.647751998038
0.646734075588
0.672085475618
0.932136792211
0.595620816167
0.743302016082
0.690731032234
0.660043190601
0.497899095426
0.6733937888
0.655894937488
0.565406273944
0.555390270397
0.517260809622
0.569480550396
0.491746708395
0.650680373887
0.538352345235
0.623699920854
0.683718725361
0.462765580347
0.592544911427
0.521063169459
0.681679570239
0.661767763043
0.464757371101
0.644741127403
0.772177082345
0.674768287203
0.526148379358
0.805978225544
0.681724500468
0.390705593896
0.528983263166
0.547129794808
0.500154047488
0.572681105909
0.81835173681
0.517079775472
0.603045515387
0.685668837822
0.641355706992
0.69790634238
0.511158929762
0.520809738735
0.580867652045
0.510696981652
0.53757994069
0.591861187407
0.666822836122
0.590345524086
0.582330643506
0.625651037101
0.69777823017
0.941135370055
0.667164514838
0.746764897516
0.56780164527
0.587471246325
0.835088915599
0.495087036797
0.501323747996
0.585971693777
0.693913189169
0.846186394715
0.384762475856
0.724442379242
0.470373833451
0.769173565192
0.550690023631
0.613843449937
0.764408941201
0.611599652979
0.642666443259
0.720631373066
0.750955657908
0.745758317275
0.693663169697
0.718302958729
0.623235172618
0.657586566224
0.64253798059
0.690111078613
0.674762549329
0.629768623078
0.498049352358
0.617385061015
0.485424946597
0.742358151337
0.544187343693
0.553280209943
0.698042080651
0.497432400852
0.678524677894
0.583409388334
0.48887773668
0.534453718057
0.63440858128
0.636281239803
0.645083067685
0.574772241699
0.605393914981
0.753714641781
0.592711720162
0.699464076864
0.705015028419
0.469870652987
0.534597923926
0.560106036056
0.537565859102
0.67708197496
0.702674858887
0.604328788527
0.803131888138
0.616157503087
0.525193869896
0.547928419211
0.703563492527
0.720383970242
0.634349494289
0.76477827191
0.678088286094
0.691604443904
0.897694708822
0.441348430693
0.621156198953
0.697151773706
0.456700150242
0.441311107103
0.515480229965
0.543830972768
0.700152110615
0.638145437259
0.535487205187
0.576480514784
0.58855287486
0.748436944097
0.750289632312
0.634454060319
0.67556390633
0.642019205747
0.762473270714
0.624436386784
0.60215405884
0.64114379755
0.506144802207
0.673367410966
0.583820490838
0.549708306244
0.53564972404
0.528974509117
0.531988029834
0.625838482044
0.584487930466
0.725679305186
0.590123948851
0.597021464629
0.373773807354
0.633333911625
0.552481492446
0.470030695586
0.710830414574
0.464038994908
0.638098635013
0.810065115583
0.572449264116
0.715505242752
0.619022985326
0.519980829931
0.727813074152
0.526596547688
0.532685863923
0.786948189243
0.511611123528
0.519439366752
0.664536710812
0.68349342274
0.675009626961
0.597423466848
0.510562572021
0.616600789548
0.625306929646
0.504731193255
0.599858086325
0.745640698491
0.749456010261
0.546497626058
0.479347029643
0.523098974912
0.546368642851
0.630833426025
0.412868419446
0.673933284607
0.525954462222
0.399073654542
0.64462951708
0.50246792403
0.674424296816
0.583186596564
0.418577594488
0.551209355017
0.581217467098
0.537883334448
0.51767855035
0.427051998682
0.526724339475
0.61791189793
0.565978600283
0.528089796426
0.511457121047
0.488403458265
0.416582491656
0.617192575134
0.555300208276
0.461278937796
0.614669535029
0.547624126207
0.632697234217
0.582316696608
0.515546934362
0.579968513795
0.599417199733
0.410126606708
0.578184967264
0.582649125958
0.67470208367
0.481907237642
0.688014170436
0.418440019494
0.584618453478
0.477668718109
0.514673289138
0.451533547544
0.504908379674
0.523501015996
0.50738157197
0.67089093192
0.526517726141
0.518874383234
0.480631716252
0.477803336107
0.44700515128
0.387317620398
0.409560987154
0.534640705376
0.546453440846
0.494514785193
0.481320748083
0.345073496464
0.557020847331
0.527759846084
0.386297877818
0.335196950901
0.453840271907
0.590930320751
0.64756565503
0.616328473761
0.557269877794
0.50312653986
0.67697984212
0.485259950513
0.458885242882
0.508416428675
0.652803635369
0.721489197437
0.388334132655
0.37883035989
0.476667829847
0.602065145018
0.674690066395
0.536933055937
0.786871087686
0.676083389572
0.527949113664
0.623655447471
0.528989591763
0.52366723841
0.601494440188
0.766724674538
0.508868395945
0.578892102708
0.472604911745
0.480856787651
0.488594411011
0.583480073476
0.711242757499
0.47826470922
0.747059360432
0.417979273243
0.503650098299
0.686432027106
0.579070986406
0.532588781291
0.54855839103
0.523050715986
0.519518855732
0.548981528531
0.531851436251
0.630875601826
0.54252380834
0.550997011201
0.648150066848
0.439664842618
0.423304248883
0.550882066943
0.691327324288
0.646804797367
0.590164974067
0.509615930938
0.495822679005
0.565631097704
0.490044671526
0.557575956436
0.622330807567
0.609354531926
0.494542101563
0.735030685876
0.579836683475
0.591135697887
0.449312876172
0.638142244009
0.487660637556
0.584089354124
0.442775468815
0.675867206802
0.45968148609
0.477858371354
0.721962952059
0.51961072828
0.524459166509
0.5254378757
0.649768731804
0.644537723246
0.542963062639
0.543305717822
0.676528791789
0.683508927018
0.639616970404
0.55993377817
0.514169424937
0.532260048715
0.603832760856
0.556165201491
0.734969114277
0.608503083407
0.534609844565
0.523351469473
0.607325318076
0.633019189321
0.375182515895
0.561369534618
0.666004621147
0.521256778914
0.676512669027
0.43547478044
0.713163464955
0.690962685138
0.550593551083
0.548983067496
0.599120721058
0.639312976911
0.708028489158
0.385731997028
0.568386161197
0.49855505101
0.562186964946
0.579871253551
0.552933760983
0.462149756269
0.460096317838
0.377725524269
0.559039522411
0.56972223481
0.466090356094
0.629462283326
0.706358493523
0.365840036906
0.575440720412
0.66046487324
0.608720893655
0.643346554636
0.482909225412
0.695636957913
0.369792846982
0.573951655254
0.726903831232
0.653697324706
0.686309668562
0.458598531187
0.726956008101
0.486706165029
0.563760647206
0.420912516132
0.550895514021
0.617937569746
0.783871019038
0.560029064302
0.615597326927
0.547435787864
0.459624536162
0.428312346945
0.674324954569
0.516814102886
0.435864900561
0.793727832394
0.619353567355
0.556776992848
0.496184926543
0.63026070106
0.588338425264
0.711922042386
0.471007661823
0.728408831898
0.548151009022
0.440770727013
0.572621832462
0.57511472477
0.494652386757
0.679532287909
0.720700623258
0.563194387276
0.80004881447
0.608272609428
0.795562070485
0.64961925534
0.558896270621
0.722995795982
0.667750757073
0.625428092575
0.478429168721
0.621981268802
0.448553440928
0.546568710185
0.514223059619
0.572998238802
0.499287947967
0.547061483368
0.603399954765
0.583051835926
0.537443661865
0.479035590769
0.628614562404
0.619620482218
0.473762736485
0.721715536151
0.529620785405
0.656840902166
0.709666380501
0.392334102743
0.636100894329
0.81139100398
0.686265571547
0.537475809784
0.775632824708
0.653204535687
0.673007192776
0.639732654828
0.400434264856
0.591145724568
0.473954788526
0.514428017469
0.552282301361
0.816044917483
0.391625979262
0.617863730134
0.671396261588
0.645599502637
0.511781725823
0.567928159504
0.64037254664
0.471672702865
0.531356265601
0.727979057877
0.678079970103
0.626301778447
0.599204013334
0.459879449365
0.540321155111
0.737473042801
0.408379548594
0.713183237893
0.582380807275
0.479992539674
0.386870585363
0.552255931172
0.473310549263
0.719429274597
0.444044389526
0.437829477745
0.489436736482
0.612870243816
0.46153703711
0.472036345002
0.549918707568
0.615748075347
0.541784249594
0.57983626794
0.600414424075
0.590491728384
0.620611842218
0.777458676898
0.6795620113
0.555358169292
0.58318299978
0.557690253555
0.664344939155
0.666181819188
0.656461940545
0.485807763851
0.873559030363
0.547289506771
0.672107968433
0.424452823502
0.320161211217
0.689400447912
0.407041947352
0.450398013932
0.609346149191
0.64143169413
0.381074339762
0.511446065761
0.567926325548
0.589542159123
0.729761629764
0.57872826884
0.65696177242
0.526583641489
0.496947049155
0.528653137018
0.453249302266
0.334597040177
0.523069161376
0.519794304056
0.890460348876
0.453445949023
0.592457769453
0.57803220227
0.710608828294
0.684507810458
0.572307042267
0.598189650061
0.454374775194
0.650496303445
0.595287010936
0.630627172988
0.712006057982
0.591541762506
0.482991455261
0.8268872908
0.449226657678
0.407214119812
0.636066060446
0.581794361269
0.566071906306
0.404172122937
0.742726310558
0.597144463841
0.54987013297
0.568775713502
0.803252224707
0.46548358996
0.567200537583
0.635908578543
0.312196145394
0.597175438848
0.545078739185
0.479406031599
0.637483215776
0.549328626381
0.519473775978
0.527929358707
0.657144897158
0.549064802272
0.678378367228
0.553600317697
0.418535482542
0.511633592973
0.615537185389
0.714248270446
0.470487935734
0.46152282617
0.355472896209
0.544003724203
0.35143474093
0.539642094585
0.560359346138
0.493247947914
0.788725956394
0.67426243473
0.634540846555
0.597111056906
0.630858267492
0.463634558573
0.446982087109
0.533930861353
0.545278672138
0.426814250766
0.491590342229
0.639555240033
0.582895712321
0.486398738815
0.66742921629
0.603059518768
0.63791073667
0.727201421754
0.642736803826
0.592803937116
0.557506372104
0.649206267089
0.442489497813
0.622652552479
0.633853904084
0.579444925055
0.552938425233
0.796097403546
0.673815450556
0.51870740969
0.42287813009
0.614969447828
0.393411604396
0.571655284905
0.615956689858
0.58539001137
0.559254695579
0.766001278374
0.630891138734
0.608443524802
0.619458970519
0.692683261934
0.499038479776
0.57442861031
0.789753387973
0.872827496895
0.589334936413
0.613118483374
0.59639116132
0.466348370255
0.5011882683
0.555615003652
0.513688707627
0.654827370198
0.419102581094
0.446438118785
0.725955091408
0.485032961741
0.476399191114
0.694773318802
0.718897511287
0.552983961194
0.481985114393
0.36270553227
0.540959374661
0.554916893113
0.577736000663
0.658881583587
0.668888061
0.615079065261
0.862672206019
0.456854138163
0.709333512564
0.60168692768
0.499443602818
0.481617416298
0.492798971125
0.656212349856
0.428927279985
0.634508853011
0.617276049463
0.399338405116
0.611093480341
0.595290120477
0.637053419719
0.780047544769
0.4611983606
0.670032840277
0.449518862173
0.462262266422
0.514954262034
0.707721879944
0.582461034256
0.794013076573
0.577528251325
0.554198405494
0.584475062788
0.574116302632
0.454884804335
0.445256576491
0.597757075118
0.4750782761
0.667525032232
0.603201614168
0.62323471301
0.622884907274
0.715827457833
0.534787199099
0.406370570566
0.50011690179
0.689816226167
0.602477730714
0.517707318771
0.634329852736
0.556155415215
0.498248151997
0.717355247584
0.391000886224
0.759991436496
0.415303943621
0.50579892633
0.525788738811
0.624502863232
0.545807591016
0.728960941586
0.568092151458
0.608378373893
0.621880516625
0.624114533477
0.496453380012
0.647509889058
0.559428838618
0.439883263244
0.564452260302
0.714149542568
0.496141546527
0.651839222028
0.618763731796
0.695096255698
0.420004629114
0.633198075675
0.470810871845
0.557440991377
0.556995667592
0.894114098836
0.485769363747
0.50078695152
0.67144892381
0.654823999144
0.408758026086
0.707494304539
0.436900509998
0.492397530857
0.808208359832
0.829612046896
0.545199770012
0.525107537918
0.694210608099
0.478875972191
0.635183510603
0.668918548735
0.440445701873
0.411230758118
0.78089198898
0.512156890609
0.572412523261
0.662122493013
0.533019847009
0.641611736191
0.46244540808
0.765472511974
0.55771773275
0.63436796507
0.69721480667
0.433528779763
0.540280121004
0.58414153214
0.492330501972
0.72257639677
0.614684671123
0.431385216337
0.651351332825
0.569060541837
0.524662287481
0.513728141058
0.559636361714
0.460650304931
0.506421355886
0.552848496981
0.293535510045
0.402393870985
0.497427543137
0.45176405927
0.633669011577
0.465996937888
0.380552870197
0.670622009626
0.905133297875
0.376556165359
0.344213140412
0.732533390152
0.644969056287
0.592367766244
0.552719506933
0.525637454987
0.756971982919
0.551247417514
0.470352160016
0.675415945859
0.910388569365
0.631686529658
0.446736660387
0.706679545276
0.636357549303
0.603663535735
0.399769928566
0.640253563815
0.745103620736
0.873261597475
0.688856421081
0.616312725507
0.611233487674
0.468281247477
0.645177075212
0.496484916855
0.577321225729
0.565490246791
0.468110213873
0.540682692238
0.728949935074
0.458223039792
0.656880134415
0.611903819392
0.571818151985
0.692916002532
0.497261846299
0.480488263787
0.621539578548
0.609707876396
0.54958620143
0.71507378826
0.53819460033
0.467979145784
0.66265621018
0.566904220882
0.55866670438
0.377451646107
0.459613367538
0.424618205738
0.645792031237
0.742338346938
0.403927379579
0.639162497402
0.412165918907
0.534623576154
0.814080786384
0.784859616406
0.554141105546
0.687465687051
0.57856197355
0.520525359812
0.576917600975
0.389374082079
0.621512854035
0.53993291538
0.639731926924
0.740245431113
0.721207969303
0.574863343593
0.570702977681
0.585388784186
0.55600224787
0.578540765037
0.555051092958
0.583940095393
0.505930260504
0.674839208962
0.43523599083
0.666110339347
0.525128973364
0.465484730342
0.593798900898
0.463038305768
0.654520767093
0.415874797702
0.614557545554
0.711521679265
0.656927627005
0.561862401255
0.512158633867
0.58390338882
0.94213535148
0.627236434007
0.549141529694
0.617137285062
0.52325672356
0.540388847995
0.599250748009
0.70347409026
0.565015801289
0.614004105091
0.569801222939
0.756681332193
0.59396024023
0.651633446697
0.647579036807
0.517738589563
0.487288159386
0.630679556819
0.563749262384
0.745923028202
0.642667462222
0.409063776467
0.526407799069
0.349086932989
0.691119240576
0.682105296602
0.370469146652
0.672382360677
0.357582653677
0.659655546859
0.721800965213
0.697483380209
0.566271279888
0.314926726525
0.531257866038
0.452374493532
0.381159460508
0.565321891416
0.705264563439
0.946720702098
0.613913548997
0.477194537281
0.702208082534
0.5939888175
0.67709981335
0.624029035141
0.45523667594
0.478422851481
0.557923865864
0.7319047174
0.620220231784
0.613212081238
0.852438344158
0.772754100257
0.769605033906
0.617613596421
0.683095370584
0.729643648685
0.629778798198
0.617509011312
0.662205343541
0.59523676227
0.909859796881
0.75684175263
0.398998663074
0.688791160522
0.489577032547
0.581441863406
0.66700908217
0.607683904789
0.436218235079
0.487483150881
0.451511977753
0.593627926085
0.475182880464
0.421232529403
0.502442139915
0.642755310337
0.605439866423
0.484082125329
0.487046186539
0.536589600278
0.617735910072
0.3641631798
0.460430974193
0.655351830316
0.573565525506
0.612816885654
0.550225953472
0.535709665821
0.600229770085
0.523091137512
0.616792572721
0.557148671288
0.514971086987
0.456200022914
0.630556024622
0.628456530295
0.503326925591
0.41605138605
0.60648188444
0.58756900579
0.539805612249
0.612137237464
0.498677761847
0.555683417794
0.625805236271
0.413565497386
0.513287548827
0.556746623279
0.512990908626
0.68655844327
0.638931314333
0.539500534317
0.511706865475
0.570337502002
0.619014409554
0.566637685745
0.541942811312
0.517410059418
0.608014933322
0.490000429923
0.583393065733
0.564216868807
0.579956403408
0.525056142753
0.534175287181
0.336956184218
0.495866384378
0.374582193548
0.721473395428
0.512890593907
0.606847713693
0.523606143029
0.506513237508
0.4201263431
0.657150822453
0.705432331636
0.516991257734
0.487839807729
0.510648162178
0.508525470765
0.642194214465
0.733483861656
0.399009297343
0.409201916845
0.419727579443
0.412906449473
0.42767388215
0.725749747079
0.601164613403
0.641011206248
0.586160620606
0.51100678066
0.591622510416
0.504501180787
0.471168247864
0.638008620656
0.397288001848
0.369565337425
0.653728870713
0.499564072069
0.475554153594
0.405838327137
0.533535355661
0.712550237789
0.346968475738
0.410359823417
0.55372231595
0.606171600034
0.485275604733
0.560995721724
0.436307942126
0.555796308932
0.509497605214
0.520189020312
0.46335541968
0.640647269515
0.548723394589
0.428260926075
0.591378273377
0.549921988911
0.575768730846
0.430494024283
0.567723469229
0.642258609709
0.423355788844
0.496643998925
0.490280194017
0.517075850506
0.688779412615
0.627661115879
0.510305698048
0.549822025544
0.553992193977
0.445785848644
0.461830087102
0.52741766131
0.618465506845
0.541532432789
0.573931681123
0.456943490072
0.5139847445
0.57273568891
0.478793177027
0.569481926033
0.519774312643
0.882497884579
0.659645695033
0.461498617016
0.380520614611
0.459362564879
0.59065481704
0.737372119091
0.629540094698
0.661296663705
0.537938497292
0.519712019282
0.471034441037
0.488406227608
0.527937703382
0.526931469275
0.453721604176
0.521510192666
0.501653195156
0.614962903547
0.649906345327
0.576478976773
0.571102151764
0.712397222393
0.546880819348
0.382758780874
0.42142489054
0.538154139396
0.506243740055
0.64336566775
0.587156517794
0.65046525299
0.506789856957
0.573092599143
0.441731196647
0.521891553944
0.551787071469
0.740752009708
0.704858158531
0.478996484877
0.680353788021
0.620044648356
0.666403106488
0.480014665932
0.626428861394
0.58280413328
0.369797273072
0.544527788369
0.670572892019
0.579767827675
0.75500466748
0.487905432878
0.710243552417
0.596717049315
0.529513524425
0.520099210351
0.660883928923
0.640357297678
0.510005709596
0.639904211158
0.555428883246
0.536494079159
0.552142938325
0.711883290918
0.459880271154
0.466899235393
0.828097100339
0.589226447892
0.525865502116
0.540532523788
0.524506828562
0.491963024369
0.460272559116
0.624004477241
0.589712066374
0.606647398758
0.650926180923
0.592137426938
0.634341858402
0.612611095873
0.473683202421
0.632967014187
0.780334183668
0.659293610596
0.617770667791
0.53958888671
0.554726225021
0.454550485882
0.603107960553
0.581541126343
0.4172044436
0.488991426224
0.572426052946
0.474281033082
0.505404886519
0.519202074994
0.666964959562
0.499866086223
0.581448035699
0.393626172264
0.60744468561
0.371750188294
0.477626327635
0.518705072754
0.576934294504
0.646551093214
0.453004457316
0.491318218532
0.637769166334
0.595097713796
0.4272390908
0.589192805535
0.703947778105
0.641959960506
0.654497880811
0.433827527854
0.580964983058
0.50702716446
0.510135715935
0.555693940358
0.53608684952
0.551820647233
0.475736496185
0.692020697364
0.686538862451
0.622470696334
0.582425555093
0.520251677921
0.51258750852
0.577960794735
0.67934492199
0.543433909021
0.62131664197
0.565424085164
0.528878819171
0.581676352857
0.555755688273
0.748393084625
0.624392580237
0.508837081325
0.565861426829
0.43493748505
0.540766334731
0.316722822225
0.637677900585
0.494492064247
0.643946760386
0.362422665592
0.645937422713
0.564748243146
0.654995598879
0.44663691885
0.653656091055
0.798129515624
0.535491082375
0.452050814308
0.48141825971
0.567237076631
0.6650687944
0.521392577166
0.432105331098
0.572758680533
0.712583500516
0.425198296662
0.399153884187
0.749817679722
0.450326812018
0.648219972986
0.461331670402
0.444296693752
0.490252195567
0.530229683699
0.511450970355
0.639388187618
0.43961027369
0.519556923125
0.37167403189
0.504476183817
0.372580770704
0.465518142833
0.578784685061
0.593829953471
0.54916084285
0.526826286146
0.497904839488
0.547860621835
0.431364709819
0.604420177214
0.520038192902
0.47074938784
0.569095474127
0.476650418352
0.655221549324
0.425562613331
0.715657126116
0.589613558148
0.480131106484
0.625948328625
0.602432566621
0.612518540051
0.546054132799
0.432629919503
0.478796752489
0.472135364949
0.615380157955
0.591609349657
0.50414737541
0.674199534503
0.39563389389
0.64942636164
0.468320621866
0.611065624158
0.521315557317
0.552797679978
0.664262854602
0.552435667936
0.421682116439
0.545681572119
0.576813131467
0.434151409416
0.578138460163
0.517233140515
0.727104889039
0.6404225033
0.48679940434
0.502905784373
