0.563959743672
0.899551652818
0.403179005535
0.581563696307
0.67416028409
0.504581980736
0.603041015791
0.548368616591
0.554374583324
0.660539845723
0.452876391756
0.520279892691
0.561432101496
0.492449536222
0.515901418594
0.60399894848
0.579195414661
0.708953026602
0.620110117358
0.57539530709
0.527248535097
0.658552488325
0.635638402049
0.470452590766
0.523531584378
0.539198397667
0.573034613019
0.571652178027
0.570197789874
0.571241753125
0.57761204986
0.602836754117
0.465239062548
0.572945422866
0.592894084887
0.552790426291
0.49852687146
0.636836164522
0.692560067321
0.637620563839
0.733158245026
0.588301686094
0.553158060046
0.647360559887
0.805630446951
0.674162018473
0.455813887447
0.592019550108
0.777735027359
0.558175910198
0.571859447325
0.511890326259
0.42311670693
0.573318139647
0.640864324723
0.49809046527
0.528600951051
0.641094974839
0.663040853014
0.462283031524
0.513050472216
0.56879891561
0.610331323846
0.290246734816
0.733009676281
0.626691611528
0.639780499261
0.486198892394
0.597125268709
0.469899767455
0.510214411422
0.468968776611
0.613363638518
0.582060036387
0.569780192391
0.558269629068
0.433477784143
0.49250245099
0.523248974205
0.56431656694
0.530740299729
0.5480252958
0.52258642925
0.503066481619
0.458320884392
0.427839386657
0.545450022383
0.615735738374
0.54582736732
0.457736344981
0.693386755809
0.714117063454
0.66332934947
0.535373312028
0.419372075027
0.72204058643
0.349398866896
0.651754923502
0.869581523075
0.508578536977
0.727986681476
0.55187947137
0.605080030886
0.489941110356
0.281977119512
0.60189478788
0.461182835847
0.481745479891
0.560876283427
0.845704754928
0.527279840234
0.576735043933
0.504119384055
0.410836630024
0.450156841455
0.498799571056
0.700649684139
0.562376316494
0.487227028628
0.621901184664
0.516844472173
0.409302372445
0.629641343193
0.632150052891
0.604077862278
0.503382300888
0.51449277462
0.713345855755
0.48641723794
0.561353868363
0.448115388024
0.580082096605
0.79119362303
0.425612277729
0.389085349408
0.558805383815
0.475854954545
0.534180292871
0.593032200085
0.440325323221
0.615560216503
0.669249207213
0.571722996828
0.57638386529
0.601520489063
0.531256584739
0.749280811761
0.495888421935
0.543420662123
0.472800781685
0.462207936918
0.543466819537
0.642764387612
0.66428280974
0.739913952777
0.572738111588
0.631520711376
0.47287163859
0.600215813108
0.512993205948
0.413387235875
0.591132396359
0.652009906947
0.60148548871
0.746348825664
0.521095798779
0.535589309255
0.444980339992
0.548889847502
0.496673584427
0.49404131958
0.5200551757
0.621873246638
0.481681401297
0.55030613428
0.447953102948
0.432219208874
0.546062589279
0.505592147993
0.579615268744
0.612997197644
0.414489493547
0.635311701711
0.566768607649
0.607369304861
0.457488230979
0.583437421588
0.81091897855
0.540816204985
0.607941819051
0.681211763429
0.491727515207
0.794409683856
0.545176476805
0.464613829069
0.586884914679
0.551869403089
0.498050771507
0.567191899185
0.474829127696
0.457943797134
0.653408114177
0.667413368798
0.714975792332
0.571311260255
0.56678012384
0.631668442023
0.631561909735
0.595742317383
0.583996091422
0.783302418955
0.602247781955
0.703120073103
0.808061464602
0.691216358971
0.49148566906
0.493563352622
0.579109256476
0.441887648074
0.378326640587
0.573146797216
0.4977293572
0.670246791255
0.588161621104
0.53826603477
0.471255790071
0.71763279484
0.539130414983
0.609411081065
0.362052691281
0.585975177316
0.592623209772
0.600275485554
0.713774359434
0.526694627778
0.608382971227
0.600312249825
0.460031923368
0.355228608007
0.568291181393
0.503324395785
0.613889432191
0.536311249058
0.667889118057
0.546828089947
0.865012163856
0.551274485095
0.598013665376
0.502945838315
0.650727442341
0.515348437692
0.450720175026
0.523357163877
0.786951872544
0.579531253801
0.332675029075
0.67302701713
0.694019163966
0.793821813699
0.504725440949
0.394816620583
0.802866694946
0.648319263787
0.448414382134
0.526100964565
0.603006940747
0.674345881557
0.582705377756
0.748858891852
0.82094086604
0.749744786003
0.494137415535
0.538023265862
0.389930978386
0.450141226606
0.651789206682
0.541610695691
0.488459716149
0.735845083574
0.513821427334
0.6057051167
0.728625724412
0.577072445468
0.54241831221
0.519666611733
0.532202618616
0.653886479643
0.517951866573
0.679422049102
0.590773072455
0.658973611875
0.502084549886
0.434758391597
0.607120030601
0.595316817562
0.631980374642
0.50861380554
0.581982235369
0.625638293386
0.678536819304
0.422125630757
0.748908832916
0.694046064369
0.638744233906
0.439368111759
0.477362225135
0.644957482985
0.650481235437
0.483237792162
0.577061738279
0.60660972584
0.69132365319
0.898002594625
0.581138133899
0.455512528218
0.605914338595
0.393420885473
0.596572180903
0.707660321584
0.630679434242
0.677082916358
0.506050139917
0.605381842862
0.630648400565
0.478301773127
0.546726099088
0.644435558163
0.569955498143
0.486952430594
0.545818129086
0.577100070469
0.809291302868
0.662071300491
0.577458152376
0.749321480233
0.494314246485
0.613296117005
0.562044610508
0.636208572226
0.71173038385
0.619970262066
0.503986528141
0.562031189458
0.66911536764
0.715490417769
0.639679327073
0.581649064819
0.498163118935
0.478067380878
0.709970255079
0.501513599869
0.577774458514
0.548196641487
0.40462405276
0.658240061179
0.591919624776
0.741096190336
0.745778035568
0.722188855113
0.667528479858
0.514858405884
0.643706902087
0.631948911351
0.600499705252
0.596245711888
0.738181249224
0.57976540795
0.647487670004
0.539606886029
0.662540323651
0.54251283242
0.794310613541
0.631169822527
0.5913145879
0.42224153037
0.645078664809
0.671608268336
0.638102034526
0.773578249717
0.584337202714
0.587500061532
0.815068957599
0.561924693144
0.552688735584
1.83167945311
0.936969062116
0.467035556326
0.630900931442
0.608012000298
0.478964980449
0.549987833067
1.58980121061
1.04259590516
0.495184806258
0.529280128856
0.571742744236
0.777771014167
0.673435665978
0.681598633055
0.589215883918
0.655169389996
0.670162098455
0.681099710134
0.619393974445
0.735453759124
0.622572963294
0.63411446348
0.856866891535
0.693263116742
0.605920268104
0.524546269623
0.574875692448
0.719284896525
0.597736118046
0.719871766435
0.836415250347
0.496693218585
0.732726895449
0.467194287203
0.593075383484
0.6959572188
0.556425864535
0.56950252449
0.468630635531
0.358294409981
0.824793345983
0.451819288331
0.453900528822
0.496386811199
0.522746122883
0.558727007403
0.688847699021
0.541842905953
0.67663885485
0.764450798952
0.795116731269
0.744992008649
0.6830506629
0.475601162823
0.70495569343
0.710607431665
0.556629376908
0.408694320692
0.669558893916
0.711272861346
0.4659784532
0.442625967016
0.618690478343
0.759737344957
0.517899675111
0.507751521978
0.353569116763
0.708236185927
0.36817479714
0.495579729482
0.74149390656
0.401302770846
0.647623978436
0.752501338361
0.368624993569
0.462781655646
0.475380585693
0.648165108209
0.576539776723
0.67758631931
0.49558262982
0.638079073608
0.4750305459
0.620574129683
0.472982292176
0.702246952167
0.70457335881
0.421807088578
0.476974223774
0.683328455439
0.549464846166
0.668707134455
0.58350573449
0.69941858596
0.488361302988
0.549556857608
0.463610862909
0.492968403371
0.513695897593
0.600306423255
0.618410036375
0.541215145756
0.533680772733
0.514973147044
0.722965913956
0.563298065968
0.515496281929
0.541065865699
0.512098007098
0.663248499999
0.503711092445
0.536429881922
0.485030807882
0.599008793382
0.611482026194
0.417306523961
0.432423637675
0.656265368151
0.559967497066
0.604104711624
0.507889672787
0.683208076068
0.625219315352
0.353539269978
0.817652392233
0.602908599294
0.434039717021
0.687008288713
0.510068855127
0.452623825509
0.546152587848
0.557651173181
0.466334237956
0.394163086807
0.419037800205
0.457764887888
0.462261645414
0.396188404766
0.534802558948
0.507960731758
0.68926782946
0.736671544039
0.584071056717
0.321172677389
0.627545189212
0.698841299217
0.483953889242
0.498456858663
0.56269670422
0.728086103273
0.403660005551
0.411034064349
0.485632155421
0.384561205921
0.55066397101
0.579768117394
0.444464848849
0.456242198853
0.454031713238
0.503010781396
0.579359922829
0.798497604271
0.444602294633
0.475868019696
0.646212189557
0.624130031964
0.712572797776
0.602172774504
0.50675045764
0.594351094559
0.48329755663
0.432269602743
0.619016901419
0.389644221291
0.728492522941
0.468701819895
0.388151334841
0.455921880505
0.522584904572
0.402117637122
0.397593130156
0.535739635255
0.495037450453
0.492707486981
0.609515226867
0.703954258714
0.581913515429
0.660814647295
0.559890359066
0.530241898715
0.579543967881
0.566288406979
0.608259373727
0.698001467271
0.484672907598
0.40088339021
0.308437498718
0.581494503967
0.704451155999
0.623893374617
0.614846199061
0.563650891098
0.562179490742
0.432774858382
0.538344678947
0.564304580307
0.591604157178
0.631458182573
0.542415680932
0.464740187941
0.463026991632
0.567209347164
0.524382309347
0.653579646412
0.467564208149
0.414571791959
0.560284535698
0.435788613943
0.535283359846
0.542420894114
0.547133421911
0.570448442541
0.567327432463
0.63741278252
0.537915191665
0.514799993861
0.554459504237
0.485776861462
0.613865246442
0.508539736372
0.528634222085
0.636432652194
0.409816257656
0.614704239172
0.529081913177
0.513288090456
0.554964831921
0.560177461419
0.582250561095
0.591389537427
0.530666357534
0.488308431895
0.516364650893
0.579434658329
0.553435442012
0.438722196492
0.582245027027
0.729798598713
0.562258658445
0.594201813935
0.722153239301
0.675548768949
0.615985718638
0.643827556385
0.466135750714
0.503760146306
0.742490447083
0.472764443841
0.509343102703
0.735632493353
0.600975729064
0.595311718078
0.589220431641
0.505296583669
0.561081076657
0.654241079788
0.592085824151
0.764029557183
0.502154820317
0.55516602401
0.36766228825
0.605995150104
0.69281327777
0.764939706693
0.659151491113
0.585097326626
0.486634954444
0.601496940755
0.477183521969
0.542480503978
0.702810084526
0.618334855259
0.570718020368
0.522184859819
0.621400179109
0.686441671351
0.533393968716
0.480715062865
0.588252418995
0.517689534989
0.54999223832
0.531078859183
0.592955416028
0.577188902257
0.709633475744
0.62391172998
0.594169817884
0.541238368029
0.748108999041
0.328976181071
0.596301649019
0.632317933527
0.599254104142
0.32609089059
0.436467997354
0.566783780481
0.447966095559
0.376015165216
0.618015573267
0.465275223132
0.518820637226
0.5633676325
0.610728235855
0.481722265513
0.547638839203
0.665945851486
0.624854771551
0.619547759306
0.477112305919
0.32244303227
0.576768199332
0.643394828737
0.506476591338
0.443336992535
0.519280150048
0.686157056825
0.446319537628
0.516219385642
0.468311425811
0.497941852029
0.544834225073
0.701859008936
0.702987586946
0.48617438427
0.659782626105
0.617283726159
0.720861225995
0.752115678962
0.869546550272
0.459932708703
0.514782011552
0.583975962465
0.512396634629
0.848830388141
0.451288852475
0.433510503001
0.507943634241
0.563855660342
0.567867192256
0.530019570785
0.797695411054
0.401446681266
0.467784123816
0.539508384842
0.651143170713
0.623507594334
0.593125884005
0.626031884493
0.412256097027
0.41850639008
0.565674201711
0.495629351295
0.536885566559
0.53144522127
0.477740845919
0.666532930025
0.648780063523
0.474889151696
0.484586728146
0.617229624472
0.71891999555
0.631862092946
0.456644501119
0.589680104673
0.396087436773
0.521064606833
0.599028270236
0.541636114494
0.553354817412
0.551763588861
0.657440068191
0.623149296969
0.623528520298
0.639374223198
0.541745925494
0.558058954586
0.539027860782
0.57998800487
0.422900031074
0.554741011525
0.664226132884
0.431646402841
0.649704979219
0.4178910395
0.615128890244
0.772230826825
0.736929084343
0.457029767068
0.62407473587
0.66367502237
0.518652279475
0.547419587456
0.647387030497
0.51914162537
0.574245501632
0.60292955282
0.469112423777
0.610314404093
0.577763998118
0.498165274
0.598330285992
0.631641947859
0.653205635925
0.628641986696
0.791293025081
0.555371021604
0.402951105069
0.722095186483
0.735043041777
0.535535899453
0.582677203509
0.597038173348
0.523048198731
0.496220903581
0.563710936445
0.517717331705
0.432703066253
0.410397999712
0.659934787566
0.625622478209
0.471957181254
0.44526782797
0.49545975001
0.551798441115
0.502867892561
0.562538768485
0.657020612586
0.83251618961
0.527547893057
0.418459428196
0.550312909815
0.415924414373
0.460123543749
0.359127529677
0.370275273985
0.623922189906
0.672847550419
0.508140978208
0.598099649688
0.543035276032
0.340091757674
0.472381749696
0.734715787987
0.698391396877
0.733426353535
0.551408951234
0.643417492171
0.585540035155
0.635089412186
0.508552924696
0.511156036959
0.365736103406
0.690244071575
0.573318570299
0.435150016311
0.578938467341
0.61523675014
0.526215080914
0.519943408034
0.563081398552
0.528277451794
0.494720467419
0.587415550475
0.488065735491
0.497849328042
0.408863158909
0.605644556658
0.557666844008
0.599407052071
0.543425056588
0.505277668797
0.675091107383
0.592535225209
0.83442064234
0.517732620409
0.707301695472
0.628403800563
0.613728714361
0.686208924685
0.563079490872
0.555134314673
0.511440935227
0.588357267786
0.509105847293
0.703079679482
0.691083750597
0.497619891458
0.512317422819
0.482217158475
0.501313523857
0.633384291034
0.551146895924
0.59760162909
0.670032324705
0.774611281517
0.524721660962
0.526527653721
0.515044784264
0.735146426954
0.489041573235
0.646963915749
0.571787538126
0.556947678288
0.509000423689
0.454483825775
0.528748892575
0.785077662455
0.601288048338
0.644483522423
0.476697981203
0.485323694886
0.505281358696
0.551397904315
0.575368808711
0.594192831917
0.636246045963
0.682516525965
0.565637654108
0.49680747062
0.49106866876
0.606491222626
0.524259463064
0.734502343495
0.435476044636
0.776867424265
0.44127148705
0.546291102447
0.442670982083
0.487418765128
0.591966223324
0.508036443534
1.04624284344
0.473267703864
0.507893639723
0.367501941473
0.466144023898
0.537496157986
0.457165404526
0.656212906696
0.737016226578
0.50232816781
0.487887726961
0.549156142051
0.520532687118
0.639404231621
0.40292861681
0.376312797579
0.294470383642
0.520824950064
0.418013905061
0.697578713119
0.506495629312
0.615729553264
0.656704195273
0.436589390228
0.550598585361
0.596941250346
0.569030935594
0.471522290569
0.593814110169
0.555420417916
0.714629488763
0.448492320433
0.505770355104
0.488579423366
0.441504064796
0.664755322655
0.65365753291
0.58960861742
0.480717378377
0.657566374634
0.501274519303
0.627876718048
0.558690229598
0.437245933219
0.584699848292
0.387682891964
0.465703432583
0.467119591507
0.569098306409
0.479686073766
0.617356865693
0.661483342302
0.623879572043
0.604861553454
0.622385302161
0.431084827073
0.616800073729
0.607664590388
0.541342459567
0.578285328159
0.535664986359
0.581470593474
0.636527879682
0.582696835189
0.4625934082
0.616180442141
0.605940880973
0.652856846121
0.61034511711
0.441844308929
0.460873077805
0.580290365713
0.64099120954
0.546300776762
0.597680554723
0.60652057247
0.545364654534
0.503408969933
0.535019477347
0.691049288193
0.705549120104
0.601680300813
0.627294583785
0.482078899609
0.513999870802
0.903167058682
0.651958379862
0.757022631824
0.493263251301
0.518229147387
0.365351821904
0.589299776058
0.476107617918
0.626897248664
0.428266296332
0.480342235375
0.649635644288
0.584268513381
0.652607601503
0.540327354714
0.58643710905
0.57188544505
0.611111001193
0.540608036544
0.584102123954
0.586241191924
0.606869797758
0.497794093928
0.516549454355
0.519626857407
0.449191268787
0.630198221567
0.678556070685
0.575662191221
0.764539505666
0.529283865741
0.72849039555
0.679240302006
0.55537650536
0.620252491565
0.750480223687
0.623805408159
0.683719634544
0.4449614258
0.790345952322
0.346117789856
0.570474411374
0.801208273165
0.427394319333
0.65454980517
0.542752857852
0.568660120821
0.61002564
0.461819697268
0.469709352771
0.539398909977
0.656696102163
0.610587108387
0.760889165197
0.62490332039
0.718289854
0.773388342351
0.721154557342
0.726352226372
0.567296706961
0.794975939193
0.75704023594
0.652956928926
0.718151622172
0.913581812432
0.642019724813
0.556350474584
0.731065891412
0.462632663376
0.401645862212
0.633090512696
0.593158101646
0.504931383356
0.584172580308
0.496845406468
0.628815240725
0.592694041995
0.658434034916
0.849610087992
0.782756702314
0.534803764804
0.672957033832
0.666464625341
0.681208322158
0.82446597474
0.575282537423
0.461020014334
0.69260824901
0.796307397321
0.502227822888
0.483331403759
0.671700258471
0.624709608841
0.401747347121
0.645733334364
0.611823547772
0.566309737973
0.652498367033
0.612139541752
0.656138175148
0.424688648401
0.451994920486
0.482587714117
0.714183650733
0.611836606923
0.571720340573
0.372225719605
0.527961597003
1.31259641338
0.546417816198
0.652926226293
0.692921038993
0.669037902491
0.595778220442
0.427384788807
0.481418561989
0.7799325483
0.686530287464
0.615410584073
0.856987989374
0.516590194163
0.648228876094
0.604835841149
0.558104129945
0.499165955112
0.573275521812
0.545078911901
0.434737574613
0.528875637554
0.466335206274
0.573600824554
0.662623928451
0.456678925501
0.809176466646
0.476842555258
0.517705488286
0.630890059476
0.69977042931
0.493050214552
0.611633024295
0.679790585667
0.461939145787
0.586963942259
0.620510350343
0.555413613469
0.804728787754
0.51046139469
0.920619847378
0.540769861606
0.556366477631
0.787557028118
0.46455829467
0.729738500221
0.722244431601
0.729401334661
0.6312170377
0.5998066262
0.542085092582
0.516242288135
0.603412691317
0.551709421446
0.780124845263
0.598698851034
0.512950176605
0.757857225918
0.588923744185
0.766044385332
0.479108533011
0.70801706095
0.504831379287
0.701704687958
0.659672601675
1.01709058054
0.574741147365
1.0707221117
0.628458054979
0.395915184744
0.405081503653
0.600008070881
0.507348341188
0.794731141316
0.746464461271
0.475005677824
0.567164528787
0.690074534132
0.645489125585
0.594081910739
0.864396046624
0.53319989937
0.568652727062
0.767882365556
0.595682553583
0.616539925993
0.537141284106
0.552322868924
0.690784163182
0.732948398428
0.460040646075
0.451265116659
0.654364995961
0.76567085817
0.679619518486
0.604700320278
0.740558843685
0.376597583543
0.687343903811
0.549948558285
0.724771596749
0.646334897941
0.643915442472
0.316335835452
0.621090690534
0.434786741395
0.576969616596
0.751148844806
0.684890736525
0.652565838261
0.869426592917
0.659255554197
0.770884699184
0.612579807766
0.747628710875
0.61842562561
0.55904653268
0.674529321176
0.715369925277
0.484639629726
0.637982440396
0.755549126705
0.596064699718
0.615028652692
0.544832439759
0.685728318482
0.710841302435
0.639439802117
0.615414532991
0.61299407785
0.538403995639
0.598177903546
0.76275899246
0.710456168763
0.624721820243
0.451308242098
0.508111236576
0.585833898817
0.662360805333
0.489930138283
0.655284437132
0.828136661471
0.554243816849
0.730177560885
0.510177705602
0.557992560453
0.570888946418
0.616535502952
0.475508375163
0.629140815733
0.476328984825
0.707217602154
0.768868040759
0.615918223343
0.49258989052
0.657359127295
0.818470328258
0.586533079528
0.703947543038
0.627869466246
0.691909945611
0.717862650851
0.617854020682
0.623677058666
0.739163565146
0.575043741581
0.674131158854
0.656282511749
0.514235611589
0.564292920914
0.535583992474
0.63936722223
0.571256053058
0.695298866662
0.645416563917
0.545728556503
0.733062218212
0.768570617252
0.740610858018
0.450178796168
0.682902602663
0.570330449742
0.728985497907
0.642986413634
0.706259003596
0.597010565581
0.526583420244
0.725504315471
0.605495792696
0.637134064912
0.898549649617
0.507652322626
0.57835860733
0.542985118485
0.548122577368
0.666629529239
0.705727531875
0.527591790349
0.800895587395
0.556668155607
0.601234229916
0.775175813257
0.3890306823
0.523517724752
0.692235731099
0.808571851078
0.607086973892
0.713622856266
0.69786469926
0.494150177992
0.635422119038
0.537868339779
0.834692257273
0.644883082235
0.352139807375
0.655003150975
0.555166377843
0.527398937583
0.497624164178
0.558999281787
0.598741587469
0.686353474094
0.678303252293
0.642553312487
0.60015784313
0.642618039514
0.608994320964
0.59772126687
0.705545059648
0.56190744394
0.598813363451
0.567445311031
0.627550091404
0.659490456697
1.05012210386
0.434962007797
0.844596830531
0.519869095361
0.648478056636
0.630958656183
0.377647163627
0.582049933617
0.569406013524
0.504906863271
0.52811172823
0.577743000254
0.502984932274
0.51576977638
0.676617457728
0.567776072523
0.457976036602
0.514780735401
0.628271019826
0.644707362734
0.669117297891
0.632957699865
0.560420304133
0.585206209389
0.466637227271
0.437666123282
0.578898260605
0.640412906888
0.59663632746
0.472923370313
0.6277847557
0.623403011753
0.449078078365
0.578594657236
0.65368777151
0.543789227209
0.523850608618
0.821186883911
0.585689495087
0.495553639921
0.657462173775
0.373753505439
0.424039396783
0.323644369034
0.786299100985
0.45368864113
0.82732696476
0.646464590012
0.529878257961
0.600855501674
0.5387401797
0.619406553475
0.543197944302
0.648771205693
0.969368303447
0.609668906284
0.415193162117
0.557649163608
0.533468436299
0.590723869997
0.564140244758
0.558791751877
0.520224610445
0.569552059634
0.565740453612
0.669380774447
0.641325447548
0.418988833664
0.647865491434
0.724699479658
0.675136106395
0.497316075591
0.606189150717
0.611641949837
0.804206117766
0.609278860582
0.587353124095
0.684200988697
0.520011931318
0.693322657748
0.638765538165
0.465286636917
0.517110535261
0.571838261095
0.696882519062
0.515892309894
0.556286394593
0.378578890094
0.66196923499
0.542037881687
0.624004811952
0.659549708623
0.616364383146
0.500343523444
0.362080992191
0.647133946075
0.756671729831
0.458424958051
0.456951937334
0.558937328579
0.504511883677
0.589568311621
0.658960723898
0.603334579863
0.503895609229
0.469002877406
0.733333915037
0.596358381805
0.659759665232
0.573202291098
0.598227175344
0.458308380643
0.689275444127
0.562041031889
0.595337416411
0.605621877178
0.571647241785
0.51618105682
0.562921563908
0.507678277547
0.659088603247
0.588258811408
0.554517472928
0.622693518548
0.563015080208
0.550005069987
0.406592127592
0.749912765298
0.590017018398
0.498171092126
0.796123330575
0.475880240653
0.605273865502
0.435382608695
0.53540656468
0.636567291329
0.547154478726
0.429758706855
0.569735066749
0.585782285893
0.686954990643
0.640570364827
0.498933864275
0.56992491961
0.562585695219
0.60892521233
0.527415158477
0.578821329503
0.701039110498
0.723844553188
0.579498964515
0.44673155328
0.463767423759
0.511110994948
0.51035728003
0.440759925416
0.616740076825
0.614678587452
0.450253102154
0.550989731588
0.703505102604
0.66250659737
0.521837729656
0.542648249969
0.731318229737
0.561628194248
0.489135606856
0.52204506444
0.570154486654
0.52647075797
0.506537933392
0.638246008207
0.594940619783
0.550354966987
0.484285923614
0.412794511578
0.524255502355
0.698703780819
0.598544755166
0.529032991279
0.404681345702
0.521884950174
0.447498399677
0.677700861007
0.580003625564
0.613595438064
0.497502172726
0.508715375763
0.536916081563
0.522282380444
0.579167930864
0.468688985845
0.616101796478
0.408418078962
0.572208487321
0.456442631481
0.693037282943
0.544711389362
0.455487919952
0.415937884451
0.446781300928
0.593512347888
0.536197089669
0.579048574637
0.481164204575
0.624968855432
0.705780874977
0.627896166218
0.549358958999
0.536774644889
0.493936979456
0.661380179004
0.446128309214
0.48142828885
0.545076215694
0.723977372093
0.631953307843
0.429225717303
0.627989402574
0.500241907774
0.566423009669
0.560366163069
0.549445691196
0.623118003036
0.671890683371
0.458358379311
0.564371515238
0.458427829846
0.674830150151
0.790026651783
0.639335631297
0.742252063232
0.61262721209
0.723377952855
0.650586667772
0.604061764959
0.579918016942
0.476736120682
0.478262560559
0.69542491601
0.486897145747
0.38159765272
0.507810572898
0.644008505031
0.684778315252
0.562301024472
0.452025848284
0.612412322691
0.562295721218
0.474031703718
0.481514968341
0.767874269339
0.514289641495
0.477087054593
0.481387278985
0.560894799395
0.668492107055
0.582699443242
0.656086762543
0.556450586093
0.63424807497
0.620403720212
0.789530453321
0.4783565957
0.423314362373
0.654476827229
0.485072405783
0.492369364215
0.603095761973
0.671535824685
0.424534544308
0.660780212799
0.404708161808
0.577443523149
0.657870416468
0.489031627861
0.605741959048
0.497139894315
0.607969373606
0.443172575041
0.725722112098
0.504691458078
0.57615724029
0.40650591248
0.584297731541
0.47127011785
0.528123476903
0.574377531154
0.486372470765
0.638332307237
0.517676006414
0.460122554713
0.699232707159
0.615600937602
0.705163127909
0.585300706421
0.55732410296
0.376860824146
0.343177282144
0.585322885755
0.630981692827
0.771547947322
0.537515369012
0.589206458212
0.465334535278
0.531733718437
0.528994215377
0.486088318513
0.671383167775
0.47745664436
0.500436788917
0.530283200516
0.718456379046
0.527211228484
0.758185656809
0.50486268595
0.485166740482
0.621502787832
0.658148512736
0.512500336128
0.54392913842
0.480598073765
0.74282970395
0.469998414982
0.489564441317
0.558585221815
0.489472869743
0.570652951965
0.338539818167
0.581310336632
0.740703769743
0.531211073889
0.673995685581
0.668536092864
0.516052596326
0.458942343369
0.573258784073
0.581449089161
0.454246935184
0.682902590433
0.743572322147
0.423732099349
0.38313166139
0.3780724422
0.725578269723
0.434758196318
0.527359673176
0.505117821884
0.370474441091
0.483599280919
0.519569061259
0.690619246102
0.447978880486
0.758948129953
0.74425631449
0.620664540513
0.514485183312
0.725422484443
0.58285118668
0.529861810444
0.557667113532
0.525071206621
0.784457578084
0.410791987401
0.541743587228
0.568844018822
0.57355063098
0.381536954495
0.564394631441
0.569531971893
0.598537809081
0.518349141825
0.595886305611
0.452961880775
0.583936666221
0.491119889874
0.582280189061
0.460814066798
0.635904572083
0.407476112557
0.602712113982
0.606542945921
0.511180430801
0.548245287795
0.607147690339
0.580694475372
0.576404293532
0.485619556246
0.753438654337
0.684049984594
0.570344548426
0.536438876405
0.540238004092
0.424971273151
0.519424073836
0.541655486824
0.46874265126
0.513009163512
0.612362218272
0.345019353735
0.732438175685
0.463822762259
0.577057583928
0.552419933829
0.730517273823
0.327416193798
0.679859900933
0.605601457955
0.450443254535
0.511377045001
0.41377762789
0.578745948182
0.740141398017
0.595440498753
0.691311940261
0.501120930523
0.541061901322
0.560178707836
0.827198753583
0.45840632286
0.552383849431
0.513192774214
0.6582772071
0.418253220858
0.633322705786
0.677605213932
0.413954232369
0.493720537505
0.377474750885
0.563155140026
0.759561493635
0.676427570666
0.624350515685
0.67324788343
0.631760518016
0.633212827424
0.596850279716
0.520986982001
0.723260630596
0.656975115066
0.534774890818
0.655577804493
0.637396046984
0.542692851695
0.438682064119
0.607871539761
0.52714436885
0.522996233522
0.606559641442
0.579282045392
0.576312206151
0.62824970634
0.569752988535
0.388910412232
0.481318682186
0.56653858437
0.391361818925
0.550688337565
0.764797982588
0.50572578579
0.556733405749
0.446675047404
0.404907155476
0.418867767135
0.539635424567
0.58806364893
0.63430713792
0.345494062272
0.645196580035
0.454497927395
0.578328990192
0.52812038201
0.618925020224
0.494901313972
0.714779427058
0.484886324959
0.596919781025
0.643389039521
0.434718888897
0.530144246293
0.58867451718
0.640462954216
0.636714780995
0.463081244037
0.502185678002
0.567466211649
0.467671638113
0.52667475583
0.415984845964
0.623494674433
0.640919006621
0.592881490062
0.684618505168
0.454909654238
0.585320935393
0.499351581016
0.588910087355
0.573513041575
0.692872749683
0.545360446547
0.541861896731
0.501770419504
0.730581822519
0.579590491374
0.641695133596
0.720976373643
0.581941752949
0.545824936223
0.550925275398
0.733903370373
0.57047436418
0.606264336571
0.642588274679
0.420048779232
0.451205258014
0.452937775851
0.508101676423
0.677642918526
0.59262005237
0.610719026011
0.5188310785
0.619064685782
0.6605959226
0.51412434139
0.519457689356
0.592137901042
0.508470509582
0.484461876714
0.636040995067
0.496834138912
0.448059752585
0.500169823384
0.640528584017
0.587718319214
0.435755139511
0.476922426307
0.500729123158
0.647650492316
0.415033285068
0.495578403033
0.612889383124
0.632587065573
0.582755151158
0.637593525963
0.443952224836
0.440059997291
0.528186793639
0.624780865312
0.58657843842
0.426066572074
0.500969185005
0.652881729681
0.684255448683
0.740137699282
0.555795273886
0.71662828227
0.562370526933
0.627683288923
0.458192400841
0.536593966582
0.491931554142
0.439368716183
0.547192344517
0.513420681639
0.697764780904
0.817614379072
0.516011351263
0.6493125883
0.625316819386
0.546430152345
0.58520800731
0.692087057846
0.724017256973
0.573707828996
0.451629371097
0.565058104638
0.532344933852
0.655840756418
0.483013304809
0.571535687801
0.682808359323
0.479866641526
0.468790701942
0.606714862337
0.522656760628
0.543344691655
0.664587757165
0.603343867768
0.622971991901
0.60708492929
0.564252886415
0.416441752494
0.505531632494
0.529355719247
0.551922921131
0.686277286294
0.660493768709
0.504027236354
0.495418956987
0.408920815703
0.525705348075
0.469089473792
0.596796434055
0.58458339455
0.520265662677
0.567540230462
0.480437131127
0.469824696303
0.767320022686
0.587781382598
0.682767842966
0.598327414891
0.685415341157
0.691651768278
0.509225041573
0.524577433364
0.476211583743
0.627848964125
0.51919833216
0.483551142223
0.604248934768
0.51236279928
0.609804901233
0.614930348696
0.452121001769
0.531741860187
0.714943662061
0.649374321602
0.353498676087
0.463124059124
0.799935803597
0.686796417215
0.498273988193
0.629642631575
0.670296079998
0.364725831499
0.549871143345
0.580438452263
0.620630932151
0.723278336382
0.537352234506
0.644323909814
0.63570392311
0.670598964075
0.457289131397
0.379689471058
0.735574730486
0.554753760647
0.44371313744
0.511201852562
0.756624724089
0.455123649941
0.611803734273
0.607896123131
0.510559861453
0.636555436713
0.490181577875
0.810459805998
0.345461660067
0.837724826708
0.631808101322
0.54585718605
0.473317945905
0.364027167728
0.582219092628
0.528818685055
0.868790590655
0.546081064084
0.478190322892
0.447237854368
0.400823990836
0.519525412821
0.596447509336
0.566097309622
0.53164543023
0.622635786709
0.534898732903
0.420252857534
0.46755295456
0.463796078993
0.605396164148
0.644408106232
0.608562040126
0.462135364849
0.616635467081
0.508275331202
0.56697089393
0.545655298275
0.503306606119
0.460276489659
0.611515738916
0.448789545586
0.488662485362
0.70560824219
0.523808265048
0.523919410537
0.553714098905
0.521532950711
0.619175990788
0.710711127141
0.825404942079
0.631109281547
0.537509528642
0.58820996141
0.492492398133
0.636799614948
0.645157109886
0.554118754987
0.510901094167
0.44296329927
0.545935787546
0.663743636174
0.505777392357
0.550878170842
0.593634159829
0.522378094243
0.543798533188
0.574656940984
0.436549085915
0.452405358722
0.567615618414
0.595635052393
0.84823374076
0.579462514968
0.567591526343
0.523432359428
0.479006524863
0.484100980634
0.658662605087
0.596831917259
0.474450281386
0.624455722365
0.626875324946
0.64152060777
0.646694566819
0.636403868627
0.507445272971
0.455964113737
0.52556838499
0.604595831315
0.512128521613
0.447844725787
0.490057804314
0.508882596465
0.580605652565
0.636015061695
0.600545551004
0.527246319618
0.661234795139
0.528347454645
0.556918305684
0.484183389704
0.532022791545
0.454941893876
0.538485198359
0.549686225081
0.45263977524
0.534271571136
0.64851940889
0.576524280585
0.649777657666
0.594380640012
0.508229341647
0.458853142064
0.598156361068
0.626619055076
