0.676687830092
0.462503352525
0.542350574714
0.606521500579
0.376854160442
0.551536763759
0.5057788429
0.640208087133
0.504055590795
0.60018903539
0.583803469349
0.380316008229
0.558646821442
0.498318957513
0.650517023073
0.58155956269
0.444046666434
0.515002578458
0.536498850581
0.43695862753
0.521008188447
0.584451011606
0.484533047541
0.601680191889
0.497262412336
0.460568888176
0.635673545222
0.564815052283
0.553178792352
0.408488061091
0.322076408669
0.468771201611
0.646995187254
0.499701268553
0.419713292741
0.481289696802
0.569526975837
0.467467025033
0.419228115769
0.622579034043
0.51921715835
0.55085291444
0.788173179655
0.574421269708
0.555267905373
0.651038318734
0.3803903916
0.357542091627
0.423226942291
0.543636060245
0.589281622652
0.555006324536
0.519557727019
0.535528349896
0.492088442933
0.613834995981
0.612885006652
0.432900992899
0.452420992937
0.629554034802
0.610125249917
0.402289615496
0.594568109397
0.578785447495
0.420360616579
0.566669038682
0.553528071458
0.529001037044
0.727342888545
0.569492397152
0.468897036279
0.435552198286
0.473270335209
0.604445485138
0.473680369706
0.536029195451
0.585794649886
0.491361861259
0.518736484609
0.645208977895
0.4547794041
0.666787359518
0.61394744809
0.400102149336
0.555025021486
0.567445113582
0.477937692043
0.504690648766
0.690240520827
0.566892997227
0.429512286718
0.471837427409
0.360094185885
0.557471495174
0.569417703612
0.565048715901
0.759735417135
0.477437408681
0.608792552421
0.48109136951
0.611138152687
0.506127090256
0.511314957406
0.528208934807
0.539780110557
0.420824790432
0.570290086538
0.682103973508
0.648273792521
0.54741774534
0.421703091321
0.517206750044
0.496012846171
0.513446565991
0.421339104152
0.508770773778
0.593931492252
0.517719240539
0.633462772755
0.575162434398
0.577658745875
0.600100429023
0.720184443055
0.524504921021
0.418250644809
0.49986567278
0.453406983586
0.498691888328
0.655630428962
0.546455641128
0.365354217085
0.468441314696
0.670927361016
0.442624199743
0.588276031814
0.483892894591
0.401438565553
0.629749055799
0.568625142719
0.475449662434
0.522661753411
0.433754468838
0.611730262649
0.476387200934
0.737308252798
0.512571794815
0.408157093423
0.470963994898
0.552031568137
0.568675495371
0.476355923298
0.498771749546
0.489512113977
0.54849932573
0.585732409247
0.662496390937
0.468439186767
0.572961353264
0.613495929483
0.634131234251
0.424577388332
0.409103677378
0.520864158131
0.580150521871
0.586715331922
0.428484860449
0.500571441701
0.424342027203
0.618543730712
0.625331053831
0.421733206085
0.410626055173
0.570054478354
0.383298284823
0.60064624923
0.619050237774
0.452313910686
0.699634688867
0.659881601001
0.701972816335
0.538644563804
0.483279649754
0.612065361951
0.656281434067
0.356871163082
0.590973600192
0.792487829636
0.571394130583
0.658084842123
0.371408807077
0.539094545858
0.754991225112
0.888169681949
0.544069098969
0.515368626387
0.583560341499
0.791036165301
0.58715844784
0.473333499558
0.495660118348
0.508844122309
0.801932403036
0.66452101416
0.558282706927
0.698119567651
0.592167574191
0.792122173269
0.287895498376
0.588607939024
0.477155873718
0.779112558249
0.607224938387
0.469577370846
0.56463955404
0.58096163126
0.463424867132
0.92882028108
0.556233035772
0.670653876834
0.692667393321
0.69550657509
0.51411656573
0.698553436421
0.830516308883
0.480101151209
0.702802896616
0.630608771967
0.778694135088
0.561131310287
0.705739473169
0.570611502827
0.62737935237
0.489289454405
0.471543499953
0.76889529344
0.490907475701
0.743363536482
0.695337612999
0.565815666645
0.666593351176
0.624715777045
0.598730592256
0.706728081266
0.639109026207
0.616284297329
0.495734733183
0.483735980323
0.353399310339
0.488399199038
0.904415056926
0.810556534191
0.545104176213
0.521815838495
0.525854140229
0.365987450396
0.54134051525
0.868886545834
0.80182934626
0.653403964567
0.63750832511
0.47918585787
0.676017512137
0.732503245777
0.721633896443
0.568618210745
0.721902615176
0.489796033237
0.793791623722
0.420507417707
0.536060121848
0.611757670545
0.504536216562
0.463874953491
0.596454654588
0.626111833333
0.637942684148
0.347623637192
0.382627934372
0.65483217379
0.564607580396
0.505015134735
0.718357254799
0.458094973974
0.549506082638
0.676541133312
0.572857764596
0.582407894023
0.5484137566
0.639597399977
0.587359850904
0.906104236049
0.446946474853
0.426205829615
0.75271536639
0.348926265637
0.57785605694
0.595862583218
0.720281424306
0.666184019837
0.679205547594
0.698509410432
0.622775015333
0.66558151544
0.526079187999
0.564418872448
0.846500525263
0.674260944561
0.637857423408
0.66904337675
0.489235193307
0.603173455236
0.538957443059
0.532938194688
0.901128620435
0.535145180561
0.737412170107
0.736767384736
0.592679487431
0.805700986637
0.620803192548
0.68571294184
0.586108003929
0.757129136233
0.408398620473
0.619251786473
0.866206979491
0.704253560377
0.582014395726
0.425656684613
0.661777387923
0.672954526448
0.705365085754
0.624574692737
0.723579201156
0.424538567731
0.542479826423
0.580267849884
0.804356542533
0.692592947908
0.855770962005
0.679446707459
0.876943337345
0.594007826447
0.613479904537
0.4902468462
0.525140110664
0.396426261261
0.428010948629
0.66520518519
0.46218675307
0.620503275335
0.419071786283
0.631395099839
0.934849490941
0.730795696547
0.570062736982
0.458019537381
0.645838408615
0.45290071419
0.446446817653
0.60893644832
0.428563861666
0.563402751144
0.743560541002
0.869462489018
0.604938798112
0.407227503547
0.716211218237
0.738856879977
0.630011059013
0.510010858648
0.586564941405
0.554736572964
0.576384328756
0.848693162252
0.597033545584
0.540503265935
0.438779502787
0.638984898232
0.496987609683
0.571385726024
0.550878072753
0.64484702916
0.747261586562
0.653476459653
0.784919117351
0.618999936608
0.63237167553
0.482669753669
0.541442800587
0.389382924546
0.296024361882
0.635379019284
0.763916747871
0.598411294256
0.540248249535
0.616496753721
0.547143072795
0.401758563754
0.516378598299
0.775779812162
0.747832333145
0.714638765363
0.511156646572
0.583563980046
0.579446335483
0.533534660204
0.70260876098
0.678019487067
0.74940725631
0.563683434905
0.620618437722
0.497044195462
0.621144601064
0.571397173494
0.650400876615
0.645713227082
0.703531895212
0.486479973447
0.465446641127
0.623183543898
0.518311653209
0.737162908416
0.604828445914
0.543202733162
0.732500607392
0.615954841482
0.516085500497
0.43533359144
0.704956912677
0.681093385089
0.657492395186
0.364081794999
0.4836425091
0.713261850637
0.537308171399
0.722819371263
0.63869344695
0.537628976981
0.394968942966
0.635006608148
0.41954809906
0.662205940057
0.592344790692
0.633867173732
0.530036459807
0.562997936971
0.664046297321
0.522957317563
0.523003017692
0.443603231867
0.458988835606
0.560825384517
0.559588436053
0.528387046055
0.489286582141
0.675636285159
0.647443034568
0.453583902375
0.515619263163
0.395935133995
0.47597923742
0.686427238094
0.639095825566
0.616955573905
0.412418269057
0.603469286921
0.619879758397
0.553948697008
0.522082339082
0.412081900965
0.527619982583
0.65387614517
0.420015342865
0.451900904166
0.521747351935
0.454154035015
0.587226039679
0.586322198745
0.705752337949
0.553105816424
0.484284844548
0.55481400128
0.362356573438
0.547067105458
0.484846087385
0.46724121502
0.654806012813
0.588366531
0.692514209726
0.639055220658
0.456291926954
0.637564719952
0.532799994329
0.534081625536
0.741435451359
0.673512109005
0.665314412548
0.685160159117
0.423687893205
0.507226221152
0.629463104852
0.622374702015
0.454652434818
0.544029637576
0.443810372106
0.506283389586
0.562860616975
0.69695209501
0.4209786974
0.610048881641
0.659745178145
0.605216493886
0.509470399812
0.494250470408
0.629420242057
0.562554943025
0.609093325572
0.440272636073
0.746494231468
0.532257921814
0.577457263455
0.607871153285
0.551997833851
0.601544411882
0.48175239629
0.49509868826
0.534417626739
0.549267772085
0.416950331213
0.663691300492
0.442735913661
0.63945803876
0.5074266841
0.503482276228
0.576401252791
0.476400406032
0.606639886734
0.473169639058
0.52195023444
0.602341930971
0.497938976234
0.567152883061
0.473799312055
0.54943394161
0.45218617907
0.439266047606
0.632906109025
0.524672693194
0.54413787135
0.498225799191
0.447754606615
0.55584581316
0.573176300765
0.421212851247
0.60551151446
0.495307661037
0.47446376286
0.485737233701
0.570422746909
0.479015244696
0.601929304012
0.469908011154
0.407843890443
0.681619129279
0.511879837523
0.646786401963
0.642718717981
0.423354888546
0.562867489225
0.466952980052
0.64306198853
0.399945942348
0.473049350513
0.501452414581
0.682223634038
0.846420704748
0.449976805291
0.585773801398
0.534577775025
0.548992702737
0.449431761609
0.518544865398
0.497831614693
0.442235412041
0.70881502013
0.53468326622
0.410575759172
0.454388112898
0.516037731551
0.62260819414
0.538683866218
0.52940261409
0.638488552895
0.555040701584
0.384634410792
0.704688604455
0.324839622615
0.549661402081
0.5268130367
0.440791213556
0.570127050552
0.594647565411
0.491157278083
0.551480050436
0.613136192624
0.485769922942
0.567582781311
0.545713039902
0.49097151959
0.539965614997
0.58749304966
0.441554248471
0.566106996948
0.456211148954
0.442454433037
0.545631213839
0.402194563957
0.545462656304
0.515331714675
0.685919451122
0.591497014141
0.565881789889
0.442853842551
0.548425403481
0.513955304088
0.495332116487
0.694443653039
0.510692797676
0.614972672015
0.639327974498
0.704570075946
0.529112289753
0.515230061826
0.41589213054
0.47825400866
0.577338672389
0.535460864508
0.715112281942
0.546151376762
0.528845336989
0.679981669152
0.558281312016
0.574979368943
0.577393787662
0.562508525303
0.660482307345
0.435309147194
0.547284105622
0.679597668573
0.471208139584
0.488418513099
0.717741063036
0.687663789399
0.510487314355
0.463498699495
0.527686552528
0.466897145883
0.467702892694
0.586690942553
0.431012202527
0.6269329444
0.573361913689
0.569984737737
0.556302723147
0.634882391788
0.641096915129
0.340731294603
0.532290184818
0.609259726768
0.449595538486
0.756342649725
0.49301455017
0.609028824297
0.571254201702
0.470227107455
0.425779425232
0.612957059917
0.526556636728
0.495256956656
0.639349243275
0.589044543995
0.532794431006
0.617626979712
0.54909401187
0.7938159724
0.576548122691
0.709462036015
0.5338200873
0.355783972525
0.412018678278
0.643746343718
0.686078873775
0.456625002272
0.586424135988
0.602289708624
0.61571649949
0.422841450638
0.425612355822
0.689627116606
0.276796511134
0.573721488964
0.58845278923
0.485295729759
0.576817935342
0.506865657285
0.590497933499
0.505245100409
0.625348782071
0.505023217086
0.49286533888
0.484818208438
0.59726367705
0.541684597269
0.49673883912
0.713684595297
0.704950173917
0.728044312319
0.711046006042
0.651202329032
0.595021209737
0.440645898806
0.642525935793
0.767999736496
0.640558614192
0.404686082809
0.618085903445
0.544494963861
0.457292001883
0.562813061021
0.643386501822
0.65042261129
0.487062995234
0.550816407277
0.615217735565
0.461945698483
0.598180653753
0.488520564205
0.433767940667
0.834120160077
0.538618783539
0.621897370784
0.539302132725
0.377533576982
0.641637370859
0.848007087073
0.613379375828
0.577034332688
0.570928079298
0.613693724848
0.409112302988
0.495877115028
0.512348744826
0.634125129466
0.432500950683
0.633025454724
0.697027869172
0.532647553889
0.516009386649
0.504458264767
0.628257355804
0.661481372476
0.595971267503
0.65773168511
0.789701004379
0.560027818654
0.514171209921
0.427549959643
0.63875928403
0.496882511235
0.605665289273
0.475199430449
0.713122217706
0.836770144514
0.548795841398
0.71339940767
0.700525947216
0.727216570457
0.494454358905
0.431447319105
0.550799291724
0.819198999874
0.531811103645
0.464105428532
0.510581640186
0.414383456968
0.551491398177
0.576892968545
0.525349410098
0.506147055469
0.563124253972
0.451614963727
0.425361422941
0.392001224631
0.481177972924
0.410178179186
0.546000825952
0.507888668262
0.806277903061
0.375189977396
0.53545504642
0.663153756606
0.783493838654
0.594664755736
0.335736815648
0.484682908874
0.589207775322
0.541732190295
0.407735949415
0.440094394699
0.56837681112
0.738829046573
0.616221721426
0.980519024733
0.592100198937
0.426572074903
0.382120592383
0.690508956743
0.364531920991
0.672049134862
0.503322753535
0.562490949838
0.565450571301
0.546548849878
0.605715294394
0.684372746255
0.623599868088
0.535434438621
0.52217060592
0.509617106606
0.425988997147
0.530808246781
0.638418838412
0.44489166648
0.654889202045
0.501022381578
0.549540392119
0.559239575792
0.660477583399
0.594269774291
0.5644750973
0.702700953546
0.63543012935
0.621591503964
0.473412299189
0.716851851558
0.445113065934
0.443008805766
0.718925431312
0.470407355704
0.858334556261
0.497792617807
0.450304550975
0.686007018212
0.550218735055
0.575480078564
0.478867883715
0.691995067398
0.50014392584
0.84081488008
0.769368004795
0.779602864748
0.531231308473
0.678392368267
0.645992420772
0.604741406653
0.605292546286
0.798685730582
0.495666182579
0.525763833342
0.539830398166
0.697115265574
0.487554138055
0.48342540759
0.580672250939
0.590166676162
0.628013617552
0.521360072834
0.442297833925
0.475423872508
0.491309750185
0.488363115705
0.499643287786
0.470290317764
0.372582529258
0.594777006102
0.562801137464
0.465695334566
0.56505663932
0.575538618113
0.370219883445
0.510420155415
0.697595527749
0.461586387467
0.520423562415
0.4500301471
0.566952495864
0.545391564152
0.587744767758
0.301924434894
0.613022491972
0.518180520861
0.538924357088
0.596255725254
0.681549738638
0.357713776829
0.461853047016
0.650356330794
0.558264819008
0.73904570539
0.634946597868
0.551181695838
0.589681510768
0.294980063189
0.570125842757
0.37262726991
0.672971269823
0.664327984905
0.587047592727
0.468661065307
0.536207598071
0.409761714648
0.690442825353
0.639924252172
0.681496918799
0.55954614725
0.648599321322
0.579536916421
0.603475750507
0.44898571197
0.556180575527
0.570934189246
0.55055541558
0.593740904635
0.697635649591
0.761645275049
0.392907051525
0.597467692353
0.412622040119
0.569365933217
0.598142329795
0.614750832725
0.620987046209
0.481840995454
0.402622398688
0.559666072479
0.516886414631
0.395791710842
0.586513381279
0.550696371788
0.665755079884
0.561572096038
0.511257532718
0.630331152534
0.804701945794
0.593280380172
0.593440641633
0.54256566595
0.834030166429
0.397754287418
0.791944949304
0.482727973481
0.488697231365
0.479626921114
0.551779418424
0.594605926464
0.621111571139
0.536496609931
0.533792562985
0.623405779872
0.679313558941
0.799685312983
0.493593947905
0.658209880814
0.579373264164
0.48835870029
0.437992996596
0.73034795845
0.601646237116
0.550548391723
0.590432048316
0.62523424172
0.481055995946
0.442835829081
0.494048740594
0.421168920978
0.511205822854
0.716174323617
0.474194811278
0.642639585106
0.528166862955
0.735833509935
0.520833536942
0.684262826427
0.429663892586
0.632048941418
0.617461113061
0.553506706558
0.531778622212
0.476318522806
0.777064236288
0.612626366619
0.494803094983
0.737620942233
0.618667022951
0.509303551678
0.41659483772
0.569046736788
0.489205168663
0.805446276807
0.499327706945
0.552508059392
0.58334897135
0.521737387498
0.613221083372
0.442715267145
0.568623587487
0.502147615169
0.576389901824
0.512161537787
0.426241351948
0.387913149562
0.442899748019
0.618637095021
0.532447929224
0.684670646521
0.745315612392
0.522372494502
0.696413975937
0.549991262134
0.660804488578
0.566069826224
0.46208386041
0.486927452744
0.422505325453
0.582280840447
0.567123025495
0.521834736817
0.637651580038
0.465623504143
0.726528964431
0.921781232753
0.443464104021
0.632871422705
0.439554595718
0.717126671365
0.437667778541
0.58277272524
0.666281956981
0.591150194483
0.516861725725
0.575206157678
0.60844086146
0.645575969227
0.548185995255
0.469623513784
0.531682778821
0.54920848287
0.738256988972
0.525579956547
0.431404964752
0.601193948123
0.523675838958
0.678114888003
0.613000407346
0.523546711616
0.699248878505
0.622751346889
0.602183046002
0.594818228585
0.551874238472
0.521387882996
0.566326207387
0.634254004275
0.597179031141
0.510399559727
0.646648666917
0.485552432884
0.81152275135
0.507549922191
0.526051663904
0.413189407757
0.448630786956
0.89682691851
0.5862974767
0.589362363469
0.463801044681
0.679043363315
0.581355410887
0.508903874323
0.52582290335
0.428825973445
0.423706321838
0.543168448157
0.493100239398
0.687656551362
0.611975223391
0.639880497593
0.53816267563
0.330912112554
0.603681875776
0.629201943386
0.671434079993
0.559768794602
0.350632608571
0.601515144324
0.646793966374
0.435454860932
0.69933217809
0.658553103123
0.733052180576
0.746157621978
0.468817200433
0.405220471128
0.449155373351
0.556294142564
0.660046791837
0.504167020921
0.506043121231
0.411969476891
0.307668825814
0.428818398654
0.466420060058
0.557343614899
0.444172335396
0.524200376949
0.391245960023
0.408403620379
0.615436940951
0.563916308625
0.380916658523
0.628915302715
0.771999110285
0.476442727872
0.452735046927
0.549554915029
0.606521645862
0.482539336599
0.615326042068
0.597120345994
0.274170081423
0.43016692587
0.340538263097
0.511723130209
0.349723541095
0.474117758599
0.484595713632
0.473445036114
0.560668399804
0.486012979441
0.673675205445
0.623886141486
0.413304028634
0.771032350695
0.860456177516
0.724873707815
0.632975841588
0.677807767876
0.524679796514
0.706867698056
0.57850457245
0.362053671013
0.59115985179
0.457944567016
0.631888867755
0.495964347357
0.568547307068
0.541568036097
0.545025512225
0.734669522588
0.541717495873
0.606898578059
0.624269640429
0.864601779059
0.552196133196
0.568003708919
0.720448486936
0.542013041948
0.544049840149
0.505353572113
0.697224105562
0.58977961395
0.5210808119
0.539569605884
0.294575585407
0.514583686782
0.524675296963
0.570332749167
0.427674884748
0.68658860499
0.440546207728
0.556199853279
0.500071898311
0.349252887004
0.454779444706
0.645406494823
0.420836041276
0.564452353167
0.378713848345
0.419134587261
0.478005735182
0.493693125629
0.477273742497
0.481908024283
0.521088676546
0.586940946749
0.452023098285
0.340150708331
0.403006388252
0.578620905602
0.555786984873
0.569300455019
0.629781963449
0.8473552551
0.813165009719
0.641557587252
0.598163577418
0.680831084746
0.602782284131
0.409862060981
0.426818500865
0.466831805946
0.668851961714
0.598948906528
0.545967700066
0.651113978733
0.434939693885
0.485988305193
0.659019731253
0.427357417017
0.537872690534
0.61748838333
0.606375968106
0.402668826812
0.447752660894
0.57009597151
0.618325760703
0.555384301227
0.505381704111
0.545707219139
0.560205904629
0.656378764225
0.702602953784
0.568261989962
0.563153015423
0.600714835042
0.391491458696
0.526509473312
0.620777918571
0.55210135039
0.49282196299
0.543243993719
0.478982684382
0.453115598655
0.624357523824
0.597550005385
0.561797273838
0.512643460307
0.690749172145
0.457494989481
0.576315241394
0.455452443294
0.628773118449
0.613930260593
0.467953309388
0.520571844283
0.465179549176
0.482845182663
0.694522394312
0.56755543332
0.490889178798
0.561507760379
0.374158846747
0.576124521696
0.498313829061
0.562675024685
0.620407357211
0.545637456931
0.660784913134
0.564103135854
0.653663460066
0.579097294779
0.44805336591
0.602665956471
0.574769900877
0.761422176364
0.559925790123
0.606383846349
0.593440100725
0.519851655011
0.568575716029
0.516747894147
0.608171382444
0.516364821203
0.631206617204
0.427473008189
0.417342013383
0.440042143056
0.70764876298
0.469881051024
0.454989388199
0.510175246538
0.63012768267
0.544609993967
0.548019011655
0.542178608273
0.595060035218
0.440209443535
0.287335142868
0.598543275357
0.597393090138
0.456787500111
0.555082119873
0.578845265825
0.453926015855
0.496441047593
0.487273564189
0.459249986439
0.574631448406
0.591328442559
0.552365685397
0.553333964003
0.438779553517
0.528000453879
0.534939814264
0.641170416901
0.413387547389
0.546769737641
0.482769207465
0.51624334103
0.505897022584
0.452562289279
0.410539302343
0.414104446764
0.505217807282
0.604914288491
0.572825419341
0.612439233935
0.527449421999
0.621157431392
0.60613346789
0.6276912659
0.57602418165
0.597508851783
0.667447357106
0.589657722303
0.495265979585
0.373350602314
0.538708839605
0.591167060832
0.52443260152
0.462823837668
0.608190197365
0.619122586134
0.467172234767
0.547769306768
0.704879123768
0.505231962334
0.651609414471
0.588246569407
0.491154456683
0.430616104983
0.604211259416
0.526114074495
0.561072816467
0.531283399647
0.886384117548
0.513000546584
0.667792367557
0.530297991831
0.546103429637
0.622174511745
0.558848127656
0.653008247706
0.42809364794
0.394698677288
0.620725858188
0.485709786316
0.522550123623
0.690717544419
0.536935198953
0.590646816445
0.473985277504
0.734391883204
0.686238986363
0.428206722678
0.571253438523
0.517255683861
0.584903065318
0.496126241215
0.589633932547
0.529116159324
0.694438996473
0.589906817222
0.594650942825
0.622476649401
0.631885938615
0.394736369316
0.468896732708
0.574329623036
0.528555076724
0.5828109655
0.598886724109
0.607069752183
0.669316333788
0.679871184921
0.643757600582
0.464004632798
0.592341670069
0.43821473112
0.499297030359
0.636247076113
0.53769109651
0.549183565532
0.599021242508
0.676577986972
0.595468903164
0.605730021074
0.679528685853
0.53050965667
0.590624266449
0.591710004686
0.641077525188
0.515695250855
0.585711594542
0.529424676235
0.485073825298
0.463626047995
0.462020694772
0.452649851525
0.635654581878
0.634371641701
0.371617128962
0.534132309525
0.57572333654
0.465221761626
0.708412146869
0.7152698353
0.506765883982
0.431931475152
0.50089241314
0.636471398687
0.775021084692
0.619809845515
0.54727381244
0.711172189661
0.421191202996
0.690397044059
0.512307092205
0.533180039484
0.628464543999
0.490839434405
0.45141922472
0.744693971735
0.617064924247
0.747278806604
0.786574796876
0.463846512382
0.527713013763
0.430810258456
0.470304412104
0.619385738689
0.414639089612
0.50657375828
0.538257531747
0.544811997691
0.760842769455
0.508458482016
0.592477173308
0.440508462906
0.434824383208
0.689930100589
0.56582533465
0.473904864294
0.630066761484
0.52735097997
0.49301939046
0.544475555864
0.363192477796
0.460445195603
0.558076808999
0.579111510128
0.568349885729
0.710109248663
0.518677590798
0.63853516868
0.606187660353
0.58827867692
0.434278049126
0.562230636414
0.358323749134
0.757721926239
0.690025605436
0.636717716765
0.393573018205
0.480899186074
0.669685978269
0.478212347799
0.532299882003
0.55509981649
0.599768810609
0.658330867235
0.552818476987
0.503153780658
0.676236650601
0.392114329385
0.456351949282
0.491295490882
0.650454219947
0.678906044457
0.476979630121
0.593606082977
0.500886617918
0.57401528694
0.584961544883
0.619819035326
0.557175010612
0.476680518688
0.625116390465
0.771764624025
0.749579143342
0.608780082595
0.464364571217
0.544004552828
0.568971642513
0.513744750299
0.413918172016
0.524846977512
0.678228252621
0.588432681766
0.602946556117
0.438590586711
0.433881602394
0.80203729935
0.694977241664
0.652246223214
0.550337231342
0.451071243876
0.444167628852
0.514902463563
0.654797731077
0.63186267473
0.507538070082
0.62137155102
0.382459180791
0.584427205581
0.560494099616
0.54905557605
0.50873804998
0.562473218808
0.563180596859
0.608992463091
0.552785503528
0.569355794317
0.640117072189
0.482594938488
0.486656056384
0.460201276498
0.5759566
0.474065480496
0.634813027807
0.47622876126
0.516435737789
0.436297134162
0.857567337231
0.668286582322
0.562822961857
0.431183279162
0.651337419077
0.599491945699
0.431255351774
0.463662337222
0.505472954199
0.488373971724
0.397098795871
0.62516408034
0.511673137919
0.608519079852
0.657725690116
0.479808260902
0.591594254545
0.438366390695
0.448338852646
0.493356945168
0.46574127154
0.611343621678
0.473576659892
0.710171195653
0.558585667677
0.756637588216
0.552194756626
0.448942845706
0.643832589102
0.580452023964
0.530663477343
0.531939558118
0.777488098256
0.481640091766
0.627077041784
0.504019999064
0.612646910125
0.607632438651
0.788857014539
0.503892940469
0.589770457683
0.545632356453
0.715904448244
0.508170045125
0.520114253774
0.513249120905
0.617834704484
0.568958240356
0.507502548257
0.555566840761
0.535183273282
0.672026714345
0.736606269712
0.633590465239
0.55526319644
0.594584866757
0.711860011999
0.667167393093
0.40105202437
0.416402308226
0.66843399785
0.535777974958
0.569998287523
0.614598576071
0.59837397633
0.579735105982
0.442186804794
0.57952869635
0.395676981876
0.473551707393
0.555363055896
0.596372978666
0.431113187987
0.597600595754
0.596120483449
0.596526801086
0.56621832372
0.546742209222
0.450462046256
0.498079664547
0.381489282921
0.591705952538
0.5089612626
0.447410095222
0.468832725312
0.455247028627
0.50601616736
0.567761388362
0.520666144733
0.632447046811
0.455124515327
0.677566912942
0.600968115951
0.624047807317
0.347728918016
0.572779789032
0.560246141231
0.547788727445
0.440534433521
0.445077142552
0.51625492488
0.728005017713
0.36680673243
0.538810850119
0.696420150747
0.366867132193
0.609312857958
0.633976513263
0.687471737172
0.509205253796
0.522212663508
0.595683985411
0.552639668534
0.550355581497
0.737542452826
0.475140680061
0.5375971629
0.631834385162
0.514316761891
0.555917039853
0.606128937188
0.638505770657
0.51165327179
0.577856154953
0.490857709927
0.508572871648
0.649518714179
0.662100723456
0.397920675187
0.477253128713
0.472968750489
0.338768970638
0.530810424444
0.552253036265
0.428901094293
0.702917710633
0.650360100975
0.397730440784
0.636353057199
0.440944505322
0.574137023476
0.439652558441
0.594291295573
0.668711835217
0.433113456016
0.519982917932
0.616209842291
0.572201686717
0.713416912708
0.645907225827
0.631099950105
0.628242388994
0.766965768364
0.510232728955
0.568646536232
0.750019485651
0.581814858016
0.533499460981
0.655210729891
0.59192009483
0.534010463616
0.601292458207
0.761633358126
0.78616267065
0.567801591121
0.666817256894
0.607541302579
0.47403845275
0.543303015999
0.586051509602
0.599880218744
0.603845845814
0.606307743009
0.27649846122
0.541850772658
0.401373804397
0.404643147973
0.518723929693
0.485147529282
0.557765639062
0.606632151005
0.498712673946
0.680356336191
0.512916765286
0.566285063699
0.407196596219
0.436660660077
0.413783548048
0.67383687922
0.488926005239
0.590034000252
0.640868402049
0.33889792321
0.571767186118
0.48068734591
0.698729108085
0.493718116805
0.685912522247
0.46266246629
0.666300661461
0.620550941482
0.438593643743
0.465682166316
0.656359934505
0.569579271153
0.684283130661
0.431884690795
0.805893454619
0.725229213913
0.677714596998
0.502709536786
0.594188339394
0.54282680794
0.556141505705
0.520787372196
0.589715843076
0.5300006391
0.504256755442
0.431010163531
0.664485576345
0.519638004878
0.536460152096
0.350614075085
0.429963031762
0.670157368813
0.557091026888
0.554668493342
0.499127908228
0.487562064866
0.513557847888
0.45416568062
0.382036216834
0.367588715158
0.595965406967
0.479635220333
0.427007536402
0.57527974945
0.579344637681
0.536368630914
0.696106225149
0.549324956935
0.77024887992
0.488279367431
0.553276398648
0.607488532937
0.59209362571
0.393717127421
0.481318504345
0.394540988836
0.645677690487
0.602522939762
0.597849729129
0.59840746898
0.511610069995
0.509087140426
0.514832201512
0.547892662321
0.603839784801
0.637138241135
0.445777750904
0.616462963064
0.690667200995
0.513602777485
0.483141437682
0.55977518317
0.51126182801
0.547433425926
0.715403693804
0.577975451071
0.469666626264
0.57680923028
0.53195684374
0.364808899974
0.607752400973
0.456506492255
0.301427326083
0.817423493691
0.637268782035
0.62853373644
0.456451417633
0.575137579194
0.501480095676
0.706947625797
0.598613402024
0.582267947143
0.511319110587
0.56787998852
0.629543278619
0.585872146771
0.574475357535
0.552588006847
0.418227634543
0.411399498228
0.477561899524
0.448058805188
0.520361945119
0.50377777994
0.604713132642
0.513661377929
0.580806721114
0.563541954058
0.53227451198
0.5760355533
0.60676124227
0.469093844281
0.577503262866
0.468559031482
0.526939098889
0.503465445295
0.7568006877
0.542663592224
0.576063784542
0.54863116454
0.472410336502
0.506468699423
0.532010799702
0.706577889747
0.467209927473
0.740049135817
0.749591442558
0.600663124391
0.538301411523
0.481069183727
0.650410660872
0.558324919651
0.574900239994
0.547441603182
0.620127066603
0.661942319246
0.621106877921
0.555717359866
0.517853226074
0.556077404733
0.605238666438
0.696364901428
0.572089511592
0.522557452774
0.54938768047
0.516268143247
0.467422269903
0.512884680286
0.673348293351
0.609440362872
0.41144862164
0.704912790065
0.480600707532
0.49387815506
0.549382153468
0.531024741706
0.410595993814
0.645160319285
0.578946615409
0.406401750411
0.568235257024
0.590553598241
0.727838498358
0.520546538472
0.458329422038
0.697426764497
0.526394513687
0.669338133291
0.475835177814
0.541836349248
0.677594253029
0.574349047453
0.500187769204
0.54306064133
0.506759226301
0.813684601064
0.566673610761
0.447372657914
0.69897146049
0.42099411757
0.764415244416
0.493198552765
0.604013368936
0.442449491881
0.594135709101
0.80934539963
0.420054476897
0.429951956232
0.590466376495
0.442115498622
0.314231645176
0.591137467445
0.753187610075
0.442800595415
0.404167270435
0.372422848859
0.567112568483
0.551222525572
0.656806727007
0.483919803258
0.536464097714
0.58336954751
0.491405396676
0.431043805677
0.494947587546
0.602445124747
0.501535012687
0.463769527042
0.689609591372
0.380833111183
0.355906199719
0.661961298231
0.661190284542
0.601399241243
0.508949898766
0.779691837606
0.592441269613
0.550090639801
0.759710204478
0.421689281495
0.597878788588
0.573696099489
0.515314369704
0.677631369295
0.796032679446
0.565490413199
0.56857176226
0.6319017173
0.584145318555
0.550400322516
0.453949613589
0.516014527106
0.978355061184
0.771240248638
0.563748971739
0.62481055439
0.68002325676
0.494881181772
0.780803933573
0.76299059447
0.571034059385
0.66056829581
0.649153191803
0.537952712279
0.447432173028
0.51199616596
0.696123606919
0.59197248617
0.84891058588
0.885301176679
0.457223692498
0.631233718209
0.501909584812
0.642856183042
0.536453505726
0.632123318273
0.455950461223
0.660785016694
0.447345607187
0.377521513282
0.42453120598
0.652106662886
0.564035211858
0.483304614155
0.601360444402
0.53285573232
0.519020942915
0.742278736786
0.712382164101
0.567008852636
0.783830053002
0.51763759782
0.541452388902
0.625431610786
0.558317610474
0.477003334117
0.460141487105
0.688272793732
0.676819074045
0.520590394464
0.469597787288
0.999188354042
0.567388056401
0.580683956775
0.402271890223
0.802825698643
0.568488933782
0.459631946076
0.438603710349
0.61486598193
0.605619820884
0.904302442953
0.480312728871
0.538905448542
0.537453260617
0.368101594561
0.430022389027
0.686493350334
0.666663192083
0.397687990234
0.549728611612
0.594227953878
0.672797349606
0.361608145353
0.477430868845
0.701406152942
0.485264618736
0.555137637098
0.716074392349
0.537947534208
0.600490508805
1.13387166506
0.639955755309
0.525171006722
0.628355378532
0.647021965803
0.595058346003
0.539027280328
0.628246399585
0.562687583643
0.426584394474
0.607159510635
0.488182041674
0.369366869421
0.673610207493
0.713540427683
0.518605218889
0.402569567245
0.473600957086
0.59863704088
0.649809673847
0.673329645112
0.514515173652
0.541379006434
0.641054195575
0.679780770425
0.638716843401
0.428471089053
0.607837333153
0.646584594203
0.5343161179
0.539756033123
0.511246579653
0.627413719746
0.61770209812
0.557459891191
0.709403958981
0.84126842895
0.611970084144
0.73291997408
0.488941680041
0.599192553771
0.49534641331
0.605584008292
0.547375261003
0.397347655773
0.514177896518
0.606395057026
0.540624844676
0.728012948072
0.521479775633
0.533674993923
0.469729425194
0.59917418367
0.515254592566
0.523553696774
0.526629570144
0.794305961573
0.567696617515
0.638115559552
0.38879982527
0.638772222444
0.647532756133
0.82117879479
0.379533039117
0.507021696154
0.681095159509
0.497151386283
0.786850717741
0.754976510235
0.8364761726
0.661208617112
0.771447462485
0.543486173708
0.749905572067
0.550478042834
0.714546111154
0.656424006561
0.79644960517
0.533701192242
0.434153499398
0.542389804308
0.718315994797
0.514667128573
0.616389072541
0.965457801812
0.587283701337
0.424611443172
0.649607983786
0.791889138817
0.547802070173
0.53589792511
0.57489839851
0.593828478537
0.922162745077
0.650548599995
0.557338197048
0.535132900896
0.636253365972
0.538890643389
0.587443457177
0.705769593223
0.466858102845
0.496306022694
0.578852234417
0.688345049836
0.661119566453
0.436631272319
0.439620635097
0.641830147754
0.600080462481
0.43427016821
0.898490120877
0.704453593986
0.448464166559
0.546734526173
0.56017976541
0.696627147802
0.517039884117
0.680301825884
0.543942405363
0.626680316907
0.776858803748
0.503302981592
0.680404431987
0.849771311093
0.507787843409
0.614735368762
0.69161855887
0.592349633165
0.538932371155
0.589214977913
0.453861732581
0.476935644543
0.676636073853
0.386341230056
0.563556688153
0.502811397106
0.547417827596
0.612642996524
0.632284004255
0.61284935622
0.573649505981
0.458700643128
0.628306819128
0.557225077366
0.634493288472
0.666677169928
0.474919295549
0.927656457651
0.496001709651
0.575068445315
0.573546540944
0.732705208108
0.492856336331
0.396778562652
0.536604211542
0.728237842738
0.818422534459
0.701203716756
0.540654219079
0.354183624975
0.461005192878
0.855138111728
0.443725502163
0.557297122382
0.473472459944
0.865523269975
0.429819216688
0.613210099147
0.992721818199
0.671789129954
0.742923558605
0.690697014001
0.618841853855
0.610617041088
0.689743710042
0.539349017507
0.605879741499
0.70627615566
0.734357480354
0.622866400181
0.630416745642
0.561997241979
0.53412239634
0.530439858691
0.469075826958
0.436802008468
0.70774593902
0.623151222532
0.69133288495
0.646526296313
0.439839798334
0.472163844926
0.64510478717
0.489640362021
0.59172381244
0.41509944208
0.411162382885
0.392402510268
0.460346097811
0.787048712495
0.738537590273
0.655567778201
0.623464520165
0.599608843283
0.72114712033
0.669562975871
0.490061501412
0.519646719253
0.671119949975
0.72206715626
0.473542071018
0.697838383876
0.579656314009
0.641629355143
0.523060619538
0.674403761008
0.480728607308
0.493559465933
0.382566053557
0.578940799758
0.550538358753
0.569524651931
0.48417695064
0.487773120505
0.494178217052
0.60769968436
0.43605083995
0.562296592026
0.647428064658
0.428121597455
0.640648498328
0.59365319564
0.435755543771
0.568065939151
0.503363223373
0.608598740606
0.537393392969
0.588336243632
0.425490163434
0.483974508949
0.63001739321
0.588280124683
0.616632052051
0.544320775012
0.605084784688
0.584574739015
0.460050283667
0.617340773489
0.517257588146
0.548483744997
0.326513925577
0.545718605757
0.66656248191
0.435778479181
0.609810844675
0.672013608979
0.549617288348
0.507626654892
0.598912492448
0.537715494524
0.43962594088
0.429185903749
0.490701571361
0.521725462433
0.70692417579
0.664040499976
0.547773925485
0.462360845951
0.489699934909
0.621404309293
0.548040796814
0.388419925776
0.503324748642
0.628729182859
0.493271437262
0.575428963741
0.569090756144
0.493575984173
0.390298085699
0.539471241393
0.476665180324
0.506206560327
0.52097232436
0.467482578307
0.58988492937
0.603939661455
0.46291168369
0.674419321117
0.589551903738
0.302118993852
0.442057993526
0.555376509583
0.392503799962
0.654268895605
0.642482365089
0.585510952028
0.5077956155
0.652681024037
0.467222672385
0.500735280969
0.377483689474
0.474213665468
0.488281823811
0.464496012158
0.589498299804
0.552498313571
0.430323474236
0.630315106663
0.56005696708
0.634206661004
0.534369963301
0.590963043875
0.662744053132
0.581640192136
0.52780277671
0.466322434719
0.563621960471
0.429064247827
0.520015230082
0.521941138951
0.463321027227
0.449868985975
0.646442621001
0.726505387072
0.637838864794
0.468517515843
0.663083673323
0.560034683117
0.46462305006
0.442081839454
0.501199136957
0.520683333137
0.656874421492
0.715149000585
0.646092199195
0.598673102862
0.528662814909
0.524177407207
0.438601934788
0.621010618354
0.502355538402
0.514390529326
0.853789098008
0.671128015482
0.617535295554
0.630727003494
0.714128191107
0.588204122003
0.673684898067
0.5894624055
0.322030545693
0.565768098721
0.618831085995
0.478312806573
0.565181682753
0.443282018059
0.670355581673
0.480037912176
0.480076069205
0.540573172551
0.541652923829
0.508254994108
0.488520735356
0.698647911571
0.47668788752
0.634851732833
0.449200945513
0.436596505395
0.59122811288
0.516527452035
0.38479520288
0.664055202426
0.593837823208
0.699021654456
0.470472085817
0.611114066034
0.643798471595
0.549546863398
0.698989721648
0.42825062917
0.579410270585
0.559148052456
0.645429727098
0.607753128082
0.395080881433
0.450585655715
0.495903081044
0.506025533686
0.46933322416
0.534462276986
0.56470928328
0.58823988053
0.514237483891
0.403481094881
0.567993086865
0.565383932203
0.546885076013
0.403268307431
0.485730526438
0.797861089993
0.49947317891
0.542421952673
0.478436220359
0.617865569973
0.635928542416
0.599315611009
0.365047412799
0.48142715034
0.532233747475
0.391788134793
0.302960920885
0.563516677577
0.450135776832
0.337775829303
0.740822891499
0.493357916428
0.598719262581
0.473692213311
0.634106146574
0.439649981205
0.550705425091
0.649626455737
0.539811023215
0.598523218636
0.438891850907
0.550698141876
0.55841996655
0.52571749645
0.651796369665
0.431327089816
0.463799786746
0.635491295525
0.624693031596
0.5090522073
0.476098913497
0.439380009106
0.492858273633
0.60189387668
0.435287133388
0.6520716985
0.611052008374
0.426120692039
0.388172290231
0.527885009404
0.523458649902
0.489484212683
0.661205737641
0.337032795883
0.50120924695
0.495086146845
0.475355971324
0.471278093111
0.438463074199
0.507558142023
0.464921615854
0.573698967993
0.590036119741
0.586511561777
0.520096307886
0.490264960604
0.524446529988
0.414244520272
0.314386191173
0.463687040566
0.509327266459
0.475086609574
0.551892726672
0.571784686571
0.637084907866
0.579613747039
0.627665246315
0.449553484778
0.385186772122
0.485937124128
0.534300333405
0.530896766265
0.667239682441
0.648926407249
0.658927273478
0.571750710821
0.656647216542
0.476052992768
0.512929606925
0.552179469159
0.497190214784
0.410764075755
0.640067170899
0.56848172088
0.558420333327
0.520918569434
0.531129592415
0.48656303022
0.527801740125
0.535490850988
0.483415866252
0.511887560331
0.553626249663
0.613776099514
0.497932089108
0.667215244994
0.432659613305
0.643583834699
0.883311572771
1.0224544912
0.453422054031
0.643645278493
0.676371320985
0.483254484568
0.395991667162
0.585465959625
0.463261291564
0.403212740596
0.702724878114
0.371204618768
0.450068322645
0.43253028197
0.434750015538
0.521478978249
0.450768373342
0.518061460136
0.562363431746
0.805806992802
0.47735846594
0.50267489224
0.343762722284
0.692233619128
0.478162193364
0.456394920231
0.648766651953
0.537273112227
0.663112726576
0.641787628454
0.564267883285
0.490013249052
0.572349830859
0.425226846617
0.463989379726
0.585913179622
0.553224009021
0.606937645667
0.436046525561
0.418296764931
0.537714665845
0.818908068486
0.488012948464
0.654096446133
0.717637315642
0.634489502761
0.457159311744
0.586698754703
0.501672512831
0.647291672362
0.607678453726
0.627592175367
0.572026871871
0.386344405132
0.54550172587
0.479041272249
0.636982794532
0.520966903349
0.487501568919
0.760743251044
0.605635165558
0.387343227005
0.532529066193
0.675965617664
0.547305171409
0.655243489295
0.607229475869
0.699004646803
0.39227877435
0.658445891808
0.618882619963
0.694120012427
0.571272236595
0.436610423341
0.668945285682
0.572810980421
0.556018989197
0.516593357778
0.45907697825
0.70231517926
0.591026374815
0.675985330333
0.508781898261
0.602941727092
0.549089827932
0.438928522866
0.543093097576
0.467744171258
0.532188352898
0.499672287774
0.540135219425
0.472332015196
0.57007440708
0.708158233317
0.596340864584
0.589045138967
0.585971984441
0.672295953516
0.682368575543
0.407641896095
0.655642777595
0.596449825797
0.364996060854
0.667667085072
0.629314858702
0.503850812347
0.56272064291
0.713643384504
0.484570039446
0.630873196845
0.499449988026
0.681219131168
0.534868101305
0.593587920125
0.687306713959
0.5760187444
0.404740520109
0.37373221667
0.397770467368
0.446496369542
0.578490947761
0.543085548123
0.474060324613
0.473292865259
0.60554613756
0.754443337053
0.635322043196
0.665311528524
0.585684468032
0.558998724743
0.601617872901
0.483693193272
0.477508742174
0.59559262546
