0.759247712351
0.626110892424
0.587680608078
0.656410425187
0.542342020816
0.576688250084
0.658862227521
0.533674626972
0.557797512217
0.573496015289
0.56050763186
0.603812825686
0.507875130259
0.654801170179
0.531273003187
0.685454020433
0.601083673465
0.64450806269
0.607472791427
0.429434247805
0.615684726039
0.534912995212
0.77273635552
0.466310748655
0.689980211535
0.767829554402
0.6454056237
0.801376812655
0.932011695619
0.645416732235
0.588122574085
0.629597290546
0.784776451438
0.459719480821
0.798904808795
0.638309355636
0.864372212258
0.488295215678
0.720893230807
0.724113171838
0.487635390207
0.679186652343
0.738023196539
0.745422983193
0.438987542967
0.768870047545
0.527083033079
0.782648443135
0.61012461995
0.753090359174
0.834003519477
0.554111425354
0.602274533323
0.626702576473
0.634708070669
0.634131878657
0.445702613225
0.608066592507
0.554572279926
0.594493815603
0.522339391232
0.779828828256
0.693980025636
0.5144508269
0.614381351359
0.834444391931
0.804944144667
0.617781427679
0.77960352513
0.89084477524
0.670181154936
0.372939001933
0.659149883812
0.692018489008
0.716466486211
0.735011421383
0.557694599332
0.604948291843
0.407784271299
0.799066163444
0.842986087209
0.435349767986
0.5389272369
0.536455170114
0.842918901186
0.723142145347
0.809037066064
0.672492635033
0.752215581801
0.601452871815
0.764524488711
0.671486503855
0.770418099373
0.474252192163
0.627485531142
0.558411502328
0.575937293574
0.762626447775
0.445207831788
0.676255577588
0.840634557172
0.683868178536
0.585553790423
0.620934025829
0.644959031706
0.779823951768
0.403559835243
0.630366054818
0.529994290208
0.567744115486
0.683600706027
0.721839092211
0.497534270486
0.590748390056
0.584143711306
0.764024095342
1.04867620671
0.362347623242
0.626013429329
0.339823844955
0.54641260887
0.654895398995
0.484875568695
0.519877179645
0.701525070034
0.565078601844
0.724066683448
0.641746248657
0.545591073305
0.819901301784
0.777744387202
0.719510703155
0.746039920366
0.669525030272
0.600015798136
0.683299258128
0.526622833125
0.430423051737
0.304994343588
0.588832678074
0.61061329871
0.7319384089
0.816200061185
0.541593959037
0.700987753722
0.488067084946
0.558823115343
0.61299074561
0.752264706019
0.555668479548
0.844479499583
0.655693444753
0.615777705615
0.698075677951
0.452891912411
0.639333419552
0.644705880915
0.985760439811
0.829477165431
0.651998837353
0.733020530756
0.704978202447
0.692441002064
0.520346763562
0.604796130149
0.599298349224
0.610272569758
0.461741481131
0.582644433269
0.638302900545
0.637095211112
0.628086035533
0.695040747492
0.488329364629
0.583563924408
0.67171851928
0.759104706328
0.757388007979
0.723984178941
0.613576215725
0.543827355828
0.563702047621
0.858726235579
0.729732348391
0.817110965545
0.535936636701
0.732067055195
0.84336804832
0.583785293409
0.405404185463
0.656128001458
0.531144583762
0.515150475164
0.640604096742
0.65598533134
0.55125602809
0.60942376674
0.730738910335
0.650890724583
0.502837401721
0.433682371521
0.526623668214
0.452823754933
0.619618233391
0.524481554484
0.655751602729
0.501369546683
0.548538196598
0.673131911298
0.580790469491
0.769306497539
0.706031306332
0.557354151704
0.811416640274
0.744637735667
0.548323864479
0.746617270045
0.615108619872
0.554723558423
0.612551157194
0.86066994469
0.704158533384
0.585182271796
0.606238771292
0.625154340849
0.641119290246
0.570267411005
0.649388710421
0.654871046015
0.749914032426
0.608251368059
0.654420036239
0.63387207046
0.53747766792
0.716693736196
0.627060783918
0.562468132389
0.798703263003
0.555825367422
0.621977166282
0.626147130421
0.855658440085
0.830623503052
0.76878110609
0.545805310804
0.378553091262
0.827538848932
0.723057142367
0.781282450294
0.648016776255
0.692760365736
0.587385803601
0.783398529522
0.774603965548
0.739376813445
0.404193765715
0.562211846824
0.606368759214
0.650891582021
0.627743272593
0.667427159258
0.737140652011
0.480062729261
0.733911780315
0.619489969292
0.609890039378
0.691667609748
0.903829420537
0.590300363008
0.708321120589
0.567295346924
0.562269151092
0.56993486233
0.708474141257
0.575887276027
0.698468486777
0.615872888994
0.701789000517
0.617549738695
0.659833771056
0.7391030883
0.454250003781
0.676537401894
0.677498468349
0.635809638619
0.3269132189
0.550617632334
0.583691661168
0.465888190159
0.616408188207
0.601082748534
0.634858544325
0.797095026125
0.822615738268
0.705141421967
0.600239790429
0.780794156751
0.577527440505
0.7155469857
0.679574156525
0.83094546201
0.646772155267
0.417930227525
0.634494029109
0.501613108569
0.745039003433
0.668577638032
0.727674342303
0.438047266308
0.818824530136
0.607775958894
0.573051342031
0.552420087095
0.630557689877
0.717678307788
0.75093223762
0.515950508978
0.717224432995
0.63386640811
0.818137688648
0.693156513831
0.647081602566
1.03198003535
0.699399719754
0.678017460202
0.661655963003
0.763268429021
0.585071424972
0.456982626235
0.679697780468
0.587593823455
0.668805260566
0.658471468666
0.568404601896
0.613679567648
0.493010175063
0.515540965805
0.520487755466
0.738175420942
0.453804747185
0.687363120719
0.929199297711
0.617235350296
0.621184601208
0.542192062941
0.918497640371
0.750898484713
0.689756859354
0.658206174377
0.565205104176
0.606107763401
0.651720707711
0.661098927916
0.601756472065
0.907948781232
0.764397115003
0.539496719244
0.527021765709
0.493968328388
0.538448893693
0.898645123907
0.603449377433
0.476362444584
0.578469717223
0.635478718549
0.751045947705
0.562328405281
0.566503776432
0.606770325816
0.515530755382
0.654218756007
0.62454309694
0.548335334354
0.475358379948
0.400445240145
0.720422015714
0.529360448185
0.514539694357
0.558286829239
0.668373475492
0.700469055519
0.580309806605
0.629024858632
0.635366143924
0.3569384574
0.549711759712
0.62156114116
0.51160411138
0.664171622876
0.693278846349
0.537020239731
0.527129546989
0.618824937042
0.592168289545
0.792764316241
0.686139018943
0.821320242107
0.556777004799
0.543858256737
0.492500535758
0.657351686002
0.625842085483
0.63123462432
0.579361592894
0.496987476394
0.413907383917
0.592224975403
0.632458294769
0.741817234466
0.766271268855
0.683907828729
0.563401467781
0.50485587561
0.698587081874
0.74699369125
0.601099358503
0.699354574109
0.505341651153
0.599642734596
0.666741379529
0.576459052003
0.660598715355
0.625397312902
0.391872673406
0.644747483057
0.572790935463
0.723721318668
0.33496820856
0.798924241944
0.735151777204
0.718843119372
0.742941019512
0.470506703377
0.597581674009
0.596213496825
0.789364207001
0.743038900444
0.654865425763
0.621469393124
0.744333052318
0.641213566782
0.72964052886
0.803363555559
0.558426726591
0.636510060631
0.330606627208
0.651323426188
0.592810095786
0.496556863966
0.647778950169
0.489918707195
0.570462415819
0.520525168531
0.493452405471
0.634258530029
0.568821310847
0.573486292633
0.739927954396
0.673728961132
0.723634922009
0.602376708819
0.623596688307
0.883471488194
0.693093552024
0.694570225783
0.342422543016
0.655883640992
0.843987977396
0.65347347233
0.718453562653
0.535556624367
0.913503409658
0.545670500114
0.432797206494
0.521021939021
0.727097234765
0.674081295199
0.751695292864
0.569267324833
0.731109944254
0.659874049148
0.554135700244
0.753852057927
0.595377187124
0.643244230106
0.656441980671
0.604289119666
0.556427728353
0.490544946367
0.644820239777
0.720853082669
0.521576190267
0.653122008243
0.664710144983
0.751269055059
0.452645875771
0.682075598141
0.644795442231
0.890023142601
0.505122175315
0.623548371367
0.662691553391
0.539071742662
0.594907451307
0.685127989703
0.685927643606
0.660293131638
0.656575094318
0.965133249215
0.57086085952
0.590230168961
0.759957081621
0.672399130427
0.566817986761
0.433738551997
0.566575887174
0.575142364623
0.732781800075
0.662958857942
0.522547077126
0.680587211141
0.743211450391
0.613335768031
0.602288448926
0.862423660995
0.683019252974
0.72659549934
0.947175458774
0.611457225379
0.569399261253
0.61939942006
0.467431354631
0.499956451886
0.516305984955
0.732085960061
0.710201825279
0.57160483537
0.808153608497
0.658904951094
0.355306259028
0.649703472028
0.641066982656
0.650140431899
0.691217947883
0.563858607516
0.606994720214
0.568027050074
0.857965024852
0.525445234758
0.607025925726
0.568116824207
0.661717033223
0.60944720557
0.807294910415
0.575470640065
0.5439932035
0.487274805585
0.53013186039
0.601282197529
0.713391967041
0.685399817032
0.651409853651
0.715796547839
0.840420206049
0.750147669229
0.69554145801
0.718224219802
0.558085475022
0.399853605289
0.751270138658
0.576384864404
0.404054357821
0.71590906934
0.651270947934
0.539505491651
0.584934349154
0.480527795909
0.695440535303
0.548569329505
0.652804464767
0.777356781827
0.589034304068
0.622293450768
0.641799625673
0.632800503093
0.478625234884
0.555889915609
0.758079323624
0.66823921882
0.606676338355
0.785870425914
0.436520707443
0.549919362785
0.579320664801
0.705818515158
0.42835622647
0.450745475286
0.664580795396
0.660956121909
0.501497380117
0.746353062035
0.551370096971
0.700071072536
0.691869190384
0.705385712584
0.740391434141
0.518472281775
0.658860371343
0.475767755091
0.641738333739
0.873808634344
0.496139613324
0.42915846483
0.649522136532
0.442776771677
0.775842379134
0.699997290789
0.394771686683
0.540671555702
0.49657115193
0.619578774366
0.538968226776
0.623553748131
0.351408649038
0.613247785369
0.7111498125
0.769635681184
0.752392306202
0.628232064475
0.569212171931
0.638130152871
0.627974623282
0.771847358772
0.875872859076
0.475201413944
0.842547960588
0.722978779059
0.582223274062
0.779507351835
0.458247619532
0.446144385993
0.588633009385
0.741230843209
0.665340984261
0.361067128658
0.479296913644
0.803655648353
0.750278765288
0.671652363193
0.632614191576
0.654006828108
0.340601829874
0.539410139166
0.981187893109
0.672729444727
0.533501534386
0.601808247645
0.539158301831
0.446788076264
0.723759633644
0.567809924086
0.669752700279
0.734393400739
0.589922365026
0.554924936115
0.714267510368
0.49151000849
0.60107781178
0.406083342541
0.639444516042
0.610040346762
0.644541392248
0.633513577852
0.898210332833
0.594113786941
0.631689811417
0.752429336587
0.693712788318
0.511828463685
0.679992183694
0.787079246835
0.524470670461
0.529418806844
0.457479653291
0.7413272342
1.01376689448
0.557473296274
0.736294048993
0.823847395571
0.564300340408
0.782821115249
0.557538764208
0.859529027854
0.835698276429
0.630106010232
0.472144496991
0.656083953595
0.621519383461
0.491633722358
0.60299963586
0.768435206212
0.752136678969
0.526419598596
0.519379867716
0.51394657691
0.632291249398
0.815711966293
0.551079713373
0.814769525377
0.813238079898
0.640827160071
0.772612534188
0.683510320582
0.738241684102
0.551704280872
0.703262558197
0.477798435873
0.580052575
0.520768543602
0.621296986367
0.719907041631
0.530598721448
0.939405764337
0.66568471701
0.50045437941
0.518006307788
0.601955431513
0.619274587202
0.539021372479
0.599284244835
0.747803214893
0.750693891611
0.725540755383
0.539051662177
0.640425829059
0.627188957397
0.659266923667
0.695301787043
0.487517168715
0.765131937821
0.782172548477
0.641242127833
0.631483028392
0.524927160091
0.711769389495
0.696481929517
0.827762063866
0.572563426823
0.589600878909
0.546125184172
0.647640238506
0.644803433478
0.819827609321
0.43623129465
0.577830627562
0.477331160864
0.689718418062
0.643708791619
0.588993482269
0.434435604699
0.531105279769
0.838432925681
0.758402266769
0.733110255912
0.502490862051
0.740371066374
0.575588356033
0.579216344719
0.661676868362
0.68989517704
0.670776380896
0.518420763591
0.707517950622
0.59931705516
0.681189765694
0.491014614269
0.616225217559
0.665799876307
0.669224067562
0.594424779919
0.757208943034
0.56944060833
0.722374205909
0.643535124623
0.552922362924
0.805010935379
0.668509230645
0.46098672593
0.724023598958
0.672309256546
0.704816148439
0.615651912778
0.668175785564
0.780751978026
0.481241194707
0.672050910866
0.662433721587
0.555555302362
0.670909933392
0.610099112253
0.68385964272
0.520914743787
0.838587188031
0.537292878712
0.369411350118
0.644942453659
0.612525554497
0.7282675504
0.762705763261
0.616094178264
0.734253318637
0.643693204219
0.657915195812
0.494970616055
0.665618789039
0.614503816114
0.737022336455
0.751380466031
0.469703356461
0.516542334115
0.618663732214
0.583798746939
0.624939186451
0.720884415411
0.582476587373
0.442913083517
0.632514595359
0.484891804516
0.667499511462
0.593846880741
0.69249299042
0.532256862294
0.573874087612
0.624357973359
0.849410653908
0.606690029409
0.45432321716
0.675003599456
0.392097900701
0.351119081274
0.648040834227
0.597892146378
0.615600062113
0.820435288449
0.631487526684
0.635293901149
0.775578518584
0.78022250728
0.525440810604
0.778943770444
0.683616509758
0.701921445894
0.718812012784
0.757227323135
0.647950901073
0.564345758286
0.834381271861
0.662488312523
0.834524964553
0.640877154194
0.691276483005
0.545128296342
0.691425990199
0.638260965242
0.686959559476
0.655786726005
0.731268552087
0.589309339681
0.653681328163
0.562846998288
0.72779071979
0.7827341399
0.524441633536
0.859462915339
0.666387058935
0.625168944713
0.876243177667
0.720017127198
0.609832187846
0.544299098697
0.64947635552
0.711691315573
0.481413805128
0.583464124725
0.391561310178
0.684237900233
0.464318514216
0.533183925361
0.467973246096
0.847597639471
0.708072801364
0.509526417452
0.874476138912
0.61988171321
0.586305410694
0.554097128352
0.682759467597
0.857460393485
0.656471508499
0.556909964591
0.610491276535
0.811282365255
0.530796478468
0.663667763189
0.742928364304
0.503232912835
0.667716725518
0.650152429197
0.869900797449
0.569153355176
0.723461297201
0.60896490212
0.524687483973
0.624877473258
0.654038142641
0.396363259567
0.667995894937
0.770393997885
0.875601286465
0.732053462068
0.615746210978
0.54636686833
0.665583692073
0.529667417216
0.655496536627
0.745507366567
0.736917271957
0.732779328003
0.571816565241
0.567145829275
0.629389999871
0.744302786144
0.693435385454
0.538180402544
0.725506120077
0.521500059607
0.730893160863
0.600229615039
0.594831665136
0.802500516929
0.708437182105
0.607390940299
0.638168983655
0.553809555103
0.484513818077
0.521777898739
0.917493159562
0.625258388058
0.76256526443
0.704019768127
0.861895957177
0.620504151273
0.378663643147
0.671618390509
0.609795370214
0.567700467606
0.55856006861
0.543193703112
0.719349270966
0.955311440773
0.745190836157
0.545934142274
0.811329835817
0.498822762603
0.532985995077
0.639343231697
0.60100171742
0.61636340299
0.520888766876
0.755845171077
0.610243366186
0.70667261412
0.470587796733
0.654042034012
0.616094819328
0.753305553608
0.562404324093
0.772704650813
0.551088449819
0.618550601377
0.421289257708
0.711301657068
0.64116298965
0.560192967928
0.622828688491
0.774042887715
0.714704299322
0.583409728965
0.657638237901
0.709568693112
0.548882361617
0.470282479721
0.546319056098
0.57385850386
0.732054360893
0.691240918897
0.717177493713
0.615555736262
0.787738906882
0.503977887747
0.731791208708
0.737387026021
0.630798758523
0.577421980071
0.624524014314
0.633193801588
0.561505671068
0.629590783049
0.668681384086
0.611736643818
0.444734907612
0.880384474861
0.549284627135
0.61664096046
0.546803449327
0.84480075434
0.525322041386
0.654281733902
0.648040534928
0.598078900426
0.7463350933
0.623219240281
0.769388106853
0.649153679881
0.5797739488
0.539878241862
0.540247223381
0.778367895056
0.631843761811
0.811220243252
0.702687389423
0.669214373863
0.724147532635
0.73904217167
0.568491146023
0.620500849638
0.697791466536
0.64893938535
0.60552310476
0.579993007542
0.499385747828
0.523103617312
0.601360716246
0.595488559585
0.678572411262
0.657441109987
0.527894525469
0.622519384928
0.557182202063
0.676348342077
0.640315421205
0.58662318525
0.788497921908
0.683728030309
0.71157824581
0.857343721078
0.566949788752
0.648562894707
0.643947714837
0.616125282764
0.463549824034
0.669339348254
0.541401912257
0.602156668709
0.527502642539
0.631445858537
0.598127819659
0.591043361137
0.543740682547
0.579863421704
0.532427079193
0.555484740966
0.659396438795
0.738811531939
0.786863940887
0.689841277375
0.451329895831
0.765157172979
0.682508569575
0.791355462798
0.658612197063
0.945813497805
0.62881596732
0.395637099068
0.639366880107
0.75114588461
0.699331464696
0.541445524037
0.664602278167
0.544710892677
0.617369547786
0.709728090834
0.567548098821
0.677915085906
0.78945696364
0.609148471837
0.536436044914
0.699267592544
0.693827130826
0.829604280585
0.636466969502
0.780122405319
0.46892989283
0.709677167335
0.542417392579
0.638850460315
0.651639321757
0.708465353252
0.497328885475
0.612133379771
0.570378757984
0.544257850582
0.781546902759
0.651296901292
0.722095188622
0.600139748456
0.48763144254
0.415154629862
0.806051474294
0.738401751113
0.554199449799
0.650842725712
0.692280659513
0.720500262657
0.637812809016
0.713158882598
0.549149061267
0.657260616573
0.500098916048
0.674563625336
0.539107472711
0.520026386076
0.629860877511
0.63365508307
0.596363019263
0.648959016659
0.593010601308
0.68634742888
0.533837294832
0.891550674587
0.608093330976
0.78676232365
0.605219938304
0.700238947556
0.751917295459
0.886118764105
0.636982304084
0.493358819795
0.587897511977
0.527301094675
0.769221321295
0.762607716138
0.550285662594
0.783671205358
0.693143028839
0.648826239492
0.790645258466
0.669595966323
0.635248558766
0.597353131218
0.711014673762
0.640905215025
0.836122123046
0.501585639985
0.858529006837
0.507968355557
0.684040154716
0.80550050406
0.510536268142
0.696003405255
0.611582037079
0.792407122929
0.689995989078
0.596729401988
0.546840092617
0.460905733587
0.613896581673
0.473304602842
0.677150650452
0.573890281656
0.81473132549
0.702765668368
0.763761792023
0.632264863521
0.645152424997
0.661003118409
0.655614689053
0.714902211364
0.788669493809
0.522765317835
0.551439146112
0.852069419443
0.513711236729
0.592162485699
0.645740201789
0.533082368456
0.496140590808
0.684062761677
0.625328247939
0.51958854973
0.54066988665
0.559010805789
0.567222311373
0.681189729996
0.555186779697
0.620345144996
0.683353361811
0.62431985945
0.724064324251
0.613382206632
0.540500295523
0.506204020764
0.633608805401
0.402800762375
0.811952959693
0.535636959241
0.527144688683
0.403901402124
0.680766376977
0.594056715678
0.561366345853
0.634436753381
0.530330704536
0.645683006995
0.683738260076
0.539537990615
0.626541543166
0.714610724778
0.582532197209
0.514125075438
0.708739901093
0.561859956131
0.432768055669
0.568394731842
0.676135970871
0.934400172062
0.566286609551
0.566365511001
0.59871091126
0.821004004304
0.859156381985
0.524101347965
0.521120110127
0.577214208044
0.736332391894
0.866425121589
0.569332586263
0.486016818528
0.585393980842
0.723722832592
0.735781872334
0.792105830664
0.434451099954
0.538546627098
0.726363928594
0.549891832278
0.53162282661
0.5760344521
0.797029229383
0.706530362407
0.588685264336
0.657955894252
0.507448621752
0.67213918786
0.602890882875
0.642913073097
0.801942536507
0.801558518984
0.543633956106
0.671193219935
0.739141557042
0.573958995022
0.611027586866
0.830761289654
0.553162630732
0.752930458521
0.643027936709
0.584754728848
0.711292979076
0.635319394558
0.519366447392
0.516315492984
0.66868112683
0.448469005853
0.919010384841
0.378547759466
0.692325454863
0.522118973722
0.520752304685
0.645688307402
0.445413198246
0.540531595661
0.620948535052
0.730499347519
0.765055423872
0.498352116412
0.795818175622
0.53250893348
0.877234643856
0.849337100398
0.446595312984
0.789802114564
0.56986211727
0.48218780112
0.745960145768
0.641798218478
0.607317617947
0.604707242569
0.538687958163
0.667591740969
0.574823798034
0.73045546687
0.756044943847
0.643781744491
0.71300336223
0.627938956853
0.664932393556
0.720176892574
0.669575941558
0.582819187379
0.743561409622
0.915748645337
0.562692428206
0.516821741053
0.63602620784
0.383348981706
0.647148678675
0.600628890124
0.481320970293
0.647319701695
0.75481136258
0.710442099234
0.739548102435
0.770588601904
0.591738766569
0.697787786829
0.721492055036
0.6955317055
0.425261960769
0.718447464622
0.717154767235
0.414377307674
0.525487620675
0.768098007736
0.70104829369
0.802276799376
0.548111605341
0.529222193411
0.765186383166
0.729710001056
0.54176371857
0.62424389782
0.41375734427
0.6958067106
0.682189724828
0.69662494777
0.588331637055
0.639712464596
0.58781781617
0.401423737349
0.660128738247
0.795900582497
0.664150415642
0.428154454186
0.700130924853
0.615812461416
0.549957104145
0.621537385937
0.77034982396
0.736526476501
0.471575088217
0.512764330731
0.465471502116
0.495367561549
0.719980555339
0.639148443915
0.627349391433
0.440749124375
0.712459932956
0.708203435421
0.739092298233
0.672643435332
0.65927433762
0.753124931688
0.575399207817
0.688744568326
0.765366022004
0.507157859176
0.798645591324
0.585150682243
0.779780213741
0.650632843039
0.507327076358
0.734799213578
0.574164948479
0.610399278424
0.721123591255
0.537404130384
0.947540884698
0.543356365424
0.763074524842
0.953542208417
0.642726429629
0.511432598057
0.720994128704
0.44856295612
0.69934893625
0.734046335986
0.65995183792
0.778899272227
0.839067545636
0.524841700924
0.368062209081
0.866722011271
0.685638641373
0.78077900933
0.444731761502
0.614222357163
0.689279222755
0.619357978417
0.481579835585
0.62863603204
0.887388789591
0.569464348725
0.640435892449
0.701022379747
0.645564077693
0.62529792123
0.738355638215
0.507559667091
0.496857998443
0.735184489254
0.653414334202
0.60356211399
0.637206043024
0.697960908573
0.558125899932
0.512440681455
0.642566822158
0.592909580299
0.612985866776
0.443792198857
0.703988426742
0.722725058978
0.59019399206
0.612964334579
0.5841473528
0.580124244046
0.781189599528
0.353644784831
0.475723215584
0.764585183089
0.639458150572
0.46721795371
0.432360739643
0.884480592182
0.759776323766
0.418623684033
0.733672620445
0.570219508006
0.568461302005
0.767263851559
0.564928350931
0.631428579803
0.775793089617
0.706136231936
0.61274374085
0.638710710944
0.444140617762
0.645264156742
0.683474308762
0.690659657035
0.547845996572
0.612015952558
0.474150929452
0.574827427034
0.537460750141
0.725837581619
0.589314765511
0.838050331903
0.650356097516
0.561444406945
0.636450529328
0.43852226974
0.73170767907
0.570593079056
0.688740717722
0.676535549365
0.648215962265
0.833671715825
0.535572522759
0.427531047675
0.607573823087
0.482848403117
0.486722126367
0.522172626863
0.443419405327
0.648713044972
0.654743877427
0.558972228956
0.710219558909
0.773635472003
0.514592903675
0.641958857738
0.711033259771
0.576650055046
0.621329979308
0.629975668031
0.501002921441
0.655126365981
0.575322148612
0.692634869621
0.661855517506
0.583923629144
0.561208358136
0.527540557452
0.472888752924
0.560691316542
0.562848277016
0.480504043284
0.587811712313
0.932742731085
0.663300584885
0.573298178804
0.442342312551
0.792088921305
0.713378759465
0.775597627464
0.584492446606
0.513043408844
0.38223488511
0.574341090805
0.75560135698
0.739463536515
0.597660325365
0.532706909502
0.555399218428
0.64061910836
0.674568699033
0.46991996115
0.682916534452
0.657407283283
0.583566170996
0.435104768052
0.695501707617
0.619342957719
0.640099872093
0.575018492394
0.655960868478
0.760689670835
0.657997151269
0.585823758897
0.61685024843
0.64351100493
0.761574336266
0.634877680219
0.451057913333
0.688226283419
0.821700893753
0.722605135493
0.578650857536
0.482732804616
0.585771075346
0.598515639834
0.625800129035
0.807830036505
0.679998024986
0.763743320861
0.720463727618
0.60955630761
0.631373223232
0.535086208365
0.718241427385
0.641788250566
0.715938751266
0.672086199209
0.499826420387
0.469638753402
0.66552877013
0.460727520781
0.734294807181
0.869046337174
0.684834011597
0.748652629978
0.6118437681
0.666094316785
0.556123358295
0.734974970584
0.565660140978
0.738374740725
0.70783272363
0.838371716947
0.577970834104
0.825286167942
0.986561911017
0.828709777181
0.549523734009
0.531762779918
0.434859813861
0.547430521364
0.512544519921
0.962811500635
0.609410035005
0.490923743842
0.635248512359
0.498566216082
0.707107042442
0.760947570523
0.435409591739
0.758888409162
0.678660846865
0.607649206468
0.655794007791
0.839839587396
0.536517143912
0.49446339694
0.763622992483
0.496126334226
0.4921752721
0.805899025433
0.652784005411
0.513831403261
0.504622265514
0.555702168648
0.714340562929
0.710197733895
0.673807753784
0.751036061894
0.74018252848
0.609081017979
0.717748649013
0.53110302091
0.696693689075
0.612542062054
0.792757285224
0.615214114073
0.49296375223
0.558303960849
0.654837399437
0.637282668959
0.377138277256
0.562731019565
0.725256422341
0.50144254341
0.575625033651
0.527469510246
0.680632471878
0.721315766377
0.69784756188
0.854603802831
0.724590788806
0.500148821368
0.537142862131
0.829174259169
0.888107293061
0.71925945806
0.659168969645
0.662211807343
0.671546040003
0.544543500434
0.598327363573
0.512605584162
0.710431433585
0.713295394891
0.732684638753
0.733470394053
0.50667477602
0.567441268852
0.661755343959
0.636966976683
0.729440140103
0.707357030367
0.76432869479
0.451525779839
0.652437992833
0.738779908384
0.756872718933
0.764979498511
0.873322309762
0.584531848755
0.562864252861
