0.322564118933
0.32144671249
0.314664364307
0.308618188994
0.398245811975
0.322476406952
0.360936927572
0.428093019953
0.255173972361
0.349826249364
0.350660756078
0.377232273382
0.423299230965
0.324306498383
0.320921113709
0.325221547984
0.355116158534
0.374947586632
0.374965020912
0.332938036419
0.320196767256
0.35134026629
0.251835937004
0.369389483395
0.357207365472
0.367572487366
0.372278699297
0.342823478876
0.225592905286
0.35015832566
0.329278548379
0.393639746279
0.253510083915
0.380921234316
0.2929191794
0.330956613754
0.289623040959
0.355225104794
0.324771284916
0.468830110389
0.336639926029
0.269751177424
0.451109397366
0.344692038766
0.34753767374
0.257463589322
0.321270012148
0.368315449028
0.344148555356
0.408955948502
0.379135824583
0.352127927122
0.349993614151
0.454661145213
0.369284016948
0.372532344955
0.321937220657
0.371961603967
0.248992072814
0.287061339731
0.312464576568
0.325576560672
0.328589777155
0.383106068715
0.354919066066
0.273915812106
0.381157193851
0.329286898751
0.299776085594
0.324244373089
0.213703614088
0.424492892296
0.276311225299
0.362252141621
0.257212750034
0.364167278771
0.276906176682
0.338028519802
0.339434545315
0.329769362415
0.343897745458
0.337392298274
0.226330575837
0.386099391696
0.298920820205
0.37987286745
0.236130518037
0.437828817077
0.313430208241
0.446903011166
0.412750030977
0.383558496585
0.397942822343
0.28309792422
0.261026259973
0.300244457554
0.396902074324
0.342018746134
0.376110422726
0.293573723589
0.410901195541
0.453374926799
0.275730559825
0.453955695713
0.425663309898
0.272149384147
0.330943085558
0.279044513281
0.367661508636
0.458850029232
0.325813990185
0.345989773209
0.394064029529
0.389341501207
0.33246722204
0.269539387417
0.242925526848
0.397380458859
0.325536283435
0.258869632585
0.264708714564
0.39221241662
0.382652329892
0.301683452486
0.398545657802
0.241947082952
0.456750049323
0.384947142387
0.258266693498
0.331247852706
0.407914994476
0.326485152226
0.380980908372
0.283058199306
0.377602596494
0.350031962677
0.309929372868
0.279166712244
0.448426100909
0.41606780516
0.274634370792
0.292686400195
0.315745131971
0.364396244899
0.244101182624
0.360414762892
0.279316855854
0.28647062927
0.281510304798
0.284848262972
0.319306319887
0.398157035237
0.3060902823
0.374511804357
0.317275928174
0.287769815835
0.257495574137
0.305629298668
0.290430572166
0.393552015056
0.328975774561
0.421303751932
0.259071304346
0.387485069281
0.297984383107
0.368472456105
0.199170022181
0.349995785283
0.318800801523
0.254045731276
0.404563409013
0.332138683756
0.272802355714
0.418266375962
0.235678459822
0.35217679386
0.364071483018
0.243278504154
0.326432512592
0.365441172376
0.341044248027
0.282038025534
0.334211051924
0.360438128962
0.271657527351
0.418419001669
0.335367246435
0.258029464587
0.237752306669
0.278842047349
0.333053936321
0.42990104709
0.232265362591
0.345889148669
0.29836541489
0.401898463676
0.353183292761
0.290305392392
0.35248070107
0.314357640832
0.281618828013
0.287241124152
0.321513667056
0.36317659334
0.350938381441
0.302599682107
0.248667707462
0.426350502723
0.469792640667
0.406991608203
0.263735086201
0.320038291782
0.323083233422
0.416479709853
0.43142857609
0.27062700532
0.317167951514
0.410099491355
0.441250183843
0.305238337445
0.316115683201
0.274205101338
0.365214116305
0.231762585701
0.252194663218
0.364315462452
0.300584598363
0.276216649588
0.290640931309
0.385162765126
0.332890363661
0.300214581835
0.325534327508
0.291411150547
0.316689161602
0.355401585606
0.346992994809
0.444568184467
0.370135083399
0.388274064498
0.333816547666
0.237182451617
0.320427657428
0.38068083551
0.311159003906
0.323132746347
0.246500118935
0.327070038937
0.423943736501
0.318388962127
0.431344398631
0.373424980057
0.32721181881
0.33197706473
0.335959444801
0.429961635748
0.283868736083
0.237529896942
0.333599808433
0.376882857478
0.347405715398
0.383411511305
0.359869527608
0.184225885676
0.284207892989
0.383171932896
0.369822575051
0.295673305588
0.371886495178
0.312457143836
0.432373504163
0.397702197438
0.380446778404
0.321012958871
0.196132935149
0.240435852697
0.411709919387
0.42164002927
0.435111060896
0.36096719151
0.32116216658
0.308189719027
0.341346662608
0.336612040142
0.341675358094
0.295990290965
0.217369485876
0.421797225135
0.439332443207
0.387566544663
0.393048300745
0.43821634825
0.350507745983
0.423363927167
0.345668016329
0.355298137047
0.353431779799
0.351980597948
0.268193539917
0.260844498173
0.308145317378
0.293960677304
0.295370465621
0.293381558379
0.367246123043
0.295251558926
0.312548969353
0.368928184185
0.294157066594
0.373959994194
0.394517985723
0.32501090045
0.337398898011
0.241513287861
0.3070181138
0.315420919527
0.427809299534
0.245153777967
0.422456853302
0.360213812433
0.382449541138
0.302798453792
0.283363689779
0.323625970807
0.350280023671
0.21856167664
0.257838627772
0.33612858169
0.448454204573
0.275278343316
0.332674578993
0.284427738337
0.357184779371
0.373598224003
0.482808694958
0.380738353672
0.342996739958
0.296278748915
0.321573479072
0.305561172503
0.365795160305
0.367829003094
0.333415054796
0.236378049364
0.363350268985
0.358179064647
0.247336660969
0.333902377309
0.293830557732
0.356561130417
0.373891442281
0.355061477597
0.342891622068
0.316320442658
0.321778124816
0.226612580246
0.374869993728
0.354846341315
0.298590596822
0.261376645932
0.259433759092
0.347466936363
0.374278630259
0.275567412113
0.321490341225
0.316799704447
0.30088217908
0.356926623856
0.27438491089
0.269862158438
0.381176698431
0.295876680266
0.446989386665
0.427085815137
0.228099124557
0.30734200231
0.270338711539
0.284793175698
0.382263233913
0.251981469444
0.359825910912
0.39126844901
0.29429887357
0.336693116471
0.424428427191
0.336530047421
0.309208439146
0.332921798477
0.353594050582
0.361338293281
0.321732590695
0.352691073908
0.343774601176
0.243478352241
0.3129455748
0.27990334496
0.312769677325
0.366596162472
0.369821795114
0.413380771376
0.333543924439
0.320470989547
0.328026821568
0.255986467576
0.335118667893
0.351493691877
0.350295626344
0.277874022435
0.391142435187
0.34371013754
0.309014012731
0.325182044545
0.296965144711
0.344440852326
0.382228363588
0.429574459787
0.307718663173
0.289266141603
0.368560000217
0.326357217742
0.298923129858
0.244551349954
0.292804468097
0.293044828415
0.229389113904
0.42909296874
0.332491513739
0.457104321931
0.405515949125
0.450529628842
0.333269559317
0.245039547521
0.403471543973
0.328769168697
0.309459624698
0.239411088668
0.317691694369
0.475212405335
0.362904975513
0.385752798342
0.504364990103
0.378787783027
0.244559794197
0.313381442985
0.287891253456
0.298645717182
0.37014516996
0.260475116886
0.490208487166
0.387364156855
0.33818811335
0.376653130218
0.355975029702
0.242757691279
0.362463544664
0.303120845117
0.42726756312
0.343706101447
0.306786201284
0.270040685669
0.273589925276
0.250264669483
0.417263418372
0.375237155024
0.295589983795
0.324802948984
0.281836760894
0.394442790289
0.360106844309
0.377951631684
0.44936320369
0.345494059492
0.334727516865
0.347234204723
0.37682256651
0.310534441117
0.339272767588
0.370828878855
0.380083235061
0.325149756417
0.269648888472
0.31727369886
0.341066313843
0.31069217478
0.299469219576
0.258666051829
0.316461183744
0.341715222236
0.259848303178
0.2967931976
0.211299973273
0.383081957846
0.403094637839
0.296720240933
0.381963489933
0.333765231517
0.281901892258
0.35828425943
0.347102150493
0.283732986204
0.333888395639
0.283807714335
0.41826118048
0.287211183346
0.280825993243
0.293215471794
0.368632464605
0.365099598736
0.360639335285
0.35375445458
0.330060523833
0.325848100803
0.344214306672
0.258656146548
0.366148172078
0.283840901073
0.34847668539
0.262488842637
0.288889957594
0.368051305293
0.405175766314
0.345074410238
0.286185708459
0.297893334291
0.392502447814
0.384943708509
0.25964956516
0.25376812718
0.325839345494
0.37097522285
0.302340204663
0.291518790697
0.370315227573
0.444637299791
0.37559130005
0.352534988697
0.429433934402
0.293685555864
0.355989189572
0.244808079486
0.272272131654
0.259655128648
0.334653730433
0.302473615022
0.385968449198
0.254803590645
0.340703420394
0.314267501304
0.406773928862
0.309467148654
0.260386228968
0.409399006849
0.297894924244
0.46539874553
0.320798354192
0.286036291512
0.355477696926
0.452457965284
0.289680065835
0.374548351611
0.26086016106
0.278157816434
0.341639758936
0.422938011348
0.27864505459
0.469317370206
0.419215275456
0.234645460477
0.390591927449
0.360603598305
0.309048144259
0.316905087478
0.294570593323
0.303730639864
0.193515336043
0.353085986131
0.391225476507
0.25422564284
0.367896783423
0.305557717134
0.284253146889
0.397511243281
0.32176180888
0.355354653683
0.349965302762
0.305948577743
0.339074328691
0.306604724923
0.257687931207
0.288002474942
0.460245064049
0.28888746877
0.223127141246
0.376158869797
0.309673020749
0.28773251057
0.344309966196
0.255802239239
0.398820699921
0.344578299534
0.432571850804
0.298680927253
0.222835237093
0.281850373176
0.366437732945
0.390798886184
0.275124019677
0.345620294277
0.324558318142
0.232345685346
0.285568406887
0.350128229723
0.205195612041
0.264094831376
0.320030190473
0.306874230132
0.430326081588
0.254480120681
0.372130239463
0.275654834817
0.236446357241
0.412660743705
0.239603426336
0.345124570697
0.328902215432
0.35214310355
0.270999025359
0.47484794366
0.406563726929
0.405269249771
0.297811838067
0.373551817376
0.264349392394
0.315391768543
0.292790281795
0.364987579313
0.264052960471
0.341017999994
0.245052230025
0.302500226398
0.389673701478
0.449150363523
0.326964011154
0.321128666381
0.298834209413
0.318546383212
0.465108599703
0.28155806833
0.373055948259
0.311227795261
0.283961520209
0.372617059682
0.316580577135
0.253829772871
0.314208173468
0.370809499798
0.225751164154
0.234765449457
0.3370640242
0.276187240153
0.317214637865
0.361572949251
0.341810689107
0.311770004722
0.293853054412
0.298813203993
0.338033006305
0.269285682661
0.521186424231
0.393568425829
0.459566502299
0.281016717151
0.280094259662
0.314002964745
0.3000424174
0.289394284395
0.352145983367
0.346132554835
0.392484646712
0.293842524435
0.234636544986
0.213676981103
0.36310148033
0.270266178444
0.273078653881
0.327326353321
0.300604495014
0.374765538095
0.411896495052
0.369894619037
0.44938082921
0.363669364701
0.354838182864
0.387342966162
0.280598723648
0.323031486259
0.369085012381
0.289031533747
0.391700569738
0.387856858646
0.225059618856
0.255304699021
0.201719753963
0.344807337658
0.349211718096
0.306353361685
0.460130295933
0.385636079146
0.270324841593
0.324371202305
0.342727269819
0.284834679446
0.382691702093
0.364907197445
0.315979138
0.493388610141
0.300891120185
0.328939201502
0.215433367693
0.409096261895
0.306558279443
0.330413585423
0.274902323498
0.314676132188
0.391552107406
0.435612888029
0.250750655802
0.29647466514
0.419793520456
0.28032558605
0.299869293758
0.28821692547
0.365111376195
0.388663456486
0.247184239773
0.226876583062
0.297387281424
0.347896714234
0.431194197394
0.248771434194
0.283236958615
0.264699894445
0.397641542411
0.292485070463
0.285827178498
0.380390038161
0.378919239633
0.397913517063
0.324126326964
0.277131546135
0.218786245456
0.240461694545
0.250214199331
0.369645337571
0.323771484215
0.252246102388
0.290712079121
0.241969303257
0.405714188914
0.288751125911
0.358209279305
0.263828623592
0.344528930728
0.438656285012
0.336976259145
0.405900049684
0.357026569968
0.382982722959
0.294869308291
0.302481712282
0.297238047154
0.409606825697
0.266986459097
0.237654375557
0.292088627722
0.456365232213
0.233638185735
0.317022463542
0.283637969489
0.203673420143
0.21222670986
0.311439025737
0.33500501135
0.319818315656
0.390155363147
0.293251501206
0.36421011673
0.293053698482
0.306968281577
0.402669853716
0.282436443426
0.317881714185
0.283174204696
0.317951516176
0.341805761497
0.425168398608
0.262504991883
0.259811545059
0.430616763963
0.357186258402
0.288580927291
0.27284137196
0.336821745177
0.361271952929
0.264615351887
0.201850638999
0.317355256087
0.317278042293
0.407807605247
0.301214262146
0.299100808739
0.27618020061
0.491570712419
0.581024061942
0.33445627683
0.358088651394
0.321394124726
0.225525432008
0.309127450586
0.302379156129
0.314302025834
0.269849294452
0.36871131296
0.214783187069
0.365507447623
0.431143851768
0.467502864781
0.362559124422
0.380001139539
0.239540843373
0.326200963033
0.416771136809
0.299393251132
0.440951951805
0.308848452157
0.359147212083
0.257450413066
0.281975246121
0.473878079849
0.260916547885
0.2611490356
0.234992132371
0.307871990023
0.405835557511
0.349361366215
0.335455198486
0.222409199031
0.535152997263
0.308969403342
0.315380898846
0.513527348583
0.389084428773
0.310600269202
0.298840091999
0.313275552537
0.241771509391
0.322275616574
0.289296897538
0.371858180249
0.281580892342
0.23510444121
0.320119132233
0.302152792646
0.291607351149
0.276853369701
0.426779348558
0.257792589777
0.379025250051
0.303253950756
0.396450150655
0.322019190288
0.361672740909
0.477387468697
0.319842219495
0.377460522877
0.317996408162
0.3575444764
0.464291564599
0.275487391876
0.28062365656
0.346305130505
0.251184560567
0.351630524602
0.357528896809
0.467300123777
0.201854379336
0.341783740242
0.303232280345
0.365678916286
0.358024960236
0.233341764773
0.313282812673
0.261273479799
0.325365390571
0.447664430414
0.284887939243
0.304834336826
0.283076493289
0.40220617827
0.236455304819
0.359873367377
0.294845954143
0.392744440964
0.311931972292
0.31381523862
0.313211236376
0.331648499469
0.288915055582
0.222858984662
0.284812319258
0.215957127652
0.361991437787
0.393443895786
0.438242296092
0.401564615692
0.333248083995
0.279178503052
0.28389873997
0.287977904349
0.352230068031
0.294370499895
0.298081125883
0.319154482406
0.322200004858
0.254591062599
0.340579922421
0.318904775662
0.309086622842
0.325240877228
0.252152973262
0.259346088389
0.278198848375
0.319357751904
0.359926314902
0.349179411937
0.306657327197
0.342228880204
0.207647401284
0.297552725422
0.360914640419
0.334419016446
0.336956832958
0.323905047842
0.472527930862
0.262619711633
0.264283018945
0.252789943876
0.285460065034
0.340989531275
0.285644373924
0.305113607847
0.272495140657
0.380873033266
0.375195451633
0.340580115767
0.271957500712
0.369610062384
0.267775463222
0.227364883414
0.421863620678
0.332275392904
0.341225721489
0.284773180194
0.320910214983
0.310579411613
0.301427409787
0.382072096777
0.238898962101
0.302216753129
0.371301166893
0.273864824791
0.353417259227
0.337639502152
0.459424042282
0.285686159624
0.375712612107
0.275533438946
0.453010931356
0.286939957519
0.287751552195
0.371631789364
0.359214691609
0.250548641873
0.352580973411
0.307150194593
0.238299163525
0.354565549407
0.397032392297
0.42129798712
0.349671027855
0.344678662783
0.292916494833
0.403611869854
0.32416799242
0.37200569029
0.27529576757
0.323032934175
0.283987818843
0.319829447632
0.355201251253
0.270536304742
0.322746239871
0.352957009745
0.23869183821
0.353300540058
0.287638470079
0.287217148445
0.429784049125
0.339579567978
0.232855325041
0.344168041561
0.348403603315
0.366866629542
0.403718306097
0.279127466933
0.30940494132
0.295358244156
0.354512299192
0.312735075934
0.324005927592
0.327649871181
0.230829291135
0.298828716451
0.208195100915
0.292377482897
0.301645099622
0.344078709344
0.284544050027
0.289409948071
0.356583770643
0.382452990398
0.416005849186
0.346357393891
0.284037613849
0.280560929929
0.312473859174
0.438280799963
0.333481141291
0.366637359914
0.345802182547
0.371540657953
0.326859474081
0.268003690094
0.361357515239
0.287882657809
0.378768314814
0.358501336521
0.274201097669
0.317507637836
0.37106811141
0.304412299086
0.369723469361
0.306207427119
0.338034174874
0.380279371418
0.315119625314
0.356621738575
0.409012930969
0.33754906742
0.275010921575
0.359732403972
0.321089192385
0.317466104587
0.400899654825
0.390934295154
0.275884898532
0.295396561136
0.323508261503
0.340690522784
0.429375213848
0.438976057956
0.395034243524
0.37840148326
0.312898806889
0.286104182164
0.338850230608
0.306159003464
0.205677446031
0.210549083193
0.351253752262
0.406265491434
0.22946090069
0.29775244767
0.251397335831
0.457014706088
0.429472325496
0.411052261877
0.274578453604
0.384520823208
0.244858623491
0.264201474053
0.224281230618
0.380969062298
0.387364324601
0.267869524419
0.281763455957
0.380373444433
0.260708203818
0.426842186339
0.332925552321
0.412561985123
0.247573116354
0.43427634585
0.38568744482
0.27214864473
0.287723073414
0.32299380945
0.263992516057
0.418866320193
0.328370751759
0.386905621539
0.461607517775
0.301643553809
0.382923585581
0.392196059594
0.421530606515
0.282861763645
0.407775906388
0.325793339106
0.399000673663
0.306831109574
0.331600005716
0.255739945524
0.336793629215
0.324123956704
0.32558146459
0.413634745983
0.295954983224
0.236244797672
0.31855212714
0.38427995445
0.472556125437
0.307724031801
0.331922764834
0.248682990107
0.370060149923
0.324296217028
0.427868731254
0.36635523348
0.34071593516
0.327600550649
0.260269849671
0.27048002969
0.260800338904
0.344032525337
0.384449058234
0.251060638783
0.343505420722
0.3174086326
0.352044928022
0.246597060821
0.411804207205
0.280290270537
0.225418435437
0.294752394295
0.327128091305
0.26328901349
0.213851764877
0.304583883015
0.225957103679
0.273445379215
0.399792547189
0.322821766578
0.361334716737
0.341423664586
0.367619912014
0.329875104038
0.396151182223
0.485129323732
0.341811775448
0.419526406832
0.279988615997
0.25773348386
0.294990046987
0.339536178777
0.311774781123
0.344732093302
0.502541222408
0.272773700903
0.40046551585
0.39332162603
0.272108805734
0.304179898132
0.415495316367
0.324362340717
0.389826530927
0.389510753694
0.381178222044
0.420551738669
0.41726817095
0.471963365753
0.256435786364
0.262575884456
0.334989306588
0.25658660908
0.323557338544
0.308622724399
0.264067221699
0.402198363677
0.280769381669
0.295332069275
0.315996685047
0.276400097617
0.362218738304
0.401124903597
0.307609801483
0.356481858921
0.357265173239
0.329319821958
0.34649857098
0.345465164128
0.29911951416
0.284500895738
0.350245406394
0.354476464988
0.347049779765
0.263820987454
0.3004840027
0.351986988809
0.409346763038
0.232294380522
0.331396885701
0.286717152803
0.30081975248
0.334594986738
0.325682958283
0.440592139095
0.311787282981
0.231266483708
0.2783081292
0.277710779572
0.366173798107
0.388653700114
0.33323870164
0.325451516487
0.355524190179
0.312893406315
0.308732505026
0.380156576293
0.336166505819
0.377278806584
0.275103175357
0.330489901388
0.469937188164
0.309454760487
0.381202570603
0.34641837018
0.288518814497
0.259795360625
0.313967244057
0.366085611235
0.321256394178
0.336797235866
0.327783232845
0.36500437646
0.396711545432
0.329905689691
0.377049211917
0.468604714612
0.282240094271
0.273144754762
0.315256842445
0.411755844929
0.378943001144
0.382081213617
0.286391145682
0.31612361454
0.38997636375
0.336791335853
0.382121218351
0.294766856395
0.230861844978
0.448367291435
0.313764496793
0.332321138018
0.224771932607
0.346636838118
0.469656169202
0.25465020112
0.339289852052
0.35824866113
0.368594207996
0.279022509461
0.317274318997
0.261680275951
0.362517886109
0.327034198664
0.396163359982
0.297802760961
0.430329415589
0.28586356077
0.408998572589
0.296818888228
0.361648538229
0.319771659683
0.381447098712
0.325715664433
0.271185092899
0.323087302437
0.361168308012
0.344446681075
0.291000609319
0.347797342055
0.24446951965
0.338847624174
0.396749209793
0.333599334865
0.30610962601
0.376558572455
0.24965941605
0.325129109682
0.256882659982
0.394810364965
0.240557688609
0.431045232281
0.385950407899
0.390576014961
0.314073265085
0.380133931976
0.367369550653
0.420232035533
0.376670690075
0.331128634834
0.315506844459
0.319791645574
0.298433688433
0.335116497012
0.306755336888
0.309483808754
0.359567405452
0.223217290159
0.388110235117
0.384552941726
0.322396598408
0.302798199435
0.440849280179
0.313040473961
0.449172910719
0.360929286599
0.262159332351
0.198541326578
0.423192793288
0.403925742717
0.465985982304
0.304424719826
0.374928832781
0.371418865249
0.493274006614
0.367884570966
0.300972794469
0.221250569843
0.421246349764
0.361185866218
0.290142201647
0.453407177439
0.314795003995
0.279312369639
0.418088852405
0.385793129269
0.414081317241
0.352133466819
0.266578919466
0.328257488214
0.45915256942
0.309457111398
0.405286074735
0.32348501647
0.410783293734
0.334997838158
0.238050408532
0.435839165074
0.378291621434
0.260060013915
0.367089118103
0.340506763143
0.283439672952
0.406765413568
0.35489549031
0.287011114855
0.397888680564
0.438389184019
0.371565435075
0.276456508553
0.317804006475
0.387595518596
0.245357472801
0.326921188575
0.337516415005
0.382128742998
0.42906762609
0.353344550737
0.289145117304
0.306943547716
0.288569381076
0.325880687221
0.226194728375
0.291097799482
0.332685425534
0.390192211398
0.379773225587
0.286999937689
0.274520382584
0.412511439869
0.351920812205
0.267677888867
0.36931295738
0.344095291186
0.305136445867
0.272738572464
0.44036124077
0.323966004713
0.400773670789
0.342705580508
0.370430506978
0.351580038668
0.282430970344
0.35631058255
0.39889003155
0.354045212788
0.511433999168
0.372375584319
0.24156137005
0.387373183675
0.334380326672
0.326898319635
0.215422631046
0.353816071514
0.355316987594
0.348344974345
0.257576789454
0.197543007587
0.350384413457
0.406265889522
0.299756328611
0.185318127336
0.435345737141
0.334581318626
0.224215709492
0.310305145533
0.309080513412
0.336490590741
0.330268859116
0.264050274059
0.315510015261
0.41883051792
0.368966455992
0.422645552877
0.339262632428
0.304194756965
0.447357979219
0.310463527889
0.285586378018
0.335501630719
0.350527655157
0.402941472636
0.355112982601
0.313748304585
0.251463123739
0.448087195258
0.318197527106
0.25549399489
0.356513500653
0.342372879525
0.331865672199
0.346327480648
0.256630738505
0.202753599664
0.30055857925
0.422327302844
0.359606915177
0.328885944272
0.338993135592
0.368853874159
0.315887541345
0.376089774912
0.375006343795
0.384369484982
0.319036406122
0.3966288502
0.390009489345
0.245177999947
0.356541248556
0.3234790536
0.488652061188
0.318970099946
0.247607803706
0.285972371566
0.324719095698
0.362433592452
0.359325195132
0.350583646306
0.296471719397
0.321548238465
0.23965578839
0.303614963713
0.276934059229
0.421526659699
0.264464918667
0.356579472735
0.29095357356
0.221189670282
0.326582463548
0.35557897703
0.256193021199
0.321884233903
0.319131125939
0.37206826456
0.311252211723
0.301603143055
0.378224247265
0.380117498086
0.34641166301
0.316539981523
0.360190551078
0.416407713879
0.370904847806
0.288801268954
0.362915553552
0.265636948337
0.203162971557
0.346585925097
0.326401155518
0.449006430103
0.355802222939
0.374572697999
0.334478949696
0.325222095777
0.43635512511
0.382132385363
0.369323419597
0.281019107928
0.384382355198
0.249754448059
0.390315332157
0.27394272032
0.170460986096
0.298217169968
0.303304267455
0.368892079607
0.317746283838
0.31254788093
0.344291484605
0.421540394615
0.310362332898
0.362577886417
0.259905063657
0.340553830651
0.378967470818
0.232748203891
0.320449897013
0.448762961812
0.204641509258
0.259939415598
0.417317826632
0.41378519132
0.344479050859
0.297547214732
0.308891943906
0.299953977341
0.354335585328
0.33756579709
0.42192008922
0.351375746736
0.36778433768
0.269222334366
0.426871893284
0.410602861494
0.317646329994
0.345813177034
0.263979340973
0.385481401656
0.341271490645
0.198851111424
0.344228497246
0.267681662506
0.261361025361
0.265311034997
0.335328833747
0.304002773755
0.325716960213
0.405877932605
0.359101701777
0.25630961787
0.281817000642
0.233442913144
0.267918869502
0.268897532565
0.240149639952
0.417471125613
0.276469445839
0.397627013921
0.436169201335
0.389077355728
0.344825907221
0.428589284127
0.346933129548
0.466415277091
0.335188878609
0.319557572954
0.371066149723
0.37916840303
0.332399966716
0.304534982741
0.369650394774
0.413469220681
0.356707661471
0.389715122569
0.32818882026
0.343395925204
0.359175705375
0.297212921322
0.334340123276
0.293220169077
0.282897924814
0.257631373137
0.370929611174
0.288384004872
0.248085996153
0.309031745834
0.259777326481
0.485088242108
0.383830658639
0.319572133695
0.269411076847
0.316505016212
0.303186226481
0.373682448936
0.254183673762
0.349223265735
0.354858842068
0.325829653667
0.357049355129
0.429638576222
0.446021402732
0.369227195084
0.293121068586
0.297831062249
0.277723347757
0.291098702175
0.37735780232
0.343338262753
0.370884581554
0.290952634205
0.242876315248
0.240473445068
0.414580732424
0.330966923986
0.378898243899
0.358741605876
0.300249845705
0.301732835534
0.371921452416
0.356562831673
0.268593305636
0.388276452498
0.280749638755
0.208900319409
0.310052661612
0.296058862604
0.266894089712
0.351582868536
0.381084192431
0.306236400669
0.407010658827
0.345094268879
0.360063934123
0.273435761544
0.285632490571
0.374101159347
0.293926158463
0.299352543736
0.308123493444
0.339709082396
0.345745927624
0.343365671142
0.264350261856
0.340820666069
0.409064342089
0.350057005554
0.332564967975
0.314852349558
0.407128853886
0.399581513182
0.334418674251
0.426475019582
0.403811507834
0.32537232894
0.326373057304
0.438391781388
0.37243438904
0.36393784062
0.383445125254
0.354170664316
0.276944195437
0.373485511566
0.259752923528
0.367666739237
0.303209110637
0.372456686885
0.401512611974
0.353474745312
0.452712154699
0.342867291629
0.400753878026
0.326454859053
0.27979190785
0.311409754588
0.447437713342
0.421009905556
0.402280384298
0.188582076011
0.277623804563
0.388452162263
0.336209956812
0.280687340099
0.354821143658
0.296120990051
0.371925615548
0.297480620465
0.253135270829
0.23034784672
0.267384140094
0.242528554735
0.300353081742
0.369885251748
0.197928494905
0.358640857875
0.275878472239
0.462183507286
0.313003277514
0.285350607116
0.240438826744
0.337994522632
0.304606904379
0.287389421074
0.420949409666
0.262937430383
0.38625141476
0.442445236127
0.409164057612
0.423183853364
0.346023169295
0.259402299602
0.310847448336
0.30810737243
0.35418572948
0.335524335977
0.490847027284
0.333291589072
0.294222915651
0.351286105842
0.402404196817
0.305487825617
0.340408642676
0.246399901224
0.380507765425
0.32332184947
0.336206305674
0.348104865905
0.360434240696
0.415602898198
0.315211596793
0.291394546554
0.426620713765
0.29464801026
0.341603744379
0.311578601923
0.301242743373
0.294382607804
0.459870645868
0.296554807785
0.375999458034
0.292699754172
0.320539035156
0.336991971592
0.413090778132
0.402024082563
0.354296781075
0.357966235488
0.365756481597
0.239488229239
0.242460533003
0.340977580349
0.227038420254
0.392634167099
0.388209653088
0.329042275667
0.240457289884
0.215559229366
0.352690684029
0.434725771833
0.307896708148
0.318534957324
0.281814346837
0.367762831993
0.356425555054
0.347368678642
0.28419476688
0.245481510558
0.323246056996
0.427806288382
0.389771215483
0.31142840487
0.379653436904
0.256890920522
0.36168218781
0.332103649067
0.330133825694
0.237812038805
0.256873907327
0.264942440893
0.258929529488
0.366024030918
0.443706534014
0.224005093568
0.269072624798
0.292340500867
0.402430725386
0.346868466863
0.327702226696
0.311386490822
0.333121393564
0.345966183791
0.296743457209
0.383616858584
0.3027566921
0.388239478906
0.339543716062
0.346904720045
0.405486619794
0.422397320955
0.369119928859
0.363803450491
0.317009363457
0.284611847823
0.439835141561
0.364139005093
0.341983424057
0.29204257355
0.241432962851
0.327721354598
0.316871991616
0.31716975203
0.399351523497
0.323621360468
0.335608870515
0.394078715177
0.392264331027
0.403300749799
0.338960701023
0.314428161543
0.341391707833
0.263745999528
0.361651250156
0.385795858
0.337389190226
0.326534429151
0.409696026014
0.295857867058
0.379619972456
0.289363225182
0.232083436164
0.310833405506
0.424793104224
0.351186108519
0.311839817061
0.415818777247
0.36232928128
0.317146078725
0.407690637059
0.326258733917
0.327547210712
0.378480710459
0.400992823666
0.250513534245
0.240894391327
0.432579917924
0.36316734427
0.373747927029
0.268144194454
0.38092421739
0.404986792431
0.333437742052
0.331876314185
0.394928897896
0.252469344576
0.384082128342
0.256872712676
0.261995710523
0.277000802264
0.352116415757
0.356814555602
0.287828301339
0.302891270095
0.283292017306
0.358970418259
0.390210298981
0.391892772009
0.234835514629
0.336086589749
0.35654929769
0.375802065643
0.464510208714
0.296184585536
0.328283146621
0.326725025073
0.354267070327
0.309635443936
0.339221845387
0.414862080037
0.342593622853
0.238310468992
0.37791526248
0.280209412009
0.345600571052
0.370135333259
0.302604533259
0.294129954996
0.357668561475
0.338296564285
0.465665856982
0.531956140136
0.425405331816
0.371990375272
0.190725078193
0.345575422985
0.274794062386
0.302374070064
0.338124277375
0.333885729078
0.264665598498
0.416016989972
0.33455990525
0.322525691087
0.363938048242
0.348810683079
0.327132261096
0.30345631243
0.378555877869
0.350755777885
0.395896644334
0.328082328345
0.343427966028
0.332150918187
0.306783591013
0.399851362612
0.476659904259
0.413500712994
0.377472238232
0.287863653015
0.278235972313
0.329516251148
0.330354234664
0.348432927935
0.326769145029
0.404196053226
0.288198086288
0.320228646396
0.418827421648
0.297702144703
0.302089078908
0.269736652006
0.34155336178
0.317985363072
0.319044830208
0.330880107933
0.389224430373
0.33518150942
0.307316225745
0.300554012759
0.425187694994
0.345825060031
0.424367767385
0.343565047501
0.313817123723
0.314590042518
0.3844610445
0.280321702691
0.228087783823
0.301982051714
0.355211219414
0.447045861812
0.377639157643
0.369583685129
0.263883319196
0.320026110229
0.269984131275
0.334941354074
0.385601941525
0.368060796635
0.230072434266
0.333286596457
0.240833722348
0.31273116314
0.301120975045
0.403324991074
0.303478833445
0.289511223575
0.306986456896
0.299769789608
0.242112506807
0.450471884079
0.511974233463
0.346013955171
0.374027527563
0.408321339357
0.389839399158
0.362983800125
0.346310057764
0.442721556356
0.341933377849
0.359901818865
0.246701462773
0.356565756128
0.295688690437
0.305251673883
0.267776578032
0.432406662506
0.370318616668
0.346631490894
0.301774148273
0.302060680555
0.386725624415
0.246870234397
0.30384608665
0.195448216
0.373929017416
0.325585177528
0.362837883428
0.300553408272
0.345010310953
0.415312265087
0.289156758574
0.318186321983
0.359172895243
0.282661867906
0.30127346012
0.225825010274
0.277639979828
0.372747008648
0.311333697824
0.374724820493
0.394750892386
0.341253727063
0.29556797554
0.300763475248
0.275550238495
0.311598218938
0.30538420109
0.309850643867
0.326328490913
0.324228740149
0.219599873329
0.298224723789
0.242489544602
0.358791639832
0.315429570795
0.323588277254
0.396792184274
0.358304030906
0.366291713865
0.391599637237
0.401179097461
0.381134601688
0.312399142576
0.403285562798
0.306587136084
0.282932904747
0.332000645643
0.307902468699
0.273499678272
0.294681308059
0.316577100961
0.342432584719
0.223271999079
0.362214112467
0.221489721246
0.368093873679
0.30615360185
0.284227398823
0.263605470904
0.434925093681
0.344022995436
0.387456773592
0.291035408225
0.280484387837
0.335177111851
0.382759011212
0.260598412296
0.239446524834
0.341084794387
0.285823774425
0.296999587922
0.247257094736
0.282659764957
0.307279087828
0.330337792634
0.2658833015
0.388166064955
0.411884705999
0.423526675606
0.290273195629
0.298243380497
0.369677205982
0.23798383056
0.219886880568
0.299578186128
0.402876288158
0.248206491427
0.228332209379
0.37231287683
0.321758095853
0.339466391502
0.442535825114
0.292151126945
0.335197164848
0.270143325954
0.254194806315
0.379725141748
0.291627603981
0.233815252745
0.345110748638
0.282426570935
0.289380375066
0.29415498341
0.342738070507
0.406581030134
0.257254704446
0.222821030604
0.20469492442
0.374851090673
0.254496729438
0.271734442203
0.18482960514
0.223131428181
0.39345316695
0.265123518236
0.272168662593
0.292841335604
0.250407472937
0.292589864911
0.305906082933
0.479645017357
0.386645408549
0.260772414035
0.391783048103
0.295202814198
0.358592548295
0.35114193246
0.234384508814
0.348895292525
0.276190878812
0.300663317638
0.324233766114
0.27641422874
0.24897698724
0.281378784642
0.368631500478
0.384803367244
0.381277481935
0.273325881822
0.224861461868
0.310608134038
0.306798963146
0.180348671946
0.275442553944
0.263615066799
0.339427257084
0.317155044171
0.383194039438
0.264453917627
0.300693417389
0.348603995801
0.340002337133
0.293685035649
0.415686999912
0.479732099924
0.306540951524
0.317292534445
0.3640946183
0.283719996259
0.382546478432
0.345070096842
0.308323863456
0.364752563503
0.407920433927
0.367976654903
0.332685134703
0.230643625068
0.25495602388
0.270363362658
0.342349307541
0.31475770544
0.433510381591
0.382758073727
0.376058414086
0.294657817886
0.417504166633
0.433336470801
0.363942287682
0.212970109563
0.317808114838
0.476404326826
0.327042503581
0.35112276897
0.416647518325
0.294776599822
0.51088003513
0.339045881995
0.338382539231
0.303638430512
0.345534024228
0.399076160296
0.292558199639
0.470627167558
0.356724631354
0.384579165649
0.212012119516
0.242397677006
0.321497329575
0.441511492917
0.336306278184
0.266605201223
0.256379166109
0.33119302548
0.324915480793
0.436005439535
0.419270085118
0.369730043059
0.212003194513
0.406141244614
0.379703984905
0.353847950348
0.402228844068
0.491312867577
0.322187231455
0.35477395635
0.348765415267
0.30777608343
0.392555271882
0.368367256604
0.353269599292
0.325067887169
0.376891914028
0.342286372198
0.380689523388
0.321002307762
0.33053483444
0.254651233927
0.325467791351
0.321531978541
0.357772052713
0.418482157007
0.349613327724
0.280158708167
0.27150977475
0.333489031035
0.279327773812
0.277568674176
0.484442768689
0.408555473283
0.414921064223
0.273423879192
0.343708742482
0.294400091238
0.229313049094
0.431765073206
0.418249584011
0.411109563391
0.375779780174
0.312881419699
0.437480606392
0.224966304635
0.337748307239
0.373563683406
0.358267975461
0.302782231273
0.3494456524
0.347645206707
0.250066272303
0.279621402409
0.151651738416
0.397357832875
0.215339492694
0.372949424919
0.328611699989
0.319720996592
0.344211952318
0.373712223567
0.291828998333
0.425620712669
0.314349935679
0.335649000064
0.343272428282
0.316119366621
0.438914708485
0.37260620592
0.311391677646
0.340902249329
0.307663005182
0.254363215223
0.309324780855
0.328418604261
0.371082329609
0.298052675729
0.303874834876
0.384284066913
0.260915748042
0.324123398157
0.382144953436
0.321824143609
0.209853362077
0.225760910735
0.265914626101
0.313428080138
0.348602683545
0.278984132299
0.290168266508
0.389456847136
0.407472012703
0.340172564724
0.335632888104
0.345884819435
0.303848250026
0.336167884621
0.297158635927
0.370804779523
0.319922396315
0.308887395641
0.326243983801
0.282993302274
0.286086847566
0.233515815702
0.265398636827
0.357221377491
0.267804033793
0.356965246814
0.267349364041
0.263576341259
0.282475750358
0.374261414033
0.264805560793
0.344807303711
0.239570197546
0.310340383644
0.324420650952
0.323194615884
0.257799127681
0.285183728215
0.349290652462
0.384800572086
0.414876077808
0.356832164845
0.399092742139
0.215821819621
0.293903923356
0.281985366219
0.320767153193
0.358185182083
0.278849338864
0.316174550196
0.374667675795
0.343408161824
0.30030865381
0.331999520631
0.382132782312
0.333483382339
0.344989587607
0.342808237811
0.241853848214
0.289222335883
0.341424324185
0.320209060152
0.386529601286
0.287845798073
0.308786546745
0.333945319948
0.391561787966
0.322877895212
0.380733759584
0.403506208531
0.213680594759
0.408230506682
0.311380784065
0.392846373991
0.313940082709
0.39457016397
0.323822863011
0.298498240302
0.275603034157
0.423815045156
0.46052704964
0.312632491439
0.336309514744
0.347360232557
0.315488267067
0.287230981049
0.239300917021
0.33749234795
0.255084746541
0.40722404772
0.293543382882
0.324022503735
0.272486419751
0.392196506373
0.369581867121
0.385189931914
0.45543604906
0.375247112661
0.302565480064
0.331247323276
0.333881828756
0.170491397652
0.262078325989
0.260795999435
0.305773223036
0.326679905348
0.330068004107
0.201267905122
0.301207002615
0.3797376743
0.424908518441
0.429158652062
0.298012047965
0.310330624692
0.375058198207
0.332205064716
0.402312404231
0.347522402204
0.422852929683
0.297734955211
0.288658866546
0.39288751746
0.396614911505
0.28697294853
0.271070457376
0.402717657267
0.362164219959
0.325965323015
0.266154081052
0.365781390981
0.294252968146
0.407901242304
0.259070371221
0.303976993606
0.37374705888
0.347107664483
0.281941122873
0.292383054638
0.398607497219
0.269238216736
0.38972619795
0.310124789558
0.291100222041
0.362315855596
0.356064303016
0.286415555421
0.355190593351
0.350172410331
0.331510561482
0.374950019544
0.355951841725
0.399449765933
0.306216857229
0.365150500498
0.438440646247
0.323379018677
0.262672053581
0.29637454898
0.282781324299
0.282147665101
0.310842509254
0.305497675103
0.382719535871
0.22401036064
0.331641104394
0.36223447425
0.343226468109
0.265916528342
0.309597311371
0.270457621585
0.26107735723
0.336692987094
0.277565074291
0.20590524802
0.22288402825
0.344793375037
0.307366505578
0.350987736374
0.388061458205
0.42911372396
0.368054331379
0.251530576255
0.273030936551
0.344753003238
0.386761715101
0.344287934515
0.372688872107
0.40561105403
0.242063784953
0.446513343656
0.344759968264
0.312655381712
0.335641523784
0.287993542759
0.357813303711
0.367405020758
0.352701343624
0.459517985547
0.400242649426
0.326992547816
0.36580034238
0.369063262327
0.319315197358
0.290700514324
0.301385992888
0.293545964403
0.223826245367
0.205625996184
0.366587349592
0.30141288939
0.357499140625
0.392331541158
0.419242095079
0.31570566794
0.443182673302
0.271971420883
0.263240528616
0.323834575714
0.353784833834
0.330921212199
0.278526085516
0.276285052801
0.289929874163
0.354197226256
0.388062247053
0.393350087756
0.36266080319
0.397748164691
0.437072391568
0.280294418716
0.338253801775
0.326999044501
0.281197960541
0.255634627434
0.241092686204
0.277226177422
0.329940987435
0.170420832027
0.335039934377
0.304521967972
0.317840013205
0.318380701865
0.286492435983
0.305391594694
0.478776515252
0.370857126539
0.444569448408
0.313551097964
0.283148815522
0.332089650011
0.282999052638
0.264840319208
0.368263366163
0.329502650035
0.328165938122
0.417948549261
0.426064153849
0.323650878602
0.40703350005
0.368270671602
0.399643283325
0.262840462583
0.404612665867
0.305749703286
0.368213578491
0.425561523271
0.383229896393
0.380528069606
0.398043017403
0.33495418591
0.33497375086
0.296121941022
0.283817011397
0.311911000499
0.337309657256
0.317539335715
0.363929670801
0.337688777616
0.376410494611
0.395864566077
0.360180261489
0.420525189041
0.242860128192
0.269151193291
0.382368689538
0.369786051962
0.305166368883
0.334817490767
0.333617337885
0.448631160646
0.511035144513
0.182226046481
0.289606544533
0.34651534833
0.41979861762
0.308879631376
0.382869128773
0.374942321412
0.389838498009
0.291524365766
0.284288349453
0.340578605582
0.400701637596
0.296865340452
0.303450433547
0.286847355543
0.257613737715
0.351078598548
0.361324829799
0.287774626062
0.349402088422
0.414620378501
0.355344004493
0.404995437813
0.3180061531
0.246311930529
0.234714409991
0.307891964726
0.440578030489
0.226230873322
0.432404871388
0.201349244919
0.260693778222
0.353491725995
0.224907554678
0.331210654987
0.294310720828
0.25346159264
0.206741771731
0.355151702644
0.32648732801
0.311455917189
0.324831715406
0.304366682024
0.350079869759
0.261165912109
0.37674853033
0.390894347278
0.41527791375
0.379800495662
0.473813124123
0.358097952796
0.422255889232
0.435050075239
0.402118139165
0.338530225462
0.428871784032
0.393940086184
0.316148735525
0.368405931626
0.39117214044
0.343983598576
0.353144602711
0.287626836102
0.339208172241
0.315935485264
0.335129761125
0.400914888854
0.455437883929
0.365943563768
0.250263896102
0.347083135412
0.365746265974
0.27554095223
0.351981221837
0.280194313362
0.247789136605
0.408558633782
0.346449603935
0.410271592936
0.489021742451
0.214699048434
0.327014267571
0.338935914622
0.434189881105
0.319530234684
0.304621226273
0.354664371007
0.286865415234
0.419464268869
0.353531538886
0.385437032297
0.364928596132
0.314316478786
0.38028630628
0.465607061578
0.338094444549
0.337257086522
0.448758474682
0.361570817518
0.373914770459
0.336686895551
0.217958110316
0.306663970416
0.280558228193
0.249959945192
0.264782701326
0.344385742457
0.241358282409
0.426366389119
0.362033260533
0.358364820365
0.321761697181
0.212439409674
0.370607261357
0.314618392149
0.243653732823
0.321278913175
0.277888764632
0.297068367967
0.222338123501
0.361895615792
0.345394616808
0.461427002151
0.282445925628
0.316908966458
0.305049157116
0.334856851739
0.265496326507
0.261306030243
0.224027558883
0.303343461724
0.439400262771
0.28104587949
0.317225691459
0.373229071446
0.464285063482
0.236002336874
0.332498968926
0.442206706017
0.32529856111
0.302325911775
0.35944582659
0.473176232579
0.331127232461
0.430648952676
0.309393645221
0.352437850528
0.353033890504
0.313823114836
0.43978960315
0.388660082521
0.322659884453
0.387107039014
0.246710253466
0.370808375624
0.420663733959
0.291788409253
0.402629341387
0.281773793284
0.278429620956
0.396574778791
0.353132230112
0.276629657192
0.225111091354
0.333985941855
0.337608499815
0.210926538792
0.30751154678
0.330828500859
0.312964402961
0.347102793221
0.443101649227
0.328249034784
0.377205920202
0.303075952747
0.440827797126
0.384664921346
0.331992615208
0.321387207672
0.445593246795
0.21942239443
0.378120269771
0.418131248814
0.438315524363
0.305483589101
0.438578148634
0.332294307249
0.411574080612
0.500652484577
0.342335220962
0.409626948031
0.319027856744
0.350188897468
0.23833236738
0.327356530067
0.33634106822
0.353608669038
0.3408126502
0.443075986367
0.357683047183
0.231106164008
0.332277747055
0.427290644338
0.42942285131
0.371459889182
0.360515302368
0.361386841151
0.329442601074
0.390319898822
0.42382703968
0.414531070472
0.357121172409
0.312072171121
0.332393617677
0.322260089153
0.299972803491
0.375187678663
0.424429447306
0.268294086634
0.307409590334
0.272927762679
0.352307037364
0.261113855617
0.415854974554
0.316065607259
0.363665095772
0.309712019719
0.364629514016
0.294647343628
0.2441028454
0.321076131594
0.399776805786
0.341572470841
0.378179944119
0.3452071319
0.365459928508
0.253993620044
0.343622769506
0.350506798078
0.288899918731
0.278756052037
0.321309394533
0.391966244007
0.228584636417
0.404574586085
0.458578815516
0.435416209109
0.354295335881
0.399518277501
0.251470120953
0.313676973923
0.390115902735
0.335921637789
0.315429326739
0.239066352985
0.43776341808
0.300637316354
0.430046411043
0.375723906636
0.372514114162
0.280351217282
0.270216984287
0.352567500072
0.303398584295
0.395820291256
0.438918271686
0.352215467569
0.350900377344
0.298405826894
0.369092443566
0.283695118901
0.309151163809
0.2349107261
0.360266349406
0.340654424901
0.195603808661
0.352093723994
0.416414607159
0.428503311271
0.415801081807
0.282237784824
0.287022827386
0.386806186368
0.273997581095
0.301383166592
0.379276316436
0.272659194189
0.328251636301
0.348870021734
0.315908199139
0.303196637151
0.358591154421
0.269597455667
0.369701404678
0.357676614201
0.32397861753
0.399340635746
0.315573463113
0.311001548185
0.426446135843
0.299044196803
0.351405016149
0.286210393661
0.327638223475
0.365790522595
0.44253494913
0.374959118297
0.257404493127
0.247543537303
0.383049524172
0.301314680221
0.236124077095
0.37191006465
0.324176499673
0.354308865884
0.26303766856
0.270255759661
0.347712985454
0.335065415306
0.223974436046
0.391075909145
0.298713979303
0.331435832905
0.334119015223
0.284135820975
0.350408369838
0.416231278933
0.318698535941
0.435828321571
0.362321003424
0.281551235002
0.25789052887
0.299726810601
0.359029504193
0.365623414378
0.271452024152
0.367008995364
0.297371585743
0.240015672635
0.222552492026
0.316490193243
0.222075543271
0.340810429434
0.315063080992
0.293149656077
0.26962015448
0.275275759547
0.271495318738
0.30053675654
0.298446668112
0.227983437682
0.260015683232
0.32380798469
0.400226654519
0.353530770912
0.424086839184
0.226367678246
0.388027055988
0.351052623261
0.33708572469
0.364378528446
0.424868751909
0.267335361375
0.291659222137
0.237271675732
0.330330684369
0.270277922832
0.366192275253
0.386328974839
0.282125003346
0.395545232695
0.301130268891
0.347251479402
0.272603099704
0.395661361803
0.309682905979
0.364866787139
0.391452798292
0.363354099869
0.328079086348
0.379027467655
0.294876890362
0.312403147848
0.336695237542
0.298610402576
0.347894045251
0.34569374688
0.286024207257
0.441676844783
0.382192476584
0.278373442365
0.369956904527
0.280634419247
0.252356102662
0.364746433458
0.345226098925
0.374825707997
0.414372493138
0.234359057901
0.313874877763
0.256345267006
0.451876520279
0.365291101743
0.35373665154
0.356904845626
0.33666850433
0.217364254695
0.273648872528
0.323087940785
0.277714775562
0.345750379345
0.439373090892
0.353679811082
0.296165660985
0.271813755476
0.450428022152
0.267709660319
0.350986100551
0.321918996666
0.336665321257
0.345206608032
0.252764947423
0.332403659771
0.309632007209
0.367738026403
0.413643847911
0.407160610535
0.312926086546
0.281540491882
0.374677458904
0.286257856864
0.309779801294
0.357965862808
0.351920761876
0.295897556338
0.295719688045
0.28572357959
0.317305438253
0.369097250574
0.381990387269
0.278238272802
0.351107360331
0.348343808526
0.324377186713
0.275527530828
0.352745542629
0.455933829009
0.407209519122
0.350831183398
0.335021317523
0.308921064681
0.314408405847
0.40467811772
0.349731575148
0.389637772228
0.249772711319
0.34171632421
0.373423999256
0.344680623916
0.360493966603
0.362939416504
0.440985240447
0.295551463244
0.353514474751
0.31540788051
0.466022791462
0.265952883697
0.242409428197
0.357872005179
0.324085470064
0.214003904222
0.437983348953
0.402662346865
0.42701180734
0.423990644968
0.429996692894
0.283993955005
0.417451975422
0.404402393517
0.372734103445
0.356264926772
0.29819724034
0.28246646968
0.297941363574
0.496166573713
0.428184998024
0.306923399314
0.323658856767
0.428284389446
0.282781322326
0.279615298608
0.331970265593
0.281801993495
0.308047752753
0.336129289747
0.306001132608
0.345259102724
0.354667560555
0.297355901904
0.356150869789
0.381907796394
0.353726200089
0.260843357416
0.317708049431
0.382025673342
0.262757020171
0.358876221936
0.346148820813
0.352469027565
0.378443587121
0.407980678417
0.34962748614
0.455668721736
0.323792162935
0.390436525701
0.187901535622
0.234599834245
0.360978528182
0.366242214553
0.338157190984
0.286520579302
0.246444146634
0.273835021581
0.410773423524
0.338538068943
0.348192484499
0.329797186192
0.376570551443
0.36383766837
0.309134627746
0.234581365714
0.25556022884
0.23965914162
0.395146929262
0.285951611685
0.327559207665
0.294979698722
0.30426598229
0.341531827645
0.292536793448
0.464366822264
0.342168626883
0.347651440185
0.393028278646
0.362807033495
0.343916480186
0.337779545312
0.374431686871
0.398347619915
0.399958381725
0.365354810763
0.306726176367
0.389689218499
0.331400108033
0.289657086781
0.356444445166
0.333847982556
0.324854005158
0.376456618884
0.29669163787
0.226039291691
0.450795787245
0.394232096383
0.364831297842
0.345499148915
0.39117317873
0.326926815437
0.302608750511
0.47993024002
0.255160682657
0.439777181273
0.402527312378
0.231525129666
0.340411033132
0.31326486075
0.351015507863
0.338823182566
0.323816790897
0.267335846988
0.292302506075
0.258584598667
0.307781933034
0.402629333178
0.267975665044
0.275124292834
0.307588005496
0.315849609566
0.365303195743
0.316986830588
0.27584582522
0.285013603703
0.308694533187
0.242387488581
0.242388987477
0.400908038168
0.275367091202
0.421891487256
0.371807629215
0.280326537035
0.254686670105
0.264596389166
0.259612229232
0.265602408812
0.307361993644
0.417434709647
0.325971531099
0.367785880285
0.256332047034
0.270524557942
0.418962303408
0.354758345328
0.352391368832
0.370643574025
0.272905372633
0.389349763638
0.298605024521
0.333877288338
0.194011940397
0.421978644312
0.308238479619
0.27596838008
0.282952596519
0.307584609156
0.352424036789
0.304935078638
0.470929648551
0.31670053697
0.337113424969
0.22002876507
0.335222032785
0.434787674382
0.310428759867
0.331158888182
0.29751845438
0.329657027793
0.326990367939
0.3953101252
0.34557748858
0.347922168873
0.272751820524
0.398503914898
0.232573236238
0.353056845671
0.274403843235
0.545165110267
0.305039066334
0.406074111834
0.36324207348
0.420640550768
0.333390845797
0.261018949194
0.240155846275
0.267506750729
0.385581349696
0.293688814828
0.404429584526
0.37967426406
0.3180364705
0.433506295659
0.331076974461
0.440778379868
0.355665879231
0.379043559618
0.293231965576
0.377873143843
0.346151770161
0.385862854771
0.378622127467
0.324379409561
0.316831576561
0.306300831562
0.383996290428
0.366482508043
0.378689533717
0.27538175165
0.330387989636
0.304691004344
0.30833264848
0.269204537271
0.292609183207
0.300786956822
0.315611416783
0.234142824529
0.310565124056
0.385738901493
0.373614396118
0.3270985892
0.404248020367
0.332022815502
0.342404589311
0.365926017397
0.301835768422
0.374882666137
0.24307709332
0.345291731633
0.267229722143
0.331023618574
0.307084550798
0.376720444542
0.311101078917
0.265657155914
0.325342660861
0.279001690954
0.329196293013
0.443295388012
0.368546379402
0.375943992595
0.301847822785
0.301865425361
0.308807145487
0.403459522398
0.349060153213
0.307077879573
0.336096440879
0.375521425588
0.298267045609
0.320982195757
0.28623717619
0.371198498558
0.261618136342
0.415906427907
0.360467819109
0.423806644191
0.380017865323
0.277204678163
0.324921467509
0.335348200473
0.296752467965
0.322294224686
0.317496900153
0.26500392203
0.474775081117
0.222376045591
0.290327582377
0.324818579981
0.426750367288
0.449615616115
0.385302041745
0.359983482533
0.219906071002
0.345101294717
0.428506790764
0.300441252824
0.299278092251
0.309921718125
0.180897505116
0.347107036586
0.298783689793
0.386509435243
0.252391884876
0.434534077181
0.445019731515
0.282801609
0.293969283967
0.329509757124
0.384968196513
0.298168447207
0.2869169415
0.382949855205
0.314197585876
0.413678365745
0.342486442679
0.324812056683
0.285360171196
0.340807357695
0.28285358526
0.406778267356
0.386057770304
0.396117482276
0.273530273346
0.273112209556
0.367179068039
0.43415946997
0.311545933765
0.289357020899
0.299874240319
0.373995295913
0.35644743427
0.365801905812
0.388791087893
0.304449402962
0.353595232715
0.39891435572
0.389936519268
0.37291233496
0.227914998901
0.300355665524
0.413461334899
0.283322663874
0.337546539048
0.437611905658
0.390862297785
0.259929192588
0.389883086051
0.337872790606
0.365958841232
0.415074254754
0.297918898962
0.270933205783
0.326914337582
0.230342499487
0.353587714737
0.35486090282
0.444074164964
0.304555433435
0.297808761767
0.294231487429
0.348636498258
0.198503717092
0.305720345649
0.361143845502
0.253591796639
0.251891611212
0.30288268779
0.384252544426
0.330261236902
0.243792317538
0.476926068149
0.433414654849
0.329658983798
0.452423344125
0.332697204113
0.310151256112
0.356052622886
0.339575995247
0.302439907272
0.410458490901
0.200225775967
0.375220206826
0.372711162511
0.431859840434
0.349485327098
0.326016023324
0.488286761614
0.345032554504
0.349933825136
0.403834994824
0.345621686654
0.23358012665
0.291613084562
0.2785669923
0.428672050078
0.328408282961
0.453941556196
0.33553231964
0.311398999221
0.22925595095
0.352452863858
0.389866627283
0.378244773476
0.395577520446
0.502854062578
0.318451878686
0.42556263964
0.395975396263
0.391059243855
0.33499030039
0.354855170477
0.358904243419
0.35641959924
0.297975857136
0.358967888423
0.264170241151
0.288516517561
0.370036701801
0.277875354628
0.477727164731
0.338614529542
0.44795764134
0.334149264366
0.286789436063
0.327287814535
0.303826631937
0.283332742848
0.330236605123
0.36370570167
0.426965182357
0.405633087459
0.24458718456
0.469734522782
0.342497892657
0.404631865055
0.546600432962
0.473677777345
0.404779004166
0.35273514294
0.37123656071
0.29058373784
0.33721337371
0.339704465639
0.316960172341
0.373417454649
0.326317560124
0.463225114816
0.326249115404
0.243941396737
0.242394889553
0.366180422881
0.264992488312
0.42880818644
0.375770878267
0.409537733649
0.320785348449
0.344622706677
0.359888448936
0.463072073853
0.250426927992
0.141794456487
0.376446642164
0.434866235955
0.32045762483
0.357688321849
0.232137148441
0.352545441836
0.310465563085
0.335486821542
0.337980948708
0.348203412525
0.402852942591
0.314100880284
0.248835252911
0.377995198061
0.274043887324
0.345288721298
0.417945269988
0.403134493007
0.31563219254
0.380580237516
0.394000265514
0.429777304273
0.262635168249
0.39083158747
0.291185156056
0.324471760706
0.344739609382
0.247392574158
0.392158629123
0.286427413786
0.411243864304
0.209995668776
0.358322828833
0.300355843754
0.34463660536
0.340608197605
0.405142222834
0.261446269627
0.322934067311
0.243231009154
0.295136418513
0.396935246302
0.403794618115
0.367572086032
0.340096356913
0.381260446892
0.414731672133
0.253615562963
0.360470233682
0.404214848735
0.405590896931
0.3944569253
0.388347284631
0.424624499438
0.255259415872
0.317885766766
0.360358420548
0.256954103004
0.418199069376
0.330376674185
0.425143048949
0.320269547864
0.415610980102
0.382208814204
0.389692094211
0.408625844216
0.371022555153
0.269079334317
0.338939600148
0.365532629263
0.371376694948
0.332397924648
0.319651363212
0.396081126021
0.415681083135
0.312456950065
0.303604421662
0.249449334353
0.372914386393
0.252248064873
0.387592740563
0.324218748054
0.331844921026
0.419247410678
0.328607272195
0.264452673515
0.336926785731
0.234758613734
0.369846052711
0.299791361197
0.346573670877
0.440678124601
0.404946521346
0.275247892433
0.288484979209
0.480915678861
0.318763390919
0.224233598584
0.338596964926
0.358043348919
0.252674878558
0.35459903307
0.439343028183
0.427676609595
0.357853954713
0.341400688294
0.341112260121
0.249615895708
0.408876816767
0.326482414317
0.244904927394
0.385125291418
0.361804501536
0.33494024247
0.226196362839
0.371936948058
0.32645830105
0.273287431709
0.325986129523
0.354675925894
0.284084394838
0.348860041607
0.278966864598
0.25061879766
0.214602725601
0.254406455532
0.408743496232
0.323468163078
0.303275304452
0.355599478318
0.298399043264
0.247353944124
0.254192646527
0.353152049905
0.281087434729
0.394812297203
0.379297661595
0.425587569702
0.321716257362
0.468772670602
0.27447324674
0.364192971464
0.310691272243
0.250792482913
0.296648108804
0.3640975319
0.273448118184
0.251292255228
0.325982333963
0.352006001644
0.390902442011
0.379848591725
0.338801840732
0.372160199065
0.256567114927
0.246897326033
0.396530245542
0.381556819206
0.274131063591
0.227876523481
0.254995735871
0.234423608225
0.482871453276
0.30113678529
0.403113395292
0.375931590502
0.367842674681
0.338752784077
0.324804585758
0.315601373444
0.186505753194
0.357731814596
0.338760262505
0.442664047414
0.340335201584
0.338923820889
0.36658065128
0.389120755273
0.32254297259
0.314536822733
0.27762431121
0.360737574394
0.35586452843
0.286871530732
0.276081007227
0.349832897849
0.31481520223
0.295805605134
0.294190753331
0.329174856146
0.299885109902
0.274939123519
0.340932296287
0.339472736633
0.294429552582
0.346561136773
0.388682826891
0.313122129519
0.409342297839
0.357906879012
0.333245550312
0.229218945367
0.363896063912
0.36895783943
0.340373525708
0.348875261724
0.254928190746
0.434936031918
0.479536838951
0.286119828429
0.291479177156
0.23986430183
0.424675230773
0.343315659288
0.394036182842
0.377357393885
0.402463875867
0.386989724339
0.278003723151
0.275163652368
0.343811467891
0.396166157013
0.395009282599
0.24670609758
0.322458659798
0.36950254634
0.37539260534
0.337339667384
0.34769807463
0.386480827431
0.392488186978
0.350836101579
0.292197307238
0.311308199445
0.27753252124
0.378663659385
0.224591233268
0.231505937401
0.290806798612
0.354295009162
0.369507914612
0.269681446474
0.436411942478
0.341466252354
0.306946969609
0.430828574004
0.291751674761
0.353385621497
0.259649320973
0.348480207234
0.377313525346
0.192657958957
0.216166516574
0.244077324512
0.353484743682
0.357111397451
0.367848408772
0.373570187743
0.296552415482
0.384034913787
0.323708206491
0.238071823063
0.386749913665
0.345803597293
0.338419034559
0.359048528946
0.286744699383
0.456136754975
0.386245045729
0.474327565287
0.267611133409
0.452125091932
0.326186048754
0.289956113939
0.439796541209
0.399543283429
0.296472609025
0.419484927238
0.300798615301
0.340626376026
0.403844876857
0.320844731138
0.347828612417
0.365016607026
0.297702694557
0.377045470404
0.386801137332
0.278982818851
0.312360520579
0.25730758897
0.353957433831
0.29652517425
0.309156714413
0.375264686012
0.276944491775
0.273278755494
0.210659573117
0.359725496897
0.361914496677
0.381670907121
0.312891384317
0.32198651216
0.336520478996
0.347078454542
0.358949205712
0.27444207772
0.398122784046
0.351511082028
0.327575802129
0.567282225695
0.347928579339
0.327631381803
0.415636238353
0.350380322298
0.265313465026
0.334670256346
0.35380241517
0.309925386658
0.433808216963
0.375902906414
0.32073881035
0.225451717096
0.411278816689
0.33149126629
0.336851181215
0.360544749854
0.47211501792
0.27485026608
0.436163914413
0.348150161619
0.387823934765
0.395032620832
0.28057906179
0.386815018279
0.335681047077
0.298828962703
0.301355330447
0.330302142273
0.302984584802
0.312733946133
0.356133848723
0.314048789095
0.299574538184
0.403935350651
0.329931377916
0.35539064849
0.339647984199
0.34922600204
0.361294391899
0.338602619915
0.261245207468
0.333051881707
0.253195368806
0.349745571585
0.283114942965
0.221187850535
0.374691808226
0.273789482188
0.351482165631
0.292031691702
0.278495543898
0.433950992463
0.335099712424
0.362699078679
0.378635926455
0.272139238894
0.280670837032
0.320288864079
0.226435330659
0.329425108497
0.350729680788
0.384451777356
0.323984702528
0.347245818959
0.342191228447
0.331235611034
0.261627397993
0.296858598207
0.39128012246
0.374108193153
0.385756795568
0.368343848615
0.268819410703
0.309282327468
0.40677963185
0.409362661842
0.295143194314
0.332708950834
0.394261868821
0.341722790453
0.345312732209
0.322334748696
0.364896734121
0.270598861163
0.301591288716
0.34623404321
0.303285413145
0.394071142775
0.323147485743
0.335734118917
0.385889973951
0.320661509387
0.278052814628
0.384905401447
0.332895423961
0.285776298015
0.420978310748
0.453990166462
0.406253678212
0.36703464375
0.270465916338
0.276172699892
0.309740982224
0.337331498361
0.39439508473
0.266198568877
0.411014312574
0.372080219287
0.280917007971
0.367927293161
0.345434571065
0.432869353627
0.343061401576
0.262046934527
0.304698175544
0.407545038239
0.324726930192
0.320889336668
0.306909651834
0.278902899687
0.360848395724
0.337332314609
0.330969373264
0.2073126572
0.239542657977
0.239481444737
0.311513709509
0.304532301299
0.335835280479
0.312480203332
0.348277174857
0.332516276346
0.335917618669
0.361450683851
0.34291137211
0.362393739697
0.268247606087
0.437030283425
0.243883022885
0.405199945138
0.258418415001
0.305811994687
0.330719953988
0.226701930237
0.374159276536
0.262594203984
0.493857947911
0.367749792273
0.319376002966
0.260109894164
0.288058218095
0.336064247141
0.323463941378
0.34167266765
0.335996821756
0.342585656433
0.25376824015
0.306159460653
0.266945934887
0.374607556082
0.372982820435
0.492852301045
0.318795994647
0.308764460264
0.262849485396
0.361814835003
0.329429006892
0.415966965468
0.261081111183
0.408856252175
0.313189742539
0.296385088333
0.377506300675
0.336532484941
0.282910946829
0.336372774821
0.245309167931
0.253891201019
0.392735522058
0.320721942292
0.260731716651
0.273869404193
0.319918636677
0.380796029848
0.23395536028
0.392075277859
0.409568837809
0.349811878359
0.389734287854
0.373925788566
0.320934766391
0.364957249971
0.309099448985
0.327156711888
0.309654487466
0.435134110852
0.267302948401
0.365226831084
0.270389906269
0.384777874847
0.250106678809
0.383339978408
0.279853375552
0.314634392811
0.353813238808
0.304249829908
0.200406075625
0.262814481859
0.287894988624
0.312135816211
0.385287212995
0.205988939647
0.461829152884
0.406111033744
0.274914998832
0.342315288235
0.30651836753
0.285111459716
0.368095760848
0.340497637718
0.321446184613
0.434423949193
0.371563920468
0.339284890813
0.274897818715
0.332459669137
0.337536843244
0.476653446003
0.343907302091
0.257033288194
0.241480787816
0.255579930224
0.405822118036
0.326492383853
0.352628311138
0.199906673125
0.386002962056
0.40919006594
0.394503474454
0.248874214253
0.332770178927
0.310869988822
0.347965028943
0.350000377362
0.314104204263
0.409964921707
0.299722386261
0.291719344587
0.276379401332
0.364161164172
0.327866333233
0.329830444429
0.296824553747
0.347674937308
0.313956277386
0.413976658451
0.255829364725
0.285719079101
0.203159369826
0.249364410545
0.369303603343
0.368898853668
0.314793782867
0.350318080956
0.358628970473
0.283914954698
0.332691620919
0.320117108603
0.284040805331
0.310383256288
0.274458992445
0.313156051656
0.291967523802
0.379005036795
0.335717411898
0.352845802699
0.32848111271
0.30714597246
0.290569349349
0.281672060994
0.361979060571
0.38297514497
0.340817472129
0.340065908777
0.346851924841
0.252564336608
0.341425868613
0.378856952333
0.377964594343
0.296843241589
0.321312445173
0.282776928355
0.355963268741
0.347780250795
0.348834539011
0.423834783533
0.317906434123
0.323587421703
0.388235579789
0.302315338374
0.391650018001
0.253250111565
0.402141792561
0.304598426516
0.382278743839
0.311928281613
0.531626914077
0.380467936033
0.27506190043
0.360657280286
0.312181063979
0.383441796478
0.342824223717
0.303256808132
0.359035092811
0.263555505386
0.305249011524
0.317990096943
0.420547542777
0.411481286846
0.36708291608
0.367075750781
0.315657966573
0.343247947388
0.430225850845
0.297067418215
0.327034911211
0.296578545722
0.373896314894
0.319161701974
0.323021727593
0.406083604744
0.39728621639
0.277224105032
0.277734018293
0.258030947571
0.352112233171
0.415265517465
0.405135623756
0.392273204206
0.33028209766
0.310446000152
0.357597697345
0.363918403895
0.347523987215
0.42768819691
0.248596110572
0.33818341118
0.325879153703
0.350582130265
0.334425377704
0.332360472657
0.396391929167
0.325487710905
0.327919159656
0.324377809461
0.361912291136
0.269668192658
0.326344297221
0.358797622372
0.340429687896
0.376997444854
0.324710463478
0.222651592786
0.326907904855
0.235973010231
0.336842616565
0.487347062799
0.325465585213
0.439612680947
0.29981279208
0.375136599503
0.28902677919
0.432947995512
0.245085463474
0.334411602397
0.434399337936
0.254472401384
0.268604930095
0.310599871409
0.295196006595
0.408471348927
0.382982357528
0.395989246536
0.362630383387
0.439209805011
0.301761902727
0.431570732469
0.320956770004
0.263549951652
0.371126242503
0.323320221853
0.37911242045
0.347876813292
0.277482338623
0.378438720348
0.418210550323
0.313608533437
0.430535031813
0.211694824856
0.277665149426
0.379822991538
0.319385511602
0.501811916389
0.319373601394
0.442016433767
0.373782917259
0.388646420054
0.387257777754
0.321323142437
0.323859470208
0.3595229397
0.437981756755
0.307211378126
0.284109662219
0.444747082818
0.358616233626
0.324286890162
0.317443770044
0.310994172107
0.369982990571
0.316798954922
0.451982831243
0.344234660232
0.31751374243
0.39233536935
0.36508458747
0.360101738364
0.317346041665
0.284102301256
0.362990288653
0.416067281235
0.3330296811
0.367268206322
0.243705970889
0.454760274981
0.487102618309
0.446388864053
0.333968908966
0.441914596854
0.391736756212
0.245253117058
0.306351699974
0.378916675746
0.286711232083
0.268469148538
0.217168634473
0.472839233486
0.307931956862
0.394533774297
0.382434921147
0.401914981814
0.428725223697
0.319555850327
0.191305375891
0.282339058102
0.337056152408
0.27892108033
0.347259941979
0.366149737981
0.317932493781
0.212146777079
0.354767663353
0.348659197798
0.342289656299
0.373949666008
0.350473078253
0.390928330224
0.291302364325
0.283095896099
0.406613933798
0.387843766412
0.295682899518
0.337346259437
0.40160646859
0.384193698211
0.33155034114
0.269568543328
0.321557090948
0.301481458176
0.34779260163
0.194608218426
0.283200497082
0.265217097013
0.288237366218
0.28062166945
0.399464478414
0.315449962836
0.406893773987
0.293837370135
0.296931463321
0.330021215212
0.317794438793
0.381771741549
0.339024868272
0.263415502941
0.238464540033
0.275046658363
0.351959040901
0.330755425026
0.349634884751
0.207118515858
0.301084584548
0.374809719691
0.342124148097
0.368412774411
0.31210336064
0.286377280895
0.222146668894
0.378487579538
0.249359399099
0.328226343296
0.312023786107
0.27939489366
0.296050269778
0.374309582446
0.357199434181
0.27811241181
0.274729250679
0.309332325329
0.22165322134
0.528074567424
0.305231017861
0.33991327902
0.374873753235
0.320194701736
0.325923433073
0.266034376603
0.445484833111
0.379969820833
0.309765727154
0.391705702176
0.293937475919
0.281546571294
0.375232760208
0.278401476861
0.483884312393
0.182502514442
0.307369027651
0.249606763985
0.262389161537
0.429678261084
0.237048735779
0.422616883429
0.290248021259
0.331586054404
0.275014619866
0.360746714197
0.261900950108
0.371028247969
0.36305710699
0.374902239786
0.318555498886
0.362279883836
0.224359138123
0.372049099954
0.329920142385
0.336818161428
0.227987769442
0.357082057056
0.342160421461
0.270190292847
0.4026393664
0.171785340378
0.29909102996
0.299770301354
0.293207907059
0.346080234045
0.388488839947
0.259889048865
0.207967739277
0.418330298062
0.462280302542
0.260555712152
0.289830117604
0.303108181318
0.280410237704
0.351177334762
0.374023354055
0.364975878788
0.282358041142
0.309444455685
0.311424001749
0.321522970489
0.315174716931
0.293558700503
0.309255654134
0.384417285581
0.429256600003
0.271888167632
0.374202138345
0.280396868317
0.321647798329
0.296315045687
0.385320111317
0.328757179911
0.242429828443
0.363588161646
0.363855318018
0.279180230438
0.337206532293
0.281759862294
0.340195277649
0.302936695893
0.40404976234
0.339129931455
0.442711518689
0.233045505982
0.288132695081
0.337687123285
0.491144895167
0.273303045777
