0.391384986149
0.639810321903
0.392389387567
0.666070188556
0.546145168742
0.531301986419
0.587995601809
0.417692035144
0.409109866423
0.487957183251
0.461160796919
0.499307755535
0.450976700034
0.486899970809
0.584030215336
0.474139312687
0.567929585566
0.592496092255
0.497472329228
0.559408132087
0.389104226343
0.559099507582
0.415815227887
0.701979726609
0.660250807531
0.607063601703
0.542769461579
0.494045846647
0.446859080279
0.424184754969
0.5026195712
0.437599497343
0.501769791164
0.520780275609
0.337493991973
0.705652699102
0.590622387864
0.330346616297
0.650504910527
0.676858875892
0.461176426964
0.52318340642
0.486763932469
0.515155712696
0.56059603663
0.60975796464
0.46271985955
0.565987412473
0.390826647829
0.669640442082
0.493327065461
0.48460052092
0.29818415512
0.45619986422
0.460312155885
0.540068066425
0.56960691423
0.470584786962
0.517245869943
0.441710070369
0.476801299457
0.666340872203
0.758482863288
0.579617867034
0.730427747207
0.54388335378
0.602083405702
0.597835337376
0.699940957494
0.522880613639
0.605247987117
0.58186010188
0.72315868792
0.429314026239
0.536436746155
0.605174784715
0.409422829628
0.585201153898
0.526156900163
0.551753251822
0.552940282002
0.477775514927
0.448864218478
0.321783874593
0.405528090971
0.489789613673
0.581004830876
0.624177921225
0.568785170867
0.515253281049
0.668334759534
0.517500155674
0.62434480065
0.397042591797
0.452359848337
0.427742294249
0.50811144359
0.507455893784
0.331629773411
0.470747984941
0.560156305424
0.576219417536
0.693626037234
0.767349170516
0.420477226616
0.751319814039
0.578638307079
0.583523753308
0.54283779792
0.692421883757
0.474095557483
0.57695210443
0.427074334598
0.791070026612
0.66412824401
0.540145939935
0.660253545726
0.455210147148
0.511997412144
0.654397568954
0.37305351069
0.560027175252
0.259934432143
0.560184506271
0.678696397232
0.9210865786
0.468978667304
0.488714914099
0.485322784235
0.500221847055
0.523644360784
0.541453329767
0.439857021409
0.478807354948
0.438726709311
0.727782642959
0.641752203462
0.593119854792
0.521949661104
0.467671842989
0.664417618961
0.587167911956
0.705321818835
0.60453951676
0.613473378258
0.408660803691
0.494894281852
0.5068964842
0.465806362035
0.526137153103
0.454411918048
0.584527585806
0.535071580087
0.47235429285
0.454550559505
0.56965727128
0.406222339728
0.489551873107
0.42562518354
0.38542633983
0.481407357329
0.634355555108
0.624196743113
0.543290627607
0.494688803702
0.645161285433
0.500243409247
0.65829931085
0.43125080891
0.838805396758
0.455650596023
0.689634420558
0.519535047517
0.47389448263
0.6688928745
0.687387849787
0.531377012958
0.553914020149
0.483544628336
0.548827999949
0.650948292967
0.486133882433
0.502784916794
0.631547654025
0.440102904461
0.71923167364
0.552025796591
0.695555939983
0.40884386713
0.394730349684
0.446342232535
0.308530132149
0.736907147748
0.58508180939
0.66346753137
0.470626979996
0.541047311287
0.560649657427
0.68453981166
0.537786385459
0.58920484645
0.459193061793
0.443273430839
0.3967979488
0.461074309525
0.562751816206
0.533788660841
0.71373153162
0.499158274999
0.410300413169
0.653624878658
0.36852631686
0.587054723182
0.439122605679
0.580141999395
0.482400318466
0.476568287501
0.50058543346
0.541413537045
0.480843369245
0.468909758599
0.448640415155
0.556349747574
0.609474312878
0.641592954615
0.482645322378
0.621088841181
0.651672456791
0.519492568469
0.479122507236
0.420873285633
0.555124588962
0.646251887132
0.554488362677
0.703127797521
0.467764014386
0.574120249209
0.39820122501
0.540734977774
0.730039171601
0.600291919584
0.491841045497
0.458440028538
0.52416859992
0.509537154096
0.623887718348
0.640811155239
0.457782650561
0.57946279919
0.642388289165
0.460077512012
0.587858084856
0.728773898174
0.58164005148
0.505752251363
0.393068037794
0.339022914912
0.629395552006
0.614799418116
0.730614715559
0.444676469923
0.616379598038
0.532042799219
0.47176832331
0.514761142082
0.616494522998
0.534301148699
0.610223759688
0.656171395464
0.562584248721
0.640423119252
0.575952097289
0.602486913137
0.504384825627
0.552588742648
0.533931175515
0.490935284764
0.558940356916
0.554084694203
0.589369683646
0.480690229375
0.463898912329
0.627943996893
0.546153346287
0.51139945411
0.491800903793
0.547414336158
0.537944629556
0.349292587481
0.573409994816
0.523752353246
0.450832405079
0.59003210881
0.444713514045
0.458146542844
0.550353997231
0.390549303844
0.391588346421
0.548207107685
0.747786119436
0.508680969847
0.549557836075
0.605675527001
0.498226237399
0.465840615026
0.546736423143
0.744563881793
0.487588984675
0.350860862141
0.556367292161
0.353768743435
0.650440173504
0.450550671053
0.697698256913
0.613794299316
0.588444879324
0.470701631634
0.653574076537
0.542092085736
0.453701304914
0.57482940487
0.484734342202
0.625986145734
0.722557534583
0.538592858491
0.716786646439
0.554876667439
0.634272855699
0.541337449466
0.458899583962
0.572498656254
0.643619813266
0.551488758281
0.639950321135
0.438888120637
0.490678360493
0.877427211333
0.565785679397
0.636904966317
0.544261363603
0.653295649668
0.576059680508
0.492872513075
0.689711637866
0.43211041533
0.608825956382
0.673896696732
0.684161035696
0.477331404172
0.431033785145
0.711395071567
0.417119717427
0.671259243256
0.678710841896
0.710943056209
0.757577968804
0.582463832551
0.411291564321
0.772909208626
0.580911378992
0.499399093904
0.567276533869
0.436139695942
0.532624661792
0.530098172261
0.631346370595
0.611080434001
0.436698813012
0.718269795797
0.369030435211
0.394466004919
0.575156188716
0.60514862444
0.573161724845
0.258642197133
0.595113673797
0.638166046603
0.528704904027
0.595329493787
0.430520527868
0.470564571877
0.580015318707
0.472545981903
0.452742175683
0.480740012827
0.52964269651
0.456074953841
0.46159541873
0.596053756581
0.533463319175
0.585108737676
0.649516061521
0.439850757602
0.41425533196
0.484270049342
0.632986127234
0.469864039159
0.671589357574
0.474370364456
0.615869077313
0.562324961245
0.414607810555
0.672043785869
0.703130883358
0.634743721891
0.535876788654
0.439696100646
0.57266974011
0.426409395687
0.574265469307
0.440371781664
0.541518610669
0.659149506995
0.544281852991
0.489936088977
0.599805039907
0.52768481276
0.464816508482
0.588342596028
0.502449665
0.435892814205
0.714682012508
0.434256174892
0.615721336309
0.554016401036
0.593109147217
0.774284293161
0.558034929508
0.551851034342
0.523566788885
0.673896143212
0.587613187495
0.509139838484
0.459482766919
0.619975551554
0.529762482366
0.517192462264
0.522043780783
0.539481986303
0.389125914473
0.608958783602
0.63560425854
0.639280673263
0.70906406889
0.537126026512
0.645552555238
0.561005449405
0.599834759788
0.612924004642
0.595165836219
0.569217987613
0.459302689919
0.533667836036
0.508151886062
0.677970255922
0.452943043082
0.724410115579
0.680904258645
0.553341569745
0.489083432172
0.452780032777
0.64189811423
0.561654983467
0.707264594007
0.572612942695
0.502219746664
0.618792059425
0.471483440196
0.445487656224
0.353642851482
0.482048070052
0.480160526025
0.513882610336
0.704335492525
0.660695715658
0.579773458107
0.442212739696
0.598850646572
0.583287182918
0.723808650627
0.802813542397
0.674741060161
0.516071758174
0.776104783563
0.638063061777
0.643398191116
0.558555790211
0.647606572688
0.570793291879
0.636795538408
0.634843577643
0.630665162675
0.641063218982
0.637199016484
0.592377396359
0.810482805385
0.733388791399
0.631171983422
0.691351861939
0.548074360156
0.676793128456
0.654402162701
0.559624833872
0.456059536419
0.692460023851
0.516495799241
0.507402683384
0.783647535417
0.346087441539
0.434535243779
0.4169058639
0.418851505733
0.557114026914
0.586622087251
0.607769602162
0.629123884702
0.479304021516
0.456164166359
0.527505025654
0.49807755111
0.435492110458
0.439298142436
0.505261665024
0.559289040548
0.615833142842
0.553438499983
0.463699970133
0.571443368385
0.765734018508
0.692059344011
0.423656069848
0.484461636945
0.69049661345
0.353000630172
0.678652467253
0.496443132442
0.496908828869
0.59391038738
0.527829309866
0.448783423412
0.528189648665
0.578472636895
0.346612977061
0.572285825683
0.438125602165
0.706438383709
0.664408983026
0.774135498034
0.528066762952
0.362045983501
0.559028191357
0.520287879646
0.511137268806
0.613556882672
0.599744200413
0.405125728399
0.538519942061
0.667667827767
0.453434520157
0.535584787473
0.535468379541
0.595470144633
0.509464600488
0.536362476817
0.627518683677
0.689164113618
0.673990258003
0.580489035798
0.555815379818
0.540755045522
0.432685253004
0.419434510052
0.574422048642
0.410754127411
0.524554909236
0.610355614226
0.530769242893
0.398132976248
0.650716012172
0.526182878376
0.440392127324
0.586888442481
0.755627640647
0.422120633956
0.538634932143
0.562233041467
0.490109797973
0.601103127721
0.611365184743
0.375061824206
0.676716902613
0.574308449395
0.579373034095
0.579908396951
0.578670764877
0.512796693972
0.434345798914
0.339708512373
0.381450872583
0.383301069138
0.640711370418
0.486919911698
0.738818797059
0.504860048506
0.543047446564
0.38583787392
0.641851483871
0.56658169824
0.438100112411
0.604506959585
0.378069212787
0.429787828987
0.633230402184
0.607216137122
0.498401448445
0.609199693859
0.700843670844
0.459515883344
0.483368780573
0.419227806441
0.580648764628
0.487268104426
0.535868366268
0.527024270728
0.418943083151
0.589227400295
0.446850544244
0.441982636903
0.588479665701
0.845388997438
0.450279889569
0.386578580516
0.577922883092
0.496441830542
0.491843461384
0.492604864461
0.540402056369
0.654366539404
0.621267806012
0.598202266248
0.68429865549
0.420703612709
0.521471312082
0.394262492215
0.582825345774
0.501300430678
0.695691902022
0.588140405708
0.406830221333
0.464815206814
0.446103311911
0.27517780901
0.5563840281
0.550759901314
0.520683410754
0.53580878015
0.559868246835
0.730783023634
0.511803496707
0.448363643316
0.700613524375
0.47242372102
0.272394092356
0.542571261378
0.596861716416
0.61926211447
0.461482625148
0.332188684368
0.56599661911
0.485049905539
0.377727905664
0.530112739803
0.514937664732
0.549571825977
0.50242719366
0.474523198257
0.551639700782
0.589255004032
0.603436825428
0.549055335866
0.614614851418
0.513226855392
0.544628611449
0.5420840486
0.578245631278
0.604754116132
0.62467290099
0.482463435566
0.47231205301
0.605916313293
0.515136154681
0.598625151042
0.536525324544
0.479663742803
0.545613132379
0.443863434492
0.539471310483
0.573987693932
0.509902829916
0.584872711319
0.771989610172
0.525423649652
0.583693098068
0.506555945982
0.535847410575
0.423717308684
0.510079148518
0.36116950172
0.469047054216
0.493376962691
0.523754786764
0.487330424929
0.556137485655
0.589292927635
0.609991632124
0.660704753547
0.69593797575
0.66066106329
0.395518847393
0.705600081768
0.423220004225
0.475084731745
0.505848395318
0.418744171495
0.573706467743
0.634196490688
0.412808270493
0.401139165785
0.459418722715
0.60367631073
0.683180861658
0.691361195881
0.474216565296
0.467589801552
0.650035244258
0.613853341697
0.415538991012
0.373923621891
0.542077609482
0.571011177437
0.356935316582
0.602479657288
0.709727105893
0.328002968515
0.48913446138
0.487862580729
0.497990576437
0.501119253998
0.541515666364
0.548982531954
0.657431655983
0.499485392977
0.432750523105
0.3906191657
0.666107831742
0.612509398109
0.510589342815
0.578578617898
0.513980484482
0.503325863522
0.584395228718
0.677971472039
0.717381835503
0.462941485165
0.601581380183
0.465962472768
0.59983494413
0.406657026803
0.650905496227
0.374266633919
0.58031265519
0.493775842712
0.611158078263
0.502078929956
0.482992582437
0.407768367405
0.752127824693
0.646025711291
0.50668399773
0.521219468368
0.506620559549
0.685683974264
0.573742929077
0.471510022597
0.455522715995
0.44923532336
0.612967345333
0.564698433701
0.619783811161
0.587170169744
0.380522110573
0.59538385236
0.561325377882
0.577021980291
0.60704890046
0.56390184189
0.450134895418
0.568580091525
0.399603579692
0.469737587477
0.702272846697
0.599328354539
0.578630867281
0.42724389853
0.672490333285
0.479539117619
0.42565216808
0.428290628913
0.476611723803
0.502870051348
0.600968721293
0.728984218325
0.550666341006
0.521973650625
0.627785884388
0.544291671424
0.599632888373
0.49401215238
0.465773432491
0.531950310542
0.427757467656
0.433894866115
0.463980673771
0.422209412848
0.543036615499
0.525966959975
0.522139871873
0.637243271474
0.399198310215
0.587078254664
0.491540043364
0.381633503031
0.733171209407
0.360570100965
0.342714951619
0.482109956198
0.350478315527
0.538678484465
0.564810426082
0.553762117338
0.605360573144
0.61016678054
0.558689444818
0.494723635903
0.521238148356
0.586583683562
0.647598868449
0.511857881358
0.404833810856
0.371698799185
0.515081146265
0.472514548624
0.44040948529
0.719993586447
0.476982282597
0.464390897292
0.419247375355
0.706736324955
0.475835642408
0.544249187771
0.669241138077
0.478560903577
0.647861868525
0.508117284714
0.537544780078
0.577856828783
0.474108664622
0.458568843708
0.587556476075
0.577647687482
0.555770298944
0.595562629072
0.37553143993
0.48011711453
0.587134477576
0.700683647488
0.539962913363
0.541459246264
0.593602562929
0.514600128655
0.391910852908
0.685846152189
0.583590125924
0.496604964383
0.544634966531
0.424278630116
0.58348963669
0.455817425232
0.452441533596
0.434116248263
0.710050304987
0.705358070857
0.474190099774
0.855302865114
0.442409161371
0.598618680673
0.510621727733
0.563203552647
0.617983603215
0.608630628596
0.426150112027
0.386087706346
0.462855437166
0.483947657969
0.517799244132
0.745220979491
0.423572243262
0.463166091643
0.514853850607
0.387808860398
0.716901354317
0.560363326989
0.65594752739
0.449722254412
0.529899505587
0.768820737033
0.663236923316
0.763328359597
0.455793043134
0.456613982241
0.567905609387
0.524047821857
0.451197036552
0.647695685289
0.59737866898
0.424207096511
0.257225663553
0.566530427534
0.513143766776
0.502730777062
0.598089800777
0.472140261902
0.574301736554
0.585037211564
0.461816438952
0.522460129752
0.661416436488
0.561164653817
0.524371878558
0.613432269945
0.436263727196
0.529340919198
0.487473414034
0.309044271522
0.567813686548
0.375056412036
0.433903397007
0.630287416302
0.556404806603
0.379829381303
0.506933383246
0.53904887211
0.629008314908
0.492534622503
0.581483627788
0.566082787809
0.465483200034
0.748246265966
0.362556705287
0.537949271389
0.522546724135
0.347168126964
0.467581141469
0.392666645027
0.684816008891
0.496339077849
0.614624535308
0.61344269323
0.460935051764
0.639919706672
0.543040664728
0.597123836815
0.481930603341
0.531557838558
0.672045030641
0.572300416962
0.37502707924
0.504449123343
0.420461567604
0.513556333081
0.483657891775
0.491398045074
0.576137407493
0.595187377429
0.534021074785
0.511207967408
0.503436651598
0.637753508618
0.572002552167
0.437995642444
0.45708810716
0.6725653241
0.628041737896
0.767734741738
0.708489094381
0.526647868891
0.54785222477
0.695292063094
0.678572681083
0.625067050331
0.447052909418
0.494124268183
0.57542387816
0.547906718505
0.526446346989
0.537209951734
0.641433171435
0.586621732673
0.647200733292
0.590181946536
0.721925046977
0.477177509639
0.512178317428
0.607315218482
0.763109578707
0.478179996729
0.406148223171
0.43799680411
0.591845183056
0.722913462878
0.588010838027
0.474581667264
0.355447614924
0.539875698779
0.382513383252
0.663652727173
0.601533554452
0.53730908714
0.677382768944
0.668323679697
0.612749376624
0.689708806965
0.67185161884
0.468630686303
0.508092376097
0.462456255328
0.528402613931
0.522358095877
0.653205471205
0.489146208993
0.582285141371
0.592051694005
0.499344269955
0.646054525829
0.37079196144
0.695073350386
0.526824037195
0.485244147381
0.613536571272
0.460106801083
0.502663264187
0.576378654841
0.601758810068
0.744814392718
0.620092198261
0.52270933799
0.455222998671
0.464166767725
0.394077512057
0.558990844216
0.50023985899
0.60981961053
0.637967912215
0.633123388277
0.562392614482
0.636087323141
0.432891421901
0.539501288612
0.543955914098
0.427696093071
0.841608547506
0.653243540318
0.528637662764
0.527521529888
0.616088359825
0.67818205074
0.513893511358
0.512135140675
0.777522533903
0.557261581272
0.390234731647
0.609229819858
0.486169041944
0.485027584911
0.486155629493
0.544523454168
0.592493876668
0.651230968301
0.686334314199
0.411198869767
0.577352647892
0.546529144869
0.654548193802
0.5452816571
0.59362433547
0.689379736536
0.490509559012
0.518860577376
0.484795006785
0.590500355206
0.475820895919
0.640779691781
0.43538240366
0.498078841125
0.463711997795
0.271313058907
0.562319278812
0.685183720697
0.491376966254
0.512143448394
0.766349931636
0.653241600013
0.614798372971
0.553732090213
0.689363316149
0.512058520109
0.633105826798
0.443872496606
0.647144250018
0.713955103706
0.592326655116
0.581776926189
0.531606791095
0.524896464899
0.728110462987
0.419170927458
0.741636153043
0.430742936826
0.49780345916
0.486302413953
0.489490508463
0.503999728312
0.588199665631
0.615467648177
0.434255979975
0.698785717535
0.472656329274
0.674280464357
0.612735920615
0.540680309911
0.581901465972
0.60207104857
0.478057357017
0.55763942938
0.706870034499
0.691979151968
0.390917391033
0.503267859383
0.427309229529
0.642106006244
0.684858765593
0.492473261957
0.504255694595
0.488423808896
0.462501235861
0.644092656598
0.415777367561
0.529646830078
0.512846218909
0.725922880265
0.516331974867
0.658565240843
0.502890581519
0.577111128283
0.335109884787
0.390157498425
0.52875694599
0.561192351923
0.566378988747
0.531915654114
0.563901879439
0.445364781625
0.601730006666
0.457848800197
0.595948721815
0.713453384239
0.459292896351
0.561752660849
0.460866748187
0.493969310712
0.533081347399
0.633016875028
0.629109251617
0.437142627458
0.603790623355
0.568222088597
0.648729793818
0.480779111295
0.551773278869
0.445170604461
0.62312559182
0.476305497458
0.658303226239
0.668278566531
0.486526021854
0.626198470467
0.67953263072
0.470188088601
0.590001716178
0.484884764564
0.476367781402
0.481586362988
0.563661427788
0.5539503898
0.436978723362
0.379262650976
0.558499966608
0.516504177481
0.368121582568
0.434258523025
0.736759548709
0.469763278558
0.475864320768
0.751839404662
0.665836481018
0.728257254974
0.306436436153
0.517066563201
0.79295653146
0.507703323616
0.500486741345
0.451106168294
0.65839629082
0.444941388861
0.56034445098
0.517118755672
0.522338672697
0.371289282919
0.587789103161
0.52690198693
0.658905061621
0.440048789996
0.542200922766
0.603464283075
0.499860938747
0.530244028678
0.612004407695
0.668647820437
0.495015867972
0.711594525703
0.526029201369
0.363709721977
0.675788383883
0.643668997159
0.593520936625
0.516671637448
0.443726307589
0.54879949424
0.463993010542
0.435417056379
0.477171944476
0.448682485915
0.544213114179
0.385378304189
0.780641460674
0.378211148123
0.522604452813
0.631993816917
0.559827421206
0.488382004083
0.562034085693
0.514831431991
0.82214459816
0.574659459689
0.503140661451
0.566971783144
0.581934063356
0.57463856969
0.501189601194
0.370368493076
0.727434009389
0.634852830326
0.424244996496
0.397640347117
0.518152085208
0.435306486941
0.459892844027
0.459637412774
0.590676851695
0.510840500012
0.585594181469
0.396783290442
0.454493548614
0.51703174778
0.616043128668
0.358779928359
0.645479809671
0.415939615669
0.622078361258
0.520614333424
0.500515941096
0.623556675584
0.60404609844
0.555077959319
0.653235172261
0.503704877774
0.555075034535
0.526241647936
0.638620970602
0.596430143848
0.479882455245
0.552202814506
0.8327876594
0.390228867425
0.709121102525
0.636278814388
0.557154133027
0.656351303648
0.317866820275
0.469204728814
0.514323640732
0.520724925796
0.481511170731
0.534449110425
0.679637395124
0.545256689342
0.484110355462
0.607320898852
0.542569604936
0.529570175672
0.519324291361
0.489863721255
0.548654128882
0.488298326107
0.577794904597
0.624373746236
0.59327672604
0.421747294681
0.686804777355
0.580251473095
0.701707685728
0.506675598252
0.670474714978
0.614156295324
0.524941834239
0.504828724654
0.568704044002
0.788902330834
0.604276475736
0.509590545815
0.454466770506
0.584993788277
0.786180960318
0.474968459463
0.618315371371
0.406689238221
0.470580041464
0.591592567901
0.434616395425
0.478002863583
0.430022535932
0.653016588734
0.518224268015
0.820176544995
0.578106843856
0.386039139147
0.479153403238
0.397221758542
0.543835653883
0.541006114334
0.465966390969
0.582331457172
0.631175888355
0.510793139173
0.452259544667
0.611878278533
0.537878232404
0.557696188803
0.562611438921
0.623992703712
0.574008957153
0.600747636109
0.835652669379
0.630651903555
0.615480354228
0.744418845742
0.466209134769
0.581173718542
0.464089860475
0.598696453407
0.51770090989
0.584476985767
0.487111121435
0.455144466312
0.543707990454
0.608115071062
0.48771887336
0.558443284993
0.451863941988
0.467951543876
0.654835176878
0.786070084923
0.390502390481
0.478048733071
0.704727272376
0.686365551277
0.457037043303
0.622369251161
0.59425101367
0.611704141339
0.565033379454
0.534084254029
0.452655389209
0.46933115615
0.678747719837
0.513064202887
0.612407312721
0.597725790168
0.470731780994
0.526895007846
0.582139024847
0.5840678989
0.557892516369
0.507944516252
0.502789288194
0.464041336989
0.667899513429
0.424232900159
0.700230552731
0.618136312602
0.447059235883
0.671607576587
0.470959992426
0.60374015987
0.398996203075
0.673284830222
0.529303469798
0.469936334126
0.359669166467
0.5165718912
0.594217327327
0.517543173863
0.551044136979
0.612829650374
0.559080392305
0.542833880046
0.8110985082
0.599266216442
0.518115023758
0.443592420154
0.438468143149
0.470041300088
0.466830337602
0.611362903126
0.34776201498
0.483087290536
0.388941111944
0.395617790951
0.4432493703
0.392785761203
0.513441893579
0.521608316571
0.645796546116
0.542725052975
0.684992637057
0.422115006193
0.597117121325
0.654175346002
0.48141483291
0.492054929138
0.35199167106
0.479044190273
0.647663356921
0.511869315287
0.530479462507
0.525682287582
0.617424363197
0.601432096085
0.623453923652
0.469910317927
0.469187023527
0.600424960187
0.605129031031
0.666872773197
0.602233191553
0.563195407379
0.357658727125
0.44090282442
0.418429297144
0.612006556449
0.758646956138
0.657782343274
0.478772069262
0.556863301
0.732046642896
0.512349609404
0.531414384244
0.575494903227
0.631243055985
0.543497820276
0.559780541092
0.495694309918
0.456362356687
0.529640589217
0.656515879147
0.612322050006
0.62994156655
0.515761712887
0.464743813621
0.736027812236
0.616015249649
0.57933818206
0.514496676704
0.450261174911
0.727973353631
0.577593199767
0.626634656009
0.528730542867
0.563973299322
0.687889391887
0.431266930396
0.678792450022
0.657460153687
0.419941904421
0.550946937037
0.553115367554
0.431369226494
0.724968147147
0.346725138571
0.597635779259
0.659627101766
0.562848065339
0.506797113601
0.681965442826
0.724959227991
0.560962731698
0.56846989954
0.450689682812
0.565012794735
0.484963468797
0.52204201216
0.6541005639
0.623993319915
0.52926268708
0.530257550958
0.68359467219
0.441706633882
0.429936342302
0.515523864252
0.507966035561
0.657691984029
0.700575174502
0.555946005269
0.678900505483
0.487045996347
0.718633708032
0.567760680762
0.571598995639
0.575956482858
0.464978857465
0.411556734363
0.63132621555
0.537767170415
0.381593109308
0.641160453214
0.776169397205
0.592073409716
0.574982087076
0.537620804654
0.600119759969
0.429867906876
0.475484191272
0.4662406324
0.664461731571
0.540231910048
0.507939157089
0.675436673919
0.70082087008
0.568721896852
0.520372402406
0.439127203403
0.542745956954
0.546762535474
0.557738152051
0.426779850054
0.425321673521
0.694202673083
0.557578324514
0.672969025723
0.481466711905
0.43630583219
0.587741416926
0.543559450462
0.555957527797
0.59702019601
0.516118846765
0.526265079077
0.57862563344
0.55467117129
0.457459984128
0.459799894688
0.39773953952
0.475815033936
0.654105850113
0.575737080136
0.487475940896
0.595001183077
0.601007160207
0.49469175808
0.596167345438
0.656610717129
0.450996252211
0.693204118822
0.761261222291
0.398371803183
0.428288028708
0.578015503282
0.492698228922
0.378605155547
0.430189052934
0.488541077717
0.352308115023
0.612525277574
0.554092859709
0.617543175706
0.501320167949
0.459853396611
0.522758999035
0.575182485861
0.485401357952
0.571298407349
0.561013800021
0.431316837344
0.654668666231
0.593569487271
0.696430490209
0.720655340271
0.541563202543
0.700928291115
0.648922437965
0.557936216888
0.585328816106
0.595305827419
0.458352425934
0.489031372078
0.511938214398
0.493481420232
0.643799669013
0.455440381829
0.542965986416
0.484856386687
0.587880302631
0.463618501793
0.573239429727
0.620193008296
0.411543658011
0.575055654964
0.545226845572
0.372101704878
0.599569016408
0.589519097449
0.56779779464
0.57558810323
0.518678669552
0.678879528438
0.628706310491
0.483964640966
0.512648146602
0.508663132224
0.468551297083
0.499204298123
0.5011759764
0.543810576494
0.499173612245
0.616943279698
0.679263711704
0.434718205136
0.559077943854
0.484284028636
0.816615616807
0.413328932074
0.644308701029
0.556322586217
0.471210248428
0.469566140539
0.600177135655
0.467997286544
0.498598607169
0.799927176916
0.578163338474
0.602510263565
0.54315921842
0.586249312022
0.504804121054
0.49576876869
0.671732687849
0.468600775078
0.608471580476
0.656789299427
0.578056701888
0.603400308776
0.469748730688
0.405632600227
0.458486558691
0.619063882507
0.659560180664
0.782197944393
0.712757038088
0.703700391989
0.532034370808
0.803657574015
0.89998106342
0.467160222795
0.537179468877
0.692495156108
0.491435474319
0.60313202612
0.625556590216
0.5841958643
0.531097024746
0.532035044276
0.57354427898
0.468168238724
0.611855649022
0.694016207209
0.59681403269
0.596860160118
0.532228704909
0.571263585088
0.426589018576
0.476157657275
0.565255267778
0.589739149252
0.458415221142
0.632037301675
0.591993748466
0.473009011237
0.440778031603
0.552403313784
0.429936272256
0.626639389978
0.717141650134
0.675522616884
0.6736085003
0.439247181563
0.4614466956
0.659806787966
0.666347844377
0.550765623318
0.600297792015
0.577387892387
0.619495710565
0.504073948266
0.52483938442
0.524689003505
0.634029489118
0.49692273199
0.452422500287
0.527717371367
0.692380522505
0.514116195351
0.834553579115
0.487442945248
0.692870297051
0.454867282066
0.794922988898
0.810053811733
0.61189452987
0.547326590948
0.656399917986
0.585665809044
0.574829359536
0.842711840801
0.666452824215
0.461488593674
0.453446328494
0.639426454514
0.704259261816
0.333130823541
0.599942704051
0.428571469432
0.661884006114
0.59818440972
0.71590933434
0.577613068561
0.675447073191
0.464863299839
0.523721691684
0.634367408132
0.625851426037
0.435708932015
0.43428142142
0.576021997388
0.549586443292
0.425290097441
0.394771808819
0.542731067348
0.560509414834
0.50032756739
0.481849025863
0.506906112584
0.769912949218
0.652747677826
0.727663513915
0.546452668461
0.558522955059
0.752823709103
0.34473640163
0.626839648732
0.571243458826
0.500228905544
0.375494046278
0.599681740894
0.427954195779
0.575147395358
0.509283077655
0.566460528037
0.834707849602
0.565191455183
0.660471792421
0.586723728866
0.638809226168
0.82908998793
0.688035875279
0.550195081314
0.584031313615
0.66693189317
0.506231897432
0.657696440348
0.379560069888
0.464923093415
0.530790468438
0.355353366588
0.740890544196
0.562774189053
0.556636944032
0.542355617002
0.377492816979
0.537905542181
0.705962603847
0.631727196269
0.489894774217
0.492954549644
0.516475550544
0.618425830139
0.44189610416
0.649643826786
0.694077460641
0.466499475117
0.587340342989
0.426135131871
0.539031252209
0.620486995574
0.51067715439
0.40328708305
0.509049018267
0.616478993049
0.664814006006
0.596995941442
0.271906470759
0.729330748397
0.507685325852
0.548730114561
0.550320675344
0.55000966372
0.650756432522
0.678365943983
0.566766638444
0.632119736414
0.545787145604
0.517985223182
0.746789431293
0.44144815362
0.636085485432
0.649650456107
0.57087269784
0.811014374485
0.850101104607
0.679237071696
0.489751287323
0.829723836653
0.516296892642
0.393814642274
0.624743251444
0.424179960357
0.514827889956
0.497866786391
0.447700119641
0.433017727984
0.476241012038
0.420947521941
0.565142839152
0.525953756521
0.433122391869
0.622402668522
0.615491611232
0.521818606426
0.606355038827
0.352966042939
0.61311726114
0.516033018451
0.434596316143
0.534983189614
0.616866408683
0.574833787785
0.555405933133
0.646783462615
0.600324525981
0.351451228798
0.604870793991
0.622004287864
0.575944435425
0.603480911298
0.630779665745
0.594932935228
0.578188322629
0.514689035208
0.595963984924
0.394306089023
0.583777135896
0.379490716139
0.473767449512
0.43247893931
0.494274689877
0.468551152577
0.666473977112
0.529039459653
0.588066628968
0.727421981309
0.372126947493
0.343503347707
0.551774504965
0.576255534768
0.421326876119
0.365745335675
0.637198663838
0.459517159652
0.58475670486
0.701800097618
0.441660781486
0.618836602936
0.557667836671
0.365411769377
0.559283318127
0.326834809633
0.564271351526
0.739179757898
0.580604636893
0.441410562329
0.396320381594
0.561365979392
0.442984514641
0.481097841974
0.539134157156
0.608048607689
0.449527837166
0.369777419581
0.525481484826
0.641733663719
0.809597446034
0.448517194519
0.297687586939
0.680724231451
0.593584095145
0.629518453168
0.655797703567
0.636468500165
0.588459925105
0.504500510445
0.520681692388
0.576822815263
0.614911975699
0.484623323156
0.547877176063
0.562545842242
0.382419591011
0.581171122446
0.86195245498
0.53376154847
0.599063301074
0.560763230527
0.467708193999
0.495233283953
0.58597442961
0.601495646338
0.626184062256
0.610481687116
0.709233600108
0.526868598975
0.480637327915
0.521717382806
0.555972176704
0.747793154659
0.453020452537
0.408700875447
0.524469114644
0.54451170522
0.69188326573
0.393706296905
0.55425330117
0.420304747838
0.55276840091
0.483226942248
0.549112383437
0.503907436535
0.533369675143
0.64870153945
0.580496510493
0.593840762621
0.663726648058
0.542857658824
0.585265351995
0.454515696942
0.604763323162
0.415163860345
0.700751047976
0.429396693714
0.623657711456
0.653838431345
0.647683663241
0.469961353836
0.780678105982
0.618639047343
0.554789340825
0.556158726856
0.408981649969
0.570508991387
0.608444392439
0.544855225897
0.74060646551
0.630589908761
0.643401653129
0.639717812787
0.528535933798
0.69763131324
0.662518376033
0.616158307893
0.530550268595
0.558669775734
0.435164174338
0.70007797771
0.530833571804
0.433461756956
0.545602109698
0.557632851176
0.505805569355
0.32923130796
0.659341042769
0.442737232056
0.545984191116
0.361580057446
0.526929028772
0.702478711224
0.546128416982
0.561335327023
0.365568597168
0.453869895637
0.575049859808
0.631089249486
0.513395005018
0.491371814926
0.495003297622
0.571920199934
0.564272923485
0.443939481081
0.638996155744
0.44935933279
0.379125908435
0.498333847663
0.445511588267
0.475757860345
0.604148262886
0.574044064965
0.55611824501
0.573770879534
0.421913931227
0.571789663043
0.563206266369
0.536645014302
0.588254585627
0.59882942723
0.49001292763
0.482648264971
0.555024702977
0.53367321121
0.568082853346
0.516352412961
0.480852839266
0.568288405181
0.452511482797
0.562197991265
0.518011588018
0.469590246786
0.528782408431
0.561355154426
0.621870516243
0.56183044683
0.557638384634
0.447102427928
0.48598999415
0.404410082803
0.611249236641
0.389770124351
0.511380768792
0.542190129729
0.445781067089
0.591107713475
0.747622823554
0.615310161701
0.478384082039
0.665676764081
0.599128333147
0.575602744302
0.59199562921
0.576177540307
0.468479141971
0.50727909164
0.365813002594
0.494714998216
0.320877590595
0.441685818638
0.538209098603
0.734593252448
0.438178313423
0.608488489909
0.60803325454
0.519932006101
0.527302954134
0.575084598604
0.439562578724
0.464794862403
0.632116562064
0.511216225757
0.477758663715
0.599950752682
0.613211152285
0.624679739457
0.450457480567
0.600489248211
0.466023748185
0.596809657811
0.642302608822
0.576084514902
0.585366402846
0.389782337556
0.536879846038
0.486528049495
0.540139570142
0.573670748055
0.678694937035
0.500799551006
0.445386250574
0.542181987467
0.61455402143
0.701111092327
0.472123679949
0.578037335477
0.337213628835
0.51493690349
0.465695471487
0.534646836854
0.535755770525
0.612299432918
0.549266765683
0.725003053623
0.634996468054
0.426861788848
0.533793779357
0.405129483502
0.482790452487
0.498213448646
0.575619822174
0.556440641765
0.441629579815
0.519725065145
0.49722683136
0.37717995696
0.608175478486
0.620868257295
0.378203712298
0.531252709045
0.591557894679
0.480256892369
0.40702723063
0.606213086584
0.455429598545
0.530637325215
0.506699025172
0.387197479724
0.562212272146
0.552844496461
0.468547460049
0.620233966502
0.489119393349
0.536166824538
0.503663213819
0.514246795644
0.630070312711
0.511159682043
0.632779010672
0.557787559771
0.348849123253
0.688129467832
0.515480111911
0.575855044378
0.544678524606
0.485272584174
0.367365659343
0.594791885004
0.561537463469
0.642482371882
0.552664237099
0.564764500163
0.533066761983
0.506923056799
0.568943874464
0.557951156971
0.522076020599
0.499433343873
0.47797533949
0.529983590246
0.609174913775
0.521107370153
0.685940043996
0.604780378368
0.593792247861
0.480718648496
0.493698878614
0.680713288533
0.516691547177
0.530331130268
0.319135821034
0.668904102363
0.682564439682
0.612432359235
0.618591452547
0.681812117334
0.48576615961
0.591701527654
0.565904271158
0.493259822263
0.516117156413
0.53397739188
0.733188399481
0.52799581961
0.607085856091
0.64224287325
0.449776327674
0.67973448607
0.545878164579
0.584749696529
0.701964691793
0.471564485025
0.542778023935
0.476144195608
0.535343593056
0.566929686732
0.523690155281
0.511671032695
0.629238084142
0.626945701415
0.586839683278
0.593273516984
0.507933001357
0.678391838536
0.467104780286
0.773960471303
0.704189703516
0.632351681139
0.537412799818
0.532903758261
0.525025023064
0.513565458101
0.432489513032
0.636567085949
0.550593330704
0.684988021354
0.498774708987
0.564155609516
0.616731534585
0.6330247985
0.642640889459
0.60706459974
0.642754527832
0.616875109934
0.470260181277
0.575554797258
0.670072361587
0.687169385052
0.573676883994
0.362256509496
0.586490748878
0.603060845647
0.540190151475
0.610854294034
0.598057351714
0.558470448146
0.52530408659
0.479346210052
0.661097193456
0.508252008147
0.623275294127
0.633304824667
0.569441699978
0.465418092282
0.548813300049
0.455971305879
0.509245613259
0.548355745443
0.503210033914
0.551331846644
0.524520242069
0.52436047944
0.739223657792
0.401378616864
0.507761840874
0.567722078127
0.541934055595
0.451661421249
0.609041221518
0.495840656617
0.658306728909
0.665665424197
0.46333655186
0.57585864934
0.631739439496
0.653837987521
0.69011259651
0.494499109241
0.5099448499
0.500507573759
0.512622181458
0.69331290699
0.569766226216
0.576295098235
0.759901463641
0.541713141008
0.607655191812
0.656911541742
0.451645071563
0.568100774439
0.48566800199
0.542687441853
0.463863770262
0.486152549063
0.409514024286
0.735609400934
0.602186985294
0.604195182992
0.804760949675
0.34846747423
0.720675461731
0.485168849512
0.594081758154
0.757408388705
0.50950370236
0.616105738195
0.693082060451
0.400681188831
0.491789362894
0.608866759446
0.572496491831
0.615932750518
0.535214864875
0.6062590629
0.621517529633
0.344085121751
0.644712673507
0.605845516729
0.440808172515
0.433420211204
0.549612825056
0.608387734281
0.575774004325
0.522816093416
0.505353618155
0.561158105647
0.771836812454
0.700791751
0.524365059546
0.608609834652
0.477948828165
0.416087229823
0.456745430059
0.491563554132
0.578288204886
0.586382182044
0.568465805765
0.558382366212
0.397609756094
0.58538383568
0.424392649008
0.610613942186
0.49791352518
0.29719913668
0.404568554161
0.611361158509
0.599886605075
0.573889915919
0.425230893789
0.603375301249
0.716668649715
0.779553096365
0.633998523227
0.653127471023
0.575934394534
0.650269188969
0.598383426337
0.419087159532
0.439681040748
0.508336382827
0.419013004993
0.487772087506
0.655591752248
0.732223353677
0.497644983825
0.452751294032
0.500481525041
0.687346560881
0.553211114579
0.432780623303
0.510603471403
0.472559656276
0.453280068553
0.560436718739
0.717927923735
0.643796555142
0.550749494617
0.453049689209
0.460985800859
0.360234310307
0.752252466249
0.600956422912
0.455929234077
0.50947297733
0.548586766824
0.606518093867
0.542350292411
0.400850787829
0.553300482737
0.408507476549
0.641476220771
0.744267939976
0.609900370232
0.469625135045
0.753524578277
0.476895546824
0.621010598126
0.505613115157
0.36845917636
0.488571042098
0.505855324349
0.677181226636
0.349417799169
0.635660278554
0.654324615298
0.397058984297
0.571764259167
0.554618624656
0.705453258541
0.511243676464
0.689154748106
0.595255161457
0.590672010658
0.557405192109
0.500641451525
0.575096591225
0.520115268555
0.64563965445
0.357847350463
0.629674656554
0.594411521335
0.630106840286
0.511179264064
0.386796779627
0.641299076895
0.418165602686
0.695750942819
0.457878727586
0.644315820934
0.524380051763
0.558565825593
0.537396792616
0.372019118638
0.615128357381
0.616424637947
0.648074605909
0.501131227092
0.532259706567
0.561372407774
0.388410255021
0.705395530343
0.601032977265
0.69868045378
0.559921802372
0.497513327783
0.336182531654
0.398748140334
0.584570309127
0.525981837804
0.61295649462
0.702516267045
0.436375218248
0.752477554146
0.535988742411
0.565705346458
0.496377577151
0.408934041356
0.439901674223
0.520503337904
0.42877986036
0.596995010064
0.371538565607
0.763250138396
0.387326081276
0.540702800446
0.542395676208
0.55509155304
0.531089040669
0.594462851536
0.565999718345
0.583119856967
0.379811902682
0.543486204193
0.592606833863
0.436688990792
0.539605894364
0.633762879715
0.663743645919
0.723713808387
0.341492135472
0.473891164955
0.462616968812
0.588402108932
0.540650343963
0.596013162015
0.661839929304
0.501643068036
0.531301400862
0.7005159443
0.807460085845
0.686418983861
0.565441113133
0.31938543404
0.421515904479
0.511838358695
0.508231476681
0.503358044567
0.637173577376
0.545644723338
0.627380792535
0.580151147329
0.687262751843
0.459882843238
0.519624088132
0.546978212628
0.595763132847
0.429710406108
0.605156458668
0.500691174914
0.597401624588
0.569227499273
0.497813871168
0.699773144433
0.4014922708
0.554814681842
0.561876972615
0.549484639799
0.578902400729
0.664557997389
0.378881488934
0.528134537589
0.662242630006
0.592876379507
0.551898274466
0.545410047029
0.649092748607
0.497000883418
0.689967834454
0.585313233596
0.4499979926
0.654709238944
0.695002226705
0.64013133537
0.687958321519
0.597347498018
0.622994459147
0.529448460897
0.467255134793
0.610352914668
0.595626984334
0.566866451279
0.539251648193
0.442820928411
0.639495220166
0.636788088958
0.56409768176
0.352058821599
0.428309727219
0.452037310255
0.573818855171
0.571890985351
0.439895281494
0.474492304003
0.451249762971
0.425796741721
0.4211676573
0.66932743367
0.459510359594
0.495985941679
0.560558575075
0.668766050883
0.570660497932
0.494602703379
0.704764183993
0.550059769111
0.75807568902
0.772615698095
0.531943680871
0.473529249214
0.522758079228
0.545342928287
0.590489787335
0.625967549056
0.614973489629
0.590661617686
0.532623958004
0.429383207189
0.561111526008
0.447237718195
0.536947220068
0.582772437605
0.532619289841
0.474962219147
0.684055603262
0.429507420509
0.540896279924
0.431347553219
0.719273924147
0.574072426756
0.404567537223
0.566236044843
0.493564111695
0.475139085583
0.616811974612
0.50555342997
0.603626840767
0.491501246436
0.543937221155
0.734460557809
0.672762749333
0.527812354658
0.592461599068
0.552918358503
0.621891845535
0.805585680494
0.444610736212
0.387671637966
0.510670223326
0.576237230456
0.520131466084
0.621165006144
0.520882393172
0.575953504218
0.356941359116
0.568169105175
0.503394584348
0.468519889671
0.526651583782
0.546158938764
0.524260447362
0.741916673213
0.520231418371
0.597737087505
0.395953816228
0.408392889417
0.699558101247
0.389450412219
0.499101131408
0.621010778008
0.52626165907
0.461217624705
0.5735375297
0.535299939812
0.439863494641
0.467555105492
0.546823452673
0.621808946923
0.378869754908
0.502303115038
0.634346679217
0.664009326201
0.496899177942
0.444821751228
0.632516092781
0.495364531636
0.750749555321
0.360203677376
0.512487241662
0.449599613699
0.62719589437
0.647184932075
0.72886253976
0.560602149564
0.535057436146
0.539242331498
0.601684930563
0.412568023722
0.606174831504
0.419679912112
0.567266453618
0.515573459213
0.665934679099
0.646098055376
0.427807639699
0.572556365494
0.674275251095
0.541714976324
0.702829007273
0.812198322432
0.400280986049
0.555692888181
0.447908698505
0.504573371771
0.653503980937
0.552983017996
0.587231091071
0.676352918196
0.486857083258
0.520352199855
0.532411562135
0.429130220221
0.44960211065
0.620781447889
0.601459655648
0.624529892878
0.514292809851
0.48105687842
0.3881043836
0.502172874104
0.534276512521
0.682725141374
0.377282759977
0.700958283091
0.516006584162
0.441923636192
0.688457479752
0.485320489817
0.667141136126
0.628877611961
0.55474299595
0.479360842528
0.416192387979
0.603032898274
0.590982778686
0.443102512477
0.454958569488
0.507969113235
0.544888413422
0.692974684986
0.651172017231
0.653782303281
0.630330305961
0.601686324908
0.423089003576
0.515826540296
0.774607196409
0.567411694205
0.621662525371
0.462066895975
0.525641163849
0.473172454355
0.531068365495
0.531610903259
0.644728610793
0.618317851734
0.618833733289
0.503373879212
0.434793794506
0.494717782474
0.613165806541
0.554635094965
0.554843472747
0.568710007228
0.564818098758
0.510817839677
0.706518866085
0.479438270908
0.602634250848
0.429376763031
0.607145052275
0.58225312541
0.521620507523
0.449554964207
0.578980059641
0.47811078685
0.684985445488
0.465850328893
0.377048763389
0.488396695552
0.639075798548
0.575675621214
0.669200139356
0.652517990032
0.395079799214
0.448879123311
0.478435068577
0.447289180803
0.558118621026
0.765464158968
0.59368726306
0.568702956507
0.493508074659
0.461277495843
0.541926793788
0.367785719014
0.569520051667
0.469504801357
0.577244066337
0.538464666643
0.599208561041
0.549211271223
0.658798156447
0.580862713982
0.717761894805
0.602979543578
0.471013921283
0.558933420913
0.429455883873
0.537630026085
0.44504245822
0.388967483388
0.662666852507
0.565097665992
0.381843172045
0.531489168987
0.524617662877
0.531628756659
0.540749388714
0.739256233786
0.661991721425
0.413647517295
0.717363909677
0.623479511922
0.566930608017
0.528713882511
0.494364275509
0.59600671902
0.495134971942
0.488728799578
0.46810569647
0.67842169537
0.525785023596
0.678762876005
0.871085183877
0.454058567071
0.469478118268
0.775016055175
0.591189302451
0.507397347471
0.537081816413
0.461999226286
0.568915930143
0.463088964828
0.613142041709
0.671063992861
0.580434975325
0.486546997263
0.611144630739
0.554110239942
0.561304824629
0.445724658229
0.545971732653
0.569060620471
0.411113320239
0.52982360904
0.516271726166
0.399597432784
0.60190249594
0.677338738158
0.555490895182
0.6261356867
0.578061868383
0.592182471816
0.426679110361
0.501424562928
0.618934897834
0.460977525562
0.502466946415
0.691898261036
0.539959484627
0.687623493267
0.549432281132
0.44192508042
0.489531461614
0.436148223521
0.780941142092
0.687958487036
0.578341230378
0.816149982748
0.648600659929
0.534030420944
0.551586358346
0.49866098798
0.393455094763
0.60547224422
0.76947811791
0.544079029108
0.669024903794
0.495371477169
0.487658145778
0.675338568986
0.613198134806
0.580687988202
0.687771276191
0.516035412908
0.554366492496
0.456860650437
0.65458615401
0.38490850402
0.687457385398
0.538313066696
0.48431094634
0.523438914527
0.533157889427
0.525814772239
0.53770704594
0.448670291262
0.583992702793
0.586790771577
0.509775171617
0.595375094887
0.5592917235
0.603057886098
0.517952769052
0.526670025691
0.533132513634
0.577776536343
0.572757672072
0.525912583637
0.618733589501
0.596244217897
0.687131529634
0.332327263929
0.518075798077
0.762462728307
0.687437990708
0.664753682817
0.571579725763
0.482194806598
0.483884668125
0.557998173594
0.454816595671
0.72660706369
0.55307728229
0.490855892175
0.547930153795
0.726425881575
0.519711736901
0.619351819361
0.446648639926
0.528102169441
0.628217931973
0.521263548551
0.575938300564
0.631381689574
0.627727722641
0.568519517977
0.553695940104
0.594135911749
0.538351040322
0.479022734971
0.417187694707
0.554744521261
0.646380607882
0.497674781092
0.574339659843
0.563777661622
0.597257528158
0.502683615178
0.687593320002
0.605028872446
0.432097662145
0.697896365637
0.621767078873
0.795670163604
0.40660279677
0.721118008492
0.68886548363
0.528817655498
0.578611974383
0.4728011797
0.583579176173
0.412122976234
0.69427559224
0.599671960126
0.491978174117
0.456148532906
0.643929593882
0.567624797235
0.456816678939
0.607658479178
0.601049269966
0.550609048863
0.526993347891
0.341728899755
0.513410460237
0.617516981052
0.718169187809
0.538046326559
0.406124310286
0.463697755134
0.545133273599
0.68925568487
0.686003183873
0.537063788191
0.720230456798
0.540883601381
0.532058988724
0.662007890569
0.459057730513
0.546668437329
0.488383448312
0.545619295248
0.507587329697
0.356158769382
0.623125484101
0.626806498913
0.466468869717
0.441107070686
0.752797405488
0.698898601406
0.545822684334
0.488256711814
0.756033128247
0.531830515155
0.615110481762
0.416480911751
0.619859337977
0.540380302447
0.745401656482
0.418777374115
0.433200258291
0.49594568506
0.602979045673
0.574578113261
0.655539701421
0.519552413317
0.639454981181
0.603029734731
0.546057180003
0.728081306038
0.521528183958
0.529650849534
0.625552652868
0.450896502811
0.707299635701
0.665137837592
0.559480371043
0.711868786335
0.546427671712
0.43563700566
0.59136715277
0.477195585975
