0.522594699686
0.621010408154
0.753663551258
0.755822121784
0.422808440227
0.392844981936
0.712522899813
0.668113244044
0.72494239023
0.707165340477
0.529866606256
0.499337477452
0.532031784322
0.569305123183
0.517071617364
0.739369421059
0.801515484281
0.409235877283
0.669649825913
0.533910252333
0.468390506991
0.59780613035
0.66951667785
0.679259949897
0.574715414805
0.81166144823
0.765269018678
0.622573716872
0.612817397901
0.723430485683
0.520134338972
0.441739425455
0.567917478114
0.541101917908
0.565631442805
0.607708104916
0.558381794524
0.597090511631
0.543825799266
0.505393409855
0.674776453673
0.631002263804
0.769598063192
0.667927391307
0.774838253687
0.47307806531
0.4359848284
0.466539433222
0.711732470025
0.58249819458
0.530625923121
0.608023595045
0.72704575255
0.593123128386
0.440644856514
0.413375703244
0.543993659947
0.587756707723
0.825194927126
0.576339907073
0.47161263838
0.503179080912
0.54733840648
0.664274065901
0.629230397738
0.530265802266
0.686169794935
0.573321181216
0.595486201084
0.629093753008
0.547696864224
0.571966772253
0.631685217758
0.609708371651
0.6637678281
0.679541107453
0.472986326214
0.722045926801
0.677303187786
0.520863532616
0.685969382706
0.560929298113
0.561972811906
0.673886414474
0.637267754121
0.632455106393
0.725490113777
0.558487937706
0.607056078891
0.522587462235
0.623624287788
0.642109162753
0.673833303802
0.694542819811
0.621760206046
0.608420276343
0.453842900679
0.587149799029
0.492473458723
0.452144779666
0.547512867829
0.620765064841
0.725399098039
0.529789709209
0.564654814314
0.512670296524
0.632883637614
0.61801978693
0.468205662249
0.501375062845
0.687396421997
0.494411787554
0.716042099851
0.702424580239
0.634751172813
0.594555950044
0.547581963938
0.604030643323
0.695378703615
0.644671273203
0.726147006904
0.74143708612
0.660516923578
0.699757371786
0.529136367973
0.766649031791
0.6410363306
0.510581585071
0.677596095615
0.584991305902
0.560476761084
0.411043231371
0.702416299688
0.693348739438
0.810321765124
0.693926864494
0.227208928679
0.61902858374
0.624090398775
0.605880443307
0.578884561669
0.530341510941
0.471490312565
0.765134319966
0.428752655312
0.60291030032
0.606381156425
0.54871914757
0.492487521338
0.490514135391
0.492002322994
0.571631868117
0.540822109269
0.503108258613
0.376960823779
0.589611396276
0.531253526458
0.520652326909
0.610414258062
0.626828015974
0.621865801839
0.631588439618
0.623793976523
0.525688070306
0.688721368574
0.659449404509
0.421042930857
0.512849203358
0.754732225543
0.554207241748
0.601768081918
0.593061463139
0.621615458294
0.753975357045
0.642204468949
0.585328611985
0.68989321967
0.500530121064
0.57972096248
0.602609164872
0.507288908506
0.828854649647
0.641148116545
0.62863358397
0.603080906243
0.636328619826
0.48542549791
0.687673005032
0.678889413257
0.833898565613
0.554397606563
0.84366893672
0.621496440921
0.66260948375
0.652268524459
0.556031574948
0.472331000946
0.630572680055
0.666331163556
0.497009841785
0.644600792976
0.59145448964
0.624592769451
0.409082090993
0.61282050255
0.529980798141
0.615027297563
0.666936508828
0.609868082785
0.654308002075
0.745897665119
0.608939154467
0.840483860602
0.972524488908
0.482962641693
0.724396849138
0.650156384987
0.669341555877
0.707679328097
0.678832414348
0.682324997225
0.672239815695
0.765951846431
0.884880519262
0.765469690871
0.452172356497
0.629050632896
0.611037970616
0.703160393198
0.758721386156
0.654250124208
0.46641523706
0.86231572065
0.49312162334
0.716543852537
0.506871820573
0.739645166368
0.621671129153
0.467148119279
0.557767575735
0.674828716076
0.557460842106
0.487018508757
0.614100465846
0.627009242694
0.824351874482
0.374348026052
0.601362614359
0.674778176401
0.485794306706
0.62640290612
0.552094347951
0.402316942377
0.737488999832
0.610327346281
0.834693611595
0.567550247125
0.878944476342
0.682958995555
0.467330877181
0.544780373915
0.598088849728
0.650626162269
0.614555566619
0.567367661303
0.7620142589
0.403815228213
0.697927474064
0.570555790069
0.574454711322
0.620504564871
0.600226950158
0.601442309029
0.644577737469
0.580798261749
0.665763665415
0.442366333648
0.590891742475
0.658711191643
0.596336189918
0.749214952891
0.597186616694
0.72103218947
0.529390142287
0.624451024094
0.569867355927
0.578592463638
0.534000878162
0.529570846744
0.608564111059
0.670393651515
0.400629076199
0.519236299588
0.647099235292
0.640097423626
0.580099545386
0.599402969146
0.61341767364
0.604510933734
0.702827800854
0.818139676222
0.487903743969
0.586361769454
0.485059998475
0.503163916912
0.547946999986
0.782531675868
0.380001922224
0.679943959778
0.720201532476
0.683079381385
0.550585450139
0.672211369139
0.469450915741
0.614213283177
0.469198887158
0.703193050504
0.564998918522
0.735467737597
0.563874183782
0.688497803526
0.55048757219
0.432304828349
0.711984587608
0.401352908117
0.643442475651
0.572100118534
0.671745236818
0.710511664233
0.586996541025
0.763549318148
0.517967439125
0.484685774652
0.594496322393
0.675960249884
0.753372335614
0.495308531358
0.534800658623
0.486399955608
0.485256526857
0.350585420854
0.590267944993
0.605795005869
0.36298011145
0.951162344962
0.29748725671
0.656217845038
0.545108592171
0.670684921848
0.509814239183
0.642615991332
0.549456331247
0.510978614762
0.415151814548
0.499760804516
0.541141931777
0.555654936901
0.613632534667
0.637619043746
0.764641108094
0.591197746272
0.402820063659
0.602472785613
0.592690888343
0.498966623495
0.584548086393
0.667376547989
0.583760997055
0.662752773306
0.559534791862
0.794434999035
0.738632989352
0.574227373848
0.492619723992
0.459508896487
0.591261951291
0.569321909157
0.7215130438
0.496990381853
0.587050130839
0.701510178748
0.622281723143
0.771071283776
0.915423819162
0.552601739132
0.387948369902
0.506342871973
0.617840451503
0.414954229562
0.612792989758
0.654931988633
0.583281465483
0.624847259015
0.606369290898
0.624141656489
0.418160483459
0.636761928577
0.673817078173
0.602611771379
0.681831966515
0.475070941249
0.620433412519
0.442188181222
0.647842466796
0.336159168744
0.508176626538
0.594726181198
0.522671229417
0.70383442507
0.577689139626
0.470014043523
0.530050415496
0.523369950581
0.61745762892
0.70429891884
0.627757782152
0.60739879498
0.711028350339
0.476690475163
0.452815440884
0.755066260869
0.419327952105
0.538159530632
0.472777472497
0.514701698496
0.669897155894
0.495743265928
0.574439332351
0.406033637231
0.601027938706
0.583165743646
0.59116543107
0.667796664976
0.810874734175
0.587506823766
0.452119950463
0.64231718679
0.676396634402
0.599064975922
0.630689338958
0.531222756179
0.628603795005
0.609189405612
0.66409824007
0.652791965016
0.446169773679
0.778789064217
0.650733793689
0.584283854808
0.551095520267
0.630388334401
0.731814087598
0.574513937456
0.823268072934
0.640006338323
0.612438179663
0.703528325977
0.57820447216
0.645931966662
0.358404139991
0.566865750817
0.561147960601
0.565161486594
0.657024891234
0.578188087716
0.454830223706
0.615029866064
0.503260605702
0.405196562036
0.471231335171
0.511939985838
0.623899076128
0.648231902367
0.767883595644
0.48629855419
0.619345744271
0.695093405751
0.621607434874
0.62008133157
0.607719281645
0.610534941816
0.561824164445
0.746322094409
0.501577294752
0.796797906762
0.58926503184
0.446771246136
0.504081833499
0.409975281489
0.509590918181
0.740279265108
0.775847107488
0.379474312732
0.53227389268
0.451549280205
0.508952212746
0.603028688133
0.387802042713
0.584159727891
1.30362861391
0.894691756639
0.505333703748
0.588260081631
0.644938063071
0.330352504174
0.561499817335
0.472977043627
0.391311695251
0.497736356032
0.896780948596
0.556819272921
0.575666155597
0.51967352942
0.493732570999
0.442835021196
0.69240834125
0.410696512382
0.623980128083
0.488153976878
0.598700537822
0.60373480941
0.479879983073
0.536213865525
0.6252384011
0.66379651344
0.572932448253
0.614016955539
0.63074482863
0.33575227174
0.708477895374
0.51122263693
0.613698293783
0.499864513301
0.493136307053
0.431452238106
0.506331265401
0.680710616639
0.548970568574
0.519792312324
0.70590331559
0.61103251179
0.588933148847
0.689034702173
0.489492963013
0.502889240089
0.576829223947
0.483120474972
0.667329002567
0.588429539087
0.776287947786
0.548885917208
0.705692643288
0.3694439472
0.66249380731
0.336110190213
0.517044268034
0.513030618761
0.268892408153
0.556278319387
0.52657505109
0.639932159519
0.536972585302
0.641648289246
0.56366957325
0.623168587602
0.4943419072
0.485170888553
0.881320863625
0.499456076953
0.540146568834
0.692300748347
0.550464726043
0.506039144464
0.535495896344
0.579922251594
0.650149748749
0.564759840166
0.590202366242
0.542008535482
0.661682923815
1.06926022858
0.822204218882
0.386063554947
0.683354234534
0.680510375913
0.744909265046
0.360152060825
0.653475782218
0.41196972884
0.475623379147
0.635093081613
0.710242386106
0.59110375721
0.373960682934
0.732893654335
0.785691551493
0.483473199707
0.605709255494
0.577206602658
0.625742075764
0.540031821997
0.649217543703
0.369156019209
0.683647212295
0.500216519572
0.576745012252
0.605690994681
0.448770452523
0.629744921722
0.552699138867
0.701758770142
0.661312476639
0.528667831087
0.473996838687
0.529707466208
0.590469591254
0.51897561209
0.440994101895
0.600723632419
0.578388313854
0.509059715702
1.15410058765
0.593894240616
0.722449912531
0.62655804212
0.448331382631
0.422671905655
0.716742148166
0.534180022015
0.56395720822
0.575247952349
0.642687571193
0.693346386983
0.846555377046
0.606909632722
0.714342652492
0.500689304794
0.665483642971
0.618483605356
0.894936852653
0.547414626804
0.630489374383
0.576672662933
0.407263884153
0.847039697753
0.749596707926
0.496664248387
0.646929115204
0.537612290855
0.615700888474
0.503886824966
0.750302580493
0.419063872411
0.351219876277
0.514794372525
0.540279917301
0.632257936553
0.866947335295
0.589030565792
0.644081782063
0.601156299817
0.486998581638
0.644184647178
0.438158354255
0.481677938681
0.684307630892
0.341004779121
0.496422311133
0.826139934809
0.523678275392
0.638945998135
0.439127556563
0.718826862332
0.51629530141
0.665554347914
0.543170951569
0.547402659431
0.493759325661
0.458043326288
0.523360093213
0.613803891028
0.443270411519
0.460353545672
0.925239144332
0.52876466776
0.985930760862
0.923793870256
0.878294104895
0.980626410217
0.546566235358
0.477335970898
1.00859240612
0.679933776231
0.53435530076
1.08635420126
0.841104319641
0.866301844598
0.874213933544
0.766401648588
0.529530659722
0.658345938889
0.670661108637
0.787005953208
0.562448651981
0.642221020984
0.43506729852
0.965772337221
0.992521766081
0.776290309048
0.806946624418
0.712908465738
0.894947899279
0.978960440994
1.07517251815
0.549974719791
0.880623113455
0.805962945827
0.926150338403
0.985582440371
0.741803299299
0.755659028357
0.496858339046
1.01006147737
0.577195773607
0.522795193232
0.631660793667
0.683046125069
0.673505380927
0.564646738427
0.759745555022
0.723649714273
0.584018853703
0.562337452563
1.08907882395
0.801318735425
0.66828556478
1.07298769779
0.601156310867
0.542922972975
0.928323393132
0.54694667142
0.865299607266
0.890048519489
0.88413938731
0.836919486925
0.623008741813
0.435131595873
0.721112095454
0.693538220703
0.641674895451
0.884019865553
0.922075539804
0.610619349593
0.821753330503
0.771492075443
0.673578987082
0.438633685179
0.657763275542
0.547642997566
0.449900716259
0.939021519043
0.749393992182
0.917125610357
0.839900587421
1.06436522453
0.710852473705
0.669674979128
0.653290648973
0.838844048439
0.612886451934
1.00888476759
0.894302243096
1.10845570799
0.754041836607
0.962848873626
1.12435340232
0.847766849303
0.740473780611
0.706624657087
0.53484302977
0.748137227799
0.587612044372
0.610071318707
0.688971876351
0.885706471814
0.848596640892
0.794024943794
0.962329950223
0.857420161743
0.843359820108
0.469661148336
0.659800368652
0.968629155107
0.746243448724
0.688865237761
0.57529844298
0.672845018566
0.48830620151
0.616279990469
0.700346287572
0.434654310451
0.66395064259
0.527689705091
0.523482106885
0.444454935641
0.46367551094
0.604849586116
0.707198897169
0.563139131373
0.631234156001
0.546223128562
0.596574143223
0.715914988809
0.663834876388
0.71160880473
0.569284708013
0.427755069754
0.646388377477
0.518203430282
0.719529996671
0.502061219506
0.555069986152
0.590265350488
0.550785401594
0.734303580277
0.671341213121
0.543789629829
0.695554009954
0.545389304675
0.574873593822
0.682375696692
0.51471768085
0.497268934756
0.311322548792
0.871575246039
0.707548070353
0.447159081643
0.512941422969
0.726573336079
0.688208472507
0.586259906224
0.703559676788
0.570847870278
0.6879644586
0.633674539812
0.54053570932
0.470738157533
0.358963191371
0.46284275243
0.808783526953
0.526675658247
0.493779528281
0.457874383318
0.66807142616
0.609541477395
0.567763533652
0.57371866484
0.604859750892
0.623002775159
0.617461266109
0.52722042888
0.560690134454
0.460731414608
0.540064685685
0.45177212223
0.591533282437
0.597830376343
0.644796235606
0.499219792223
0.641079947193
0.489153525222
0.562278581064
0.443044486315
0.538908801008
0.692509796987
0.543704978669
0.361345327523
0.574398758451
0.66022198177
0.532016831718
0.491354566872
0.617227827898
0.38077382208
0.664651698533
0.618459990239
0.487686997139
0.647123123445
0.67383121959
0.630855975853
0.671398435137
0.667340868889
0.548488926466
0.558845593287
0.485423479762
0.54092118569
0.427271506608
0.357848451037
0.510639415043
0.531962283908
0.467935773702
0.562762624356
0.687331459613
0.577735043239
0.666172689812
0.414664651039
0.46366760049
0.652976133248
0.628966911818
0.479976842576
0.766041423833
0.813930501381
0.626930628254
0.671252819024
0.538220659748
0.319415759048
0.392932828464
0.493381468066
0.430371032321
0.679109022864
0.459480008246
0.503466686623
0.594700267511
0.731684790271
0.515113818684
0.514231982468
0.570629110914
0.502507156816
0.669212410917
0.420519038293
0.489781051878
0.626695512357
0.66732539358
0.542357618375
0.589778855944
0.597017545118
0.47835747388
0.395318242249
0.434951337576
0.613118662346
0.482646429353
0.652819693324
0.560747445617
0.749752860123
0.40859514848
0.724466351334
0.721482436329
0.893881482835
0.703611779719
0.642568130434
0.66557442165
0.581322683481
0.450302011916
0.507761209602
0.689906344361
0.85799771608
0.475415679718
0.549705494706
0.447471030677
0.492425629617
0.377264627389
0.710798660581
0.560988395171
0.479151665525
0.481382717726
0.405578963518
0.703911949056
0.608501665866
0.516435834265
0.719111845421
0.647395775056
0.495252093902
0.616210488593
0.591576415267
0.668477538276
0.452320312704
0.566027966702
0.561705606236
0.528807878861
0.598765355991
0.52950402303
0.480996634482
0.613814566012
0.452487413321
0.597284891909
0.513358525264
0.679030422278
0.503820094345
0.431456922547
0.532931347656
0.672942466168
0.496764419372
0.533303811092
0.515455255567
0.561349693025
0.521497244217
0.350943537108
0.437382170652
0.621793000657
0.445170263559
0.581655988651
0.488013281904
0.531491892
0.522564088656
0.571164934292
0.424476737699
0.48419079724
0.437049058088
0.878233425054
0.569312206183
0.748066112082
0.701165601318
0.63129909651
0.64744196566
0.489013098644
0.835725514185
0.7153273829
0.661208378065
0.630608654405
0.65259305949
0.611608256826
0.670516044942
0.6213024801
0.898829578969
0.562895254266
0.714532978329
0.708894234821
0.515378577946
0.713603370052
0.61998063114
0.613511884523
0.698292126598
0.477740314628
0.793447403521
0.726242185659
0.766214721655
0.724774504416
0.83703680529
0.445121312013
0.684825818883
0.7173571683
0.909010703096
0.779551246434
0.488692970125
0.721267211855
0.610316722027
0.738333933347
0.54079672841
0.670457437904
0.460498797845
0.871357916235
0.46857808988
0.659545670206
0.638095983727
0.469580592492
0.750848353731
0.470469736634
0.66972387331
0.763711280083
0.720693407071
0.564265781264
0.741613201206
0.885167519237
0.614490124061
0.569861707806
0.622475709627
0.556608133965
0.699498347368
0.696942505048
0.874190669752
0.85779929603
0.766047325697
0.64402594155
0.54348316984
0.623754571024
0.633006390591
0.55361508778
0.651464922157
0.666461172387
0.894758350253
0.925830254684
0.735444740063
0.664376232374
0.765557651685
0.698820867666
0.705318400723
0.598952284049
0.732053067536
0.642381555634
0.55619305428
0.507748368283
0.700615731262
0.689963170974
0.582714360008
0.55549304202
0.78554539891
0.455501562481
0.413123905502
0.580537846976
0.702975381188
0.593155075033
0.353969408257
0.64888397828
0.320277221069
0.686701768907
0.622311547408
0.503571981588
0.474700683891
0.6594925487
0.54097064947
0.700615275355
0.533038226397
0.663833482461
0.462632111184
0.747966563633
0.653528483997
0.558143738517
0.575867193056
0.600901346183
0.535064943613
0.595944856536
0.577020320404
0.508524106137
0.600293719013
0.620650522534
0.571941480128
0.677161065991
0.578276496618
0.490272595183
0.752701944589
0.667052934786
0.57337043935
0.426107290511
0.510222818157
0.705599017167
0.540803589897
0.611867322726
0.511399641032
0.34047480404
0.577987427344
0.633335492846
0.556907770117
0.549817524312
0.501857344236
0.454614306101
0.59752680801
0.568321377851
0.757392039598
0.495362278252
0.472464614443
0.343928788611
0.531461100742
0.539276519363
0.647496801112
0.678735267816
0.72511476369
0.658419862691
0.762837710342
0.565782201491
0.365614954182
0.428049482679
0.703592385738
0.734024889375
0.468505510279
0.513379443866
0.672737726065
0.539806830202
0.654096823627
0.416475379457
0.8034320095
0.737428174995
0.60099124947
0.689699555113
0.463630907666
0.627985367551
0.633943579034
0.477767245511
0.579421235893
0.55073661547
0.578307617987
0.515478610635
0.593668796874
0.569408462256
0.607711758871
0.52691681189
0.522575578137
0.421440379254
0.519673335365
0.590761519822
0.634446453312
0.592152446871
0.587511456915
0.554701289751
0.539390862778
0.499266053235
0.64142804171
0.903485202982
0.596684643217
0.502614908466
0.625251206129
0.601818028595
0.654359500075
0.42420970187
0.542501266801
0.635610842932
0.641887218777
0.610104008653
0.581613377912
0.55467073126
0.692190557042
0.465567143349
0.505998909784
0.495799247457
0.678767071798
0.666777990151
0.68795979189
0.404680555257
0.567120784763
0.68158178452
0.482598102855
0.554038035277
0.588515866056
0.679887720911
0.572957315383
0.617987293833
0.755713034178
0.419879811044
0.504566545282
0.50276057665
0.66944715598
0.505303330054
0.512404183914
0.420320770524
0.65253472347
0.404653737237
0.520123436012
0.532838492464
0.614827302467
0.437465635059
0.387611141146
0.553174494329
0.813145751345
0.527547544701
0.566900985583
0.524923853313
0.529663145789
0.659103202557
0.590053589481
0.506730050906
0.717677739791
0.585248038498
0.532988445682
0.469652095644
0.568219949822
0.529714967602
0.4637215853
0.461141250694
0.532263936265
0.553865561155
1.00681547027
0.572335629342
0.576041283799
0.560934468944
0.481265384096
0.575194446859
0.603847818741
0.553561882902
0.44923547086
0.583390714979
0.399748400463
0.570297093795
0.49634413572
0.545226069442
0.479472100322
0.461381634994
0.614618887519
0.535773726099
0.575532751316
0.541147909002
0.444512644163
0.48279239109
0.510897084388
0.590919301028
0.643117735623
0.594343768816
0.613299624352
0.478512471436
0.438829358297
0.722787725516
0.666840752362
