0.282312842076
0.339635633059
0.352399791903
0.325634410564
0.282716188036
0.336617646521
0.26851584141
0.341613474597
0.407221421822
0.364080982714
0.312506403681
0.303613967941
0.307732763725
0.218791509066
0.268059778584
0.319222307769
0.291457111769
0.508157400892
0.408422370035
0.303600965221
0.249859481785
0.313828682565
0.226605097691
0.285395457826
0.350873220047
0.332990793826
0.340806237018
0.331496147348
0.264459579329
0.264650931634
0.39788150041
0.246930265572
0.452609967525
0.295721448455
0.267269820943
0.35367263353
0.226949324996
0.34264399427
0.302803804679
0.302782901903
0.238900768393
0.384961814544
0.308721734058
0.271636132338
0.353321602278
0.312775418393
0.359748872011
0.302969543608
0.456202871796
0.251650397983
0.353359561333
0.25881183199
0.319705474635
0.389212909826
0.312539409328
0.33434617283
0.437010962786
0.435556552554
0.65270224964
0.521172115662
0.520277559041
0.24557994967
0.618264869041
0.495954404886
0.49334742617
0.36229931183
0.564306187217
0.466175745761
0.591285052237
0.596350638387
0.356834108375
0.313851683971
0.630006299245
0.459164527601
0.341442623625
0.543569425063
0.480240571057
0.399632614222
0.3085139103
0.708570775844
0.487492001059
0.426910745504
0.460542179277
0.349623438986
0.493900631512
0.518375608636
0.529174988398
0.594762450827
0.407348238589
0.348094128138
0.493967950405
0.211701001295
0.322762307272
0.384313712389
0.583254125143
0.562097974556
0.3176347515
0.334590870762
0.349251238698
0.284467700401
0.617291903388
0.472744041004
0.484236767657
0.381140445908
0.627080652557
0.648314980996
0.647153151421
0.525415224631
0.464125040056
0.361923580369
0.485986838443
0.724350807801
0.65838738673
0.410506336153
0.335416373083
0.343667954491
0.293645707449
0.4588588374
0.710436960471
0.553236603834
0.427953001681
0.411378568857
0.450803617485
0.431115439316
0.558169572232
0.389563487217
0.337484572418
0.573186828679
0.611060187235
0.471787122388
0.241747182483
0.349472969808
0.433710976079
0.394991336265
0.283002889085
0.383358352073
0.634134961581
0.250414484078
0.663836571493
0.573109706163
0.443952616669
0.298283605915
0.442160300165
0.34471407338
0.326748674555
0.43862525704
0.377019913301
0.497860890462
0.296035016062
0.710620366548
0.504885458738
0.677400658949
0.609764717361
0.300596517284
0.558172060247
0.556493955656
0.268131535887
0.649971846609
0.41150519658
0.55040529409
0.649394502924
0.317100960831
0.602597787838
0.373652398735
0.270140101673
0.272077847213
0.332293474546
0.275301902949
0.650512044899
0.596569260174
0.30993791766
0.321729774507
0.714180279412
0.578978202852
0.372018707936
0.686512843118
0.554041141444
0.399699529656
0.40549414749
0.720872612032
0.285226563833
0.50238723531
0.298725895509
0.71595291459
0.57027587053
0.290909567698
0.425019097385
0.396206478099
0.557550523414
0.625061194096
0.435787164816
0.290678261187
0.5679503038
0.353705054549
0.321263837099
0.393059110555
0.748245357234
0.509430222647
0.55671290961
0.342731651871
0.308132883193
0.319501725642
0.313909330764
0.543280973716
0.290591240863
0.363670975617
0.255770692128
0.389020052297
0.422338779463
0.702923604254
0.305019936631
0.640718283756
0.364798513307
0.734802714015
0.161751570728
0.462387760177
0.438130648958
0.708130536901
0.310588988587
0.422755347007
0.617989673057
0.518666301788
0.643973561288
0.255887054689
0.388138993758
0.451936076267
0.394172925441
0.3061539102
0.624741319318
0.422233697393
0.300155923789
0.332737870895
0.21776924795
0.319446991948
0.387228978231
0.269970828747
0.321222223518
0.4354910476
0.654474154433
0.428052294159
0.451818682612
0.735699450648
0.658848446391
0.22326087284
0.756652612773
0.42146035788
0.561781782929
0.713138715526
0.525706048553
0.351308997316
0.366016851614
0.607296327508
0.59467436811
0.323727972506
0.319176238104
0.308856678224
0.254442255854
0.369033601565
0.319742744742
0.376483010075
0.325346374247
0.350003026272
0.227375864849
0.32272022162
0.247643151619
0.288337826358
0.325929645307
0.362042935414
0.304700501945
0.267650862048
0.402513098841
0.291000143483
0.281379119463
0.27259405644
0.347479209553
0.340853859932
0.291629951417
0.361333044914
0.374162055995
0.414937818413
0.345613684156
0.305609594764
0.371677495514
0.370236755608
0.306079245689
0.526533919368
0.386989123676
0.347989550041
0.375896245784
0.283460779683
0.367845448306
0.29226371987
0.342531512894
0.34479473691
0.418564635169
0.341014086647
0.356907873066
0.551176237123
0.39382439319
0.281380742696
0.263555638729
0.363716586346
0.329192931844
0.292553037503
0.300145366687
0.337538698333
0.376919821653
0.333140658727
0.315983764846
0.327755629322
0.330196674411
0.46832394065
0.302477956231
0.326290667185
0.339516978272
0.343679504675
0.298396826704
0.366075673428
0.355915808578
0.277658178856
0.279715342005
0.328346700722
0.393063116405
0.332749094199
0.272551453151
0.321561119704
0.351960937608
0.317394698479
0.33563150109
0.224219764447
0.433955243946
0.397843227323
0.336885219786
0.289219806901
0.377566831362
0.287991327567
0.296954931825
0.32334670842
0.647347499216
0.342688194589
0.490409411528
0.411502611384
0.552207442157
0.353746339153
0.640120810371
0.328307198873
0.759867322828
0.382378993002
0.789390254213
0.50036418812
0.367190574159
0.154914253893
0.522828717963
0.769752485136
0.633309202621
0.430656527714
0.294312595321
0.526775759245
0.60939608079
0.36360145577
0.364488160824
0.487570661427
0.752731525843
0.673069998766
0.372280529064
0.728348585673
0.441212613238
0.276532441354
0.605944166076
0.751910376266
0.388853506912
0.50311986209
0.608492279375
0.459893450095
0.644985164119
0.561021285132
0.744432212324
0.233587517578
0.908551162039
0.581716253644
0.681842534123
0.534455788397
0.392200545556
0.463700071368
0.856532133566
0.511926718612
0.210286617455
0.378993330171
0.363982771058
0.688778686669
0.531117182716
0.516966668286
0.856392064194
0.206399854469
0.376939343427
0.91981866968
0.578376852721
0.521241979286
0.662193028246
0.718619891641
0.557672466188
0.421383398991
0.395382250078
0.551444600141
0.386920100738
0.472163394083
0.287114595238
0.374450817405
0.352752522682
0.393335374728
0.334438102948
0.286990935227
0.193514687869
0.216266346517
0.303053622354
0.408548114148
0.308659638912
0.40621973497
0.319266268121
0.309265593885
0.264751210441
0.309081890497
0.405869711206
0.269594911601
0.378753550968
0.282410146606
0.304597728596
0.315308014394
0.287454328838
0.315965863281
0.342252903355
0.210684127258
0.340390262834
0.284502119273
0.325231649949
0.281421922751
0.302144613654
0.384684259168
0.278635281221
0.238335165138
0.280283862538
0.410420970074
0.376713030319
0.374898249046
0.233107562986
0.268476594656
0.300112897826
0.269774897433
0.313852699796
0.428138134259
0.248982285491
0.333422435043
0.362403575759
0.335910203004
0.288498821866
0.265386568226
0.297593897007
0.275377467473
0.536216185736
0.333606401078
0.419675584423
0.202157013777
0.292869455498
0.464194825002
0.591695808195
0.375596277545
0.841670619194
0.345036993114
0.362906606656
0.331881955196
0.272175562498
0.776644730138
0.865178824897
0.515595324573
0.84006380788
0.30480049098
0.23797220903
0.351675717672
0.340362026545
0.460022669842
0.379723297852
0.752576429122
1.02004045999
0.569885917125
0.586874824814
0.453858664659
0.686937340614
0.75744110744
0.656716665509
0.858545961646
0.506894292115
0.861253175195
0.483661516292
0.735084653151
0.658354943556
0.696463494912
0.402515929315
0.464847072022
0.69961966602
0.478066587241
0.23679243046
0.300715355241
0.505315991584
0.298836996853
0.859351367378
0.484215844833
0.577777220462
0.673842650351
0.536317964358
0.661822831321
0.823112159779
0.596044525317
0.317226880932
0.387152366691
0.848568210079
0.562899163502
0.423651697358
0.367053293998
0.878153450772
0.590237975227
0.335135565475
0.613404529492
0.333487883893
0.218668358952
0.659459304916
0.343768139042
0.333553458751
0.54490005268
0.478539832935
0.591377022179
0.514929323054
0.352146516599
0.368775053017
0.418681360125
0.401477994876
0.437701308634
0.278234802031
0.232278873892
0.411551680005
0.432082165375
0.364274745398
0.322779353059
0.348406283954
0.481880024686
0.323982994784
0.550587011269
0.467951338337
0.305637058748
0.335765244273
0.601708913054
0.349720292944
0.4624924801
0.540647838564
0.342781474144
0.459477720651
0.508025771513
0.287183945728
0.332256241245
0.413592837008
0.220781859064
0.474557405117
0.450396710059
0.349185138011
0.663877710967
0.253711720989
0.342059036092
0.483232738535
0.371125792945
0.450956143903
0.303051024055
0.397470099249
0.405448815974
0.353003308355
0.39031841888
0.336858658213
0.36851593102
0.291846061343
0.270249795705
0.384269851428
0.181448922307
0.334631814637
0.349730563958
0.265556988211
0.282766601847
0.259522721736
0.403947914432
0.279188188916
0.298533155345
0.238564246627
0.303635828603
0.373780177779
0.283927171465
0.355294617167
0.327056090306
0.387190632182
0.213795885908
0.303941900833
0.315718317969
0.229522023796
0.31214167057
0.275681261781
0.302659470173
0.230732462208
0.285929639015
0.281422475321
0.420417483373
0.28255332577
0.371100808687
0.309173949196
0.222405294428
0.329911583535
0.385114232381
0.339538705882
0.299164411458
0.300297113692
0.365903663212
0.30385580926
0.268975746343
0.394749529854
0.294433270269
0.437520573731
0.314026215281
0.347139962323
0.345624337479
0.381028876158
0.252213069413
0.29794526833
0.426109659337
0.335346784764
0.294366794167
0.467039043682
0.341045094846
0.32764018348
0.38709278063
0.293323510195
0.2785792258
0.321758882053
0.274906214588
0.335516649251
0.266970623734
0.338767773612
0.392681947118
0.343256002513
0.303407722798
0.350590229903
0.337332326471
0.346916164336
0.277197550355
0.237852164484
0.288293911588
0.323594922007
0.369333450862
0.250321585473
0.326174148219
0.47078115025
0.304950529628
0.299688643369
0.32051359337
0.347223091129
0.325953547732
0.321388577458
0.310605241742
0.282422204303
0.332623425266
0.408877296293
0.382613206837
0.35273067379
0.304155573606
0.311182708934
0.351586158045
0.30036453383
0.309886042451
0.325564727521
0.287044693028
0.41446452459
0.30043351051
0.316155188386
0.300615816037
0.337672722475
0.367267151587
0.318263181932
0.331961422142
0.353865191933
0.350195806254
0.362747200526
0.247717906139
0.361322891661
0.369793241956
0.288196179191
0.271521480533
0.310259312486
0.322160810859
0.394668971344
0.253080001641
0.402760198237
0.270571274341
0.391388693025
0.320112265092
0.369282488158
0.219023806674
0.339749213297
0.311663079575
0.345639693839
0.305970924025
0.226674199884
0.411206324587
0.374515048052
0.347660363779
0.288817113303
0.34234881252
0.320607321926
0.493969617961
0.250735373749
0.309576433007
0.319222735919
0.280243761981
0.388333829213
0.385435284173
0.265835798839
0.269020468642
0.403701063878
0.26648068533
0.250603479324
0.379404056221
0.330022510019
0.280320858139
0.333061759839
0.349134450394
0.457278659529
0.296540798572
0.266644799904
0.314674977993
0.388504891857
0.386476905685
0.362494933308
0.259349372199
0.321793239262
0.306273360814
0.392365374699
0.216331962622
0.400065361262
0.47933015589
0.60357697597
0.377728971477
0.32633429204
0.291459310825
0.374744070791
0.380763670821
0.33562039696
0.280212821064
0.348201296987
0.328280522133
0.238079813221
0.339779566562
0.376093794985
0.351841726562
0.481498600269
0.272177979234
0.323011195353
0.309380573303
0.368395674932
0.318835589642
0.23379036383
0.27595491253
0.36716535185
0.280831839791
0.273212920835
0.346528926975
0.263082371372
0.392880008301
0.32651112321
0.269916153161
0.31667230397
0.398521588049
0.314055476141
0.322943708095
0.326586191225
0.297455255405
0.37389907281
0.322065959773
0.31342323932
0.275402291027
0.274326035009
0.39522517066
0.366031532689
0.357431634861
0.279115680387
0.332286177757
0.360647448627
0.313703310233
0.435772632934
0.385711173691
0.293379019924
0.489503325957
0.33103354606
0.382741323032
0.295915145558
0.341261809756
0.301112969334
0.365477821256
0.266878647085
0.351498640226
0.351928630087
0.330674720164
0.243187325731
0.509690009678
0.673714183204
0.393456260939
0.345462180697
0.470277248442
0.476424135483
0.566492935991
0.338487392953
0.445099972829
0.34884395347
0.324284324477
0.334527013066
0.669413695091
0.477466615071
0.63663834783
0.435533579726
0.483436353218
0.503818155557
0.595052816738
0.504841675018
0.525776656714
0.269755300717
0.467086316221
0.840462328022
0.46490780378
0.431628067307
0.636224665423
0.3290942801
0.353018076828
0.266566271877
0.521434359433
0.534490538913
0.575871357283
0.839555557812
0.487050473766
0.647705510921
0.52819063166
0.512823144676
0.325390173884
0.592125433093
0.451894864804
0.485410576539
0.537372343937
0.296957880353
0.410856620448
0.632274334181
0.393795058702
0.421300040969
0.380185105258
0.542346844843
0.414361617173
0.387499830363
0.350127743057
0.546731554474
0.301298032511
0.473812137786
0.369910283611
0.370441658654
0.288425874268
0.339859995433
0.443574869939
0.376440043035
0.291523372691
0.356423741962
0.392354381601
0.304521130798
0.330382416657
0.318056695338
0.394996892608
0.400710746409
0.318264558774
0.377626503697
0.344185367656
0.294442701911
0.397483757376
0.256120850576
0.362423019376
0.364789918625
0.295211034817
0.263941708375
0.411400569813
0.33081686219
0.304220797143
0.306812631739
0.495145575394
0.324972643088
0.324643645063
0.360832472022
0.412343828012
0.274355394232
0.356611438061
0.299102335855
0.445791265436
0.446528112931
0.377803636449
0.308341447769
0.418300385565
0.246841997827
0.34890008956
0.385829515949
0.403387039241
0.303016034504
0.411234622088
0.44743405118
0.339098030583
0.400245957857
0.393425537517
0.367685633569
0.270038171162
0.308296071302
0.300308780844
0.361570405704
0.315265359618
0.397184191126
0.461344124987
0.357048492164
0.292580796999
0.423740502886
0.251027771397
0.426092365837
0.358026487471
0.381075926993
0.372159863627
0.28557403802
0.322772403967
0.384747679168
0.293403737461
0.365562333438
0.393985454915
0.268248459868
0.241863585509
0.316832287071
0.392399014243
0.409043820435
0.547771783009
0.387545151516
0.313479379193
0.423415260329
0.277437399937
0.595507031076
0.349976450329
0.349401827365
0.401654311566
0.328756944272
0.409049135496
0.245596982238
0.30699833857
0.383566457879
0.378453535808
0.450876623233
0.299668402163
0.303100842548
0.283719105801
0.330085737646
0.331013277286
0.390378063801
0.309748832157
0.352696147717
0.396638553589
0.393747321844
0.336105361458
0.342573393272
0.374996256774
0.440210989352
0.361091348766
0.384091745702
0.259214737151
0.24070065051
0.382319837751
0.449163164921
0.369976409993
0.336156473705
0.306877597832
0.427987714522
0.413975050092
0.302282318262
0.328173564075
0.316459450502
0.359838877719
0.206886431114
0.35226416534
0.304972253035
0.386082386351
0.388313144341
0.216459472291
0.36111174876
0.239047876063
0.368963445654
0.329368601732
0.312035064977
0.358504080015
0.397745615875
0.206817326792
0.291539352813
0.314639951848
0.373822535144
0.304816594101
0.326652391752
0.343369526422
0.292477624585
0.209392444852
0.350650815946
0.334648599139
0.286930375874
0.226642843767
0.323416973246
0.258429637016
0.320929633554
0.325699586555
0.259635620635
0.353818624292
0.333390634929
0.41574032517
0.280957687004
0.256431916506
0.380248550007
0.29079151949
0.333817159184
0.411304255922
0.3571005022
0.37604633921
0.336003138042
0.287886475903
0.282799665826
0.274216722678
0.289337011487
0.284639599801
0.362793152309
0.32702854544
0.244928238181
0.310374867328
0.307267161512
0.279938746927
0.340550703411
0.375556768721
0.367573130038
0.293086102015
0.243620918293
0.269225111037
0.313885701364
0.314427719028
0.244752634185
0.280526331985
0.239172125589
0.289596628123
0.27046209119
0.288168857912
0.281013084218
0.351302362978
0.296972948761
0.332195245689
0.38028067748
0.293203827664
0.257145775912
0.261788798004
0.389560160759
0.295416952336
0.216207053276
0.313825488997
0.318978811681
0.540449324068
0.446235286823
0.192266580742
0.327291467263
0.337945040338
0.358145292838
0.319802517469
0.27258137194
0.307908235367
0.751649519531
0.543898756032
0.330289594268
0.558750928001
0.556873784091
0.417463894855
0.319677683443
0.291793435081
0.227559811058
0.290613751824
0.336140922049
0.304554415519
0.278801732257
0.324781677812
0.33376857966
0.314543609093
0.35350732129
0.350040743693
0.326223951818
0.348036619211
0.377615844389
0.338046720799
0.326278859884
0.433399348577
0.297798303945
0.367967532419
0.27436194094
0.350103418653
0.314445703608
0.453683938408
0.347432366316
0.304410362835
0.375506589733
0.30344344738
0.292000167367
0.401833407892
0.329347843416
0.283059244346
0.408711571702
0.429868417248
0.347160091033
0.340567007448
0.266168475946
0.419404569992
0.292982582187
0.332247889763
0.369894972945
0.260627854189
0.265812216696
0.232905584667
0.343016018647
0.349358844853
0.352403956899
0.343976947136
0.263514826423
0.339935860845
0.226224285407
0.268195785866
0.239612145987
0.310823090609
0.325554483503
0.295722626494
0.252750638077
0.381278602982
0.305183286247
0.272789607865
0.358949045135
0.301684991232
0.311185172814
0.250849827863
0.304196567209
0.305277601874
0.27669658392
0.300649118174
0.375874692881
0.382315960472
0.421081022854
0.359768240763
0.214871479778
0.29320186413
0.309790689866
0.388883013312
0.290231448934
0.302001886066
0.37379126397
0.297342509214
0.265093476967
0.336228046723
0.415074891888
0.356891595793
0.290140465753
0.318209492602
0.324862336251
0.246766778685
0.335986570127
0.34593472479
0.297344237181
0.37906421921
0.361823107948
0.341818577041
0.356907196008
0.309386568789
0.44089663173
0.333929154154
0.263638309737
0.355248290937
0.29904450882
0.410137456927
0.342161590038
0.398635348773
0.39981872738
0.339524955529
0.391931272471
0.289034570366
0.348952153173
0.335798553831
0.319087781415
0.302788043455
0.415718404508
0.308782476272
0.498985691258
0.344895031002
0.231651817068
0.343148929109
0.355466670532
0.293039546391
0.283221451866
0.246527529063
0.453890954784
0.35657884913
0.344598064084
0.322835353842
0.273974850999
0.275085540804
0.345315676823
0.364314486933
0.331131097404
0.39642405066
0.316884549569
0.276841582952
0.230812517752
0.441084308357
0.286077060084
0.352566264812
0.536643131605
0.351661283931
0.327287372797
0.384882954257
0.190498930217
0.338823315479
0.448223867253
0.333142726829
0.369977531915
0.386084040531
0.312774091049
0.380624575464
0.257278326166
0.290357538133
0.330331851605
0.402144141958
0.277916085812
0.329473462693
0.252789832663
0.344549538183
0.32880196894
0.376225798604
0.678828369035
0.417274615413
0.399252109603
0.280656460129
0.328059275949
0.333265106022
0.305649589762
0.297322423512
0.283152638401
0.302774748728
0.564250274673
0.352882128196
0.589699998357
0.533898404373
0.399167570048
0.292232629351
0.301736943022
0.372752542993
0.303950095149
0.440173343564
0.245859778308
0.66357680242
0.272704384198
0.28809624596
0.346380221741
0.412857441284
0.358030021004
0.324115066437
0.420117157903
0.293776458921
0.365416775242
0.372922804279
0.298463832265
0.327143226342
0.297352664403
0.196675729079
0.343577104318
0.274714405182
0.265542692605
0.453321374848
0.291631283895
0.350015651437
0.277186023472
0.308952553501
0.326313387045
0.327409105357
0.355138613714
0.32674339621
0.371991318417
0.285357018703
0.381413232072
0.297845620815
0.327553564606
0.3092318431
0.307745720586
0.264405991497
0.386629592507
0.31302582502
0.340629994878
0.334837844197
0.354142478146
0.264052743231
0.339459154082
0.381585561274
0.303614802793
0.321818129359
0.379021504211
0.308733672479
0.41805862366
0.205980439863
0.295528950347
0.341017816802
0.214584545881
0.304031662495
0.345091382691
0.317639837903
0.371130827602
0.321631069399
0.371989713374
0.312233378063
0.292435376861
0.235889617371
0.276720579961
0.353567732166
0.426287689363
0.38623564959
0.292048151254
0.360186231639
0.325690924719
0.72351291415
0.324871961031
0.299189396022
0.295156132613
0.311827219927
0.42129896757
0.363690518258
0.561806032325
0.604603381257
0.331832554986
0.254846276694
0.321058285245
0.342651407807
0.341577752001
0.347732613516
0.66630070341
0.312211784242
0.391720384969
0.312359306909
0.385845937056
0.324247128005
0.279446407891
0.685417218157
0.451129677154
0.404225627309
0.34979330474
0.458828842725
0.728940276224
0.31211142009
0.334920966066
0.412974646135
0.326316200757
0.511471255806
0.301431129068
0.349314055094
0.529669192232
0.344981716391
0.36302241046
0.355550540496
0.563789453216
0.337796806926
0.365633571765
0.311679819077
0.471944998505
0.45997221861
0.286597726563
0.384532124075
0.361321381478
0.372348696515
0.295278478697
0.396616259457
0.257607212175
0.30250593095
0.418988463772
0.268618297626
0.518741819296
0.443320911013
0.299055488392
0.591113904215
0.468148612479
0.41671026159
0.445869026412
0.574660343389
0.468865700602
0.477564064766
0.371878812563
0.529943109437
0.307835092687
0.195569958061
0.259072393671
0.223246684172
0.409315794339
0.319693452991
0.516592310109
0.31133473218
0.427695778362
0.291529691044
0.293109050504
0.334467884265
0.531390989081
0.355020111552
0.332696771114
0.314817567344
0.37447103801
0.407945698816
0.367062359626
0.536125254152
0.310892786812
0.285736976104
0.400651543613
0.361485970075
0.346472381577
0.410628393523
0.459928311003
0.505005451497
0.381071354836
0.371447270913
0.235892640957
0.486081798112
0.532374785272
0.291996724187
0.376484729591
0.353293876397
0.335314658999
0.405440454083
0.261431805197
0.240167494009
0.37344367013
0.43466362252
0.5118983347
0.517536522901
0.663490792659
0.426101508253
0.401132853949
0.340393326758
0.396720012081
0.311442834994
0.418915790479
