0.228598349369
0.306184467772
0.305485046515
0.241396659705
0.334688143313
0.294444733189
0.254876270913
0.288536172782
0.234963430989
0.349621311642
0.351048331896
0.443588269029
0.220709221733
0.311635114171
0.377374708959
0.195160676297
0.184813797289
0.309807933335
0.253129589253
0.243992963041
0.2720525693
0.24031062684
0.332278096271
0.286626241846
0.352324077344
0.267302034702
0.305154305633
0.273627521397
0.272162730781
0.288899069174
0.352368643869
0.198630428619
0.358860342837
0.441667023516
0.311985619858
0.309757497126
0.238662013588
0.233210514647
0.319124013398
0.355963938958
0.277460982865
0.301225691419
0.278421773472
0.330173717977
0.300893970323
0.377952957847
0.285373075162
0.259097776019
0.282160554248
0.35361476377
0.38717883116
0.281081429948
0.24056531538
0.268328300318
0.284087762919
0.354858827851
0.309059490119
0.330268616267
0.203216758833
0.243240809749
0.289852792332
0.220953539867
0.297677888548
0.39121634868
0.241971564633
0.243616171497
0.364403515529
0.305352834129
0.284645857343
0.326751724448
0.380335362806
0.194439717266
0.271130319543
0.329942366466
0.290637801524
0.272797860629
0.302635310756
0.3267894552
0.251429429953
0.280743155047
0.320429835394
0.392476761591
0.282110154013
0.225485800499
0.2074935479
0.206487819768
0.318636613433
0.287048321504
0.206087670811
0.23323708869
0.474256595089
0.243728523425
0.268915159904
0.321988483404
0.347205347373
0.303357829463
0.304868154558
0.281693487429
0.354197939684
0.291124570891
0.271297687878
0.381208969068
0.267109411212
0.263393293229
0.279240629038
0.244944222197
0.23980062947
0.361947392907
0.284283484656
0.382156212981
0.399331371094
0.250953949404
0.332379401107
0.312185772096
0.195488731545
0.258701811835
0.231187675084
0.240333215534
0.286332454448
0.383266637198
0.262140300126
0.231669620007
0.395104941788
0.300131860113
0.342517606032
0.279900475442
0.307253708562
0.285625852074
0.254873096417
0.166584347026
0.280659458727
0.229766662967
0.259035415961
0.263184728051
0.243165224614
0.268817019121
0.330590752577
0.308212304857
0.242585045353
0.320834221766
0.293859671628
0.29939598208
0.262685690389
0.267818565576
0.351134894001
0.366150908754
0.387060964706
0.254508361014
0.204488790188
0.293557722895
0.280049301926
0.279600163562
0.304818904585
0.306536501817
0.278501090926
0.250339208702
0.322812375123
0.372362024448
0.271242021858
0.302700096941
0.324797491371
0.30719349409
0.336402667093
0.330700588161
0.227661277196
0.236101915268
0.382439851472
0.270209547491
0.2193409796
0.271001653316
0.320652631001
0.304747048747
0.376737023126
0.173954221946
0.268194387458
0.189156303645
0.265593640779
0.380672706305
0.203590576606
0.248787727149
0.327760452822
0.30405802474
0.265986057203
0.265329626489
0.304770983089
0.300904486143
0.311004210878
0.226281921423
0.323882414461
0.311456498541
0.351325269886
0.373256371342
0.298648642545
0.31383518115
0.291186102505
0.172427581377
0.274155489603
0.176606947682
0.283550411026
0.33552361338
0.237107212047
0.272093644328
0.23451041223
0.378023678622
0.34016211393
0.325780604394
0.273646307738
0.320422206758
0.411347922916
0.246163690873
0.242204734766
0.277833088639
0.279983445167
0.250991869124
0.356193916471
0.252112045792
0.261398213786
0.362195408612
0.290744414636
0.262292303387
0.289902280696
0.274704224963
0.236704725377
0.257111477043
0.209043574901
0.304087250141
0.325925806161
0.344332169654
0.289531458335
0.337397578004
0.254731835227
0.32761030217
0.303638012312
0.304294534897
0.199598705934
0.321894610678
0.330627564202
0.374587253451
0.299048496136
0.263503139479
0.265070628112
0.292923898426
0.380313100713
0.233617319947
0.355589369462
0.200589552174
0.252387562271
0.286626146493
0.253146380007
0.276326724985
0.32712772302
0.283924604247
0.267990883532
0.296453386905
0.246226586094
0.245479233814
0.259807168213
0.223999130785
0.321031067931
0.304470706959
0.258291076714
0.312346484335
0.238999060307
0.358748143623
0.312436940107
0.31174338335
0.271116267274
0.269193917324
0.312954972484
0.222224935132
0.252300666274
0.473171428066
0.320541680293
0.174384329216
0.27957335209
0.345917830936
0.277101534765
0.328641958991
0.349270112971
0.384049742299
0.300115890429
0.357359450436
0.309787043482
0.307582403219
0.370231087753
0.229627049692
0.226154877272
0.340066648386
0.267311395826
0.390394644421
0.451660165869
0.345446192628
0.259288447702
0.306635016891
0.269263467491
0.321726680311
0.251643868245
0.265115122959
0.359830734027
0.326627479091
0.286019431542
0.317382595243
0.361941197213
0.336389116978
0.267212739172
0.201204644494
0.283777152881
0.314383470003
0.231121875293
0.343899373687
0.294895131163
0.282825212577
0.282863305361
0.294028726804
0.31610227121
0.287983040868
0.22040673044
0.305514697983
0.347271811466
0.269268059868
0.207151224742
0.295183858173
0.254719388777
0.319048691162
0.243586247477
0.295364557708
0.340756630666
0.270273723844
0.315900677555
0.355976342727
0.279726262909
0.310484959942
0.247169154201
0.258260664632
0.278062328431
0.27288801905
0.24691593292
0.315541370784
0.330631508487
0.325896454029
0.382770065306
0.30956940316
0.241990337691
0.316161731779
0.322378729953
0.281950827078
0.275262869749
0.316566549176
0.291234747454
0.323135515306
0.273078869504
0.308214998258
0.271777155954
0.305632613691
0.311273165358
0.315919230881
0.316580736244
0.345988757509
0.3670648971
0.411889484165
0.284411352809
0.293878090425
0.324526999218
0.297096831521
0.310827202297
0.316066152549
0.280876428795
0.221475893216
0.369117360546
0.275610165926
0.305252237851
0.338459495583
0.302539733659
0.285565993131
0.331228937298
0.190527020179
0.273950745714
0.251842640638
0.278962563275
0.275970372447
0.272086393942
0.272852200206
0.31256003982
0.29485429059
0.366505689539
0.33139548225
0.361141815168
0.3012512982
0.329489060241
0.240359896749
0.359251363979
0.261062932322
0.381738447528
0.247749533372
0.354444176474
0.288093047489
0.194395998374
0.330660891144
0.229379674479
0.302331828833
0.256953493398
0.329166744194
0.258733878507
0.314950089515
0.314076127657
0.244872824791
0.243097172065
0.292179300753
0.38624064308
0.277461676431
0.246532924643
0.335797942642
0.249510399699
0.283499909254
0.252796533718
0.309477788377
0.280661896637
0.329766908661
0.272437119314
0.320775019592
0.219970081504
0.297038312809
0.373040776713
0.36455275702
0.318158406947
0.256251469038
0.335514842464
0.309278356402
0.260993644492
0.220193238362
0.244361030318
0.274317924493
0.307420632457
0.326887945984
0.295348229635
0.2408581962
0.252646361638
0.33775431657
0.322766832245
0.318704790323
0.309968714503
0.34526795928
0.334218994588
0.442925470169
0.335967859332
0.302292052393
0.454374804836
0.329319117295
0.352278080236
0.347184839049
0.359798323675
0.374910831359
0.281675938441
0.383362771629
0.325497689716
0.321558781587
0.316971242185
0.351323998521
0.24651100402
0.321241098476
0.192706683133
0.378147444739
0.277242838012
0.389576362818
0.396405757256
0.302796061254
0.251056104192
0.334312655897
0.263314146863
0.273340841943
0.268861391734
0.420046422398
0.465340815604
0.263607486854
0.27548229387
0.216036920275
0.298910598198
0.268548752452
0.305269740094
0.279690241164
0.385579154247
0.300095887347
0.369291095389
0.340714152263
0.333299233186
0.359789496804
0.292848312985
0.313734107574
0.338664152131
0.293107779391
0.331344011158
0.304533421573
0.339278338806
0.409333577891
0.289113456306
0.244576632202
0.273028888993
0.237243536894
0.31213537338
0.363682975872
0.346745820559
0.274983797074
0.391759240038
0.283292748691
0.257271685452
0.382626997476
0.280839752342
0.272119008457
0.206436831401
0.419555376668
0.389115574533
0.32828092061
0.275084805461
0.40194482083
0.350608131797
0.371047836843
0.32132896491
0.338954486584
0.275024052226
0.368709938626
0.424460947361
0.309928953124
0.364995145925
0.365791173528
0.367518757836
0.318328134883
0.288865455784
0.290590540501
0.33123499608
0.260948057207
0.356960539159
0.296351567673
0.33022292573
0.403541993081
0.363286080482
0.390720878007
0.281053332062
0.423067088601
0.318355480362
0.233107694641
0.356236971154
0.26729823909
0.502813345545
0.349822338068
0.388667292123
0.296404320288
0.351717966801
0.325204436476
0.380736781683
0.23329363528
0.294237045181
0.33471528102
0.412433893017
0.240556827035
0.357474911045
0.341560294961
0.402020276563
0.33355652974
0.351412077721
0.338487464171
0.310477841524
0.385160521499
0.450014743511
0.354007617361
0.3257316215
0.255380259743
0.303353713345
0.276629767424
0.22001872001
0.389392684956
0.324608433857
0.25253182514
0.418487177984
0.31428780458
0.230829533174
0.239930017918
0.320890010954
0.235312558342
0.378548310591
0.306930412145
0.264990380022
0.379325165121
0.275351902102
0.324193949554
0.339288349745
0.445520906785
0.299307837832
0.347218576641
0.26458063416
0.342335108301
0.302614812918
0.447942097614
0.560170821818
0.353643611673
0.312730569688
0.254501383956
0.445283647769
0.530787849659
0.509336426971
0.470381517006
0.483199390533
0.387287881605
0.341691150268
0.394900805194
0.313883845523
0.400367874521
0.477547757693
0.531551958614
0.469088405154
0.546891233984
0.559420320762
0.234065075071
0.331604255929
0.294554340384
0.512768718469
0.349008322232
0.534649981967
0.664891407952
0.561431127154
0.513980657023
0.55748509114
0.522751135152
0.546380533117
0.439581574937
0.286396385287
0.465547536462
0.350684120704
0.414113166381
0.438943389676
0.550023601087
0.388889014878
0.307969032479
0.296913791769
0.398799823581
0.455212260629
0.392663431555
0.305550621454
0.259375347859
0.239598193371
0.260413344174
0.337359584871
0.391670559313
0.601648300318
0.612060072039
0.246231014457
0.55865784857
0.544931887312
0.319098211042
0.415195078239
0.333279760946
0.293978142666
0.575344740102
0.543307390504
0.504545572117
0.52160880458
0.523869395278
0.524020991231
0.444361800532
0.399218535344
0.237669665537
0.483100770168
0.509813009463
0.345809991793
0.3243646411
0.222262328631
0.549613748443
0.335682507816
0.474203476975
0.314655519706
0.613672060976
0.466031113496
0.283937927399
0.420140371683
0.443827413752
0.558727667728
0.310481078062
0.433026602472
0.486244144904
0.533153650697
0.550760781042
0.418960221163
0.409795046956
0.339666520171
0.288746055533
0.609414356932
0.487901296129
0.294447882521
0.512774633715
0.604027340356
0.375122493394
0.383734384054
0.507458313355
0.476384583475
0.649217479303
0.357521605462
0.462483195765
0.480316035164
0.386984422688
0.272488784064
0.33217361378
0.504224578441
0.399844972848
0.412468673896
0.387358356725
0.552270874488
0.551821939146
0.453989331683
0.266439911699
0.503239073715
0.544087884622
0.5129612959
0.512971837638
0.48563916091
0.467120253504
0.525789948315
0.482743212431
0.571778382248
0.675241611051
0.528653073761
0.408216204187
0.510644465957
0.258210049701
0.629471032197
0.568782289163
0.51265423684
0.541615310415
0.488798174595
0.396379268925
0.53916793207
0.497214242625
0.521202119651
0.453653005682
0.511065473856
0.491356954287
0.417857802861
0.474317082432
0.467723320138
0.540659167879
0.573243061367
0.444001626351
0.379871481359
0.31472290653
0.363405704101
0.499970452288
0.475381305462
0.463913622516
0.36423721659
0.331319136977
0.363123742109
0.441443176219
0.476484217957
0.222277880929
0.494309689468
0.435412388681
0.418675975951
0.483416590084
0.365178563616
0.582665442079
0.311696597352
0.322247187514
0.266757384294
0.41813416171
0.404927748875
0.410318109019
0.348764319707
0.311539147286
0.686327219952
0.521455728674
0.445946051913
0.469152656147
0.568901740929
0.340754240204
0.332553804122
0.474740667468
0.419512966569
0.435075846252
0.415746816995
0.412876138742
0.595582070499
0.365732222948
0.471282763014
0.496830394869
0.317676271656
0.40145905009
0.318596158897
0.322615348003
0.298940576946
0.403744160457
0.495336244634
0.456280955708
0.445109500584
0.418794814781
0.300932037375
0.491745144918
0.601913012214
0.376696001423
0.454169383801
0.281303716931
0.434506780536
0.381399085171
0.366757238169
0.405290799199
0.31074233112
0.275647098018
0.513269765314
0.429840550708
0.383150960237
0.299875132558
0.460518484045
0.211536276855
0.362384866032
0.295479857192
0.454005289063
0.367087428688
0.352963830498
0.564210992458
0.253357452359
0.352680347482
0.359348796065
0.257519078125
0.422770523916
0.307075139178
0.303080608834
0.569326830703
0.372681244363
0.394149209048
0.480080348344
0.345862198061
0.40803786037
0.398681108525
0.532271590645
0.427410422169
0.39314697366
0.561009054273
0.339093409654
0.426328170241
0.257392140618
0.323047431093
0.338633264639
0.484670879775
0.48858697757
0.49270496505
0.504710128953
0.323361471825
0.468376389321
0.397032455937
0.275530272413
0.326467154175
0.353708045272
0.276381712361
0.251718516642
0.316640253224
0.426848862365
0.361893391257
0.263272345465
0.344223615992
0.386002300087
0.390369716848
0.420915480751
0.353422315471
0.325016369713
0.329373815026
0.299713165595
0.353393727035
0.353071956245
0.318309960772
0.267497253182
0.316096955226
0.350074542637
0.292350371466
0.43210466847
0.263949209426
0.301248569177
0.366944720695
0.289272318224
0.254934591325
0.347261758435
0.345616263272
0.246650195352
0.338905934022
0.330041132683
0.350110068838
0.302804116011
0.326317504504
0.307415207598
0.277360077386
0.290282536033
0.327430620044
0.318971067902
0.280176622482
0.210367957033
0.196705306544
0.328158966983
0.347814278066
0.32959454464
0.239522993732
0.343410880499
0.298348085121
0.234751777323
0.286154867871
0.336618853444
0.259928772509
0.29293774389
0.285077947687
0.225678652421
0.272561533825
0.274123012814
0.194519928131
0.273559373044
0.418120585921
0.381189680781
0.301632722782
0.316581689901
0.356918138085
0.342341346715
0.221577219068
0.375360735693
0.345153534639
0.338156372051
0.279773856319
0.312245094663
0.319944881346
0.338965440227
0.295412745815
0.308510293478
0.312968815836
0.20015888213
0.345650926332
0.30019461339
0.317966539439
0.320911307439
0.371412525799
0.342309819966
0.267503612646
0.295691492816
0.40890362189
0.259836369754
0.341186058878
0.271913042467
0.408700426653
0.328054881432
0.306992330965
0.306646306162
0.356342614354
0.257523538272
0.446464448062
0.389576428861
0.315018302168
0.342850981933
0.318197677937
0.351924195966
0.357615902324
0.28735003562
0.276558668264
0.27180935205
0.31298696101
0.27821158221
0.404869884242
0.316604036533
0.311029089041
0.294940996411
0.347155875288
0.375826854856
0.271177471099
0.275494544364
0.283075917267
0.193191481131
0.438650779467
0.245915898399
0.338842195707
0.328966956246
0.307218169327
0.286591138178
0.24588642276
0.267329633468
0.319801604129
0.359097893297
0.402721281586
0.309527104911
0.364308029492
0.29085614862
0.241944549568
0.414199960678
0.425324641723
0.29306498239
0.266254801274
0.295286356714
0.390765695698
0.333478698431
0.322700011592
0.331019529344
0.381513861061
0.237366772028
0.24470330219
0.35584972138
0.266192680913
0.338458163191
0.291665473187
0.392020565037
0.262857133443
0.216334296621
0.316468706291
0.389458454325
0.282867382053
0.284459128213
0.251970431308
0.325846384953
0.3229523853
0.499713127562
0.209215429831
0.344579210939
0.294061620967
0.278683416098
0.401887919802
0.344873598922
0.411218544366
0.544672534131
0.354649057604
0.405938701772
0.315383426123
0.376608925334
0.498926086191
0.526433408292
0.294946012989
0.401976676865
0.436886052761
0.462351277702
0.359204224083
0.320395168388
0.487252324213
0.384967994375
0.308745739072
0.360054385861
0.423196137184
0.429528116277
0.54835205168
0.43797883812
0.499652324746
0.317726218523
0.435702886089
0.364456386462
0.266688946212
0.375457323407
0.364646489329
0.330771515899
0.346710555224
0.414133317925
0.382835667427
0.299988212417
0.330890902608
0.34811935523
0.358357171691
0.298194218741
0.325675482054
0.504029325767
0.620657400938
0.275424118398
0.297043355494
0.243573568223
0.488682479088
0.312721015578
0.395794401646
0.322793517479
0.404305744306
0.365457339211
0.480370169322
0.382196952108
0.312810087512
0.435146977049
0.331826411953
0.21474074329
0.405974258251
0.491127089636
0.494503089988
0.412667361316
0.265088709359
0.506949932274
0.330049777401
0.303218432913
0.371531361276
0.357445982953
0.499243777785
0.36320588231
0.337927836929
0.494285533616
0.544912459073
0.336026653311
0.515295603822
0.344290826009
0.369979234999
0.260372273088
0.313139213326
0.379472796863
0.427494956791
0.30519374556
0.212207167162
0.381078293398
0.443296807331
0.449819934628
0.362933126645
0.283351708896
0.479205943145
0.423574049858
0.386630059113
0.378012545255
0.397116686915
0.387195431313
0.336718771812
0.437441266279
0.249499170246
0.327832050483
0.350014889625
0.377939721672
0.457565770317
0.477023574876
0.414559447657
0.411887322435
0.461145467331
0.351161130923
0.35994890449
0.284969686657
0.222906790052
0.330833531769
0.36493517149
0.392065862803
0.317677552872
0.376510165675
0.336720059572
0.246850586843
0.243114419655
0.301934682635
0.355804390478
0.256275310227
0.285522739993
0.265156143099
0.257946200163
0.296492896482
0.218761694262
0.292397446073
0.267888390823
0.277786580079
0.431986405789
0.348675577644
0.290060130082
0.37785394448
0.351827405187
0.418207489227
0.23982197682
0.327415878403
0.275028009589
0.360937085803
0.250441421906
0.22834658106
0.347377750669
0.233725573189
0.195511732537
0.212111140821
0.322684563013
0.250650645387
0.39332722452
0.347736944715
0.29182238124
0.305967158594
0.318495469692
0.218511277787
0.260385933444
0.354737537061
0.301719360154
0.360766467095
0.310579397211
0.311108902042
0.173562915374
0.276917715484
0.194616671756
0.269324455382
0.242918839528
0.285800428811
0.325586707021
0.316338912596
0.280184682723
0.351097072465
0.274864363777
0.312272972021
0.319020596551
0.260300717735
0.336619983781
0.306842600979
0.225698521457
0.264043424045
0.379133034214
0.280040551748
0.323989479512
0.346726576488
0.43406622991
0.252955594776
0.266828952579
0.176439954742
0.328821685811
0.2479442357
0.266500022457
0.314865999829
0.252236833445
0.330614452873
0.302712742132
0.331842369203
0.252063077513
0.307294929452
0.31021359575
0.345237631063
0.275928278552
0.400228378943
0.237235764509
0.331332178701
0.284341511222
0.257312733016
0.324448860993
0.341367290586
0.30131721401
0.25762140767
0.34496991836
0.329541937151
0.326160892362
0.206937758038
0.353465890901
0.403717907766
0.236483992039
0.337296418217
0.358208359257
0.313799395815
0.310341390899
0.3563584415
0.279675899435
0.421290379823
0.344385177191
0.273694050647
0.336714534702
0.370804917662
0.278153176787
0.338595897168
0.281247426868
0.225362283177
0.280449161714
0.318376881677
0.318735106635
0.308695609646
0.27109725717
0.257220737264
0.348523087213
0.246518440141
0.329420799101
0.405091671014
0.366718559138
0.276657611294
0.316893891122
0.319731830507
0.283268990562
0.275967111531
0.26575567994
0.249940403844
0.327339067779
0.209722671042
0.319432953076
0.279716897166
0.325779504459
0.30417062497
0.295463167519
0.167693586624
0.293279694361
0.292536166454
0.302905907661
0.22873173618
0.291574442876
0.279835110028
0.245444131237
0.31407433654
0.347218926204
0.257134373579
0.367853503739
0.223691361037
0.219479793472
0.34550068813
0.370066636383
0.243759865693
0.342553160467
0.235355546893
0.328899389525
0.292253288289
0.332162243975
0.33334416272
0.390404981517
0.361199360034
0.365622579165
0.27437757775
0.240506685269
0.263761842656
0.204185360547
0.272318560937
0.333231031863
0.233765059158
0.331532729868
0.304792548786
0.248086991345
0.321223948746
0.236201406577
0.392594118989
0.270228995204
0.348755936735
0.299221251157
0.270793350606
0.30358393327
0.193355660228
0.346066766747
0.397748778551
0.412483693891
0.272312608795
0.289466283704
0.293172246179
0.276591779642
0.251578267256
0.317625511918
0.279763655525
0.362726509892
0.336433038108
0.265434358487
0.283358950938
0.19609006776
0.313119667255
0.252918486222
0.360198513495
0.286157847835
0.25845500407
0.295443928539
0.255840810866
0.224368104315
0.243035050748
0.287522513938
0.34959096326
0.296268932026
0.187461205881
0.31705996246
0.304118207512
0.325349469342
0.327279785116
0.297261813557
0.297359836295
0.314956826629
0.354686396056
0.327614755029
0.290773877534
0.246706545922
0.356755341816
0.270063208251
0.31916290414
0.319486892086
0.376971906866
0.234154663777
0.235028056245
0.245615918496
0.307697701308
0.266883561454
0.311061059978
0.341623572739
0.234134056993
0.331457579248
0.260693041722
0.365649867265
0.271290381907
0.425392486563
0.294554039139
0.268017658272
0.314106926534
0.277927587071
0.260919789278
0.300367567761
0.27146102009
0.293300981076
0.291862614183
0.361568198256
0.277002464686
0.25288476709
0.279171808058
0.285829517398
0.264488700477
0.160644492043
0.249348959194
0.278482113628
0.25899239762
0.276769335766
0.308751566208
0.280727197051
0.342702649235
0.241042415142
0.354823337664
0.32553310684
0.306397494306
0.283590845737
0.232378362147
0.277674528224
0.25285188986
0.210933144923
0.306411481368
0.303483282476
0.227018584622
0.258656011776
0.343558184678
0.382966446065
0.322819889285
0.285105407605
0.275580414169
0.277749916014
0.35819663511
0.327182563735
0.302273451035
0.234101811016
0.264277694035
0.300189864248
0.329860806552
0.296194565229
0.370973891803
0.246865340835
0.262052982641
0.369726873363
0.263664643013
0.27128196037
0.384637096237
0.395703201582
0.239749742622
0.270466598689
0.267149424409
0.371420463067
0.270002362156
0.298019016113
0.255164187588
0.234169325132
0.350268095753
0.336870125888
0.25337597131
0.358727716614
0.28216481259
0.346040130743
0.277540890629
0.360145082998
0.307621078526
0.218849372169
0.266171076199
0.245493247415
0.348253199965
0.405117862315
0.309081223057
0.210225255102
0.308022937524
0.288568564951
0.337279881934
0.252104282602
0.262863294323
0.160886421842
0.344173332912
0.40282080497
0.363188140773
0.480223679463
0.27537313472
0.231444395483
0.327144100176
0.307294107895
0.245763735997
0.340818664063
0.304259722128
0.271176463075
0.223115981033
0.29975832518
0.247523304592
0.309872400665
0.303591228884
0.307538283726
0.349990717395
0.316985531436
0.235202995984
0.279576527979
0.236090524202
0.283237890987
0.2863010472
0.261602324249
0.29284978402
0.221162139687
0.232552522869
0.309002166143
0.230504019491
0.247397661257
0.253771348104
0.261853994195
0.261206635562
0.343275026628
0.285898887812
0.31785821625
0.417785929786
0.393267559593
0.409247784217
0.206496762583
0.228192393826
0.336862904284
0.292995477762
0.335111197086
0.297733747822
0.319285151321
0.266217990206
0.283188889776
0.302451394219
0.320206254895
0.36042419392
0.389566731921
0.29355394398
0.274214412661
0.24435930393
0.357610344974
0.3158331573
0.308326228868
0.2648126187
0.251576987939
0.258131363712
0.336153495692
0.296515334046
0.352317824736
0.377937670979
0.373139120802
0.321381919816
0.280357765032
0.289978195205
0.360406781259
0.305230427147
0.284316241498
0.269463474543
0.264600780322
0.306771075165
0.291639231835
0.228108769944
0.264367067945
0.309257108762
0.302837847206
0.26526219345
0.353518844113
0.315778858215
0.38669135369
0.264521066597
0.370012198078
0.243672203659
0.273315544308
0.285074921522
0.284666243605
0.181196252484
0.275021632923
0.317308624096
0.315969334965
0.345191274011
0.349319251657
0.332618749987
0.217974483431
0.262277786354
0.280412146482
0.274142011919
0.341595811435
0.321499183273
0.302509773606
0.288168595997
0.355773994292
0.275493770592
0.302201152038
0.380274482437
0.256308386185
0.298385877356
0.440746842597
0.336834665238
0.288887145503
0.29501944856
0.255542864734
0.296252186313
0.33976833752
0.274992875563
0.274942211563
0.301159672312
0.254615460046
0.340611294739
0.229554751286
0.280191000113
0.324607362971
0.297404914294
0.255341092347
0.268341645934
0.199970944537
0.197292406098
0.269119668851
0.400697774771
0.292645354376
0.230449535457
0.289664116617
0.236543807959
0.328556659948
0.37311109119
0.314804403071
0.302541376464
0.446086295486
0.32997448016
0.20836603796
0.319675841606
0.258856867787
0.333755428742
0.22955456631
0.301847180325
0.349763639216
0.349226709024
0.246157105991
0.255321646005
0.393232184656
0.271576026616
0.340841404579
0.30019844201
0.310871271059
0.36409764896
0.24122250281
0.279669475492
0.343659992735
0.29456210059
0.31188288774
0.292965109789
0.275562770364
0.311256543607
0.338101952858
0.241757013589
0.348806062236
0.259997672252
0.269340874289
0.358095621236
0.256238070578
0.36868401198
0.428093158574
0.267638268866
0.408308203223
0.285302028788
0.280222257905
0.311486914709
0.329501469933
0.371388330753
0.256187561263
0.35340253025
0.287351497244
0.203269084781
0.279978699872
0.386446987579
0.321902384147
0.296869742832
0.349612301931
0.290036914024
0.37646763273
0.307071183067
0.377528867468
0.293499261473
0.246286197381
0.320383074197
0.295642131621
0.257977851061
0.24056306023
0.34908715947
0.295011879643
0.240428077516
0.291359652499
0.290130106813
0.304501583054
0.258299516569
0.258194312464
0.312662040846
0.289471177815
0.226295286116
0.253516981143
0.335375127853
0.245882603207
0.244993259562
0.316369421187
0.292844505694
0.280141673246
0.287480947511
0.258737821267
0.27375336172
0.292283299541
0.275754002371
0.3657152442
0.361120139546
0.34101335932
0.258695723789
0.281540818281
0.36002541391
0.321261317877
0.338066888708
0.247978556533
0.340444134656
0.234380113496
0.389471243651
0.297038571393
0.286172923721
0.262457093659
0.237434933246
0.238081504626
0.307934127047
0.254792384582
0.249818120318
0.337870797925
0.245258429542
0.347312337535
0.278444849153
0.288723814318
0.338880056817
0.268118255437
0.262870662067
0.286803219049
0.257889926833
0.328609863194
0.365315719681
0.201876405892
0.266316239223
0.282871253847
0.234608666991
0.323806748028
0.290815693737
0.304058614032
0.288623862398
0.344280966201
0.216970531134
0.29055746321
0.220148392008
0.286752938948
0.40697860565
0.244819128456
0.339420383745
0.315318963056
0.195633787529
0.259075368002
0.302099289983
0.278557333915
0.316047669378
0.343026664039
0.218957756287
0.274649737102
0.313747948884
0.334663143756
0.254224703362
0.335032056355
0.499815245628
0.318186506073
0.331450145275
0.282931000734
0.301221968655
0.310228497157
0.390574208046
0.378688849976
0.255658108431
0.321874420133
0.258036767492
0.417292668319
0.208853152632
0.274709261293
0.310018826722
0.372994107295
0.363633115956
0.330428418552
0.310574013795
0.285369422638
0.348508081572
0.357799744317
0.258614064321
0.244895940502
0.269303067422
0.299759934494
0.25895953952
0.27963138637
0.361905988642
0.335312984883
0.325169753322
0.298459317324
0.224319189784
0.323080345412
0.263601073284
0.314534654073
0.355707360398
0.386013502134
0.282991623002
0.308340152052
0.320085161813
0.241815202323
0.322185390936
0.403951957708
0.338098603478
0.300656407184
0.302922705489
0.322419232589
0.207215492938
0.314424288573
0.307811885267
0.361156468884
0.280846429098
0.381523691064
0.308879972354
0.299555978538
0.315132635743
0.295135492478
0.293630434196
0.295756248256
0.341970648092
0.313626132133
0.284716288743
0.335040787981
0.231848883478
0.240125121135
0.354614528751
0.22855277521
0.297965568044
0.279361328401
0.229786823146
0.306735437471
0.30284472904
0.287057173797
0.282102326483
0.371532920113
0.312097482639
0.240978211074
0.263121861
0.28665955866
0.282438859857
0.178842781396
0.345730260339
0.208562579956
0.281230053059
0.335356509386
0.239500357639
0.257216303543
0.432286716191
0.306545087066
0.313841517936
0.323861864268
0.318711402944
0.355121425231
0.315784317538
0.285815306301
0.24513839517
0.356107903385
0.240532112763
0.301332621604
0.307760261995
0.276591488811
0.359864606912
0.305511880049
0.331317720248
0.2831069434
0.325313730424
0.337443814977
0.394690634534
0.389149784736
0.258850170358
0.309366114815
0.295757319565
0.324836857636
0.324347130118
0.340813142137
0.253293172185
0.326243666237
0.362461209397
0.267907322519
0.262797934787
0.326570830405
0.351779449713
0.373893670869
0.306186900985
0.291912110578
0.345151842768
0.386600341877
0.272163144875
0.328372467018
0.266833870487
0.241217924812
0.226460988449
0.35451482463
0.342173780316
0.389896550305
0.29917010257
0.282308816831
0.250864882703
0.274013189262
0.202079652545
0.312551110452
0.36266739215
0.279854232733
0.358675868672
0.264772795614
0.28064014841
0.304156923194
0.366985028919
0.225251973654
0.379037200189
0.17336171613
0.256962995863
0.33819679919
0.367940584176
0.344358680464
0.3431629102
0.29620470694
0.229920593859
0.302408900086
0.311615745971
0.344624800919
0.274537961438
0.337497504679
0.286616423651
0.208034188027
0.355084446546
0.372957321774
0.310143440528
0.250175358672
0.196862732728
0.336533541424
0.314522828185
0.339112202957
0.309245607351
0.20793897944
0.376938615543
0.339148668497
0.233042679977
0.308521071875
0.322325171743
0.262733112514
0.397538603286
0.321182611904
0.278763856592
0.374765471268
0.288440696356
0.22148073304
0.236252191304
0.322554088069
0.27050993533
0.302923862092
0.328431682662
0.326888981203
0.265775378649
0.323277872696
0.313179299098
0.294227153593
0.339736737892
0.281537633705
0.317840347266
0.267744215087
0.262571805568
0.272878659891
0.334742213052
0.249880315649
0.262039980061
0.309029378196
0.272333887539
0.274647203633
0.373595092456
0.235068639628
0.263115320733
0.305904259147
0.352599197293
0.32538905662
0.374593157428
0.234274655844
0.198013742001
0.356655549403
0.312183451854
0.270621717396
0.281695410692
0.318142062036
0.246572843263
0.330011390967
0.245184176845
0.304845437033
0.311018397751
0.349861690383
0.362348867026
0.21113260111
0.298137138079
0.292035753093
0.29569706079
0.270262839924
0.265678632826
0.30679467016
0.317572468602
0.263096294772
0.272719778572
0.24884296484
0.271131639962
0.337089896933
0.262633500409
0.276427547113
0.344470903807
0.306927137159
0.289281712573
0.31737748926
0.30714633589
0.334153842246
0.27668775985
0.283146909529
0.324682285083
0.293977370088
0.279243290271
0.269929935421
0.293900242975
0.24891993985
0.241228595421
0.319451777777
0.273861299399
0.303499678547
0.332295736004
0.332886455328
0.34207974468
0.275177887452
0.258430096369
0.285812685807
0.276609270421
0.277231095573
0.25251980934
0.385850827213
0.309526905938
0.199224621924
0.252383100625
0.22372893749
0.310362231093
0.354618821778
0.240307313361
0.196187042661
0.388716116553
0.311258931376
0.227461142935
0.306267836892
0.236929007291
0.212544619221
0.418675239522
0.508478439547
0.285766198277
0.369691437487
0.379014115029
0.290004042872
0.299582629873
0.326347856524
0.270975525423
0.382751279921
0.3186839522
0.357447267815
0.247607326076
0.339248451889
0.288278754692
0.313667617878
0.275885607148
0.277460611019
0.30262851083
0.24048066749
0.293481482318
0.299243557003
0.313850402132
0.349983414748
0.375525352153
0.384944894208
0.382800792846
0.437436551907
0.31360710371
0.249717170973
0.2685994605
0.292220989937
0.308251149255
0.222738292632
0.292294221013
0.3286720605
0.323747285132
0.405810714192
0.27244108866
0.266384394408
0.362584982603
0.297602316142
0.251834787171
0.304688808145
0.241943706651
0.37890268167
0.362375079074
0.286920514919
0.289124880091
0.276542646565
0.328426463052
0.303067097312
0.289741284781
0.265409895727
0.267512525808
0.20253662572
0.269085322875
0.34522643088
0.325451153572
0.21665353405
0.339983983279
0.450184146901
0.325285596654
0.272610772839
0.394693359409
0.316450727501
0.198168975889
0.269282831065
0.266284382643
0.320240454773
0.407387669183
0.195401147761
0.293466629632
0.281445160982
0.313235625644
0.30288673633
0.318092572899
0.379803315493
0.209872498477
0.360988785569
0.296356127794
0.389466178606
0.371108691091
0.339015075837
0.368710793818
0.276398567074
0.258429089372
0.329298032909
0.281402642867
0.235437747623
0.247395884865
0.390154420424
0.310578614794
0.257637777975
0.334796974761
0.384766869934
0.251144233207
0.288142455602
0.322302974368
0.204605308411
0.32235482204
0.346428268852
0.322527609344
0.269048930836
0.267243145556
0.342924874179
0.307308005011
0.351329581493
0.231737718837
0.350201376487
0.271025706054
0.373067085364
0.322344459817
0.262456216597
0.261739998781
0.381881410158
0.309618195933
0.314214447519
0.36274676398
0.406054401458
0.300531343771
0.361987508929
0.235321550622
0.329120410363
0.234235821693
0.373561875511
0.309816739656
0.303954089914
0.198339459374
0.280536472437
0.228106455436
0.281109046156
0.333788987699
0.232209096857
0.272549650417
0.322440419931
0.279819524266
0.243373479155
0.232514282205
0.261022444401
0.285857250947
0.222467853761
0.303305171572
0.348292419022
0.320834711068
0.3345713535
0.359368304387
0.311194616844
0.351036922194
0.218118614294
0.26696957851
0.292604891545
0.346884898164
0.274420912441
0.267252286545
0.212326462348
0.271379399483
0.359673021232
0.343042744439
0.344479769865
0.396376057716
0.336605429297
0.400885535532
0.329877063552
0.348443116445
0.368637392648
0.282848124464
0.244159624901
0.387879249381
0.331627963423
0.351706960806
0.278603371914
0.303404544095
0.340812502511
0.356644451234
0.2547570163
0.321917906925
0.298991569394
0.332128220956
0.318595907966
0.37242002147
0.343470480741
0.242557302658
0.261618994944
0.244112636131
0.339419222291
0.424221040493
0.251291454868
0.283741187694
0.349811777527
0.236961372025
0.402711296051
0.349904428764
0.261833620955
0.28752664997
0.310348801479
0.337812753261
0.263002161213
0.267363579669
0.295437680749
0.282184869841
0.3332318002
0.317342077516
0.202589348869
0.348103848521
0.27216832942
0.363758100184
0.33851067261
0.267205799654
0.254993519242
0.348155229154
0.422232196823
0.428653989067
0.359773822928
0.321539289576
0.27224027036
0.302781355749
0.179340970147
0.264180811573
0.335948010147
0.235864248248
0.369094284821
0.338606340304
0.285933226305
0.355156201543
0.329455792743
0.352292986001
0.338860798617
0.306001683196
0.320652311138
0.338086479198
0.359910473336
0.343595129535
0.258488225999
0.342951106319
0.391796671951
0.326493112294
0.306124311647
0.260742597422
0.347611257681
0.310457232361
0.295732194994
0.40070575285
0.28534805351
0.396556584765
0.290017537513
0.2107640861
0.326098560976
0.299749087497
0.325018986489
0.297427404009
0.342038721798
0.30125048192
0.349805757953
0.336685085943
0.370982329609
0.33195557237
0.341377189329
0.243213077884
0.241145479944
0.214139734634
0.312157012586
0.283506433377
0.302393463977
0.278679375005
0.359918232997
0.328900023978
0.348856692041
0.411104763589
0.34822609431
0.312653664261
0.502871478205
0.488653293184
0.358030215174
0.407450822209
0.265775452272
0.542837947202
0.473944361646
0.358039183904
0.39226228024
0.480578787155
0.451650748545
0.4147678117
0.457527998528
0.41138255741
0.543112523896
0.403699360304
0.299323500657
0.385484203108
0.443488343717
0.327374490473
0.450619249174
0.415191912969
0.404292523684
0.444374537497
0.435458601482
0.452458485864
0.424173396037
0.387672339596
0.407504542996
0.390805451614
0.377277337192
0.429250970383
0.403030870405
0.509435841847
0.461475678095
0.439149999889
0.313895077781
0.460349081644
0.437439733895
0.369790095425
0.243080627749
0.344675233729
0.376228336621
0.330474391323
0.399352969798
0.473462720253
0.323690563417
0.420939550638
0.43755482689
0.43177937589
0.39599255028
0.481136307367
0.450182087406
0.386090611237
0.392289727932
0.481167065975
0.399978510435
0.41859482809
0.301089959923
0.358728432327
0.335509629889
0.335931360098
0.589665322249
0.545450533301
0.414152540087
0.514554721701
0.309301197341
0.625499850259
0.399945508902
0.392358539874
0.266701510017
0.497353200275
0.323642815085
0.522000406517
0.348196387694
0.430727694204
0.406223477654
0.403963522918
0.491364599811
0.428752931331
0.459712471028
0.375363435454
0.344223511205
0.309847813747
0.435398725256
0.44489902539
0.415012677219
0.466230673775
0.501087124727
0.215808067977
0.360395803279
0.260401718847
0.278753873246
0.2872435984
0.278685409837
0.327454083408
0.388341056769
0.312418702634
0.319489464766
0.333414225565
0.351842014493
0.351342363943
0.244744267106
0.260091678922
0.252121869733
0.292068706518
0.276863525426
0.278187196009
0.420611122087
0.257652228632
0.282453965061
0.246124666884
0.320862818272
0.264184944005
0.404945246094
0.315262072322
0.299270624746
0.344794136644
0.25519190892
0.315968366471
0.292765843134
0.325862958377
0.254880622321
0.318898097904
0.24896739104
0.271275831273
0.295172721099
0.228624325304
0.272038263662
0.336639474949
0.256235584611
0.355520422889
0.330775415126
0.285789313134
0.268403973218
0.284233551195
0.277414695988
0.31061711742
0.232905737113
0.445964346301
0.205118795412
0.15065663891
0.26245707966
0.225258135307
0.275639382161
0.356640889407
0.25949409861
0.323175892692
0.323830980783
0.334280865718
0.328622016418
0.370828492501
0.389092033837
0.223603223299
0.269111998275
0.306555399187
0.31810487481
0.414643449322
0.31608762085
0.315549703363
0.287602435421
0.240374424625
0.222233447313
0.252612051664
0.315879036394
0.290112003652
0.254148699642
0.225460806056
0.257882891822
0.352359511389
0.266827592832
0.391080477656
0.225855077438
0.273113526756
0.329134337277
0.280841165138
0.289929820629
0.302489847258
0.395037636134
0.287906331919
0.404021750984
0.226464359618
0.267315053158
0.352863202369
0.404198506694
0.324520109918
0.272571564
0.21113472083
0.238439533066
0.308118730351
0.31116412371
0.259143274411
0.276964139084
0.24224929675
0.283766822413
0.389815479369
0.348389638858
0.311293670139
0.331632339734
0.356058466972
0.29758870922
0.355527273494
0.305124357108
0.234671102979
0.211698807799
0.32442148237
0.31525182324
0.382907563418
0.323922637025
0.364611183773
0.338734595872
0.340837212671
0.358136461394
0.205922438989
0.233446812085
0.255891507572
0.319888772068
0.264577558149
0.308458388506
0.346080251823
0.281769682923
0.328432264763
0.392148860411
0.29120868735
0.382847087246
0.302953542756
0.292343001862
0.296952485429
0.218421887908
0.276752662914
0.345481456734
0.329379474863
0.285517042163
0.242959402916
0.291439577907
0.324309591443
0.385485194613
0.365708899681
0.354136042142
0.317633784417
0.289367417498
0.216512455204
0.492969281051
0.230065959767
0.311059914852
0.252296583693
0.348598829335
0.283216363993
0.338144872562
0.269021252831
0.283868183782
0.387981412641
0.263813134575
0.347182020433
0.447724445105
0.217479323722
0.309139332084
0.332120490917
0.356961158563
0.34123847233
0.376415211477
0.412862756109
0.346243011609
0.324849496454
0.238934024433
0.241558164091
0.279895484179
0.427843059369
0.276199383159
0.339380084798
0.336738701964
0.320627172194
0.348005027166
0.319790248614
0.385444260897
0.368837047165
0.375194774476
0.327112269499
0.332180306247
0.320090971604
0.312864650332
0.309509245832
0.292992898412
0.281358530508
0.325526266628
0.348660853915
0.334981846173
0.265938988364
0.306182865768
0.416748893014
0.362162111967
0.319369576445
0.316270198089
0.374866081014
0.341454530603
0.301757317568
0.288749009402
0.288826244871
0.346584995943
0.415461104107
0.388393766201
0.268761738015
0.319590515719
0.362586178579
0.26327054839
0.351200535013
0.383951348349
0.320448411633
0.38390366197
0.305494129482
0.358613596458
0.259224374263
0.36491872356
0.307516925893
0.305608151767
0.214351663394
0.297243613184
0.317473005532
0.251484628196
0.272536575952
0.264619819459
0.223191314514
0.308865481232
0.332747711314
0.299469109851
0.21193854467
0.410476072991
0.297601817111
0.415495123257
0.329068623985
0.298431789367
0.319885375476
0.263257394172
0.311802240642
0.25248572427
0.375613940185
0.389900657625
0.315897463029
0.401694355459
0.400602505881
0.311466069409
0.30208044658
0.316238199194
0.329487929485
0.266758857626
0.312263771245
0.306412561003
0.312869456465
0.379988955606
0.374738666812
0.287632463897
0.25307858705
0.313088326691
0.260552325207
0.313062703855
0.370720514951
0.261888492024
0.27329254977
0.369370698231
0.262286351462
0.394834019484
0.321076916853
0.330228995368
0.425903966915
0.347700777128
0.398248495373
0.342488953549
0.377758201916
0.346985568228
0.271946583168
0.307562249793
0.355091079056
0.370970757144
0.285830882941
0.339112532454
0.395493995623
0.389714974883
0.414721689738
0.295723211152
0.257562437806
0.430278267242
0.358628293007
0.312808927132
0.262669125256
0.250327044484
0.325351443249
0.305400950098
0.275382148469
0.3414266018
0.354130001571
0.389503393465
0.327649778625
0.368883746463
0.263870270725
0.324872029044
0.288538774818
0.320203044639
0.274787713533
0.37124116027
0.255691491364
0.299157710972
0.269005935392
0.275126788779
0.282952227155
0.29110411699
0.337530093394
0.36011534934
0.278048742108
0.357668852699
0.245909626359
0.260386384078
0.267455752828
0.250765488218
0.309324330064
0.356633228605
0.218192650039
0.251627617834
0.322913900495
0.288733630018
0.242894410605
0.361058365868
0.341524824434
0.322786923398
0.395484682068
0.34115883937
0.369266212975
0.265218757356
0.372745429846
0.382421934686
0.404550810712
0.301451389757
0.317459231713
0.360583658608
0.35049459875
0.249042364793
0.284338491917
0.326555032921
0.295460615617
0.351761423738
0.325472864258
0.359093899031
0.434761018036
0.327188931668
0.249490873013
0.319817232693
0.33596396991
0.328090829815
0.381758163639
0.380294667802
0.358774196755
0.288887320771
0.315046590009
0.264723408789
0.39484812027
0.380739719707
0.318229178785
0.35176233286
0.319743938731
0.285958521112
0.286999589228
0.245524345281
0.316442314272
0.259532745864
0.286737781407
0.208308867767
0.398756289462
0.434241671961
0.278900344268
0.228199509956
0.265144312517
0.394886446173
0.265857107101
0.282589565955
0.343379666624
0.387279987275
0.318698687053
0.309233376842
0.376480843467
0.327391336749
0.367645258785
0.344942429366
0.326117081962
0.455927747438
0.296511731938
0.425277561658
0.321677704128
0.263313141236
0.349715700691
0.326267266168
0.37669137895
0.351586573893
0.320253495418
0.308453674524
0.276454276099
0.34739371129
0.265139659711
0.345026598434
0.351519223445
0.279320782669
0.306889528624
0.324419817914
0.213308859116
0.291987115241
0.289395880779
0.433566588593
0.327421473004
0.390890171701
0.294938895195
0.278669270202
0.356946468887
0.266728795818
0.386092623289
0.313762750053
0.244598228718
0.296287611291
0.25001099834
0.311608530667
0.357347874489
0.434971865487
0.332624659532
0.403970873758
0.307864555607
0.301341098156
0.398957392937
0.319774990988
0.283446595674
0.276680904281
0.35198471986
0.358943826729
0.277975451381
0.344436406923
0.304831885462
0.322427782174
0.318814262691
0.32070092496
0.402574883117
0.363590674539
0.221463528852
0.324083910301
0.289919537927
0.266264721051
0.319903659972
0.359264534093
0.339567428082
0.324237704333
0.332626832966
0.335083430566
0.340643611871
0.173214703304
0.353386061521
0.365137340787
0.32340292277
0.297843813093
0.332438201754
0.306189386946
0.346783868213
0.284691091509
0.333747445631
0.281047204652
0.376143559079
0.305986021911
0.285236418557
0.360499397088
0.315160047996
0.399641129416
0.301761055658
0.650554581021
0.511515654079
0.293379015397
0.454969142401
0.44034271412
0.474206009433
0.45939588715
0.346068750284
0.608182428058
0.494026454348
0.411458388835
0.588216145519
0.419811245707
0.48342866676
0.545380630026
0.464412150375
0.413416007144
0.569814086212
0.474331569347
0.263715462547
0.466154139044
0.504250854883
0.407198633337
0.420733074896
0.449670714685
0.435111948656
0.44845894388
0.550004238988
0.392112317857
0.451315486462
0.243504915883
0.187489358946
0.557401274207
0.514419956782
0.445044832925
0.488318975174
0.556849685571
0.313786378672
0.460629252504
0.367981733775
0.526088807335
0.558885662636
0.443424963829
0.520365909378
0.36089954655
0.323454003025
0.461613376107
0.385953956973
0.582659532723
0.470985435978
0.440886245301
0.59390262528
0.482242479182
0.505596870928
0.294838749626
0.534138365566
0.331682765876
0.22929434591
0.485841893784
0.412525536387
0.543648255842
0.479033269137
0.593482333833
0.336414359593
0.48841416193
0.290727893053
0.426831576367
0.535637146227
0.403426625728
0.418960124288
0.479965064757
0.502187590106
0.592736967628
0.502182120842
0.5739859853
0.556582523484
0.470319572751
0.459914887253
0.667597246828
0.504969552552
0.377131411057
0.503139591279
0.433593059144
0.574338114823
0.519014777086
0.415200662701
0.428031264671
0.473117332417
0.598722611747
0.477811202514
0.48471203444
0.51243494075
0.360409249188
0.368970877389
0.395723646678
0.524150204786
0.426241303057
0.490339014128
0.467824913193
0.474375218961
0.622830639755
0.435903340746
0.422348853473
0.496615555247
0.484004217558
0.456315616021
0.481164453254
0.424678566833
0.615611736168
0.439389577575
0.494905586279
0.541013969453
0.416302132528
0.38976190855
0.620114940843
0.56396776058
0.453458306514
0.488799620905
0.238981873433
0.557666619937
0.523859834526
0.243713090992
0.60858494571
0.334660829924
0.375074776894
0.516444577347
0.506598085086
0.430264183185
0.302273836022
0.301131165442
0.471034262491
0.373780337015
0.38842903639
0.520571879972
0.441498093216
0.522445869881
0.527240205368
0.383417686365
0.520265813763
0.489948919629
0.533011681023
0.32165086919
0.351586402079
0.432228270342
0.313905439814
0.418784609086
0.605306753853
0.274792344732
0.244329030556
0.471100799067
0.400939773694
0.317832307184
0.262973534279
0.384996076568
0.345413633494
0.330870649287
0.188087936078
0.358305254654
0.311596264915
0.317340814502
0.366264058198
0.342092274755
0.396917341079
0.296082963263
0.32968575879
0.252445745962
0.323004317194
0.363512257181
0.298576934372
0.423260227455
0.364263980697
0.287490989857
0.328780239131
0.242696113772
0.222243538207
0.283005075637
0.300082333475
0.291749920548
0.418716590983
0.429236600179
0.229707533265
0.357732607736
0.306252789683
0.248292470366
0.26099056284
0.452250062397
0.428134864197
0.347462758446
0.353708910807
0.249193037918
0.326772663378
0.295207488842
0.28799453336
0.408282128634
0.322701417627
0.319743832269
0.328792964358
0.284500623748
0.386644898508
0.350293977069
0.332075838906
0.312699469265
0.276504477401
0.387838949578
0.263568266668
0.404028324869
0.376067533371
0.333851038175
0.279016858366
0.328071927953
0.263214425617
0.301564177348
0.214162377009
0.364933176672
0.283870244488
0.320339690641
0.269922074083
0.441732097381
0.318696301895
0.326906652211
0.329578598213
0.277266593418
0.261671606132
0.305497914036
0.346745437832
0.31790998654
0.232911363915
0.456823024829
0.276832526197
0.265477869652
0.271292732882
0.386949352422
0.298537232448
0.375640619718
0.326169067284
0.303338211505
0.428234469168
0.288168719003
0.324111527675
0.418368881989
0.354265106284
0.264717121817
0.300646961435
0.276156270679
0.310985352035
0.270183960554
0.303542749962
0.301525454426
0.253828248061
0.411190265642
0.308126520571
0.272077599212
0.244319506778
0.278780831808
0.314863486808
0.264717617794
0.321463698725
0.277067802495
0.31854209316
0.289415695886
0.295344332722
0.215900164024
0.334119568056
0.378503692009
0.274807707346
0.294445192337
0.301253248879
0.274174576896
0.267152734299
0.283786792962
0.256750749374
0.333759411187
0.328872098824
0.359325215403
0.314179206077
0.298343277252
0.346774854772
0.262881683533
0.265350764229
0.300181073119
0.280180494426
0.296868959068
0.507348206926
0.364413844738
0.346640444843
0.312514456366
0.262638204277
0.323678390017
0.330942131619
0.339779662395
0.308568437744
0.413899868882
0.36698745939
0.294079606645
0.316219747022
0.403991280506
0.418894838993
0.229192062067
0.29870892999
0.318422734429
0.285284828366
0.298123292312
0.293759230738
0.347877016041
0.281873403737
0.325696595069
0.303782664884
0.376734351969
0.277819656721
0.333498035187
0.217010448531
0.37100194086
0.306624157
0.208938038394
0.284729165941
0.270482975045
0.283090723153
0.384027855182
0.377343966413
0.322125865338
0.319748659056
0.351649449629
0.241527846708
0.340975966069
0.327638719144
0.309273122204
0.344671686301
0.270698139263
0.272549103716
0.254048448691
0.237261837472
0.244782013462
0.255841055576
0.357184096461
0.173337539526
0.283767352781
0.323880854661
0.34455028065
0.314540663109
0.41110750298
0.344132298759
0.202191381624
0.265567747773
0.358011104422
0.329416817701
0.32317534864
0.220177295027
0.38606132106
0.375304836919
0.288317975877
0.261182821452
0.381484661209
0.320526747892
0.363487381999
0.352890684262
0.267631922859
0.325616914692
0.312111001183
0.324502296396
0.282273842458
0.2756665932
0.345718774544
0.217186663253
0.252453307196
0.351064141707
0.320171557267
0.226974472116
0.285620874201
0.287604911232
0.270660888593
0.360588305181
0.228374740486
0.360119861195
0.303258332852
0.285538695493
0.306407666361
0.274430751713
0.283012979832
0.336761625629
0.252767468661
0.308779978841
0.310625733098
0.306771737435
0.312148071957
0.19955040969
0.28273585408
0.261336770454
0.274830831713
0.306864743639
0.241408198083
0.311127317636
0.304081177656
0.277373698532
0.297486967202
0.293997758647
0.268172464332
0.268092603772
0.280327482341
0.332695055329
0.342553529733
0.295289635463
0.352277018668
0.283456531411
0.261903525435
0.315450666809
0.283043216969
0.39100214703
0.317841649184
0.345037318025
0.274985020554
0.32413409884
0.229983666549
0.318907351799
0.332211294456
0.265241226358
0.298855060396
0.242520121735
0.314503750042
0.360099819517
0.32735962576
0.288844526232
0.276971392256
0.37226573564
0.211559185901
0.186033140674
0.260008009272
0.340248427594
0.346460466151
0.320375957348
0.224233620541
0.254500544984
0.260302019135
0.310401990659
0.284259381323
0.309726624456
0.234638238509
0.27615826387
0.286156181417
0.347816280958
0.324136200394
0.29463283918
0.270441182766
0.428564102594
0.281222594108
0.348619119812
0.454822042219
0.345615059774
0.310480218356
0.265481158081
0.228572809005
0.352037986539
0.3848944144
0.307210168794
0.344930166295
0.310175697287
0.216590180836
0.38337908608
0.354172992429
0.230456228203
0.350300123905
0.277798648004
0.318117465039
0.342093812536
0.258783844429
0.395786340802
0.24339051905
0.29219481205
0.335689142599
0.265280908509
0.236070843305
0.26871640221
0.3658754414
0.253529836666
0.306815952255
0.249358432087
0.229789862406
0.234182816996
0.371342787997
0.283106395121
0.431958443771
0.433867168216
0.263649764038
0.227321892793
0.3643939027
0.308951234164
0.309460819218
0.271629930076
0.27247873414
0.36908776716
0.548493498534
0.256377212551
0.30162804516
0.33379890723
0.237559796483
0.360122178589
0.273839984116
0.286018530946
0.258198878678
0.260083063222
0.322367089564
0.32424428231
0.31288485787
0.242747102864
0.342353307485
0.356969303278
0.467470841655
0.339004354192
0.355060994874
0.301439915348
0.201498472185
0.433697393403
0.380770428569
0.301573558741
0.323135450091
0.281313269588
0.262183311709
0.276999303997
0.343897394085
0.247950405252
0.315795364774
0.226111741102
0.295903887972
0.34412084598
0.187969433568
0.370360025898
0.310355518292
0.276658199831
0.296185789716
0.322472585027
0.24368603834
0.293614805465
0.288807361396
0.330244348773
0.337717845559
0.394527141016
0.538167728658
0.423156993801
0.307113472527
0.329189669436
0.390379300279
0.303505394402
0.322898301546
0.267535165669
0.293996922974
0.275968432157
0.301216780411
0.270597276321
0.340212288713
0.237375232516
0.302889831258
0.2008346625
0.243187148973
0.242272305295
0.281673952722
0.254021186225
0.282642399593
0.278361282294
0.390907888801
0.357227710403
0.277022037431
0.307841796169
0.36551622169
0.361961057401
0.256807871626
0.273552979755
0.280865596292
0.293719266857
0.318210932022
0.299494599651
0.307553719915
0.283413685417
0.365045704806
0.357365675416
0.262317970192
0.375307894158
0.26634302524
0.329336549047
0.320528720743
0.370555903931
0.409671511426
0.257947340976
0.330061785168
0.390455423098
0.232319593968
0.245432821467
0.368056631264
0.255046780344
0.3094055927
0.253314293249
0.422571878233
0.330993847181
0.295915839683
0.314257260818
0.320029126465
0.336323023733
0.31451073745
0.411202479708
0.428905814546
0.331467261681
0.299291433024
0.253564329395
0.290191274478
0.329342981707
0.273012974797
0.253192727271
0.261979594276
0.254347230626
0.33394387063
0.32257285471
0.343345648849
0.354828714222
0.310312469532
0.2090586747
0.370174410317
0.285673992241
0.339076434818
0.326543186632
0.302297358764
0.30571743613
0.249589284665
0.268310989174
0.327800914736
0.358357837197
0.23800819555
0.219169598786
0.319524012062
0.27312440407
0.291010914794
0.31393029193
0.362455367444
0.349935413933
0.360287578048
0.435725240376
0.241724912704
0.412000153761
0.282058305349
0.21194939842
0.246807000727
0.277925985574
0.326499094722
0.332900138735
0.336507343561
0.323339660173
0.426419301504
0.409197533693
0.318685500835
0.198917092263
0.30520324849
0.319565991921
0.343861753349
0.261965109731
0.312000386054
0.263955563279
0.393692735097
0.221899425523
0.365418728113
0.337369879126
0.313893456521
0.295546769185
0.279041456106
0.27824568654
0.218283763955
0.34945192609
0.285476331389
0.287689680131
0.311090428975
0.239749472627
0.27278923019
0.309931395395
0.255379923411
0.276628977034
0.210605474947
0.278263328083
0.20114197
0.35559208665
0.250233090766
0.249117377719
0.27906916174
0.33991777907
0.450160328872
0.323781562642
0.287682468164
0.288258216801
0.324160366768
0.331150647283
0.376681330517
0.306954746582
0.296658335408
0.317574185098
0.281321478171
0.382679493606
0.319108474988
0.281160545832
0.373980570201
0.28871297018
0.364266507412
0.408808976877
0.332404234278
0.264805772096
0.41608634067
0.299427303897
0.278406660757
0.315208507491
0.331573046274
0.263469826115
0.343316635984
0.32529151501
0.261458432799
0.261265232908
0.3279958972
0.269399317885
0.324928140548
0.292591932075
0.326324074084
0.349293036971
0.312700412438
0.328884859637
0.298713128718
0.301358143158
0.19119158283
0.366867891855
0.323857009732
0.319633621224
0.295808278858
0.203629407382
0.179478510522
0.218500496265
0.283999336913
0.349760059846
0.258874610973
0.453916969061
0.288990873196
0.352444743377
0.282819202171
0.38993520086
0.357709229823
0.396929966148
0.312319689747
0.230399294371
0.259051153134
0.347348029413
0.278808973733
0.37690566148
0.328913388512
0.436656169053
0.27802249766
0.368800072617
0.31863676382
0.300852876299
0.419898193504
0.328745401051
0.388020416266
0.410224204064
0.320338838959
0.306456098877
0.313409839537
0.317815756336
0.244330724521
0.329043051194
0.223420834162
0.271978174046
0.226610543944
0.264317547218
0.311521964906
0.250210770555
0.350269519768
0.266992331185
0.254270953421
0.270219790998
0.205023162807
0.289132829953
0.256719797054
0.308828454876
0.332231788476
0.279321367768
0.272530050504
0.354901716217
0.352026842482
0.221512776408
0.337727274646
0.200276044032
0.32547319188
0.251755773012
0.303393318781
0.336072698403
0.35962353554
0.298665467186
0.398712246542
0.332674114833
0.331235008031
0.293244134621
0.320929606423
0.323055080759
0.286555891294
0.319508575486
0.198955738095
0.305559586175
0.311764783507
0.306891225669
0.291214044756
0.250876400759
0.283111864245
0.390868792624
0.208787542735
0.31214340806
0.361431487026
0.305253958051
0.225588425749
0.164514473461
0.294234019743
0.281616340179
0.363449041719
0.304682665722
0.24698524602
0.374771178713
0.343596245075
0.285667176749
0.294809224444
0.34419555987
0.332257696286
0.255932368069
0.354494259938
0.222651470239
0.234177965151
0.352349316709
0.280036433369
0.364074088643
0.370822775164
0.344188427719
0.306584086524
0.39018700229
0.307375645329
0.342778718986
0.267049568684
0.228090099159
0.423118700194
0.227383026612
0.225554971623
0.362660701605
0.280936960462
0.300441979661
0.298475326531
0.28872341303
0.372837008695
0.385425081845
0.285610627036
0.326882984598
0.33378842262
0.302459788728
0.24405315969
0.234950735516
0.265937258847
0.322425733578
0.278425998088
0.303877353575
0.209189717315
0.3044774155
0.31300981436
0.302954221861
0.372385720819
0.298397098432
0.317935954862
0.301342644166
0.256439345485
0.232899842378
0.32625250648
0.363848812909
0.350978844397
0.247643405233
0.284584696248
0.228886429139
0.298744266017
0.276235003053
0.176195927239
0.287512923087
0.290083429603
0.320292633359
0.356663440588
0.33701451766
0.2175148495
0.28366603999
0.361304127844
0.262557213751
0.317228537347
0.26446507058
0.246418639767
0.329044128728
0.214237595555
0.269476972418
0.314338350064
0.267160627961
0.265051601356
0.322511360053
0.313106497825
0.306915287285
0.32718336331
0.304257080964
0.305658785712
0.321253952289
0.299178147256
0.303452756825
0.274847625815
0.360095745062
0.28232678837
0.273574063482
0.215897928704
0.285677873336
0.220671522515
0.306519230805
0.257062319509
0.303993167742
0.313783643222
0.303987290305
0.294690666411
0.329173920277
0.356423013894
0.329175103646
0.323613865462
0.215235432654
0.404824760717
0.314143759736
0.287032824537
0.328379818772
0.26044819771
0.321430850222
0.263091520561
0.22321508877
0.293551637277
0.285962189794
0.395829344507
0.274354155481
0.275803044983
0.395812500983
0.31627320329
0.332331138874
0.262429768492
0.311252446354
0.331760811687
0.32822886623
0.20591247131
0.251131731466
0.244477052827
0.22612056577
0.317888696406
0.263819950349
0.260443966125
0.27755397017
0.355085031418
0.300045205223
0.29980073559
0.267160199061
0.317567886796
0.210960279862
0.249852579975
0.237361787764
0.273719647111
0.34961184059
0.284800424801
0.280901433427
0.260861540396
0.265349529759
0.364569532116
0.304300051632
0.36015713938
0.307291806785
0.343602879573
0.347921552668
0.30286487521
0.359637522295
0.256410148595
0.276714972659
0.246736052925
0.350659481972
0.331646293607
0.286229455402
0.369045182643
0.335162804057
0.391483486436
0.335901405003
0.315089686723
0.28052565929
0.229598537667
0.378679843702
0.303539903281
0.236596338292
0.336573911249
0.341413526436
0.347988684316
0.214569421013
0.218545949818
0.288313833627
0.295475153271
0.291502058844
0.195093512543
0.225621555313
0.238423243433
0.353513181904
0.323814215054
0.277803660882
0.241449544034
0.328622488849
0.398407862968
0.332550022049
0.362631914552
0.307112012101
0.373104161758
0.289323865924
0.354080473245
0.34496306001
0.324833634062
0.254910346116
0.213305593277
0.325781405099
0.333167330301
0.258227056725
0.325735147362
0.360117404243
0.275566676492
0.308730334698
0.230390854929
0.283536243643
0.285902609779
0.210140595152
0.318188829689
0.286719216373
0.173516139754
0.351995417348
0.208654292628
0.394260107969
0.228480551022
0.33029084929
0.337770473193
0.303547903011
0.257522867624
0.332068015648
0.30659820139
0.24480537292
0.282792525855
0.307491466704
0.334923566571
0.288092430814
0.285051739348
0.249317140066
0.280223073857
0.247981594045
0.357397795543
0.292323514913
0.296438527185
0.351712011473
0.298720039414
0.186909648478
0.255278397476
0.273973787748
0.304889201402
0.309882590944
0.34620397328
0.348547711535
0.311131853487
0.34204997695
0.296943300872
0.272813181966
0.244877063766
0.302135909038
0.329308018392
0.465178168937
0.280548354953
0.518361156791
0.536947823647
0.490428261724
0.504566746161
0.429897744668
0.418142569455
0.353947440931
0.420338723778
0.426469985455
0.551353626023
0.396993692552
0.525741275501
0.36112467755
0.465898058533
0.396968423059
0.377541391442
0.594458494559
0.270160810618
0.491221726584
0.560020898831
0.527106426497
0.611652224013
0.527009211063
0.339839844771
0.483935742157
0.367769186083
0.338563950348
0.450118974393
0.535010402449
0.510465957326
0.433755615937
0.366168920101
0.54407637182
0.379937359428
0.358900539215
0.447891453178
0.387514104737
0.350100716646
0.305825257037
0.549411875766
0.486449551289
0.316367300977
0.472350371146
0.40565367806
0.535325348662
0.453860610398
0.46394836013
0.418798110146
0.456541281696
0.527897068487
0.45406042513
0.419153523503
0.3622291459
0.500938772527
0.249483582506
0.484858053958
0.350562200064
0.488746745674
0.37166866607
0.574196989591
0.457230840667
0.401906108507
0.48204248318
0.4389282751
0.438113202669
0.37439733705
0.441183672873
0.296422329745
0.450917723817
0.52737105782
0.426438958263
0.341041467823
0.418229668948
0.669752450948
0.377666827591
0.31160615348
0.537296159335
0.494801968326
0.515100258796
0.414725555758
0.448160217607
0.502474108832
0.397566281419
0.396740682936
0.281849924836
0.401711993578
0.390860624184
0.744319422
0.405098134009
0.470785969747
0.246585371748
0.447344740587
0.373869577544
0.342520696364
0.502174837927
0.415354790912
0.415658936997
0.381993788555
0.357052835167
0.287649815687
0.30717807768
0.38523582314
0.244213913326
0.37128280332
0.299905947055
0.20726123021
0.313307290874
0.366103374228
0.281863917622
0.285919741745
0.258104820942
0.231637536366
0.316879751875
0.258023237081
0.337851971626
0.323205441296
0.382962707958
0.281065706821
0.323706877117
0.300132878611
0.314104673033
0.345870985829
0.245033838095
0.294449792122
0.311208538395
0.377941696005
0.351203966226
0.556078021726
0.321922844265
0.260352892476
0.357493486486
0.215044344758
0.388562420136
0.309347332341
0.338567510573
0.256100323401
0.272438302429
0.31528937651
0.407912372812
0.312496166664
0.288995809852
0.297545267482
0.324465429811
0.307203563564
0.311693523549
0.273969594903
0.364210440334
0.262315542372
0.228923607586
0.244896048266
0.288585596266
0.31666037929
0.310044315146
0.263108863794
0.279288256219
0.35812523059
0.315019665121
0.428031017147
0.252159091449
0.3334525705
0.309589743082
0.261696739354
0.235578288112
0.323486654245
0.246983106239
0.220058062286
0.307046568291
0.307387553215
0.293557348136
0.233601302053
0.315432114863
0.285533513564
0.250473066823
0.264538247232
0.329642728831
0.36279734421
0.29165842724
0.437658256394
0.258537013883
0.255926623618
0.226559298406
0.329870450732
0.369868388626
0.266333675903
0.283540706452
0.267983577539
0.380745718639
0.337670193333
0.327032112888
0.307599230227
0.319699314834
0.249054777387
0.378371965811
0.274419630456
0.368850061351
0.300372236591
0.240150360815
0.284252563959
0.219569751906
0.260127977718
0.34184584526
0.277026142476
0.363220466377
0.333850342094
0.231951891753
0.321250900655
0.309560407177
0.251818135828
0.37693216614
0.270577033906
0.314876131225
0.320067681206
0.283401080531
0.424265666812
0.169249120847
0.230642973556
0.272313056095
0.242215678199
0.23150740599
0.385125457731
0.284045225582
0.313581062517
0.303595441971
0.46800690571
0.323659182878
0.317745825673
0.257003517656
0.284618247222
0.314542628438
0.308758538079
0.252871605193
0.31146704479
0.278355053034
0.190129088696
0.276587509142
0.382601404671
0.338599589176
0.262856095854
0.304758436498
0.327826690088
0.331199496447
0.275969953713
0.357872889019
0.360566484847
0.414782354218
0.309555752447
0.313996549271
0.253741571691
0.264105228874
0.323661372184
0.184639800149
0.294348500209
0.263260007482
0.334138839008
0.28536588961
0.304468171741
0.29310371286
0.291232253339
0.372865035342
0.279767781946
0.268107074572
0.378675506907
0.382075656049
0.325603003048
0.402116012437
0.221396520754
0.302433292786
0.267029062149
0.398332276616
0.234167062533
0.312156410938
0.27513302871
0.280082631905
0.326065301321
0.35490005959
0.320380443973
0.258499600067
0.190444997108
0.251225547002
0.264058611385
0.240524559203
0.373947137945
0.43954756662
0.328369260185
0.411630772909
0.230581435834
0.327110648134
0.247462446651
0.253882069388
0.265669542275
0.296172947791
0.285171995953
0.232166071818
0.270013894351
0.249659372162
0.231111965223
0.254531202756
0.334821785761
0.283459893294
0.283175285146
0.321006312406
0.400423063482
0.35262687427
0.247052642553
0.360947979611
0.288736623583
0.270834875485
0.315871065196
0.532581106338
0.271734600163
0.362590205254
0.238916962251
0.276838468824
0.319904480497
0.251141990028
0.29276399058
0.323501762968
0.233244402631
0.387670097923
0.274324266697
0.362188150432
0.185902020571
0.33615046832
0.300117500426
0.22655022038
0.270958223005
0.308948410289
0.239811179981
0.342098791337
0.322653788246
0.268978484437
0.297883949822
0.342532599709
0.301055492914
0.33444440544
0.331222321005
0.286781274485
0.277254010756
0.273125865823
0.433235308769
0.217352414924
0.274259456787
0.28890600254
0.189133628245
0.336947533555
0.353881108983
0.342023646974
0.367570041607
0.372807008918
0.292385464089
0.257292708342
0.213451437042
0.242651012177
0.173580459787
0.193450779303
0.290389634735
0.404977866187
0.233446454047
0.269948098578
0.416857439086
0.300686302922
0.283327842149
0.362848524486
0.497174514799
0.455700506566
0.227370326267
0.382321602232
0.214452468282
0.33189873004
0.314241419404
0.296768692699
0.328307686762
0.399944955289
0.291212814236
0.382620211903
0.326228784505
0.285924088351
0.376765282821
0.37933719271
0.32658283054
0.319646788775
0.344797779301
0.3363492851
0.291357838976
0.245455868373
0.320672132226
0.251996516606
0.288071029283
0.301120932252
0.229124292246
0.349725145175
0.297399647234
0.393764797126
0.278635944193
0.363035623939
0.429923734983
0.409159066231
0.451237882415
0.345883542093
0.342653941952
0.332401602424
0.367700042382
0.589084763573
0.416311212449
0.342521078588
0.323005862799
0.27940595311
0.547750054092
0.279890639925
0.334345442768
0.537501312568
0.380743195557
0.499975850703
0.433641755588
0.260414713199
0.450395891706
0.345305155083
0.399971590988
0.349193854719
0.384072015408
0.300582730184
0.470384561963
0.452808879471
0.397442393403
0.466635986302
0.466273107181
0.319722355927
0.486482416265
0.287559509333
0.67619785422
0.445259061881
0.347464625014
0.393039699645
0.357732494662
0.48170516888
0.468222539444
0.432277772987
0.30372993194
0.283111669907
0.430050119889
0.254404088272
0.336055490902
0.369820065896
0.58081302532
0.352589774848
0.398836274318
0.551098242225
0.385222142446
0.482301512642
0.571359755863
0.366903760127
0.39307532279
0.335470429504
0.460638399007
0.497539902728
0.291987272628
0.398265467157
0.425557324624
0.367845428497
0.362029972358
0.360945839935
0.370464885575
0.478253278853
0.273965513603
0.451002843328
0.245413562647
0.417977938042
0.378975501343
0.457135515679
0.468914927001
0.393937178094
0.45944765481
0.358652217253
0.29354296491
0.511653823573
0.661738949337
0.419500121459
0.295237244303
0.532265659362
0.416721851304
0.327965717455
0.457377551447
0.339628625685
0.427432920726
0.417267759585
0.392793513656
0.509301646013
0.401785120625
0.468492310279
0.381528354128
0.235452157735
0.409638802406
0.278996740208
0.322275423971
0.449878904711
